0.04701696277781538
0.03912991786320298
0.19999999999991813
0.038814433045940754
0.04062283026736082
0.04023558656140937
0.19940084576269287
0.19975825695304894
0.20000000292134756
0.06870717154377183
0.04243270730642785
0.03828619858217324
0.03862663876454471
0.03932431250739364
0.20000000000000007
0.041279620763671816
0.03877852917817165
0.03760348795708106
NaN
0.03911293742800929
0.038492841058925274
0.03970915948987081
0.03997687579582899
0.039457077126046375
0.03879446669160168
0.03980210504019761
0.047127933993753764
0.20092115309652106
0.03912573570650999
0.15194550248615638
0.2001135308811284
0.03936608815421391
0.0658341131951196
0.20000000000000007
0.03936579887620812
0.03915828564961947
0.03907542140099356
0.040104891900808334
0.03990276458094495
0.19883986495935627
0.039798896113784225
0.20104896482462925
0.2000000000000619
0.14106189717062964
0.04084671896898252
0.03963146812171968
0.03889330709628299
0.04010408171696463
0.19918223400864507
0.03887214191854038
0.19993620194471476
0.04110027139710392
0.040131919352784304
0.03927858058246785
0.03940773582648024
0.03941040718111725
0.19899647143658616
0.03921669856181214
0.03889254292905728
0.04003049692670258
0.200000000006629
0.04133840940093233
0.03894845037381377
0.04059292122705142
0.03931544301743032
0.20000000000000007
0.03897588592792049
0.19994423213753715
0.03876460827148968
0.040943185462666634
0.03993468122444882
0.13891798951934667
0.03955515247378465
0.039617016060784736
0.038970701191285914
0.20000000000000007
0.041723709003443986
0.19493588687106625
0.20784426887586213
0.19899647143658705
0.03778411717295927
0.19899647143658716
0.039332931996992136
0.03987536800080986
0.044300607695060765
0.039250428744464674
0.03916176666792043
0.04013011153857028
0.19973749172262767
0.03800553954567764
0.04009777980491204
0.03994777608338828
0.0393059392819796
0.20387842711645035
0.20000000000339338
0.03851247908506098
0.040413887670410195
0.1989964732255894
0.04026896887456946
0.03998712856782739
0.19995570481433306
0.038799781613295586
0.038945641356186396
0.19778083696933932
0.19389932936790422
0.03904804860725818
0.04209891665381734
0.04326927310190669
0.03846374864368226
0.04021609313859638
0.039447771714532655
0.03713826982922953
0.04192373643580304
0.040787342939350414
0.03834036083266217
0.19999999999155074
0.03980759872576669
0.03768565100028343
0.1950043437169348
0.20001129858677558
0.1949545777768625
0.03171772744463344
0.20000000001025617
0.0388139120121113
0.03873259284913016
0.2001057070445363
0.03969239028329329
0.0447838644696942
0.040335098564718994
0.03886927271865186
0.20000000000144466
0.03882985785441078
0.20023285085620918
0.039005746470147006
0.04003810634494293
0.2561764568839192
0.03859793025366946
0.19904695082822257
0.19999999999999563
0.03949088501676815
0.19999999999999538
0.13406746694655192
0.037396412637334786
0.03891321347024699
0.19494324662702947
0.20000000000060744
0.0400415734783563
0.04881550540663695
0.0401996386788012
0.03863924563998586
0.04961300535553262
0.038809381937716325
0.03928582828137614
0.040059352298964956
0.043986650251088624
0.08284366678686542
0.19965775809283992
0.03880907747402591
0.038797586526575764
0.19522729430291627
0.03948444615536556
0.04003276326972234
0.03893453995308759
0.15968705893744561
0.20052057166427784
0.03889655100513824
0.2002247572708383
0.03979952776437536
0.038323216990675514
0.041437684484319594
0.20115962778441243
0.037049640582793
0.03957501162458076
0.03791693658163434
0.04160941361155692
0.037789783743032934
0.20014077375007763
0.038660639461070304
0.20000005907360136
0.03953400843238592
0.20038911399367018
0.20142332951718528
0.04167957114869268
0.03965728635856574
0.05089440143565704
0.04073639539020933
0.03901811847500866
0.19942056917105405
0.046052939643982924
0.04557842084961518
0.03910387583577194
0.0550816760347753
0.20161234334659306
0.038061106842461376
0.03919831283013186
0.0406936833102716
0.03858394624786315
0.03922545488488165
0.03929916110543452
0.04044090737544536
0.19129680879717334
0.20000000000000007
0.03925079998735558
0.039245000667556616
0.03906967182372637
0.040737760849404336
0.04029435962790847
0.19915053539694963
0.03931297435942232
0.04182154324272807
0.19725235157954407
0.03894981284851716
0.039857460477084244
0.20000000000345206
0.09047224673588421
0.03926036108172796
0.038650226931429194
0.20014264808053087
0.0382592444007126
0.039153506998466765
0.0396470587266494
0.038418010021117194
0.04057048588000883
0.19999999999099732
0.039452932446582906
0.20000000000004237
0.19881203547826726
0.20000017610369267
0.19092272739876462
0.20000000000236662
0.03914089066987547
0.04140588195591924
0.04560048103544639
0.2000000000000013
0.03854835126720634
0.039806594929791037
0.039607599348345374
0.03757474980481826
0.1999999999999992
0.039289610456275055
0.04014612748995084
0.03992099380969542
0.04111837901330777
0.038508598757502635
0.038732657686663674
0.037946331754638074
0.04071943232764468
0.20063829676166695
0.039617183672175246
0.1970983672829741
0.04035796808195074
0.03970065370805739
0.041608613696803846
0.04235594477007752
0.0396551638404125
0.039166280618543256
0.03870793628225625
0.03922824528590771
0.03981167276527856
0.053012689042647144
0.05702904582798641
0.03891183613326292
0.20000000008338426
0.039778328671432314
0.03870978109872364
0.19987653120576868
0.04082824389540489
0.038845990638021556
0.041151752186038296
0.0389285645346668
0.038848251751201116
0.03863553679594095
0.061985485326075423
0.038052409471862975
0.04001680638807804
0.19496103040966437
0.19992393844873568
0.19999999999912313
0.03936897504780821
0.041105573678331286
0.1989964714365877
0.20000000000000007
0.03963586319318018
0.19999999526164594
0.0401486886784485
0.03987801532666693
0.04846377117787136
0.039009268059923455
0.03811049127248386
0.04078146652788996
0.0389970565066549
0.2000007318994066
0.037317917829809304
0.04020747700439673
0.04072903386758499
0.0388098611933625
0.20007423940471336
0.04051436364573459
0.20000000000548804
0.038777615353410164
0.0404467552886323
0.04009936155561329
0.19999999974267174
0.20034307272313803
0.03909374742312889
0.03911440318320474
0.04293131371471215
0.040951748489969034
0.04057469528920675
0.20000021464050444
0.04084177881709737
0.03977586303875152
0.1999999999998697
0.03648234174981207
0.03917376898162301
0.03992165892218053
0.056189089800055096
0.19908501365842485
0.03928569733824189
0.14821287211352774
0.1521914352647989
0.04509681504477186
0.19977406604518408
0.03917250090952194
0.13729717384880902
0.03825285825002797
0.03897726282163545
0.038640898839017876
0.03931017706341725
0.0388203878558454
0.03886177439698597
0.20000546219534793
0.03738553127430953
NaN
0.039972067331584274
0.03628470805439217
0.03958969118129733
0.05662967879366463
0.03915746662102523
0.037966109951104554
0.04022710975419126
0.04029111913583913
0.2031421492295025
0.03786656312497158
0.038337390402531465
0.05649144902313551
0.19958400881948202
0.03894345537709865
0.20000000000000007
0.04025553739606459
0.04928110388297283
0.0398992510899568
0.03890977835655094
0.20086044395804384
0.039128627044134126
0.1847620300570838
0.03925354795137542
0.1999999999962024
0.03981018589437367
0.1986408827593691
0.06530321765163923
0.1989964714365873
0.03877440898389236
0.04112950821642213
0.131769680722445
0.19027425988004712
0.041863720862779334
0.039358335381344714
0.03839656737361426
0.039955243771723055
0.2000000000000021
0.16186045571700247
0.13490133144957211
0.04244376662196912
0.0380157461166773
0.0410367974698648
0.03897553545381753
0.039481453056678814
0.03914446854731038
0.20000000004512564
0.03934462576300671
0.20000000000000007
0.20133154080445237
0.04710842427366852
0.0397423742239429
0.03964709889577425
0.03888074560143713
0.20084999664085879
0.03904902473321069
0.19899713619016446
0.04107640877335676
0.19998735263126624
0.19827380625119617
0.04021971051283141
0.18394840986555508
0.049735533354643174
0.04157983507518005
0.2000074914574186
0.03936673443352569
0.2000248780231899
0.20000004692163365
0.1441548803921147
0.03830624188671483
0.04008757471501826
0.04265110403741743
0.03950365257009809
0.19999985175028784
0.04008860091506788
0.0378354542894746
0.039204959808748996
0.03978384308135042
0.20315667703060192
0.04002538505494969
0.1999999955936303
0.03945332010245864
0.05677309098650308
0.03734467236753856
0.18242838544430068
0.043405311949151835
0.20081563522034665
0.1999999997115585
0.03906243255435911
0.03893884785394762
0.04036662412438981
0.070780870415532
0.03967882586079835
0.03877741407267519
0.039061236459509624
0.2000000008730966
0.039539442457852986
0.20344689762134488
0.1657732643361352
0.1784089276010037
0.20000148448980004
0.19994136521067987
0.03905773980030242
0.18815177876097441
0.03936696695809924
0.04065025421284468
0.19999999995742465
0.20096429832156817
0.19752866189707202
0.19965277855774372
0.04164323092044345
0.0398907810102283
0.17314636812056464
0.039117769718050664
0.041017004099213994
0.04015940124003246
0.05452585213649999
0.03901156909136445
0.039223906055734385
0.20000000000061527
0.19031377451824358
0.19022432314866167
0.040186848811799375
0.19899647143716506
0.03924442309985593
0.20064067082496942
0.040364018799355944
0.2009724419915314
0.03957198730522101
0.04052480511456857
0.039590827080197434
0.19899647143658727
0.03999446505810477
0.20000000000003554
0.0394727860811497
0.03886286689162588
0.040485168246574194
0.04040595365879812
0.03896732759298659
0.038998072647150474
0.2000107239679548
0.03993955155426511
0.040458934882261946
0.04057283103807375
0.19123649777530138
0.1989964714365873
0.042203904195801445
0.04001107357445545
0.04642585061752166
0.1697787764035601
0.03938816810834191
0.20149724246093673
0.03930748087577385
0.038918632552951214
0.0389681993361788
0.03917725964311303
0.20000000685662075
0.06937832437907744
0.2007462627384106
0.039141806906822826
0.19999999999919765
0.19899647143658722
0.19309411110682861
0.19780894999486767
0.0412466399869921
0.03914159208885863
0.19601091547669486
0.20032870570564454
0.03953062718204315
0.1984019030807592
0.038877501910871755
0.2000389450940093
0.03881392429897132
0.04002036386928838
0.20007694230277578
0.03938610194584058
0.19493633088832452
0.08854377858374397
0.20000000000000007
0.038515479517854154
0.19999999999819779
0.03975875313824176
0.03899723186462184
0.04095459165438382
0.04391951033571308
0.04026604974363843
0.03852249012083141
0.20000000000072937
0.038131072504975876
0.04179649899729115
0.2184361596253705
0.1999996990670538
0.03981227912073901
0.19500895038252863
0.046105279925793
0.03893669375811538
0.03829974834629464
0.03853994563915981
0.039569563643355635
0.039893373385581785
0.0403743261586575
0.05709236772233342
0.2006686579942176
0.038500021725756714
0.20052076562771617
0.03879753427772116
0.19515340701848036
0.041578055285790935
0.1544157985859977
0.04556346396752943
0.03911747590902991
0.0392531303179869
0.20000000000000884
0.038758263450505384
0.03804115744388709
0.18732603609571513
0.18917739124671606
0.20004073056658617
0.04020479182549518
0.03942641150376264
0.20000000008978844
0.19999974079043037
0.04109994356814471
0.19999999998431364
0.042957925526844014
0.19867346023310137
0.041900566003510366
0.038198830843839154
0.038833976128978945
0.04004329760296614
0.04189850166148833
0.03938270820890787
0.1992639598149803
0.038383501147325715
0.16703697577980572
0.039624953021908764
0.04206405065585505
0.19999999999844603
0.03734454524305016
0.041424807545427184
0.04016148987313129
0.19999999999821666
0.03880830693541259
0.03873803966533361
0.19999999998508888
0.19416073910424878
0.038193552343289056
0.049314519151192525
0.043356489149765545
0.2006406714248028
0.03880026347764215
0.04015110053693609
0.19999999998049386
0.19255416721516125
0.03686602141865848
0.04175338000517012
0.03863672150071866
0.20137223959148126
0.039913309939616
0.1999999999960084
0.07112270146268869
0.03966526223204251
0.045672938835528254
0.038982677648163384
0.03920072811772567
0.03954636726548451
0.03994505511865001
0.19493588689482988
0.039415966445981145
0.1989964714365873
0.04398077790856519
0.04514577868621602
0.03944951192349497
0.03894754177367804
0.03818972250772786
0.1995095036420202
0.04104405736941105
0.039715628616534715
0.043833361822443934
0.03841464616515862
0.03938068658090947
0.03912317373701567
0.19999999996485945
0.18731275586884374
0.03912038623233763
0.03898780185794182
0.16251481264490283
0.040035634277519834
0.05128287712199261
0.03927289169814999
0.20000000000566992
0.03972748957831295
0.19656728111625973
0.19892730445974505
0.03936881917156205
0.15944893320103196
0.20000000000000007
0.03843504735320558
0.03886934383100557
0.039775331157120696
0.04431532942629814
0.040529672393487946
0.03488011968157109
0.03911446549138938
0.20000000000189008
0.040148638007593995
0.12461897874369932
0.04462363339837357
0.050551408625263736
0.03862402499910656
0.03923493625814771
0.0400749853668074
0.03895899123573074
0.039314152323162516
0.03843693259770997
0.05517987356622181
0.19999999922571357
0.058652526943346384
0.03949384261657371
0.04087855780816973
0.06226672832212221
0.03918202229403582
0.19008643822645918
0.04447495520381891
0.039770671978231885
0.039410568021928896
0.03815954193045646
0.03962730790308056
0.03945836831799617
0.04156395210223377
0.03845285202723839
0.04050093606632034
0.037172242936175375
0.15204333557255995
0.037997593123491595
0.041707485620321685
0.19999999994554465
0.169005648986667
0.03967636735642972
0.03925821947976521
0.04096337996568543
0.03868603788919637
0.039183016825571876
0.0387002963336638
0.03985309942413603
0.19899054437122235
0.039482100779640684
0.04254263279998419
0.03964315898357593
0.04464379279839009
0.03903611479787469
0.2001173997908726
0.0384270793563752
0.04012224378456778
0.03900415791080214
0.039049320535946994
0.04068750779301733
0.038788665455396845
0.039722220158078046
0.03915722904122575
0.03957189330404815
0.20008134752707799
0.198996471436587
0.040143214025426324
0.039510028501479035
0.03968079259304342
0.19578868805307914
0.039009931711866376
0.03770994220349236
0.19373103589770518
0.1999999993317943
0.037943037118873695
0.039393415629477666
0.04004879202315723
0.040501595492868164
0.038748567116014536
0.19972687972327544
0.20336847997017385
0.039349946072356055
0.050116268174725594
0.040328011166408315
0.1511153708302987
0.0386779015010665
0.1994436706887144
0.03793333122890553
0.19944367068866536
0.13108362683554808
0.19911641276667083
0.1474772674964142
0.03897513698655082
0.03807396809028409
0.03885665034553936
0.03911821626373805
0.20110066263829848
0.05719213395866243
0.14560928100246573
0.19999999998238038
0.038851426664954704
0.14744629840606108
0.2000000000267248
0.040827593668667686
0.038365419594873294
0.04004754893539281
0.048550228328654965
0.039200140140195884
0.04015544827610146
0.038243950312766145
0.04023893391860908
0.20034954005836117
0.040067391157290286
0.20123089920265108
0.03884099989926654
0.2000000002044872
0.041820908835935075
0.20012727629136953
0.039771375223088615
0.038002408591955444
0.039392558620402085
0.056772014903980324
0.19899647143658727
0.037862838826383284
0.03793874344672705
0.20000000000000007
0.039350007754150956
0.038436646080534737
0.040239498717468125
0.04031962354513062
0.03908286196005657
0.03932876924191237
0.03803340339707492
0.03986913510610168
0.045295449030282826
0.03979548861075396
0.0467073513772483
0.03962228063439024
0.03926806954189348
0.17450026872599683
0.1949359316563373
0.038395874627004535
0.0398042141188197
0.0418639523204965
0.04951736570836092
0.03923759153842006
0.03965741564095197
0.17923576480981818
0.03893329671477314
0.03943760630983419
0.19999999975516664
0.03919534514053947
0.04065425228610803
0.038532708813955735
0.038640659111670625
0.19955294458807332
0.15234155324373444
0.039075770263683224
0.2006406714248041
0.03824629499511046
0.038182678598251245
0.038861766640645494
0.1978699272902366
0.1511422781340848
0.20000000022533027
0.03846432920626571
0.039349313218330434
0.03986448431311825
0.17739795380612972
0.03972508103897995
0.038107825246293206
0.0388809608110954
0.03963859852199391
0.03793720074706211
0.039602985641004854
0.20071448055202637
0.04619996958920277
0.038676514333626774
0.19942718556685868
0.037175070974401266
0.03884893573360822
0.03915898540817202
0.1999669853795272
0.1768118323397823
0.07225739375223376
0.038936922727042814
0.19721845189425444
0.19996469509603096
0.04069013851006988
0.20064067142480285
0.03777756580619532
0.0390495668384396
0.03888692502453853
0.11370496200072164
0.03905975065885989
0.20110066263826754
0.038223317030299624
0.20000000000059973
0.039429741925371194
0.039460041431910564
0.05599887920529636
0.20091197561161028
0.20000001265378634
0.038991343181959084
0.1985696171411958
0.1999999888212804
0.03872986615167447
0.04133818639289087
0.03927797672071899
0.040002493968122076
0.20137193661048744
0.03999198825061538
0.19993310675797157
0.03940996535055437
0.20000000000000007
0.13572705167055704
0.20013045952805664
0.20114514685367854
0.03854405898637843
0.036078374223992675
0.038679940437285294
0.042436634399725844
0.042598861565285334
0.03990329589493628
0.039549247381089205
0.03936373632835828
0.19670989208626505
0.19930508529491528
0.039190833471744776
0.038803694868578174
0.19495802003046694
0.03960009116069023
0.04491493105907564
0.03818490814669179
0.03908136501220324
0.03953003313375855
0.040258043831086304
0.19418677757202824
0.20189335706297518
0.039502423675326186
0.19493588689617652
0.03827828133726451
0.19462012806396659
0.20064067142480282
0.03859183519162212
0.19072247645169463
0.0531382539356175
0.03883577583916543
0.0402565640568971
0.038562843968921054
0.03916737888337802
0.036997917276750815
0.03972577125006209
0.038755422882736985
0.2010887438565501
0.038310678643494356
0.03933363010066504
0.0400041068440002
0.0387588520187613
0.20103873345812967
0.19707850659939727
0.044153119656899366
0.19999996497597403
0.038762696688852204
0.20000000005379348
0.04055744035643378
0.040188656167289345
0.0394885026160334
0.03855168552230604
0.20000000000012935
0.03842596008886082
0.039171300613813013
0.038021279726416786
0.0397682019018635
0.20000000000000007
0.2015252801193385
0.20000000000000007
0.03975990843036279
0.200000000000002
0.038974216745284514
0.19957115651873655
0.03915821097630795
0.19999999979095986
0.040413576704774766
0.03872268745477389
0.03895146412158195
0.04691869118233094
0.03912970862393182
0.03859316925683912
0.04528656976793023
0.041659290556557246
0.05506403570795836
0.20000000000000007
0.1960800194660992
0.0415708364499842
0.039459937110507375
0.03906898008801051
0.200013123463717
0.03896878565314727
0.20000000000000007
0.04159572819214404
0.20391036652283437
0.039526949568165645
0.03873217481348011
0.19999999998822438
0.04565364647038117
0.03922345308966607
0.19999999999344809
0.17778670212020398
0.03903782867054369
0.03999580517693056
0.20000004814568506
0.04047341938019819
0.19717582806750883
0.039721271519749635
0.20005859554373792
0.03901720683456732
0.1958770169997177
0.03992940276621711
0.03928476981021518
0.039826294577337704
0.04539269105635456
0.039387946670290594
0.038875203552519076
0.038702448688971415
0.04238237086302967
0.03819216852808914
0.20112368419644602
0.03902474427524292
0.03774025532960479
0.03851128194180547
0.039250112053353305
0.03926538029046107
0.04029221646072351
0.20083512260395125
0.03959742826492092
0.03840154053448871
0.04302533189529505
0.038511726377580754
0.03968764538445626
0.05408816079155728
0.18846620465784067
0.039536390695528535
0.038828430297765844
0.03916698045697231
0.1877742230679063
0.03896346153332993
0.0411110536101372
0.03826262068888413
0.03896546508731964
0.03957269170824913
0.2000000012817486
0.03960512720791122
0.19999975248323143
0.2005423597927515
0.20000000000000007
0.19871800232971235
0.03892793779734848
0.20001992184538236
0.03992330516233332
0.04141980645871239
0.2000000000081236
0.20000000000000007
0.19954929146092742
0.036258335647286394
0.04020604808972192
0.0415853764223999
0.19979749210141504
0.03971399464469715
0.19999398350433753
