0.19976926559261468
0.19991855153904517
0.20083830595661753
0.20344471124723826
0.20926129793332773
0.198832807526476
0.18891342226281338
0.18071472494640747
0.17478837038158887
0.17140455962249096
0.1707078356946423
0.1727619277103532
0.17757504959146267
0.18509955896218902
0.19516016275493978
0.18954895242311925
0.18422782842651153
0.17940950023226984
0.17522738544119082
0.17185446208083793
0.16952493445134176
0.16854601657723342
0.1693161065243344
0.1723242228118752
0.17808646842655732
0.17501881709431283
0.1718029126006957
0.16870791916718741
0.165818314993254
0.16311258244027638
0.16050429037731406
0.1579770637131994
0.15573856961072433
0.15437351618276743
0.15493919963992536
0.1545889180431809
0.1528556980987151
0.15083369034721741
0.14897016319471873
0.1472818868720205
0.14564421072451514
0.1439570279714885
0.142283874080448
0.14107402167498959
0.14145145120355396
0.14143426934177392
0.14013996584166755
0.13867498345826126
0.13735019092276005
0.13611728662596687
0.13488476749468425
0.1336080921451691
0.1323610774551305
0.13151633710678673
0.1319972803956378
0.13233596240223713
0.13145982278192442
0.13032395897367224
0.1292661064390249
0.1282988599758902
0.12735727352201667
0.12637746861504573
0.12537167793279835
0.12464841798664139
0.12517352275174537
0.12544234866901946
0.1247071387076325
0.12378736547346003
0.1229263984066911
0.12212412956304672
0.12133966350354015
0.12053077197389821
0.11970345909023662
0.1191085439333284
0.11959620251172542
0.12001388192010375
0.11945797190077992
0.11869294047290485
0.11796888007789465
0.11730127016997752
0.11665773814892326
0.11599340002957703
0.1152928574885048
0.11476947932947107
0.11527583432307295
0.11562671238461629
0.11514148224339246
0.11448754746696414
0.11386620800876458
0.1132864121511805
0.11272533025332375
0.11214985002706347
0.11154558332639491
0.11108977131473716
0.1115523485695388
0.1119553066195286
0.11155584914567904
0.11098815118956948
0.11044659745131755
0.10994252030666196
0.10817432072303339
0.10635157458575069
0.10440449410721492
0.10237273116379712
0.10083193662874801
0.10092742485955775
0.10048050428096825
0.09991221890015332
0.09924516509481578
0.09834045803704305
0.09703133211781269
0.09511761216030404
0.09235844045035191
0.088632980981914
0.08457248025121258
0.08556536253201226
0.08565196097927161
0.08551500652553627
0.08530375737079862
0.08492901241484897
0.08423807273712897
0.08300685187567111
0.08091291812011527
0.07768041443528886
0.07378365853993488
0.07489249667487542
0.07509321081056987
0.07509675981841835
0.07509327107544969
0.075096651458907
0.0751383160290009
0.07519269817795052
0.0750791171885641
0.07454519528710692
0.07390893483526313
0.07389952943996887
0.07384490634752133
0.07384628297306181
0.07380664531303664
0.07371177144982669
0.07364169872017468
0.07364955634868968
0.07364732616810454
0.07341171755581843
0.07311128594655052
0.07311884811752199
0.0731579851787834
0.07316011839304955
0.07309466474657192
0.07300924789988016
0.07297311611710938
0.07300261912265532
0.07299146625587141
0.07272060942000973
0.07240980241132773
0.07221422975260258
0.07213508689156876
0.07213582554205372
0.07210678122287194
0.07203270834957383
0.07196973636030005
0.0719660602959535
0.0719733263235829
0.07178211423532685
0.07146467134669018
0.07144131939971295
0.07143939992249865
0.07144354122154056
0.07142055699183578
0.07137454326742616
0.07134169951131332
0.07135156442297585
0.07136017243913717
0.07118171890639444
0.07091144447148269
0.07072969212003052
0.07065199365731294
0.0706508212420873
0.07063696938189368
0.07058549577990385
0.0705293643437216
0.07051312243454362
0.07052319610238851
0.07037943701662626
0.07007513607057934
0.07003542883667001
0.07001537694608889
0.07001766974140686
0.07000650821684026
0.06997279379990294
0.0699390346696495
0.06993600160340055
0.06994779615967463
0.06981612976517251
0.0695542869811156
0.069412314126608
0.06934477234070906
0.06934306007376445
0.06933600401595731
0.0692984812502029
0.06925160978456087
0.06923275299413739
0.06924236092989115
0.06912771590656566
0.06884153199885559
0.06880291789352633
0.06878244208786702
0.06878440238080796
0.0687768960038081
0.06875069072353995
0.06872094882210734
0.06871437759895357
0.06872602984441378
0.06862305202954631
0.06837728462186107
0.06826705806761908
0.06821086806619574
0.06820938334587028
0.06820520235194048
0.06817674626525547
0.06813828181053011
0.06812041472148299
0.06812931802445449
0.06803522392422343
0.0677669604260429
0.06773705629398315
0.0677223613657555
0.06772477175249939
0.06771848539029342
0.06769802408008677
0.06767363412989892
0.0676673224494302
0.06767852370134109
0.06759631528793057
0.06737284422012013
0.06728437464635739
0.06723692671445737
0.0672356881464114
0.06723273046050723
0.06721026673748236
0.06717803276824737
0.06716142374091469
0.0671695526762419
0.06709129816492063
0.0668382670511364
0.06681945350746132
0.06681206268969624
0.06681519467957495
0.06680913481312298
0.06679317713020486
0.06677395341516093
0.0667692998848373
0.06678021137767419
0.0667137885382623
0.0665147199872269
0.06643994922940988
0.06639786692348858
0.0663966947959901
0.06639418304749907
0.06637562124486203
0.06634759016704275
0.06633168534428487
0.06633896250587727
0.06627307480888
0.06603104114066446
0.06602399430570853
0.06602420476812274
0.0660282366340514
0.06602189778268795
0.06600955078494183
0.06599512171863102
0.06599288996595071
0.06600388092379783
0.06594952575835798
0.06577513525257701
0.06570707501308024
0.06566690808180509
0.06566561819259817
0.06566310716866458
0.06564681825602872
0.06562121746455567
0.06560522908149415
0.06561159708126726
0.06555514857880446
0.06531805369373626
0.06532331754823152
0.06533136720307191
0.06533653848072986
0.06532964132590824
0.06532037070939341
0.06531066312935677
0.0653116552255059
0.06532332645636273
0.06527811699026749
0.06512852570073555
0.0650597381292226
0.06501765682794139
0.06501608929960609
0.06501320561045953
0.06499763157640179
0.06497267342689708
0.06495547852695067
0.06496080474432848
0.06491126188318477
0.06467007875894928
0.0646885997913983
0.06470485623766883
0.06471148544990867
0.0647039315109917
0.06469766956454269
0.06469317761645581
0.06469853626389749
0.06471175411751044
0.06467340404429428
0.06454984652150363
0.06447044524697838
0.06442142597790787
0.06441944538947329
0.06441571674908979
0.06439902453425746
0.06437256443113813
0.06435230577811106
0.06435606378898558
0.06431138081566123
0.06405205271037336
0.06408446412173141
0.06410860993032945
0.06411688989553432
0.06410892092182352
0.06410639240293875
0.06410839472288903
0.06411953300242687
0.06413521073604908
0.06410213591796417
0.06400767182957204
0.06390349796680152
0.06384045012622451
0.06383803110392829
0.06383282725263342
0.06381281530835656
0.06378246324653196
0.06375636464967502
0.06375706795500609
0.06371611235863135
0.06341860683759033
0.06346002384824266
0.06348765548333911
0.0634968052135765
0.06348944937401364
0.06349245198632078
0.06350209087707923
0.06351871980854253
0.0635363135350547
0.0635080370834746
0.06344354324741605
0.06330140199569405
0.06321701647808418
0.06321464155729895
0.06320739305186854
0.06318263539765907
0.0631480224284669
0.06311473499118349
0.06311064386984602
0.06307352724635926
0.0627218264939744
0.0627456652658769
0.06276160288813043
0.06276865065120538
0.06276372760912809
0.06277255464102045
0.06278537783573837
0.06279995397652546
0.06281460816343343
0.06279175528711191
0.06274138925898663
0.06256819013843029
0.062462387297034495
0.062461239193028144
0.062451249666569855
0.062422941889286376
0.062388350341479326
0.06235179819293108
0.062344729876110276
0.06231228117301297
0.061911784748744474
0.0618634633392639
0.06184472917536517
0.06184627415657342
0.061844459322006
0.0618533543171299
0.06185773420386898
0.061858008669409596
0.06186355422473045
0.06184572191102769
0.061774343221350565
0.06158580828585815
0.06146366609480569
0.06146449016500127
0.06145038108672351
0.06142138963830468
0.06139222089913253
0.061357297244729166
0.06135170213248433
0.06132738526643533
0.06089483836666519
0.06072492217998241
0.060654462973805376
0.0606489284097581
0.060649468314891694
0.06065102310268325
0.06063711015145576
0.060614521205916636
0.060607822932943305
0.060592032712114066
0.06045364122030543
0.060246664151505626
0.06011181126566614
0.06011469146153423
0.06009591943938669
0.060070410500104074
0.060051266031016445
0.06002135360317209
0.06002132772614441
0.060011625842395534
0.05956636753426335
0.059242186189498586
0.05910850505043955
0.05909538165291999
0.05909726096777153
0.05908460272654883
0.05904488185137783
0.05899361804183735
0.05897325991431113
0.058954915352110254
0.05869033741602317
0.05845010783764145
0.05831006909971441
0.05831432480092295
0.05829250567269345
0.05827575252603935
0.058270069436901155
0.0582486849553974
0.058257812673349875
0.05826813038707789
0.057830006427852666
0.0573346887739319
0.05713129668349538
0.05711215501697757
0.057114074707338404
0.057080506819837444
0.057012698835725954
0.05693379925210896
0.056900575763259575
0.05687697421972007
0.056425801422596886
0.05612521975260496
0.055993532689726705
0.055997518991524546
0.055976232146339205
0.05597143107645715
0.05597868491726811
0.0559678646436444
0.055986014130333654
0.05601562856651253
0.05559419720914312
0.05495850158738923
0.05469936634333169
0.05468167774436576
0.05468214932685313
0.05462815932719183
0.05455162903847009
0.05446804389830483
0.0544288212587608
0.054405629511172664
0.05376065173960502
0.05335130078973564
0.053239160267613855
0.05324095256607155
0.05322364107097365
0.053228405162191524
0.0532420622478706
0.05323828564567837
0.05325805379704228
0.05329835681146954
0.05290286549275198
0.05223014938613516
0.05195776787637954
0.05195065689211584
0.05194941546257255
0.05188895099195983
0.05183608027461611
0.05177771702179389
0.051742164604124
0.051730508469428685
0.0509664947852694
0.050432251540603344
0.05034447047460026
0.05034319217764547
0.050332308998527434
0.050341963265198825
0.05035472194610259
0.0503536137848263
0.050368614611564194
0.050408918398178806
0.05006388670567262
0.0494625324780731
0.04921573464638363
0.04922005989672001
0.04921778322964781
0.049163371009401866
0.0491431402830295
0.04911614024700525
0.04908934506533796
0.04909603735962719
0.048310098294059585
0.04769456047978051
0.04763470302776322
0.04763059631125475
0.047627337373238376
0.047637293787277046
0.04764422889792518
0.04764396488216962
0.04765092809130732
0.047681030468129174
0.04740284538853861
0.04694223063076394
0.046744668025908764
0.046757960776645006
0.04675534298036208
0.04671474641447335
0.046726600617076196
0.04672955482100458
0.046713295608126454
0.04674274282607093
0.04602861496653902
0.04539265659353202
0.04536123904167281
0.04535562716817003
0.045358784723879726
0.04536444058481874
0.04536362422676155
0.04536367404753571
0.045360786687014924
0.04537269139971164
0.045172766227793995
0.04489039595968334
0.04475846774039918
0.04477791312491676
0.04477523220773219
0.044754022509472115
0.044794109589566665
0.044821920374347325
0.04481607036415664
0.044868966184719326
0.044310643254137465
0.043722974818764644
0.04371363767294668
0.04370849584861705
0.04371414203903963
0.043713347466370005
0.043706416229579825
0.04370673286779101
0.04369742347513607
0.04369084181199235
0.0435841614160593
0.0434718115136063
0.04340623002576624
0.04342516176655171
0.04342183986145272
0.043417575370017204
0.0434633778726862
0.04349412015063563
0.04349608483502794
0.04356114152723839
0.043184037629647815
0.04270464487004386
0.04270508448061063
0.042701575991626904
0.04270634486500475
0.04270139320815783
0.04269189037168241
0.042692522444454296
0.04268467133996155
0.04266994184142034
0.04264080271693891
0.04263064024144057
0.042605403140509424
0.042616633841663545
0.04261209126792452
0.04261358790858242
0.0426388870102214
0.042650996928390555
0.042656630045380894
0.04271822605546472
0.042464680165899334
0.04209120318133641
0.042092505153854314
0.04209079423481991
0.04209428873165623
0.04208838283501433
0.042079110586253576
0.042080019640218604
0.04207558240431287
0.04206152775140862
0.04206422648491829
0.042084778122355185
0.042073882400747484
0.042078726960935633
0.042073263651261975
0.04207478076905988
0.04208277540124977
0.04208103499073715
0.042087813927114685
0.04214137375514475
0.041947704067977445
0.041636753281060576
0.04163732951681982
0.041637116969071845
0.041639882014184094
0.04163440893984681
0.04162655594907448
0.04162768764639894
0.041625067057181504
0.04161391403124413
0.041621630692895595
0.041637869790663744
0.041630539984643035
0.04163267493633164
0.041626678161893124
0.041627774866938985
0.041628842448227094
0.041622282554420985
0.041629152234307215
0.04167618092916493
0.04151027579036425
0.04123225783330407
0.04123246901206021
0.04123337086113476
0.04123576585411643
0.041231011173249704
0.04122465496795769
0.041225912695947525
0.04122402694089242
0.04121550864267403
0.04121978442924496
0.041221568595754855
0.04121466484560566
0.04121584725885188
0.04120949710733543
0.04121043502531197
0.041209418682036605
0.041201857994747244
0.04120841381743377
0.04125064080432232
0.04109950933040131
0.04084139505943113
0.04084145438675924
0.04084319145607089
0.040845387967738025
0.04084129084394241
0.04083615369557447
0.04083745358388907
0.040835836678257735
0.040829268562535354
0.04082865952783323
0.04081493362883177
0.04080771995358033
0.0408085146015107
0.040801904654059085
0.04080281597371046
0.04080128269238838
0.04079382771705463
0.04079995175256587
0.04083844292353065
0.04069670655715957
0.040452989121295566
0.04045294333980319
0.040455344050703515
0.040457424468428094
0.04045386120988273
0.04044964753097862
0.0404509429579135
0.04044941057395938
0.04044419895991198
0.040439252810847204
0.04041136806087461
0.04040378511792793
0.04040433857921071
0.040397544390759176
0.04039847595890884
0.040396857254433996
0.04038974486229907
0.040395429295731734
0.040430826731972486
0.04029595671193667
0.04006405538430299
0.04006389641593484
0.04006685955688876
0.04006886606232106
0.04006572666648587
0.04006220254529977
0.04006347572847353
0.04006196140735941
0.04005766611016061
0.04004932350047028
0.04000901323929963
0.040001174419401445
0.04000150831195219
0.03999460554070763
0.03999557358951037
0.03999395811647651
0.03998719143173906
0.039992461799384156
0.04002517622087309
0.03989580768065265
0.039674350065376195
0.03967406025800535
0.039677525479131545
0.039679480032051295
0.03967668072616993
0.03967367480364617
0.03967492490718403
0.03967341385854443
0.03966972096166933
0.039658875065555606
0.03960773625379403
0.03959978560600521
0.0395998877796018
0.039592953739377885
0.03959396499324486
0.03959234405193614
0.03958587614182648
0.03959076246269148
0.03962106412861185
0.03949638593258281
0.03928456582633418
0.03928413299775851
0.03928806244717432
0.03928997557957576
0.039287455603709956
0.039284844988363855
0.039286079973180094
0.039284581789425295
0.039281270770979024
0.0392686685694777
0.039208062989706305
0.03920013725898965
0.039199988212989235
0.039193099182426576
0.03919415785748406
0.03919249902707541
0.03918628168479364
0.03919080919956378
0.03921887360576283
0.03909837755501233
0.038895684309534495
0.0388951068717857
0.03889947439960546
0.03890134991730671
0.03889906588630597
0.03889676291645428
0.03889799469177685
0.03889653115190167
0.03889345041058621
0.03887968589835451
0.03881074775235182
0.03880296796894649
0.03880254792736295
0.03879577621740238
0.03879688606117458
0.03879515596213413
0.038789151370040846
0.038793338285919285
0.03881927461188532
0.038702631935057276
0.03850871706801408
0.038508005792327694
0.03851279068461697
0.03851462866856312
0.038512549645384704
0.038510491990049175
0.038511733566881756
0.038510332434896564
0.038507382388793476
0.03849291081926175
0.038416575851677286
0.038409047029368815
0.03840833754479667
0.03840174950967514
0.0384029139056442
0.038401085845447824
0.03839526870956329
0.03839912595112653
0.038422997710642746
0.03830998718821939
0.03812458924646243
0.03812376758065752
0.03812895090536799
0.03813074978193182
0.03812885354223912
0.03812699717454831
0.038128260897918785
0.03812695200168209
0.03812407286907428
0.03810922803610733
0.0380262627860664
0.03801907560581192
0.03801805985303693
0.03801171499483206
0.038012936118752595
0.03801099292961796
0.03800535034020802
0.03800888164369188
0.03803072265988011
0.037921183853477834
0.037744082052324796
0.037743185526494
0.03774874796062391
0.03775050589633186
0.037748776236615475
0.03774709042936547
0.03774838676198283
0.0377471987842551
0.03774436074904696
0.037729372120402414
0.03764039936837691
0.03763363217126075
0.037632295144502254
0.03762624609057058
0.03762752354584719
0.03762545851510409
0.03761998911949162
0.037623191202815105
0.03764301832723796
0.0375368195128839
0.037367803485896085
0.03736687836239994
0.03737279886498311
0.037374514594917904
0.03737293941881111
0.037371403070024296
0.03737273968063479
0.03737169716176079
0.03736889165841702
0.03735390151931178
0.037259422620936324
0.03725314333040515
0.0372514722328079
0.037245765265016724
0.03724709451781506
0.037244911169318586
0.03723962379308029
0.03724248683155957
0.03726031032997807
0.037157326575374086
0.036996176110524165
0.036995277369816046
0.03700153237004035
0.037003205547955095
0.037001775481766905
0.03700037430363387
0.037001755393263
0.03700087604634563
0.03699810782618886
0.036983188512081454
0.036883604090425175
0.03687787203778053
0.03687585683207855
0.03687053266309819
0.03687190360784279
0.03686961450925492
0.036864526127108006
0.03686703482955247
0.036882867027967954
0.036782966230443304
0.03662943794828042
0.0366286267469009
0.0366351896959274
0.03663682087447741
0.03663552822420159
0.03663425252016283
0.036635678414894554
0.036634971129138154
0.036632251382391956
0.036617421876665134
0.03651305187273628
0.03650791955513307
0.03650555352391577
0.03650064808575927
0.03650204408764207
0.03649966875407602
0.03649480180656792
0.036496937255885493
0.03651079970775609
0.036413835468934626
0.03626765514331584
0.036266995954173244
0.03627383718339174
0.036275427558273676
0.03627426549633421
