0.03990775947541263
0.15975032891043017
0.16060437506895944
0.16342410619942122
0.1701907368805527
0.1467678140433616
0.1205128772017592
0.10094548635908385
0.08622860370091384
0.07517111250529523
0.06700976110173142
0.06122041334857831
0.057417885182671366
0.05531439577199232
0.054681791075968114
0.05800591902205143
0.05625946609629399
0.05463847534528199
0.05348822601342269
0.05300910019129881
0.053374118570958175
0.05479150304160516
0.05755413990589777
0.062082645493595906
0.0689476613229603
0.06901967489172037
0.0661684201085778
0.0637114071190629
0.061634628118263306
0.05980661292157103
0.058018888762968665
0.05608194208940979
0.05392616706167865
0.051687329526152785
0.049778650996979874
0.05101863960644254
0.05082666639680377
0.04959146371707018
0.04804490072760972
0.046522892197618716
0.04512629777308955
0.04389868290506411
0.04293958920102781
0.0425152536619611
0.04319214394075483
0.042366102411991034
0.0416237389524567
0.040825453381966456
0.04019645526227882
0.039678076992576534
0.039148251321374936
0.038502961563910636
0.037676048589080635
0.0366946796949174
0.0358075796555131
0.0367144548621398
0.03685199993322009
0.036301615253071906
0.035554288755408635
0.03480383031373417
0.034097877461346196
0.03345881190222186
0.03294486675807643
0.0327336138718362
0.033247787030969436
0.03288590255614071
0.032531601101503195
0.03208212075736801
0.03170754098602598
0.03140061723589085
0.031111398327718552
0.030780008704692594
0.03034022021494918
0.029769463543845458
0.02924010109161014
0.029915602104382277
0.03007190374080184
0.02975582308566298
0.029305223877068316
0.028844298298987252
0.02840117008597897
0.02799085115244316
0.0276508480585006
0.02750700778702129
0.02789633694150142
0.027701858994838555
0.027501948360406713
0.027209025732110356
0.02695909795846383
0.02675529929551675
0.026571030654371317
0.026367925932294683
0.02609242885609597
0.025710772181036238
0.025350895964590857
0.02587788786248985
0.02601627486329101
0.025804559059690223
0.02549516232219039
0.025176741592509173
0.024156143814343903
0.022874914536389377
0.02163177570596925
0.020476372367258158
0.019591903770649375
0.019299939672780354
0.01933359888866627
0.019333788506167352
0.01936566041367861
0.01939111245742313
0.019347083295490487
0.01915255210744194
0.0186987482799264
0.0178736765171496
0.016713916060169642
0.016242476090433427
0.016470927169071326
0.016393181358669354
0.016188390451420755
0.015887371929721596
0.01545064684751637
0.014822176082453889
0.013939212743186819
0.012770513271347159
0.01144612607527746
0.010901433829760587
0.01103922166039023
0.011053426041313841
0.011051464190786628
0.011052789085352899
0.011077090392470512
0.011138094738266803
0.01120565971790022
0.011192964997190665
0.011063152188004393
0.01096620812868573
0.010947025613114069
0.010941507794255598
0.010953003895439432
0.010960748889966876
0.01095623292791995
0.010943852382108786
0.010913399606535468
0.010833263375168392
0.01073296055966123
0.010689478722972687
0.010688856341792752
0.010674719244645907
0.010640027299914484
0.010592808834448828
0.01056410097299248
0.010576409030152669
0.010618476479038458
0.010628269656757634
0.01056578837008761
0.010478116101885671
0.010424873772752126
0.010414756962910658
0.010423523510984823
0.010431184214546302
0.010429630666384209
0.010421343934349299
0.010399530707356918
0.010334204527837263
0.010239097917070401
0.010192068541689662
0.010188799383228945
0.010181736355113857
0.010168433059929052
0.010143702302106148
0.010122423713596453
0.01012295359250779
0.010148797674298334
0.010161845479527141
0.010116882615743974
0.010039934454356548
0.009990201776923929
0.009977409090861084
0.009981822220177555
0.009989228469810776
0.009990631776045023
0.009986046860188875
0.009971534072212108
0.009921070623250114
0.009837269465471876
0.009791838557196411
0.009786811510959947
0.009781383859311755
0.009774653544438653
0.009757111069527633
0.009737461291111851
0.009731275414070543
0.009747227357497503
0.009760234905781859
0.009723252393599379
0.009657306615941398
0.009617027332006345
0.00960512248667616
0.009607316714697625
0.009613824989286604
0.009616436871543699
0.00961375921611163
0.009602857199100097
0.009561286805949941
0.009486686970566746
0.009444608922002351
0.00943978432614766
0.009435016603186817
0.00943049862927494
0.009416932983530923
0.009400210022081775
0.009393030856130523
0.009404508424303785
0.00941688226192932
0.009385596702883843
0.009329519799447707
0.00929755223655692
0.009287673773045742
0.009288921937312082
0.009294446184401846
0.009297491673023075
0.009295909595516664
0.009287183608481592
0.00925183385559937
0.009184769740902859
0.009146380120440176
0.009142655686396363
0.009138468813829596
0.009134783741484506
0.009124078792109186
0.009110536808406877
0.009104329631078828
0.00911362612487004
0.00912525700782145
0.009098806405974918
0.009050995374505483
0.009024939580297958
0.009016680381790433
0.00901753309539069
0.009022230326556963
0.009025451947377952
0.009024596182363976
0.009017397696837896
0.008986782675811975
0.008925731828327586
0.008890685905615965
0.008888327525083081
0.008884712202930084
0.008881263463623829
0.008872731217542897
0.008862099488380787
0.008857430398642435
0.00886562098324633
0.00887651712917095
0.0088542037545755
0.008813019390043423
0.008790632017538413
0.008783226095615727
0.008783926967892952
0.008788017835230925
0.008791374719519051
0.008791071277131081
0.008784997501007774
0.008757973922249812
0.008701378152716523
0.008669048608965118
0.008668119663851588
0.008665049957985928
0.008661525025302968
0.00865469784325479
0.008646693348593195
0.008643804582762003
0.008651600470564992
0.008661858996826564
0.008643071564054713
0.008606954458972435
0.008586195740441258
0.008578856482269238
0.008579535393056637
0.008583277112084444
0.008586852753229061
0.008587042105059822
0.008581785596218626
0.00855730331404981
0.008503404157361722
0.008472961608608652
0.008473517755414627
0.008470959483255526
0.008467187169153005
0.008461791501163968
0.008456311773415258
0.008455490495671984
0.008463546983684402
0.008473349114167845
0.008457604952862475
0.008424976916574208
0.008403689339438317
0.008395577124983088
0.008396342688024897
0.008400068785531102
0.008404094133518449
0.008404844932806955
0.008400161443218314
0.008377157408717303
0.008323736729747228
0.008294045161872758
0.008296201081377255
0.008294130351483143
0.008290055876734924
0.00828606045232782
0.008283297514673112
0.008285022438095698
0.008294048014045444
0.008303640813255398
0.008290638788927086
0.008259667623321018
0.008235048221407382
0.00822507443880726
0.008226075939991204
0.008230298528888035
0.008235293445470514
0.008236933555594423
0.008232692288288651
0.008210038646465918
0.00815401739900196
0.008123334775378261
0.008127177844872248
0.008125583229211272
0.008121365645019935
0.008119148263467492
0.008119686690080253
0.008124590510280586
0.008135220856799276
0.00814481335670383
0.0081344804771476
0.00810281966430963
0.008070872865339765
0.008057448352428234
0.008058916708029322
0.008064486892597134
0.008071562366342672
0.008075016207873079
0.008071407114442434
0.008048031082844147
0.007985331925251945
0.007950851299478052
0.007955798815199606
0.007954574688208016
0.007950834827858265
0.007951313520273584
0.00795571648612162
0.007963663624767697
0.007975481024462555
0.00798483878082126
0.007977121437333142
0.007942409949652009
0.00789906182858152
0.007880441876218084
0.007882676029038109
0.007890710271331477
0.007901614771753733
0.007908549287701534
0.007906204867053292
0.007881441320423576
0.007808991013604704
0.0077669837660670395
0.007769810444017742
0.00776832659248924
0.007765982165220561
0.007769361177637106
0.007775698301675035
0.007783089568078986
0.0077927203158793205
0.007800704652357588
0.007794637767688445
0.007756338013382496
0.0077021833552865715
0.007678476240830467
0.007681959548278093
0.007693079341289499
0.007708748850850801
0.007719788126683525
0.007718420103428598
0.007691609858023553
0.007610758570032036
0.007558355868976884
0.00755261938879345
0.007549565472599603
0.0075485974791304235
0.007552319056399396
0.0075551946039083126
0.007555839057452628
0.007558803157816219
0.0075645307710961425
0.007557829563487679
0.007514837345786736
0.007453297555624476
0.007426488462908347
0.007432112753042328
0.007446438341476839
0.007466406871132087
0.007480210705227748
0.007478218678545557
0.007448989581120979
0.0073638437362024845
0.007300222459173031
0.00728060504722414
0.0072750042647917856
0.0072746776325751826
0.007275428440740528
0.007269839329180164
0.007259018844589777
0.007252788549183959
0.007256808581187545
0.007246317840205012
0.007193057518483469
0.00712459854219457
0.007096689314936844
0.007105424150043691
0.0071229505033328635
0.007146248023372821
0.007161155244087204
0.007157596256172271
0.0071273098158448275
0.007042939535713615
0.006969038795361649
0.006932926470755469
0.0069245235768548505
0.0069241344818579496
0.006918732924378132
0.006900138157580203
0.006874003685021672
0.006857397946950767
0.006861571205422496
0.006843452691979275
0.0067714743420757475
0.006696085972613064
0.006669921632822905
0.006682390016939499
0.006702331243363894
0.00672686253484913
0.006740883078188174
0.006735671875439839
0.006706835565789794
0.0066281354207876385
0.006546217946735069
0.0064939072031003145
0.006483471018130773
0.006482422045559095
0.006467384793486202
0.006431600654011049
0.00638791040880258
0.006361798793597102
0.0063695269795614184
0.006340688368128417
0.006240810302402604
0.006159080923331161
0.006138257610015823
0.00615407151894976
0.006174288798767779
0.0061965942126356735
0.006207631834745691
0.006201416532241253
0.0061765166459787765
0.0061055592298757625
0.0060197876598174285
0.005957937922076026
0.005948275478757075
0.005946604862997439
0.0059208014512277364
0.005869708302980282
0.005814213734069267
0.005784600980431432
0.005799948929483046
0.005761778200612612
0.005629286915252366
0.00554036825835605
0.005526611662890256
0.005543751124347379
0.005561522451867644
0.005578714187415545
0.005586118588799122
0.005580553556784526
0.005561732722725229
0.00549964442633648
0.005418074589721973
0.0053592045969708246
0.005353429640454687
0.005352099073320286
0.005320877013451186
0.005266093725621046
0.005212283001865774
0.005187350830564474
0.0052108746727257405
0.0051692848522380715
0.005014020757257438
0.004921132304954597
0.004913789906530986
0.004929716250053762
0.004943277920197397
0.004954381169339232
0.0049586218477230435
0.004955117969210393
0.0049433714472389674
0.004892990685197775
0.004824262568405153
0.00477727467429406
0.004775590854165828
0.004775017087140895
0.004744939461318377
0.004696443817539118
0.004652698151285354
0.004635846552330265
0.00466441411407829
0.004625172789290886
0.0044656673593579475
0.0043771148393903555
0.00437515604340998
0.004388249363312253
0.004396925153573898
0.004402028384712347
0.004403632281181708
0.004402346746270505
0.004396513870762523
0.004358252284974198
0.004306739739619534
0.004275295948442298
0.004276903416381058
0.0042770645121349695
0.004251986779022662
0.004214723914860857
0.004184289594456142
0.004175842066779515
0.0042059691329033415
0.004174021832093249
0.004026693556826599
0.003949231408965883
0.0039513013155173336
0.003960768819296346
0.003964658839686604
0.0039647439897301726
0.003964504324974365
0.003964923537227042
0.003962897485288349
0.003936092049917466
0.0039032905779106397
0.0038879047841652837
0.003891873985042439
0.003892545828271548
0.003874775847719745
0.0038514613828955564
0.003835556510374406
0.0038346502126037473
0.0038629795944131523
0.003841974850140507
0.003719949461635413
0.0036580186879159177
0.0036623795767130834
0.003668232826727426
0.0036682926797940085
0.003665085699314078
0.0036636239226944213
0.003664794560236111
0.00366476995677307
0.00364994262131457
0.0036350564884106234
0.0036321569232990424
0.0036364084371988477
0.003636780612745833
0.0036269145633257894
0.0036166933521421364
0.003612322280796902
0.003616077407795299
0.0036394984167459894
0.0036287399388918234
0.0035379734548151476
0.003493068830544123
0.003498072810772918
0.00350137351663811
0.003499383947431997
0.0034947890392035157
0.00349236873531992
0.0034933500069827188
0.0034942347096477734
0.0034892165180684864
0.003486302881008857
0.003488966481729776
0.0034914111159399714
0.0034907073930981764
0.0034862276685962124
0.0034831894476269687
0.0034833134591874017
0.0034878215923671253
0.0035056328860585107
0.003500388071714492
0.0034336968520014125
0.003401496984042665
0.0034061874752215828
0.0034082659325291404
0.003405721481227019
0.0034010703252554055
0.0033982912938412568
0.003398893949113363
0.0033999930020416043
0.0033992047522410276
0.003400486077734755
0.0034039637814518753
0.003404827620370098
0.0034032794788938776
0.003401063467512487
0.0034004052664669627
0.0034012814359714164
0.003405073102712272
0.0034188633807889944
0.003415655130344879
0.003361854314817951
0.0033362500903495527
0.003340448612075247
0.0033420345160458135
0.003339568167743226
0.0033354366027313464
0.0033328596549415173
0.0033332626720501434
0.0033342402758142504
0.00333432734823369
0.003335782158488845
0.0033384036844646458
0.0033385488607631793
0.003336585794474134
0.0033351035321990056
0.003335096751553371
0.003336006869660816
0.0033390873602693904
0.0033503592683992965
0.0033478705277512288
0.0033005717888611643
0.0032781949574576404
0.0032819900629031946
0.003283368044384336
0.0032811422609086067
0.0032776219036016675
0.003275419345381033
0.003275741834478491
0.0032765204529078915
0.0032763796027424174
0.003276811061756493
0.0032782457295264466
0.0032780913071838898
0.0032759096457885967
0.0032746444549802984
0.0032748051952054286
0.0032756718195957628
0.003278215277981872
0.003287811608471301
0.003285621702003303
0.0032421378888018515
0.003221657868779527
0.0032251504271423952
0.0032264280016385148
0.0032244447491259786
0.0032214546477083595
0.0032196069423939904
0.00321989743471302
0.0032204964046790236
0.0032199029602686478
0.0032191532775377933
0.0032194659505196664
0.0032191563762840477
0.0032168259492498076
0.0032156252403468095
0.0032158234669310503
0.003216645929747492
0.0032187806123136057
0.003227150819546368
0.003225116269061474
0.0031843232334186886
0.003165234162947734
0.0031685001114164107
0.0031697223089140036
0.003167944524700116
0.0031653759850907037
0.0031638164914475912
0.0031640929546419964
0.0031645532478790576
0.0031635408028110757
0.0031617352068051396
0.003161073960195996
0.0031606579298619295
0.0031582086627935575
0.0031570313634093033
0.0031572343886767875
0.0031580190000479857
0.003159832522972819
0.00316723999161384
0.0031653040956578656
0.0031266714038465635
0.003108760673061376
0.0031118539193700657
0.0031130422317275936
0.003111431109104207
0.0031091895326268533
0.003107852699594379
0.00310812139167721
0.003108482134218461
0.003107141773944395
0.003104454738900645
0.0031029665423555042
0.003102463419783858
0.0030999151838668466
0.0030987529568107922
0.003098954877358589
0.003099707133042357
0.0031012607081926276
0.0031078752606485995
0.0031060116722896563
0.003069251166995211
0.0030524142723695625
0.003055372607283883
0.0030565380901915475
0.0030550619081159565
0.0030530732522735604
0.0030519054232124253
0.003052167941475453
0.003052461050041775
0.0030508841760869465
0.003047477401638535
0.003045289743429997
0.003044709903834833
0.003042080463158207
0.0030409343284792394
0.003041136345869423
0.0030418601971104646
0.0030431974440373556
0.003049135075720635
0.003047329371680628
0.00301226609969
0.0029964424043465816
0.0029992922564328027
0.0030004405376678673
0.0029990753345259997
0.0029972835909917945
0.002996243233197583
0.0029964991649286134
0.002996749161016925
0.002995013477743395
0.0029910231531517727
0.002988242664995128
0.002987593362186595
0.0029848997004499407
0.0029837730252124535
0.002983977857363902
0.002984675951024557
0.0029858284890152075
0.002991170965311126
0.0029894137592229525
0.002955932399863589
0.0029410806067554497
0.0029438405503431236
0.0029449742187218856
0.0029437025411584157
0.002942065923718034
0.0029411215881175747
0.002941369592945288
0.0029415946115502896
0.002939762211135576
0.002935299189870173
0.0029320140401490474
0.0029313010333739133
0.002928559029173143
0.0029274554674128535
0.0029276657031194297
0.0029283396809494026
0.002929330806673637
0.002934137059779239
0.0029324211161264515
0.002900439842482484
0.0028865272389922746
0.002889210509171902
0.0028903304989715377
0.002889139959126454
0.0028876276261757573
0.002886755848147514
0.0028869941695571083
0.002887207078806652
0.0028853255986962976
0.0028804783819339607
0.0028767610939218202
0.002875989104869273
0.0028732130502020347
0.002872136141924453
0.0028723537102905367
0.0028730043963380745
0.002873851467849484
0.002878164963262519
0.0028764839013448967
0.002845939703371607
0.002832936769565841
0.002835553007733614
0.0028366594651456417
0.002835541532906325
0.002834131079596256
0.0028333146934786573
0.0028335414701105266
0.0028337508710810223
0.0028318552711038996
0.002826693233636762
0.0028226031982266403
0.002821776101130711
0.0028189784495142685
0.0028179318431182194
0.00281815780803984
0.0028187852904033046
0.0028195012431583098
0.002823354994810948
0.0028217027107830866
0.0027925423439913643
0.002780419765597473
0.002782976179735266
0.0027840689806704583
0.0027830180642117626
0.0027816936423364787
0.002780920512572417
0.0027811340283183813
0.002781345131021176
0.0027794595277628857
0.002774035906648985
0.0027696215360701023
0.0027687425364420837
0.0027659339173410425
0.0027649218010472316
0.002765156267947111
0.002765759927536722
0.002766354266778393
0.0027697743688382863
0.002768144835327544
0.0027403189491870517
0.002729045872216828
0.0027315479679639603
0.00273262697339312
0.002731639730307707
0.002730390601575089
0.002729652657854245
0.002729851565822344
0.0027300669732492682
0.0027282064518026074
0.002722561123386977
0.002717861745327391
0.002716933602758176
0.002714123033650456
0.002713150548294185
0.0027133926371871366
0.00271397117751797
0.002714450711035956
0.0027174589206333233
0.002715846224273707
0.0026893055090358576
0.0026788485345128877
0.002681300548924831
0.0026823656675998902
0.0026814404611478293
0.0026802598240603125
0.002679552278576054
0.002679735783439806
0.0026799561971616436
0.002678128581470477
0.0026722906918274125
0.0026673382790506927
0.0026663635604679326
0.0026635587644769487
0.0026626322503598425
0.0026628801371289925
0.002663431654407274
0.0026638011402731966
0.0026664168452554897
0.0026648153937187673
0.0026395081604110204
0.002629830857628543
0.002632236003953131
0.0026332871321827584
0.002632423557179607
0.0026313075437928747
0.002630628197688546
0.002630796164382897
0.002631021001333976
0.0026292285229030338
0.0026232189595664407
0.002618039736181936
0.0026170210590061266
0.0026142288041541622
0.002613355793975318
0.0026136068322854373
0.0026141289464227985
0.0026143917459409945
0.002616633505467881
0.0026150383532990078
0.002590909266278774
0.0025819721175181043
0.0025843327260300537
0.00258536963287716
0.0025845680666883946
