0.05829110199101297
0.07737094094008057
0.0924156420909567
0.10879396281838741
0.1289994848977405
0.1407692295625983
0.14917253205746897
0.15733349685312334
0.1676458901506911
0.18188982942667978
0.19094383393514877
0.19739471508821574
0.20328783699465341
0.21038701513815883
0.22018017084515326
0.2259847802484341
0.23052105307606954
0.23550734573732632
0.2424025846743406
0.25244693840942467
0.2589476509255356
0.2633183892642617
0.2668501646064622
0.27075802496219176
0.27620304422076325
0.27905132869120336
0.2816893670418218
0.28530575204440556
0.2908898516833555
0.29928615003749526
0.3045952141989337
0.3076999494815191
0.30952246439875847
0.31107697637562726
0.31345250544039305
0.3145473351362341
0.31618365760207684
0.3191123566465789
0.3240159702532766
0.33151008885580624
0.33616520508446995
0.33870504809855373
0.33981947377358646
0.34040352426930864
0.3414847921875428
0.3420556367155318
0.3433510497435929
0.3459245674930165
0.3503342204891967
0.3571228650302864
0.3612969722451126
0.3635618268814272
0.36439870998336676
0.3645922982974619
0.36508735588213076
0.3655201042452325
0.3667091479491234
0.36907677334046085
0.3730918995093462
0.37922830967248367
0.3828906852196807
0.3848837189836123
0.38560615937517745
0.3857173782920565
0.38604398186487515
0.3864395771345885
0.387530535021449
0.3896586855717335
0.3932197321175292
0.3986332482217311
0.401718896969546
0.4034220926004938
0.404039755412909
0.404107482876825
0.4043339474432793
0.40469851391765804
0.40568363103671695
0.4075849914756735
0.4107404071662948
0.4154894428999209
0.4179991264691631
0.4193305449168182
0.4197964208489222
0.4198386575884631
0.42003836278977574
0.4203660315962068
0.42122076661502
0.42282619043604436
0.42544707599039083
0.4293563116929264
0.4311820983319154
0.43213006307135543
0.43245761836807783
0.4324798363736129
0.4326493416074517
0.43292984465264406
0.43364809041224883
0.43499787425405023
0.4372034097189252
0.4404813556804445
0.4379624685766915
0.4356372808897951
0.4328908579147233
0.4290736239884605
0.4236136842995301
0.42010482832675355
0.41781653507812594
0.4159371223239658
0.4136989555482119
0.41034224170798894
0.4070743211844573
0.4043668396894876
0.4015507170450765
0.3978779352913908
0.39271317058311944
0.38962714631481926
0.38750355119666563
0.3854865829449956
0.38280856360372795
0.37870918047848284
0.3749392476332712
0.3721161281285642
0.3696435709857312
0.36679341082310096
0.36290282054065665
0.3609255109030305
0.35933712510172805
0.3572684587537499
0.3539912900980551
0.3488195763910334
0.34449500785759524
0.3418211419033455
0.34020390498095193
0.3387923063614098
0.3367742082572973
0.33593002160756275
0.33478944550086265
0.3326951472091264
0.32905234058516797
0.32326128135609633
0.31863480265166216
0.3159871393638598
0.3148126979585802
0.31420618824189056
0.3132342390004142
0.3127777989890791
0.31170142686753205
0.30938867700423717
0.30523082000255014
0.29858950635189213
0.29357994167163887
0.29080411489854596
0.28980393469374477
0.2895943653672032
0.2891567181442175
0.2887597999255653
0.28755691786931353
0.2850139976799934
0.2805522545242015
0.2735349763921487
0.2684294834809372
0.2656057103913507
0.2646250839178672
0.26452027429791675
0.2642653097363845
0.2638378158203359
0.2625224462395407
0.2597681784877997
0.25497624859699936
0.24748222824236252
0.2424441737110581
0.23968668777693017
0.23875706943825953
0.23870732186972593
0.23853262859152946
0.23806295504161196
0.2366577117775631
0.23378074947304298
0.2288587050545107
0.22128190818625879
0.21651396878895834
0.21403416150785984
0.21326514650633843
0.21327630081301524
0.21314182815478286
0.21265537955842617
0.2112420555571446
0.20838039831239616
0.20353019586279217
0.19613847973437445
0.19212003027342225
0.1901660303304158
0.18961776810809258
0.18966794201886858
0.18953250016691323
0.18906061539713936
0.18769504038069662
0.18493590372078667
0.18028684661675196
0.17328001159556916
0.1698603326768397
0.16842754246233393
0.16816385341245205
0.168284163777457
0.16815691575239936
0.16770547442957381
0.16646378813203283
0.16400819318527957
0.15994187937813303
0.15391322888711206
0.15168874613956082
0.1509749742973085
0.15096153935546922
0.15109941616851505
0.1509669518180245
0.1505874462135128
0.14950515413984322
0.14732696448142527
0.14370179752485718
0.13834477464846134
0.13666958909972274
0.13636241146904307
0.13655268681044505
0.13672124570355895
0.13659238158371104
0.1362640113051315
0.1353817150397358
0.13366419495574092
0.13088651156526432
0.12687339670037076
0.12618707766208828
0.12633751246362485
0.12662237223556447
0.12677206818869788
0.12666442715253176
0.12642742777339114
0.1257209675487063
0.12428220372216994
0.1219063012478817
0.1184420894480661
0.11798761224583547
0.11826784850078922
0.11860390740440212
0.11874211219148281
0.11863857087703064
0.11845018387292441
0.11792096666515252
0.11689306685729081
0.11526804076829444
0.11296803142694478
0.11300025573042288
0.1133982836220377
0.11369724328928013
0.11380792503464877
0.11374359128823146
0.11362207588391067
0.11321405054297401
0.1123606859837213
0.11095656668230812
0.10892162951979732
0.10897837295115058
0.10935948770886958
0.10963199752241065
0.10971357984870148
0.10964587034007922
0.10955363600128792
0.10925925102749708
0.1086825155078991
0.10779322305187537
0.1065598522334607
0.10675224683299248
0.10708035914573426
0.10727983889237225
0.10734466240374073
0.10731830296747084
0.10726228928834163
0.1070335109955508
0.10653854108777164
0.10572711132381947
0.10455641700814422
0.10472685558311254
0.10501662762003534
0.10517708325420747
0.10521122293799719
0.10517270264079438
0.10513260450951761
0.1049676099465021
0.10463870897162289
0.10414736955854038
0.1034865957428304
0.10364484971914766
0.10384296699177495
0.10394412903755568
0.10397444932929599
0.10397295645494041
0.103949543250727
0.10381665265040396
0.10351810073326966
0.103032565339006
0.10233948352761435
0.10248880944045856
0.10266610452755554
0.1027372520731492
0.10274095361394708
0.10272203034233526
0.10270853110840918
0.10261088258123569
0.10241058595979512
0.10212278291774286
0.10175447887911708
0.10185159989344966
0.10194949748799824
0.10198444166336748
0.10199307281900599
0.10200564944608143
0.1019987338374559
0.1019160976678828
0.10172251413565706
0.10141209867743539
0.10097854210873913
0.1010835236272533
0.10117725860245419
0.10119226888552936
0.10117908865373225
0.10117248735452491
0.10117284627678744
0.10111039991213348
0.1009767804596535
0.10079245922835316
0.10057221472763647
0.10062448456736335
0.1006608621076717
0.10065791092116949
0.10065414211390375
0.10067384702789274
0.10067598101581876
0.10062025767247293
0.10048359888288673
0.10026861260886775
0.09997821159339412
0.10004695405222491
0.10008788150923294
0.10007165536865928
0.10005016226748235
0.10005120156959528
0.1000591140578564
0.10001553119207987
0.09991717794048308
0.09978601859839226
0.099640817872973
0.0996665922101771
0.0996689526267981
0.09964643727951979
0.09963601855318946
0.09965883356011548
0.09966637721652387
0.09962561380228183
0.0995208471383169
0.09935946749549093
0.09915032127077622
0.09919471477331901
0.09920459112298431
0.09917257252715378
0.09914763690252361
0.09915345826180405
0.09916569512320242
0.0991325497186712
0.09905341284633588
0.09895002195085537
0.09884293986268855
0.09885460977536635
0.0988393491184701
0.09880775970296564
0.09879400341959015
0.09881775345030139
0.09882875947339574
0.09879669423053225
0.09871059802194831
0.09858058256926504
0.09841930443921654
0.09844841556819675
0.09844070892358722
0.09840169200358992
0.09837591431493149
0.09838478772163937
0.0983996350877841
0.09837249894530228
0.09830427472107314
0.09821576951027439
0.09812816140932311
0.09813286906690767
0.09810901643195033
0.09807398058190966
0.09805872962192957
0.09808231247032952
0.09809565116027204
0.09806891584679216
0.09799436371068616
0.09788364890902196
0.09775188649524005
0.09777157489520931
0.0977541562989207
0.09771291200224558
0.09768760956049245
0.09769847287731155
0.0977149965772454
0.09769150592100137
0.09762985153308018
0.09754969485362887
0.09747223982631001
0.09747378683839525
0.09744609411006346
0.09741049735795201
0.09739475921919867
0.09741766653094297
0.09743264307753936
0.09740937811347843
0.09734243703377372
0.09724432722898713
0.09713176759365381
0.09714558384828664
0.09712293314536728
0.09708195151807004
0.09705774634775398
0.09706992812173453
0.09708760805130214
0.09706648482506985
0.09700910653934634
0.09693399984032784
0.09686213644253079
0.09686242811497801
0.09683331161146087
0.09679856400959212
0.0967828832081581
0.09680492109982337
0.0968210903656566
0.09680024111813476
0.09673867824673729
0.09664935278814597
0.09655004642567909
0.0965600886217793
0.09653472560437247
0.09649524377059443
0.09647239104257799
0.09648545023490376
0.09650398992852982
0.09648453398838237
0.09643020510190085
0.0963585009996776
0.09629007815493117
0.09629000331332797
0.09626064714177464
0.09622738605474877
0.09621205239277325
0.09623318494215949
0.09625025258498814
0.09623120240044747
0.09617370460201273
0.09609090733603955
0.09600130983459235
0.0960088124162927
0.09598214763208061
0.09594472621441252
0.09592329203152553
0.09593692667551508
0.09595615121856577
0.09593797218093501
0.09588602287027237
0.09581690843783518
0.09575097325583404
0.09575089724986725
0.09572185111418612
0.09569031724616836
0.09567547978425361
0.09569574416770753
0.09571350999566897
0.09569588479318103
0.09564164500730321
0.09556398627678868
0.09548190211099343
0.09548759864247387
0.09546041997789742
0.09542525887988207
0.0954052148639235
0.09541920992262568
0.09543901052796344
0.09542188464409082
0.09537193547686103
0.09530501203846403
0.09524118726266305
0.09524121704833435
0.09521271159328935
0.09518294625390092
0.09516867528214898
0.09518813729057168
0.09520646138220903
0.09519002387987525
0.0951385191720264
0.09506509948135351
0.09498910554496215
0.09499344171884852
0.09496618791852503
0.09493329761715036
0.09491457064624632
0.09492876779059387
0.09494907168739232
0.09493286502312927
0.09488468762106748
0.09481975594440109
0.09475792417539156
0.09475804716247688
0.0947301572515662
0.09470210462172067
0.09468842550418607
0.09470715723163829
0.09472593914500105
0.09471053081513667
0.094661401835928
0.09459160633166323
0.0945207332020288
0.09452398915319098
0.0944969026085501
0.09446619678034913
0.09444869484466688
0.0944629744314045
0.09448372863387423
0.09446835576348352
0.0944218001622709
0.09435875214640572
0.09429889924499929
0.09429905431564806
0.09427178214532404
0.09424534184737676
0.09423225376413605
0.0942503231804405
0.09426948896783419
0.09425499777443133
0.09420798241728921
0.09414136696458093
0.09407491992793993
0.09407727982371959
0.09405049191606855
0.09402183752149117
0.09400546295078979
0.09401973282980351
0.09404089551487696
0.09402629733879454
0.09398125437330145
0.0939200197251794
0.09386216014185485
0.09386227286681717
0.09383558943121983
0.0938106433408721
0.09379812991041057
0.09381559662907443
0.09383509059892363
0.09382143282377932
0.09377632912477321
0.09371255598371567
0.09365001260822492
0.09365160419155756
0.09362518314348105
0.09359842751381894
0.09358308356346143
0.09359727177533217
0.09361880779496196
0.09360493967675837
0.09356132171875155
0.09350184275980777
0.09344598642215181
0.09344598564284473
0.09341985083988215
0.09339627662250223
0.09338431211797522
0.09340122627214424
0.09342100567205221
0.0934081155192914
0.09336476049168321
0.09330356115578453
0.09324451129177307
0.0932454284519545
0.09321940632841595
0.09319439177720137
0.09317998574403524
0.09319403550244987
0.09321591410479568
0.09320273957223453
0.09316047082990624
0.09310269146372553
0.09304883124373987
0.09304865610704889
0.09302302805348035
0.09300070588199004
0.09298925901301641
0.09300566159535509
0.09302569310987471
0.09301351664940502
0.09297177390171445
0.0929129270183837
0.09285703666703142
0.09285735244383103
0.09283174051179262
0.0928083121383159
0.09279475668240633
0.0928086227589534
0.0928308164582911
0.09281830389384993
0.09277731564365907
0.09272117726422965
0.09266928622843412
0.09266888844054215
0.0926437274433218
0.09262254322009997
0.09261157953134327
0.09262750334221105
0.09264776072959562
0.09263625228842215
0.09259600455266782
0.0925393223660198
0.09248631122947491
0.09248608540937805
0.09246088295561002
0.09243889270594237
0.09242610626159561
0.09243975227939302
0.09246223629895478
0.09245035722539476
0.09241058554733286
0.09235602619504359
0.09230605916456024
0.09230540294192664
0.09228067290121855
0.09226051968746084
0.09225000314076442
0.0922654739138776
0.09228593636683192
0.09227505631970698
0.0922362007731904
0.09218152048934306
0.09213114754554952
0.0921304311788019
0.09210563062107276
0.09208493927562526
0.0920728460153382
0.09208624236675605
0.09210899434853248
0.09209772255586007
0.092059107306774
0.09200606221543736
0.09195795892889094
0.0919570199204638
0.09193268855706534
0.09191346708135556
0.09190336113312299
0.09191839863341403
0.09193904960742472
0.09192876298023879
0.09189120819179616
0.09183838626434448
0.09179044017841824
0.09178927832253181
0.09176486820035268
0.0917453462047018
0.09173387579736754
0.09174699801382323
0.0917699978381965
0.09175930894666393
0.09172179332011093
0.09167019594727814
0.09162388454136441
0.09162264836615534
0.0915986869571834
0.09158030564968549
0.09157057400025193
0.0915851930061534
0.09160601935564724
0.09159629491003411
0.09155995875642009
0.09150886695894744
0.09146315950005528
0.09146159292557968
0.09143755966515683
0.09141908731298364
0.09140817460009726
0.09142100206372142
0.09144423170261083
0.09143410294562798
0.0913976332891451
0.09134741640705309
0.09130281664956581
0.09130127736623884
0.09127766031385309
0.09126003509578254
0.09125064221532114
0.09126485335729688
0.09128584467900355
0.09127665428851463
0.09124146246855297
0.09119198509884073
0.09114834648628822
0.09114641276321866
0.0911227417260983
0.09110520898011362
0.09109479363173269
0.09110730855366887
0.09113075192369316
0.09112116203705084
0.09108568776576131
0.09103678443391744
0.09099381049975101
0.09099196915606725
0.09096867353515109
0.09095172748298191
0.09094263897906633
0.09095644943509686
0.09097759755433654
0.09096891576211721
0.09093480069231595
0.09088683251909999
0.09084510804741487
0.09084284225323447
0.09081951836188493
0.0908028244754947
0.0907928506552643
0.09080503726611328
0.09082868007011631
0.09081960922916921
0.09078508276113495
0.0907374271205146
0.09069598986988996
0.09069385319388401
0.09067085833770344
0.09065452128550974
0.09064570415522659
0.09065911821678854
0.09068041677491552
0.09067222046788252
0.09063912043071223
0.09059256514470045
0.09055261268263844
0.09055004787326297
0.09052705598428336
0.0905111090179705
0.09050152506977203
0.09051336898081071
0.09053719853654454
0.09052862831249231
0.0904950049948252
0.09044853287892761
0.09040854167128576
0.09040612092310372
0.09038340806535017
0.09036761618000282
0.09035903897639562
0.0903720585030939
0.09039350261841354
0.09038577077875375
0.0903536292446498
0.09030839826288962
0.0902700863656566
0.09026725389392712
0.09024457901935654
0.0902292953068149
0.0902200534671617
0.09023154116987411
0.09025554622904444
0.09024745955094682
0.09021469756692105
0.0901693469482234
0.09013071105277766
0.09012802103535066
0.09010557300921183
0.09009026835825489
0.09008190129269572
0.09009452607426792
0.09011611205767746
0.0901088255674942
0.09007759064063287
0.09003360216526944
0.08999680862664393
0.08999373836041812
0.08997136579692429
0.0899566693935947
0.08994772552983779
0.08995884400775747
0.08998301456997872
0.08997539568707927
0.0899434559441934
0.08989916724223433
0.08986179691161304
0.089858855128932
0.0898366561170291
0.08982178624109094
0.08981360123774206
0.08982582928083906
0.08984755439319701
0.08984069587699917
0.0898103198321631
0.08976749809647645
0.0897321088220754
0.08972882929485992
0.08970674469671265
0.0896925668302799
0.08968388020289966
0.08969461663470564
0.08971894376079378
0.0897117782036227
0.08968062420645642
0.08963734048422624
0.08960114775336023
0.08959797370143895
0.08957600902867506
0.08956152652579139
0.08955349724049748
0.08956532499557987
0.08958718723758505
0.08958074093266104
0.08955117982108333
0.08950945447588517
0.0894753625940151
0.08947190110961271
0.08945009052718103
0.08943636906178735
0.08942790210841155
0.08943824364514061
0.08946271927344938
0.08945599381394151
0.08942559152672275
0.08938325859943334
0.0893481578639493
0.08934477243872443
0.08932302840040407
0.0893088905269414
0.08930099234007391
0.0893124148815177
0.08933441280940578
0.08932836445742084
0.08929957776617493
0.08925888337290187
0.08922598852290281
0.08922237122847132
0.08920082112548323
0.08918750004666383
0.08917921818537407
0.08918915178778952
0.08921376855640305
0.08920747116794121
0.08917778887152393
0.08913635534822323
0.08910226376798447
0.08909868877492205
0.08907715249355512
0.08906332078468264
0.08905553077530744
0.08906654194565937
0.0890886745077523
0.08908301126298895
0.08905496161684659
0.08901523722268966
0.08898344497681487
0.08897969691422593
0.08895839417188657
0.08894542309627386
0.08893729454593412
0.08894680687069549
0.08897155794743718
0.08896567776586689
0.0889366859130974
0.08889610318793087
0.08886294095328964
0.08885919870459603
0.0888378580099868
0.08882429792143827
0.0888165948285016
0.08882718735588185
0.0888494537462323
0.0888441640972397
0.088816816994851
0.08877800577156574
0.08874722715784186
0.08874337230025664
0.08872230421318596
0.08870963792514527
0.08870163354074521
0.08871071086616761
0.08873558978765717
0.08873011707421283
0.08870178814680921
0.08866201035341657
0.08862970084467896
0.08862581383137359
0.08860465715966905
0.08859133773166036
0.08858370190656596
0.08859386750252496
0.0886162670287599
0.08861134073106984
0.08858466430934973
0.08854671324192666
0.08851686434368562
0.08851292562224013
0.0884920798892755
0.08847967790540585
0.08847177102668449
0.08848039921064228
0.08850539973105342
0.08850032583793689
0.08847263420719761
0.08843361814689905
0.08840208801155143
0.08839807863905856
0.08837709494732468
0.08836398849083853
0.08835640184474108
0.08836613128843669
0.08838866325153424
0.08838409126970313
0.0883580560917536
0.0883209157064601
0.0882919173203071
0.08828791664437935
0.0882672813561172
0.08825510751773534
0.08824727382959985
0.08825543829358061
0.08828055424331847
0.08827587158245387
0.0882487933754142
0.08821049842749412
0.08817967759483074
0.0881755679720974
0.0881547466657016
0.08814182847086424
0.08813427441917283
0.08814355763252783
0.08816622121673234
0.08816199567438211
0.08813657453732783
0.08810019866112134
0.08807197599964026
0.08806793427314842
0.08804749789738722
0.08803551999056342
0.0880277373940329
0.08803542312853639
0.08806064828274496
0.08805635029803295
0.08802986327011884
0.0879922512906145
0.08796207293940704
0.08795788471281413
0.08793721558344628
0.08792446364936157
0.08791692705528935
0.0879257531727892
0.08794854734422966
0.08794466148104786
0.08791982924093847
0.08788417478613296
0.08785665721505284
0.08785259435048332
0.0878323457163018
0.08782053511864497
0.0878127836112258
0.0878199751986729
0.08784530315527979
0.0878413842985009
0.0878154677132844
0.08777850292716613
0.0877489034187888
0.0877446576432704
0.08772413081586455
0.08771152560101515
0.08770399271949263
0.08771235015546382
0.08773527356832352
0.08773172170318257
0.08770745511469567
0.08767248188419842
0.08764560268634476
0.08764153761765203
0.08762146589860341
0.08760979725174374
0.08760205881628716
0.0876087404683902
0.08763416453527599
0.08763062024565026
0.08760525476197131
0.08756890365239925
0.08753982243923127
0.08753553948005309
0.08751514536720638
0.08750266955936017
0.08749512798222311
0.0875030044977661
0.08752605540707901
0.08752283290657357
0.0874991104756926
0.08746478098522846
0.08743847714556474
0.08743442784066999
0.08741452253742757
0.08740297344398433
0.08739523194519087
0.0874013875523719
0.08742690064319682
0.08742372733049192
0.08739889489696187
0.08736312609436211
0.08733450561121618
0.08733020507078806
0.08730993433353694
0.08729757263799125
0.08729001124103715
0.08729739401224866
0.08732057019258557
0.08731767344438256
0.08729447529255988
0.08726075460714655
0.08723496661472491
0.08723095008803047
0.08721120101074048
0.08719975175446426
0.08719199284228986
0.08719760603324253
0.08722320057145719
0.08722039560244577
0.08719607935916941
0.08716086353213981
0.08713264907681395
0.08712834974172841
0.08710819325575278
0.08709593220069667
0.0870883410929582
0.08709521678164689
0.08711851545111354
0.08711594184157233
0.08709324958014757
0.0870601051627361
0.08703477682653146
0.08703080915164037
0.0870112064021962
0.08699983968992579
0.08699205070921566
0.08699710491911061
0.08702277274970853
0.08702033443770202
0.08699651862493385
0.08696182837442487
0.08693396798216133
0.08692968778637014
0.08690963661286685
0.08689746437063026
0.08688983484602604
0.08689618967378007
0.08691960742288807
0.08691735531844832
0.08689515193229301
0.08686255350298909
0.08683763177946906
0.08683372810213351
0.08681426205656802
0.08680296278062773
0.08679513268636044
0.08679961123251165
0.08682534354113826
0.08682327113826542
0.0867999410116378
0.08676575076942195
0.0867381950850164
0.08673395108568513
0.08671399644629449
0.08670190266927277
0.08669422716065188
0.08670004698684453
0.08672357971193895
0.08672164844379522
0.08669991818331223
0.08666783758797778
0.08664327241892693
0.08663944697013332
0.08662010826131895
0.08660886328099648
0.08660098255856438
0.0866048687226211
0.08663065596172946
0.08662894965357863
0.08660609140549508
0.08657237733761099
0.08654507948809147
0.08654088785121919
0.08652102110650713
0.08650899677659138
0.0865012688120807
0.08650653921618208
0.08653018205722203
0.08652857190881308
0.08650730018954435
0.08647571127687244
0.08645145543648977
0.08644772154551003
0.08642850104635688
0.08641729898713615
0.08640935957712455
0.08641263669304004
0.08643846851487054
0.08643712941707259
0.08641473010383963
0.08638147001945132
0.08635438548959816
0.08635026148296278
0.08633047411406314
0.08631851140446556
0.08631072556594839
0.08631543193434031
0.08633917921693263
0.08633789141377098
0.08631706472296607
0.0862859432293454
0.08626195218000578
0.08625832228719729
0.08623921109454175
0.08622804216381562
0.08622003739077162
0.08622268893793802
0.08624855413419469
0.08624758429048579
0.08622563176475499
0.08619280503068527
0.08616589154315087
0.0861618495345492
0.08614213312765809
0.08613022527609059
0.08612237715958705
0.08612650477693984
0.0861503499586235
0.08614938665998144
0.08612899246956005
0.08609831591121272
0.08607454766755637
0.08607103333666892
0.08605202275604824
0.08604087857409783
0.08603280307880369
0.08603481277983956
0.08606069922803304
0.08606010160930148
0.08603858445740478
0.086006171918468
0.0859793893198552
0.08597544277895781
0.08595578901244783
0.08594393020468742
0.08593601638236582
0.08593955052752465
0.08596348614839673
0.0859628504403481
0.08594287712575545
0.085912624697757
0.08588903969896661
0.0858856516287094
0.08586673316021944
0.08585560660531624
0.08584745628010303
0.08584880820284253
0.08587470281936942
0.0858744813231566
0.08585338880693777
0.08582137271210132
0.08579468286604269
0.08579084436848532
0.08577124500247328
0.08575943026542755
0.085751448248948
0.0857543742951836
0.08577839193304528
0.08577808782234192
0.08575852458685136
0.08572867706873263
0.08570523805899255
0.08570198609362367
0.08568315141905844
0.08567203648562133
0.08566380841227626
0.08566448707554318
0.08569037577566714
0.08569053522556007
0.08566985722833145
0.08563822116266646
0.0856115878506988
0.08560786908328975
0.08558831595154867
0.0855765410550139
0.08556848925988796
0.08557079277928745
0.08559488300957345
0.08559491541781021
0.0855757522218736
0.08554629188956922
0.0855229638067901
0.08551985694551135
0.08550109791698113
0.08548998958579765
0.08548168197563663
0.08548167245839447
0.08550754012338843
0.08550808626770734
0.08548781324398981
0.08545654206632301
0.08542993089715542
0.0854263426633012
0.08540682766745555
0.0853950890338399
0.0853869667444814
0.08538863361618301
0.08541278597701775
0.08541316073451294
0.08539438822979996
0.08536529877375186
0.08534204864669526
0.08533909505166444
0.08532040368188765
0.08530929780148913
0.08530090993718144
0.08530019799064043
0.08532602844243435
0.08532696795158677
0.08530709088032243
0.08527617066646676
0.08524954899408295
0.0852461012187233
0.08522661632470926
0.08521491094606995
0.08520671828120978
0.08520773480311891
0.08523193776591818
0.08523266160470797
0.08521427107251109
0.08518553752176299
0.08516233437572293
0.08515954137853196
0.08514090983299061
0.08512980301134924
0.08512133519009984
0.08511990735232992
0.08514568333608928
0.08514702379792895
0.08512753413888688
0.08509695213030359
0.08507028898121144
0.08506699071472067
0.08504752795152609
0.08503585331334454
0.08502759119148572
0.08502794419504359
0.0850521851411504
0.08505326568646661
0.0850352489801798
0.08500685763231292
0.0849836724035097
0.08498104651001866
0.08496246710116127
0.08495135660695557
0.08494281008466752
0.08494065379722208
0.08496635697234921
0.08496810688484768
0.08494899653797448
0.08491874109570054
0.0848920071055346
0.0848888665261884
0.08486941798691615
0.08485777199810453
0.08484944210270323
0.08484911907021232
0.0848733842741185
0.08487483003369165
0.08485717952509995
0.08482911788186392
0.08480592334068551
0.08480347023414848
0.0847849354178157
0.08477381909058546
0.08476519602664638
0.08476229975264078
0.08478791069275055
0.08479007945326053
0.0847713407207569
0.08474140128441528
0.08471456864400492
0.08471159305873736
0.08469215090405575
0.08468053183275613
0.08467213657682716
0.08467112576076809
0.08469540038052809
0.08469722073103135
0.08467992926017456
0.08465218596866257
0.08462895665185236
0.08462668119432042
0.08460818356855722
0.08459705973714167
0.08458836313950006
0.08458471648251913
0.08461021468498316
0.0846128125753483
0.08459443812628079
0.08456480517797668
0.08453784758890778
0.08453504343219428
0.08451559989625375
0.0845040063110526
0.08449554880091598
0.08449383934461589
0.08451810742010403
0.08452031259003247
0.0845033734184308
0.08447593821763566
0.08445265036947491
0.08445055660151374
0.08443208890791921
0.08442095631664011
0.08441218998686391
0.08440778380999105
0.08443314771567295
0.08443618588241887
0.08441816871970234
0.08438883375259194
0.08436172639220968
0.08435909922301234
0.08433964662191425
0.08432807733815345
0.08431956133606124
0.08431714339499605
0.08434138785469034
0.08434398890295271
0.08432739567000445
0.08430025934257437
0.08427689086504578
0.08427498200385959
0.08425653713160795
0.08424539487372334
0.08423656335176223
0.08423138989593533
0.08425659691974968
0.08426008734858006
0.08424242077819023
0.08421337626949127
0.08418609576521151
0.08418365026201385
0.08416418100491971
0.08415263503583846
0.08414406492124753
0.08414092978417681
0.08416513246117137
0.08416814125066303
0.08415188793304575
0.08412504226203492
0.08410157267388044
0.0840998511099904
0.08408142210263747
0.08407026956065074
0.0840613780690582
0.08405543106986268
0.08408045764277951
0.08408441312659852
0.08406709072889518
0.08403833011708796
0.08401085452980256
0.08400859448384602
0.08398910108680922
0.08397757759929964
0.08396895832858803
0.08396509853763501
0.08398924019558329
0.08399266936100834
0.08397675023493419
0.08395018796531589
0.08392659836981917
0.08392506566250128
0.08390664572766666
0.08389548252012935
0.08388653690753858
0.0838798117094512
0.08390463333253563
0.08390906743222751
0.08389208303528867
0.08386360070123251
0.08383590951750805
0.08383383782442165
0.08381431292701187
0.08380281120181506
0.0837941482662757
0.08378955773497511
0.08381361810464909
0.0838174810138713
0.08380189062006564
0.08377560542474363
0.0837518784859753
0.08375053535772137
0.08373211787970866
0.08372094381420335
0.08371195049789484
0.08370444416489364
0.08372903547591173
0.08373396247313292
0.08371731012801657
0.08368910137967969
0.08366117551235693
0.08365929416244725
0.0836397305472186
0.08362824994342602
0.08361954932541321
0.08361422345365992
0.08363818128076894
0.08364249198899626
0.08362722510028463
0.08360121155030457
0.08357733147746896
0.08357617780779185
0.08355775636317685
0.08354657139520806
0.08353753730265553
0.08352924872401564
0.08355358357705303
0.08355901841833313
0.08354269237619752
0.08351475343666823
0.08348657523337245
0.0834848853009129
0.08346527591574072
0.08345381583949911
0.08344508396664944
0.08343901975139117
0.0834628528562411
0.08346762605238882
0.08345267764379273
0.0834269311824177
0.08340288372183215
0.08340191854079411
0.08338348691697398
0.08337229111453066
0.0833632236238649
0.08335415361386939
0.08337820517229647
0.08338416340380467
0.08336815809482954
0.08334048609324365
0.08331203935221175
0.08331054098413923
0.08329087896741795
0.08327943884476276
0.08327068254226364
0.08326387868269684
0.08328756403217845
0.08329281497681533
0.08327818019807033
0.08325269711834643
0.08322846955247187
0.08322769103437022
0.08320924325102419
0.0831980367646046
0.08318894364399473
0.08317909503420823
0.08320283587718236
0.08320933356959835
0.0831936435836593
0.08316623654864319
0.08313750654116436
0.08313619894565699
0.08311647765431149
0.08310505690807551
0.08309628334901038
0.08308874034496072
0.0831122541372378
0.0831179985915975
0.08310367274201831
0.08307845016741613
0.08305403132023999
0.08305343677793738
0.0830349671113031
0.08302375014921448
0.0830146394952275
0.08300401721791227
0.08302741946043504
0.08303447312346866
0.08301909319252265
0.08299195004771495
0.08296292354636817
0.08296180498183965
0.08294201802205718
0.0829306160528148
0.0829218327066744
0.08291355294877692
0.08293687071089643
0.08294312485653722
0.08292910336216434
0.08290413922984304
0.08287951947779637
0.08287910535823106
0.08286060836804862
0.08284938117680637
0.08284026135187345
0.08282887251307598
0.08285190793942059
0.08285953442565565
0.08284445940780073
0.08281757996897843
0.0827882452807338
0.08278731304583706
0.08276745430637496
0.08275607047739102
0.08274728505690337
0.08273827290714668
0.08276136960561577
0.08276814995443406
0.08275442834740375
0.08272972139360518
0.0827048926810766
0.08270465456253141
0.08268612512145171
0.08267488797110792
0.08266576754029396
0.08265362148110039
0.0826762616911938
0.08268447808908796
0.08266970295426168
0.08264308792756032
0.08261343493069605
0.0826126853559799
0.08259274904384738
0.08258138266999876
0.08257260307649739
0.08256286493766415
0.08258571510183228
0.08259303839628213
0.08257961229636651
0.08255516204341207
0.08253011790180396
0.08253005049354735
0.0825114838187419
0.08250023699296916
0.08249112466031318
0.08247823300476795
0.08250044957285516
0.08250927308891089
0.0824947929061915
0.08246844388687513
0.08243846407054863
0.08243789251245445
0.08241787319070591
0.0824065235313378
0.08239775779895392
0.08238730217148256
0.0824098800293336
0.08241776313287373
0.08240462823114163
0.0823804349754706
0.08235517054463319
0.08235526768957249
0.08233665937621973
0.08232540316696503
0.08231630771172745
0.08230268439993545
0.08232444904457605
0.08233389687490489
0.08231970680137717
0.08229362627258373
0.08226331277779021
0.08226291361570977
0.08224280624302338
0.08223147249868636
0.08222272873771841
0.08221156626253107
0.08223384588823238
0.08224230566621403
0.08222945771076341
0.08220552251142564
0.08218003456220334
0.08218028924320424
0.08216163529946434
0.08215037000596723
0.08214130021918783
0.08212696152418056
0.08214824628833259
0.08215833548006657
0.08214443075120934
0.08211862208207255
0.08208796974262922
0.08208773637976646
0.08206753635141617
0.08205621766440739
0.08204750400428559
0.08203564749017994
0.0820576029624589
0.08206665615387995
0.08205409093759179
0.08203041560458672
0.08200470256112435
0.0820051069116523
0.08198640379467967
0.08197512972662158
0.08196609434845419
0.08195105887549768
0.08197183631513992
0.08198258361839449
0.08196895953994073
0.0819434269824723
0.0819124323645865
0.0819123572333755
0.08189206042313944
0.08188075588174147
0.08187208041406502
0.08185954484835625
0.08188115041848332
0.08189081349926276
0.08187852684952315
0.08185511393136499
0.08182917589175248
0.08182972121147782
0.08181096586395913
0.08179968334847564
0.08179069100682047
0.0817749796739804
0.08179522305341973
0.08180664476477789
0.08179329670599118
0.08176804539009869
0.08173670682901885
0.08173678140184186
0.08171638420432806
0.08170509285059992
0.08169646357277859
0.0816832661140044
0.08170449638186553
0.08171478542053426
0.08170277319086543
0.08167962596075283
0.08165346471454005
0.08165414149051765
0.081635331377167
0.08162404076941371
0.08161509992041477
0.08159873591937304
0.08161841941108663
0.08163053120985007
0.08161745459815187
0.08159249052417018
0.0815608081563825
0.0815610229623069
0.08154052233511816
0.08152924317605056
0.0815206679361267
0.08150682788779529
0.081527657984242
0.08153858849119398
0.08152684655472871
0.08150396899470644
0.0814775880357991
0.08147838596978414
0.0814595191131762
0.0814482208100934
0.0814393396811014
0.0814223484174399
0.0814414473040248
0.08145426408275358
0.0814414543996271
0.08141678442775506
0.08138476021718291
0.0813851048653907
0.08136449837049971
0.08135323039229582
0.08134471683555643
0.08133025560012648
0.08135066137351007
0.08136224814520722
0.08135077238993182
0.08132816917245417
0.08130157370591215
0.08130248174830473
0.08128355676338533
0.08127225122025689
0.08126343775587866
0.08124584676830714
0.08126433764386319
0.08127787333499692
0.08126532611308371
0.0812409579491461
0.08120859570583394
0.08120905891635113
0.08118834476001392
0.08117708694520437
0.08116864246321308
0.08115358347574217
0.08117354168028015
0.08118579864004509
0.08117458496572702
0.08115226143206873
0.08112545837337078
0.08112646476419359
0.0811074808907765
0.08109616864012863
0.08108743045198666
0.08106926931029246
0.08108713027835968
0.08110139767896671
0.08108910850026296
0.08106505067725901
0.08103235606708555
0.08103292570932974
0.08101210277983534
0.08100085412688048
0.0809924858095633
0.08097685445074752
0.08099634293414637
0.08100928297140324
0.0809983272881083
0.08097628942311964
0.08094928738853835
0.08095037970574298
0.08093133683828405
0.08092001851061996
0.08091136283143166
0.08089266301326153
0.0809098738782824
0.0809248844752124
0.0809128489702637
0.08088911082522018
0.08085609136928468
0.08085675450883942
0.0808358224113757
0.08082458195635225
0.0808162965477595
0.08080012003640633
0.08081911792398648
0.08083275273400976
0.08082205096210372
0.08080030536487068
0.0807731146517182
0.08077427986698851
0.08075517858092672
0.08074385492674746
0.08073528856930028
0.08071608331624597
0.08073262576543644
0.08074838956334318
0.08073660341132943
0.08071319505704733
0.08067986011951225
0.08068060307340386
0.08065956216131828
0.0806483290012345
0.08064013285956984
0.08062344012489267
0.08064192799734013
0.0806562679237382
0.08064581599525654
0.08062436984530745
0.08059700240096769
0.08059822694304436
0.08057906851701362
0.08056774042953556
0.08055926975108149
0.08053959390491983
0.08055545167741994
0.08057197703226701
0.08056043596186363
0.08053736825323198
0.08050372901658305
0.08050453741718418
0.08048338881893274
0.08047216213616712
0.08046406119862709
0.08044688273311641
0.08046484279492902
0.08047989667721256
0.08046969053847204
0.08044855155726409
0.08042102093611823
0.08042229076151011
0.08040307719475871
0.08039174573270752
0.08038337660522907
0.08036326642555652
0.08037842546579876
0.08039571892655042
0.08038441871744909
0.08036170321209762
0.0803277726389966
0.0803286315065111
0.08030737714762261
0.08029615623493976
0.0802881559878396
0.08027052368184152
0.08028793991755616
0.08030371494621351
0.08029375056153053
0.08027292696905478
0.08024524827663286
0.08024654894741128
0.08022728297181735
0.0802159493816584
0.08020768716836872
0.08018718013325833
0.08020162872564443
0.08021969488686977
0.08020863137184078
0.08018628028501079
0.08015207306616451
0.08015296688946541
0.08013160950889879
0.0801203937944648
0.08011249924904297
0.08009444620855252
0.080111304523936
0.08012780610545284
0.08011807946182567
0.08009757992828309
0.08006976975222939
0.0800710865204261
0.08005177160656696
0.08004043734352617
0.08003228688186227
0.08001142147354398
0.08002515035576004
0.08004399172383467
0.0800331607912151
0.08001118694484444
0.07997671943258959
0.07997763225798904
0.07995617541833164
0.07994496449013148
0.07993718016432667
0.07991874051386692
0.07993502885943087
0.07995226049364287
0.0799427676062494
0.07992260119887239
0.07989467752659177
0.07989599542454402
0.0798766357813653
0.07986530252860391
0.07985726811985314
0.079836083597768
0.07984908605039022
0.07986870292586204
0.07985810052235795
0.07983651728849815
0.07980180741609755
0.07980272294343223
0.079781171034473
0.07976996466352708
0.07976229456991082
0.07974350324270904
0.07975921171716764
0.07977717488922173
0.07976791180758036
0.07974808793279849
0.0797200700559465
0.07972137399176048
0.07970197455949404
0.07969064424482661
0.07968272965040196
0.07966126581428977
0.07967353772473394
0.07969392810322716
0.0796835502369252
0.079662371475732
0.07962743866268931
0.07962834034790908
0.07960669858322278
0.0795954967450108
0.07958794438493844
0.07956883690291498
0.07958395783453825
0.07960265192355756
0.07959361473819832
0.07957414307947233
0.07954605148575652
0.07954732634289799
0.07952789277899473
0.07951656758858364
0.07950877603283114
0.07948707297877226
0.07949861287810957
0.07951977237187566
0.07950961511536901
0.07948885510802894
0.07945372015204176
0.07945459131530518
0.07943286572159777
0.07942166861512459
0.07941423697904335
0.0793948492253854
0.07940937722960376
0.07942879943590839
0.07941998428540152
0.07940087473717095
0.0793727309902331
0.0793739617301086
0.07935450038808031
0.07934318277660053
0.07933551695589142
0.07931361482842368
0.07932442390011016
0.07934634568200155
0.07933640517554617
0.07931607855261796
0.0792807635090971
0.07928158744720533
0.0792597848462968
0.07924859291027903
0.07924128448400643
0.07922165247129878
0.07923558448337353
0.07925572977580668
0.07924713285400027
0.0792283954523023
0.07920022206074477
0.07920139382701286
0.07918191172821183
0.07917060442505695
0.0791630665227907
0.0791410052663541
0.07915108732648489
0.0791737620977345
0.07916403455236465
0.07914415621812024
0.07910868426849463
0.07910944437034681
0.07908757235379722
0.07907638627951014
0.07906920305617465
0.07904936269319321
0.0790626979752704
0.07908355905982614
0.07907517662314928
0.07905682147356921
0.07902864175045937
0.0790297399737152
0.07901024477221873
0.07899895078341053
0.07899154249043781
0.07896936160345691
0.07897872305274181
0.07900213903549047
0.07899262073603631
0.07897320578947914
0.07893760109977024
0.07893828096340182
0.07891634785992156
0.07890516860032104
0.07889811209754412
0.07887809895787982
0.07889083908027439
0.07891240639082928
0.07890423476552598
0.07888627196922435
0.07885810988365374
0.07885912038506643
0.0788396203259693
0.07882834293153756
0.07882106547140824
0.07879880376630097
0.07880745351454503
0.07883159646958215
0.07882228377754649
0.07880334743086173
0.07876763500224139
0.07876821855191733
0.07874623338783483
0.07873506216265717
0.07872813344445544
0.07870798254012332
0.0787201313372185
0.0787423930487454
0.0787344286379134
0.07871686821654364
0.07868874823902165
0.07868965733147416
0.0786701612030246
0.07865890394973524
0.07865175810809176
0.07862945348039284
0.0786374028448336
0.07866225611452005
0.07865314547078485
0.07863470296603396
0.07859890847926516
