[-4.113935028861841E-4, -1.657031472859173E-4]
[-0.005082869136943707, 0.0014336587490286238]
[-0.0091221841597731, 0.0021704700421923432]
[-0.013926431746971914, 0.0029370193506406636]
[-0.019727742188300458, 0.003801604331825772]
[-0.027325466369218593, 0.005074776820755616]
[-0.024402674935502258, 0.005055212546846071]
[-0.018011546505852887, 0.004717038950228788]
[-0.00975159470419391, 0.0037157575591704553]
[-4.3685944024174014E-4, 0.0021257984877825556]
[0.010553311651785224, 4.7671324013597683E-4]
[0.02903987485064911, -0.002838080192366019]
[0.04390436127645246, -0.0037472794137812355]
[0.061332370499155506, -0.0042557878823052024]
[0.0816871017383069, -0.004870299540129762]
[0.10675729096957785, -0.006668159677207405]
[0.0897266407213558, -0.007841740767973233]
[0.06157894190422112, -0.008204440346644786]
[0.02864424327421014, -0.006464974466157651]
[-0.0060635101106992755, -0.0029784531198265496]
[-0.044046119094845605, 3.525651504240349E-4]
[-0.09867985826319067, 0.004767569532421303]
[-0.1400537893265699, 0.0036542189068423814]
[-0.1838647242117677, 0.0013873583806447171]
[-0.2282210857540553, -1.3639412451559724E-4]
[-0.27372151132638034, 0.0016683740266390749]
[-0.22389545973685765, 0.0070668418004380725]
[-0.14846094633370926, 0.011083508873286806]
[-0.05960674840015785, 0.010192132570606714]
[0.03594107949221515, 0.005129658103506552]
[0.1386833337311807, 0.0015958115319545424]
[0.25751996998484716, 8.140497739655451E-5]
[0.3339731082329259, 0.007305329591793417]
[0.4014904490985839, 0.015240722709995597]
[0.4556294856779294, 0.019450714849063716]
[0.4988259091021298, 0.016344035880807496]
[0.38992869122725893, 0.0028472463536283778]
[0.25088703332938117, -0.00849049952525114]
[0.09697078420698468, -0.012525845744223153]
[-0.061993599482834276, -0.010720059626382518]
[-0.22083858476911286, -0.011845844618799582]
[-0.3901439855674653, -0.014580698497666385]
[-0.4936976962547711, -0.025924005205918987]
[-0.5706395213316666, -0.036138208642939026]
[-0.6180049923420877, -0.03925055674932675]
[-0.6443834000468758, -0.03199684592414744]
[-0.5066630982405409, -0.010932078331454334]
[-0.3289544902020721, 0.008624364233514415]
[-0.12438474701991518, 0.02004213984006052]
[0.09499620978450195, 0.024545922936403185]
[0.3142620547060469, 0.034038859952117896]
[0.5237917187770422, 0.0405220533950755]
[0.6351797125838202, 0.05271630867729974]
[0.7060601005614545, 0.060715674427459794]
[0.7377377098622279, 0.058865784694679256]
[0.7452021176223769, 0.04542010629720918]
[0.575210737886129, 0.01655252839124148]
[0.37627577757225383, -0.010211692861780319]
[0.15595682225876603, -0.02925985539113812]
[-0.0767150137768057, -0.042177530973178265]
[-0.30611437452153334, -0.06042381480377433]
[-0.5429681595444417, -0.06558427466213701]
[-0.6737209632093089, -0.07458976434783292]
[-0.7540906712554885, -0.07732364849427753]
[-0.7861866585717207, -0.06852633468536844]
[-0.7890684587682317, -0.04697908773940916]
[-0.6182226337548054, -0.010538299345171774]
[-0.41221652537416587, 0.024981835066141538]
[-0.17816135081698004, 0.05361111314548186]
[0.07362651322745255, 0.07700438311152291]
[0.3232149297725514, 0.10809017928256034]
[0.578189202599134, 0.10754580799467575]
[0.7143857576445839, 0.10561295945565721]
[0.7954136117455541, 0.09547384237998961]
[0.8236151147494208, 0.07419595581540701]
[0.8206161545580231, 0.04200040617839426]
[0.6365432455321605, -0.0020944132073359434]
[0.4279547497596079, -0.044588540824170145]
[0.19856970779940206, -0.08136983444473658]
[-0.04363408240163751, -0.11520901717775053]
[-0.2812172802972709, -0.15831295250685357]
[-0.5475793599785163, -0.15146062964464285]
[-0.701715845857639, -0.13953944988268846]
[-0.7979466014604752, -0.11580692915737202]
[-0.8350219061403062, -0.07954740996990298]
[-0.8359390358519211, -0.031912152910571506]
[-0.6578478494498252, 0.02513953546094984]
[-0.4484870648198563, 0.08167614107805794]
[-0.2138283801592321, 0.13332601226293295]
[0.03449260110912905, 0.18321615783322392]
[0.27515199331898954, 0.24449654891059924]
[0.5465809450429879, 0.22291655541736577]
[0.7073838531091527, 0.18761176351142964]
[0.8095814827478649, 0.13874943086185287]
[0.8486350807854661, 0.08010896300705833]
[0.8484536270633398, 0.014969219993519606]
[0.6617982225038808, -0.05263252146920082]
[0.4509396609063, -0.11843794956696557]
[0.21941489428101682, -0.1800344890702126]
[-0.02116349192891054, -0.241743609947831]
[-0.24862431247081976, -0.3155766041534318]
[-0.5147926422728244, -0.2865546949493105]
[-0.6854465448516989, -0.23718894012631947]
[-0.8015829260236282, -0.16792867069665796]
[-0.8507815338403821, -0.0869352956741393]
[-0.8560941578840043, 5.56086755915508E-4]
[-0.6764182327968065, 0.08699527207725806]
[-0.46482254516558746, 0.1725873557702582]
[-0.22848199791356877, 0.2540338424591165]
[0.0152455466222359, 0.3349386585816012]
[0.23993381219659454, 0.4267944909159501]
[0.5060748161233377, 0.375543070277078]
[0.6839598278200565, 0.293734125213875]
[0.8074847614849254, 0.19170068880227759]
[0.8594661629762215, 0.08324140270316867]
[0.8638259437281958, -0.023861809336248374]
[0.6752673315810699, -0.11992922467790099]
[0.45973546797677206, -0.21352469811108318]
[0.22200223295703073, -0.3029339265197712]
[-0.019183448102328304, -0.39224171870386876]
[-0.23430718750531093, -0.49102092980008555]
[-0.48566145514957926, -0.4344873551833355]
[-0.6648601153903462, -0.34107833909716645]
[-0.7983300185787352, -0.21959815757654338]
[-0.8588343472982662, -0.08902334637207335]
[-0.8679259175619958, 0.04048823217364439]
[-0.6864507742291548, 0.15593778086995713]
[-0.47023435422119353, 0.27033639371556556]
[-0.22870377021999422, 0.3798819271628598]
[0.013184583876165279, 0.4862514167462418]
[0.22384263222757667, 0.597556863166409]
[0.477327602787469, 0.5151481048258554]
[0.6650603430142269, 0.387861403976013]
[0.8053570169665665, 0.23497330628561897]
[0.8672991919753712, 0.08022582034638959]
[0.874395437039661, -0.06435963792935914]
[0.6830324952464164, -0.18431471144084716]
[0.46138846295809915, -0.3020616605029064]
[0.2160997164718677, -0.4148406360059278]
[-0.026394857423043566, -0.5242858482390189]
[-0.2310491943602987, -0.6365574897247089]
[-0.4676887668665831, -0.5533300211014406]
[-0.6510046834832259, -0.42154210868213793]
[-0.796938495580296, -0.2560921539970606]
[-0.8650139821224473, -0.08527319386714971]
[-0.8756858003105056, 0.07686051003873082]
[-0.6917380744486197, 0.2136490673786257]
[-0.47033649882590944, 0.34991966608921854]
[-0.22335646816114263, 0.47998998499586315]
[0.01758553761429743, 0.602264346572103]
[0.21814971027943575, 0.721765462121076]
[0.4609074572517284, 0.6141584613192996]
[0.6540144884796707, 0.45275863796947663]
[0.8054371905253277, 0.26253353266283225]
[0.8734026511784931, 0.07457908425053253]
[0.8815334098094018, -0.09651560215922245]
[0.6874877683789383, -0.23318213795075154]
[0.46059279531063374, -0.36861034826585487]
[0.20939466839484505, -0.49799066034442196]
[-0.033577763854000464, -0.6198095641205894]
[-0.2305714154050567, -0.7375544945771895]
[-0.4578568979882002, -0.6330726415238521]
[-0.6438893795561774, -0.4735435480155876]
[-0.7977278707443163, -0.27784655634350625]
[-0.8697486020513657, -0.08051248310039363]
[-0.8804367749708099, 0.10255299408276197]
[-0.6942034371285319, 0.25327639388031353]
[-0.4685951844327511, 0.40408116674467964]
[-0.21762841923316262, 0.5471389816533805]
[0.022393885053531293, 0.6778921367014109]
[0.21630068574733574, 0.7995302183030799]
[0.45238406489162436, 0.6749974606205986]
[0.6487198351423578, 0.4917615971425048]
[0.8066532282027095, 0.27843435875121536]
[0.8775652102441763, 0.07037234950740208]
[0.8858338415376654, -0.11721771845281079]
[0.689934260338787, -0.26525398060920646]
[0.45944283483862086, -0.41280180962037755]
[0.20459206254911344, -0.5530508462187436]
[-0.03797811673666049, -0.6818932862314887]
[-0.22966429376082612, -0.8013043212256244]
[-0.4525187768172094, -0.6816929290538536]
[-0.6411264962529669, -0.5038003235610189]
[-0.7995877835064285, -0.2896887647578611]
[-0.8730552800138187, -0.07721582797568587]
[-0.8830131137534378, 0.11779298627487195]
[-0.69508876922047, 0.277509250543448]
[-0.46654815307841996, 0.437461283167806]
[-0.21313503993819852, 0.5880968471880926]
[0.02587566010266018, 0.7228564352483292]
[0.21546220595503507, 0.8441971312289405]
[0.44818355753291317, 0.7093565466035725]
[0.6468402022209196, 0.5131451655898281]
[0.8081792732470516, 0.28707804543193804]
[0.8800538850069117, 0.06833587776979433]
[0.8880452854488903, -0.12874635310907795]
[0.6911327379180052, -0.28475943700974776]
[0.45846487378936596, -0.4404670055886346]
[0.20171116911982745, -0.5875312720416181]
[-0.039890911046558536, -0.7201206817731645]
[-0.22784390521453873, -0.8396119534282124]
[-0.44950076507377035, -0.7097081254891221]
[-0.6407822080664404, -0.5199761296016077]
[-0.8017793693339116, -0.2955172571502864]
[-0.8752288178078171, -0.0754569797146467]
[-0.8841869039372747, 0.12575337083701826]
[-0.6951477557444705, 0.2915014668018799]
[-0.4646882804209323, 0.4571788121036674]
[-0.20994055368745734, 0.6120241393174434]
[0.027998998834945943, 0.7483444415580074]
[0.214687189755152, 0.8685571558004697]
[0.4462191582324187, 0.7276322884880353]
[0.646813556381413, 0.5238502316127949]
[0.8096821987433209, 0.2914362927233049]
[0.8813666728408565, 0.06784113141519704]
[0.8888868266059, -0.13435528554861265]
[0.6915634357284572, -0.2962532936205151]
[0.4576704206099117, -0.4575420150438073]
[0.2001220954809514, -0.6088111026612074]
[-0.04021016703477476, -0.7432213253327735]
[-0.22538829034603106, -0.8621326490674119]
[-0.4476888247955636, -0.7252367033871503]
[-0.6416721050157619, -0.5277804173390022]
[-0.8039573926234652, -0.2978967107632009]
[-0.8766136551065074, -0.07473047297621888]
[-0.8845232302802788, 0.129330544464446]
[-0.6948039925803197, 0.2994122065587501]
[-0.4631094503493608, 0.4688138562532464]
[-0.20772625676534795, 0.6259431534894897]
[0.02911734589650375, 0.762556119623416]
[0.21373045691955486, 0.8814071559323513]
[0.4453781135917326, 0.7368134729991462]
[0.6477334108141155, 0.5285042188088468]
[0.8110737986166632, 0.2933575129442162]
[0.881950770986387, 0.06822047227748647]
[0.888910150400796, -0.13650628744445242]
[0.6915441209817521, -0.3030069565446334]
[0.45699162319774483, -0.4682857314367653]
[0.19927949090111755, -0.6221730003922422]
[-0.03965067910019893, -0.7572966417458797]
[-0.22262400620393097, -0.8753344483538776]
[-0.4465264081360225, -0.7335538039243845]
[-0.6431455628827241, -0.5308608921890023]
[-0.8059942825405225, -0.29838822260162123]
[-0.8774828951740159, -0.07460938312108747]
[-0.8843820266279563, 0.13044096107767594]
[-0.6942832701584921, 0.30390175181878065]
[-0.4617863349475388, 0.4759162166051696]
[-0.20618220525045927, 0.6342889765351225]
[0.029561448477509134, 0.7705659086177258]
[0.21256828591958896, 0.8880251510748891]
[0.44508546696692075, 0.7410675997555878]
[0.6491081439286832, 0.5298765170364736]
[0.8123550658609737, 0.29393344408552646]
[0.882122293490796, 0.0690356902972194]
[0.888484098559436, -0.1367418335807735]
[0.6912790038997375, -0.3070512259507191]
[0.456380003643584, -0.47536270285574406]
[0.19883655971697656, -0.6309327516082182]
[-0.0386569267591704, -0.7661406122524779]
[-0.21977181472915228, -0.8831625318043616]
[-0.44573196257530595, -0.7378120605551599]
[-0.6448655632472787, -0.5313677208774754]
[-0.8078605015882434, -0.2978897640889323]
[-0.8780229230818313, -0.07482469640618312]
[-0.883976358551146, 0.13021160104806742]
[-0.6936998720060982, 0.30651527962805214]
[-0.4606690622934775, 0.48054372415422997]
[-0.20508423056565583, 0.6396205807441925]
[0.029566077551891418, 0.7752658388987254]
[0.2112346582834664, 0.8913659382864558]
[0.44504840088465136, 0.7427290198568595]
[0.6506800711893097, 0.5295277847779]
[0.8135477301583487, 0.29378281210186274]
[0.8820782053624829, 0.07003796624810234]
[0.8878333579126518, -0.13595496864967227]
[0.690891655641038, -0.30956702818694204]
[0.45580966795091815, -0.4803356934023888]
[0.19859628406586768, -0.6370421295947569]
[-0.03747791178253651, -0.7719778989566761]
[-0.21695561747975467, -0.8879099946712561]
[-0.4451598612718626, -0.7398145299226504]
[-0.646664050443793, -0.5305132763249022]
[-0.8095635849006113, -0.2968984021507526]
[-0.8783524407753471, -0.07522171952985411]
[-0.8834276933969198, 0.12927221074958617]
[-0.6931080981471034, 0.30811060355517356]
[-0.45971051252250306, 0.4838354558597908]
[-0.20428334621540073, 0.6433469996008959]
[0.02928539913482281, 0.7782328853010676]
[0.2097722874395751, 0.8930206621832114]
[0.4451201529025144, 0.743059656694935]
[0.6523163391854747, 0.528307705298275]
[0.814671086222414, 0.29324739206548645]
[0.8819314488892136, 0.07109565430616696]
[0.887085796290588, -0.1346433463201141]
[0.6904524785479916, -0.3112200613694712]
[0.45526744478623743, -0.4840931852839947]
[0.19845208170537298, -0.6416145190000139]
[-0.03624558742110659, -0.7760757971540271]
[-0.21423726054962855, -0.890878626138344]
[-0.44473296785440813, -0.740569384277759]
[-0.6484600421661721, -0.5289646207995712]
[-0.8111217609940202, -0.29568247589510666]
[-0.8785449923842374, -0.07571445336281694]
[-0.8828043135818562, 0.1279665956105847]
[-0.6925315240856728, 0.30915333517210186]
[-0.458872448181058, 0.48640652005156804]
[-0.20368235811609575, 0.646223818837782]
[0.02881944533400499, 0.7803044383233901]
[0.20821997991970448, 0.8938249160053306]
[0.44522933032460493, 0.742726475367382]
[0.6539491754721345, 0.5266693967151661]
[0.8157374541880944, 0.2925137042281573]
[0.8817426726930735, 0.07214300474421663]
[0.8863102238753175, -0.13307856218275138]
[0.6899994504171778, -0.3123804094243333]
[0.4547463070002991, -0.4871337942214938]
[0.19834775526911802, -0.6452768450526296]
[-0.03502690273483844, -0.7791477801095764]
[-0.2116434324428203, -0.8928009609152403]
[-0.44440907742114055, -0.7406345320664508]
[-0.6502161627114792, -0.5270836778386003]
[-0.8125539896596845, -0.29438413001115205]
[-0.8786461150682483, -0.07625556799168942]
[-0.8821447955801436, 0.12648057256213055]
[-0.6919788586475752, 0.3098932849924137]
[-0.45812556718059927, 0.48858424799169864]
[-0.20321740761458754, 0.6486492213120001]
[0.028234076821092968, 0.7819166199571281]
[0.20661019881510415, 0.8942085962159729]
[0.44534313403398706, 0.7420758703849388]
[0.6555444724159969, 0.5248511052995876]
[0.8167534476046376, 0.29168334072588553]
[0.8815423949570511, 0.07314970442786407]
[0.885541661722343, -0.13140680712673344]
[0.6895519802477569, -0.3132530143795684]
[0.45424223826744337, -0.48973689954474575]
[0.19825438942218465, -0.6483816641146831]
[-0.03385382926651012, -0.7815952416127638]
[-0.20918195874747325, -0.8940896420545972]
[-0.44416379187836924, -0.740317805923863]
[-0.6519162985827425, -0.525064972258134]
[-0.8138768457492273, -0.2930771681300036]
[-0.8786845258258371, -0.07681894235535543]
[-0.8814714160093291, 0.12491425706740034]
[-0.6914521334360695, 0.3104636925966571]
[-0.4574480292262143, 0.4905410852552396]
[-0.20284585321205856, 0.6508300428881991]
[0.027573660239649578, 0.7832923847190758]
[0.20496920750673836, 0.8943880251325347]
[0.44544814353995227, 0.7412845931722141]
[0.657085521432079, 0.5229765492935268]
[0.8177221714461147, 0.29081195040015806]
[0.881344732998107, 0.07410391707359124]
[0.8847966981961011, -0.12970576501331368]
[0.6891193581399494, -0.31395171844881564]
[0.4537528507491043, -0.49206015742096554]
[0.19815772315269106, -0.6511287561013369]
[-0.032739800855255574, -0.7836457486292637]
[-0.2068509066554113, -0.8949791693172167]
[-0.44398174275073354, -0.7397893948900781]
[-0.6535543799303841, -0.5230120872082322]
[-0.8151039860365135, -0.291798776378726]
[-0.8786789068480612, -0.07738999435539486]
[-0.8807975102732949, 0.12332162915173323]
[-0.6909507101265459, 0.31093546061515187]
[-0.45682379549866425, 0.4923671528760637]
[-0.20253870276493258, 0.6528721235687613]
[0.026868755851459036, 0.784543161186389]
[0.20331780583297204, 0.8944688679848745]
[0.4455403132281045, 0.7404408183799223]
[0.6585646379251829, 0.5211089943032815]
[0.8186449522752912, 0.28993035873956424]
[0.8811553289452069, 0.07500311718518009]
[0.8840822729938718, -0.1280159976924623]
[0.688705583756754, -0.31454034148980714]
[0.45327672300248445, -0.4941939023955994]
[0.19805132907715006, -0.6536331314946133]
[-0.031688580997398685, -0.7854303106427563]
[-0.2046435651347251, -0.895604946252248]
[-0.4438521680067082, -0.7391439265893732]
[-0.6551288925737633, -0.5209794084241661]
[-0.8162464663499216, -0.2905666630308039]
[-0.8786418807723764, -0.07796043995858841]
[-0.8801314217772989, 0.1217318614177153]
[-0.6904731117215603, 0.3113463602446621]
[-0.45624116867261244, 0.4941092378633252]
[-0.20227590456312797, 0.6548286520725023]
[0.026140793488842906, 0.7857228829391387]
[0.2016721660666852, 0.8945004285767264]
[0.4456198372861126, 0.7395870581607723]
[0.659978856411668, 0.5192799889145088]
[0.8195224256844523, 0.2890558777989103]
[0.8809757049530623, 0.07584922480378682]
[0.8834004894592313, -0.12635804280273663]
[0.6883119932019204, -0.3150552179536413]
[0.4528130215786521, -0.49619114853755586]
[0.19793290917913575, -0.6559626273682125]
[-0.030699049391036487, -0.7870261107062287]
[-0.20255117138873377, -0.8960469917464484]
[-0.4437667527806607, -0.738434478383051]
[-0.6566402821362894, -0.5189947359894533]
[-0.8173132515917909, -0.2893882487649848]
[-0.878582311343685, -0.07852547604087533]
[-0.8794786012378535, 0.12016073430055868]
[-0.6900177773782119, 0.311716627724984]
[-0.45569162365996696, 0.4957915399432969]
[-0.20204337772771358, 0.6567257546013299]
[0.025404985186821105, 0.7868563838119104]
[0.20004463248613163, 0.8945039560710191]
[0.4456885814898307, 0.7387426392712075]
[0.661327714815847, 0.517504504752032]
[0.8203551304510811, 0.28819833993380295]
[0.8808055579288181, 0.07664606557616155]
[0.8827511587219907, -0.12474166980767057]
[0.6879386317712236, -0.31551750331498823]
[0.45236125251232573, -0.4980840620105668]
[0.19780226629746234, -0.658158607364012]
[-0.029767793247747365, -0.7884800601344331]
[-0.2005644019953839, -0.8963540678311661]
[-0.44371861548903907, -0.7376911643267866]
[-0.6580897811314296, -0.5170714954975714]
[-0.8183116933269181, -0.28826557455456836]
[-0.8785066407441496, -0.0790822646694205]
[-0.8788427272365499, 0.11861673190077304]
[-0.6895833168956303, 0.3120572476209875]
[-0.45516891864524367, 0.4974266271174493]
[-0.20183110571116547, 0.658575915525032]
[0.02467219521736308, 0.7879541635368106]
[0.1984444361415843, 0.8944872233373805]
[0.4457488521747921, 0.7379153607722911]
[0.6626121069460496, 0.5157888695412496]
[0.821143787719715, 0.2873633262137918]
[0.8806439152584558, 0.0773980742484966]
[0.8821330984498232, -0.1231708764326766]
[0.6875849458660062, -0.3159398898106105]
[0.45192109210550063, -0.4998930091942314]
[0.19766019170205945, -0.6602473709785789]
[-0.028890503137569024, -0.789821806180307]
[-0.1986741706092528, -0.8965570362731073]
[-0.44370184760139836, -0.7369313049003401]
[-0.6594789127202094, -0.5152153325433453]
[-0.8192479155149333, -0.2871979153908275]
[-0.8784196817835783, -0.0796291097092838]
[-0.8782263173977058, 0.11710430226219182]
[-0.6891685527636382, 0.31237433242834495]
[-0.4546684419507821, 0.49902117577619953]
[-0.20163189050414176, 0.6603849445773687]
[0.02395017731449306, 0.7890199689498141]
[0.19687830778201013, 0.8944519176563043]
[0.44580284784762736, 0.7371074730371043]
[0.6638336795993566, 0.5141349093722201]
[0.8218893993493617, 0.2865539117104891]
[0.8804896823987365, 0.07810965750924019]
[0.8815447689953628, -0.121646583614713]
[0.6872501196389271, -0.316330280695131]
[0.45149227631186223, -0.5016315480058364]
[0.19750786277731713, -0.662246474986635]
[-0.028062708226692268, -0.791070958189081]
[-0.19687202728703823, -0.8966763033984703]
[-0.443711304526564, -0.7361650137577183]
[-0.6608093013707415, -0.5134276815167633]
[-0.8201271078616216, -0.2861831679001131]
[-0.8783251025144856, -0.08016500076320603]
[-0.8776310765900577, 0.11562561101141614]
[-0.6887724857233709, 0.3126714277640357]
[-0.45418674320274816, 0.5005789483375607]
[-0.2014405248214682, 0.6621555439477104]
[0.023244416180966898, 0.7900546168167611]
[0.19535098876104187, 0.8943973012931372]
[0.4458524491189584, 0.7363186994519992]
[0.6649945073899405, 0.5125421081852757]
[0.8225932517455928, 0.28577162758680774]
[0.8803418767740626, 0.07878490302401567]
[0.880984567315457, -0.12016809000973211]
[0.6869332328520795, -0.316693811874852]
[0.45107453472324527, -0.5033092037595854]
[0.1973465281869731, -0.6641682684965481]
[-0.027280143205607177, -0.7922411420232834]
[-0.1951503269740687, -0.896726014448888]
[-0.4437425006716174, -0.7353982871038874]
[-0.6620826131618496, -0.5117077042520245]
[-0.8209537433799909, -0.2852185833462346]
[-0.878225735682969, -0.0806893528068477]
[-0.8770581088704765, 0.1141814950595427]
[-0.6883942431341166, 0.31295071934881047]
[-0.453721201739116, 0.5021023158714901]
[-0.20125323276706464, 0.6638890966228466]
[0.0225587145527798, 0.7910578676096137]
[0.19386564903689218, 0.8943219571895017]
[0.44589916898433113, 0.7355477313212239]
[0.6660969100475249, 0.5110087346981509]
[0.8232568761196135, 0.2850170080955665]
[0.8801997065603152, 0.0794274674432146]
[0.8804509499124976, -0.11873385837430864]
[0.6866333320043891, -0.31703397447238646]
[0.45066755687534393, -0.5049330321853837]
[0.19717735516889465, -0.6660218969905578]
[-0.02653891036678424, -0.7933423072870591]
[-0.19350226607884363, -0.8967164516767908]
[-0.4437915422448589, -0.7346347277593565]
[-0.6633005445126056, -0.5100533486816868]
[-0.8217317385528017, -0.28430115145353496]
[-0.878123786184229, -0.0812018513819826]
[-0.8765080572922044, 0.11277199083471287]
[-0.6880330327273176, 0.31321366090440356]
[-0.4532697938477934, 0.5035930197223134]
[-0.20106728518220965, 0.6655865327763555]
[0.02189561254985467, 0.7920293004295094]
[0.19242422531012937, 0.8942245665756399]
[0.44594417354200233, 0.7347929431390582]
[0.6671433439634586, 0.5095324334538989]
[0.8238819932827008, 0.28428991538314674]
[0.8800625774725852, 0.08004055443172597]
[0.8799424740400026, -0.1173419418424907]
[0.6863494610683345, -0.3173532465632311]
[0.4502709802685513, -0.506508514957882]
[0.19700136698185824, -0.6678144596764438]
[-0.025835529862717976, -0.7943820649815841]
[-0.19192184693706016, -0.8966554315959966]
[-0.4438550708869718, -0.7338765187286037]
[-0.6644648245328499, -0.5084619308082473]
[-0.8224645715202629, -0.2834277983278328]
[-0.8780209769875871, -0.08170235606693267]
[-0.8759812036946638, 0.11139663507519187]
[-0.6876881079424986, 0.31346129821412283]
[-0.4528309295594241, 0.5050525390733296]
[-0.20088073004200582, 0.6672487247484881]
[0.021256693909974977, 0.7929686850242821]
[0.19102769286255636, 0.8941042085082277]
[0.44598832908479447, 0.7340527157734207]
[0.6681363336110149, 0.5081105383512934]
[0.8244704574007786, 0.2835897430836825]
[0.8799300698104344, 0.08062693567455528]
[0.8794578024436794, -0.11599021576186153]
[0.6860806743171546, -0.31765345534391587]
[0.44988439169514477, -0.5080400847408877]
[0.1968194287963167, -0.66955169394426]
[-0.025166931521654223, -0.795366481278559]
[-0.19040380645426877, -0.8965491380763092]
[-0.44393020927096255, -0.7331249810655509]
[-0.665577217694814, -0.5069304572303903]
[-0.8231553699576877, -0.2825954858162583]
[-0.8779186561662188, -0.08219083730867893]
[-0.8754775445689535, 0.11005464284710967]
[-0.6873587445127775, 0.3136944348424142]
[-0.45240333769446217, 0.5064822575519176]
[-0.20069219963876683, 0.6688766460666893]
[0.02064281418007008, 0.793876107688886]
[0.1896762834234948, 0.8939604322746179]
[0.44603225491183296, 0.7333255668550773]
[0.6690784254277883, 0.5067402424289302]
[0.8250242053600942, 0.2829155517062299]
[0.8798019063772593, 0.08118899023028527]
[0.87899569384846, -0.11467650422682632]
[0.6858260416920912, -0.3179359899055876]
[0.4495073357518651, -0.5095314420562166]
[0.19663225792631103, -0.6712383920125233]
[-0.024530418739090953, -0.7963005616957708]
[-0.18894353060969044, -0.8964026325522405]
[-0.4440145072154058, -0.7323808991859478]
[-0.6666395229065657, -0.5054558056064314]
[-0.8238069770635887, -0.2818012590398422]
[-0.8778178780015252, -0.08266733331457415]
[-0.8749968512259472, 0.10874501816969698]
[-0.6870442259285579, 0.31391371612919483]
[-0.451985984160226, 0.5078835298249553]
[-0.2005007698295163, 0.6704714164760996]
[0.020054273797045996, 0.794751982489826]
[0.18836965950788226, 0.893793229221079]
[0.446076372885349, 0.732610189687062]
[0.669972155198246, 0.5054186928527614]
[0.8255452141931514, 0.2822661638539633]
[0.8796779206956418, 0.0817287495860986]
[0.8785549895731299, -0.11339864933734056]
[0.6855846513047741, -0.31820193014116016]
[0.44913932641942195, -0.5109857531927402]
[0.19644044468762537, -0.6728786630882233]
[-0.023923621595381805, -0.7971885556756159]
[-0.18753696731954483, -0.8962201758750508]
[-0.44410588931755873, -0.7316447144777551]
[-0.6676535687742441, -0.5040348267572291]
[-0.8244220016202601, -0.2810422670787069]
[-0.8777194658815362, -0.0831319197222094]
[-0.8745387186905043, 0.10746662666345766]
[-0.6867438352223649, 0.3141196715919008]
[-0.4515780131592549, 0.5092577004447646]
[-0.20030585525260244, 0.6720342953324998]
[0.019490951316900818, 0.7955970139304722]
[0.18710705375346293, 0.8936029663378954]
[0.446120950416584, 0.7319054513452851]
[0.6708200241768469, 0.5041430465017736]
[0.8260354668750964, 0.28164023435321817]
[0.8795580293098534, 0.08224794215615384]
[0.8781346007410944, -0.1121545491208758]
[0.6853556109379142, -0.3184521277361741]
[0.4487798591485588, -0.5124057786203795]
[0.19624447631898653, -0.6744761043062721]
[-0.02334444849916062, -0.7980341545286761]
[-0.18618054441365622, -0.8960054377493463]
[-0.44420260549887974, -0.7309166432212428]
[-0.6686212060311603, -0.5026644031655055]
[-0.825002856333811, -0.2803157701130633]
[-0.8776240618251095, -0.08358468789849956]
[-0.8741026059168054, 0.10621824596571475]
[-0.686456850965423, 0.31431273659663944]
[-0.45117870428139384, 0.5106061015877484]
[-0.20010712993153743, 0.6735666545715494]
[0.018952407144975925, 0.7964121433956957]
[0.18588738009834227, 0.8933903111230982]
[0.4461661361929976, 0.7312103747000505]
[0.671624481292542, 0.5029105042736643]
[0.8264969258077678, 0.2810363036385425]
[0.8794422092459766, 0.08274803435107131]
[0.8777334977003187, -0.11094217817228573]
[0.6851380492013877, -0.31868725914241836]
[0.44842842200529487, -0.5137939596703646]
[0.19604476002334992, -0.6760339162664795]
[-0.022791041071974494, -0.7988406243149149]
[-0.184871095952802, -0.8957616373050395]
[-0.4443031855157659, -0.7301967502612711]
[-0.6695442982790809, -0.5013414829549886]
[-0.8255517874417573, -0.2796191400465854]
[-0.8775321658344835, -0.08402572936853626]
[-0.8736878690261609, 0.10499860245810524]
[-0.6861825459283826, 0.3144932640168467]
[-0.45078744073170496, 0.5119300429316395]
[-0.19990446621380548, 0.6750699463406198]
[0.018437964950746455, 0.7971984944449972]
[0.18470932225815606, 0.8931561607439489]
[0.4462119890944012, 0.730524115964178]
[0.6723879098417875, 0.5017183333968199]
[0.8269315129268187, 0.2804528392277824]
[0.8793304804700688, 0.08323026711892324]
[0.8773507019583343, -0.10975959866237694]
[0.6849311165117059, -0.31890786168686514]
[0.4480845051699883, -0.5151524793217046]
[0.19584164328320464, -0.6775549838238145]
[-0.022261734355469187, -0.7996108978099147]
[-0.1836057980165624, -0.8954916402707548]
[-0.44440639800477233, -0.729484996309395]
[-0.6704247120003997, -0.5000630999008822]
[-0.8260708977374789, -0.27894985826447366]
[-0.8774441673212079, -0.08445512476530279]
[-0.8732937888065947, 0.10380639905012454]
[-0.6859201873453019, 0.31466153128743957]
[-0.45040368548366466, 0.5132307999774074]
[-0.1996978872598804, 0.6765456721329206]
[0.017946775877701826, 0.7979573233455747]
[0.18357140386689938, 0.892901580413236]
[0.4462585011654075, 0.7298459428514582]
[0.6731126176359341, 0.5005638825463854]
[0.8273410952953898, 0.27988826826674107]
[0.8792228926984142, 0.08369568776354937]
[0.8769852803954887, -0.10860496590601404]
[0.6847339858938762, -0.319114359173405]
[0.44774760854899553, -0.5164833063289255]
[0.1956354307855988, -0.6790419343245326]
[-0.02175502295284476, -0.8003476399161212]
[-0.18238211390227738, -0.895198027986481]
[-0.44451121421951434, -0.7287812691922929]
[-0.671264306538962, -0.4988263853499416]
[-0.8265621645816443, -0.278305512369185]
[-0.8773603702561741, -0.0848729361929695]
[-0.8729195934471986, 0.10264033674579205]
[-0.685669038085877, 0.31481774550428776]
[-0.45002696317062374, 0.5145096035796557]
[-0.19948752976418763, 0.6779953561316918]
[0.017477869281098013, 0.7986899769952882]
[0.18247204378813753, 0.892627752075119]
[0.4463056156011876, 0.7291752152747965]
[0.6738008298769749, 0.49944459229786575]
[0.8277274751206858, 0.279341003119525]
[0.8791195157840473, 0.0841451772860451]
[0.8766363413407119, -0.1074765308048253]
[0.6845458535678439, -0.31930708068348884]
[0.44741724752830925, -0.5177882282228471]
[0.1954263979294899, -0.6804971806903324]
[-0.021269532936594393, -0.8010532952967496]
[-0.1811977480522821, -0.8948831476137528]
[-0.44461677632852337, -0.7280854050991252]
[-0.672064924513821, -0.49762857535105703]
[-0.8270274540659455, -0.2776837927736431]
[-0.8772810133017168, -0.08527920219702127]
[-0.8725644773032626, 0.1014991316386969]
[-0.6854283582956189, 0.3149620478041308]
[-0.44965684620607665, 0.5157676316849369]
[-0.1992736145488382, 0.6794205234711856]
[0.017030192791107346, 0.799397858408711]
[0.18140959943165708, 0.8923359328181959]
[0.44635324065035276, 0.7285113690534741]
[0.67445468421813, 0.49835800231562055]
[0.8280923832606035, 0.278809461414286]
[0.8790204329339044, 0.08457947368729257]
[0.876303032078572, -0.10637264045806502]
[0.6843659392921333, -0.319486274798214]
[0.4470929570418861, -0.5190688766062448]
[0.19521480120545598, -0.6819229539914247]
[-0.02080399897764168, -0.8017301237639292]
[-0.1800506077461323, -0.894549149454471]
[-0.4447223699699265, -0.72739720344308]
[-0.6728283829507625, -0.4964670148655484]
[-0.8274685322067861, -0.2770824895269093]
[-0.8772062859081342, -0.085673934728665]
[-0.8722276163546567, 0.10038152838961888]
[-0.6851974072324967, 0.3150945175490478]
[-0.44929294407236325, 0.5170060034351983]
[-0.19905642330873605, 0.6808226832101081]
[0.01660264384746446, 0.8000823990990115]
[0.18038240038009815, 0.8920274218052966]
[0.44640126023197024, 0.7278539024748338]
[0.6750762275832961, 0.49730175610382593]
[0.8284374754322938, 0.2782920816132479]
[0.8789257361036964, 0.08499919173105139]
[0.875984537406155, -0.10529173767567393]
[0.6841934864590828, -0.31965212062085674]
[0.4467742941910264, -0.5203267469386472]
[0.19500088587221845, -0.6833213285206847]
[-0.020357246003583795, -0.8023802270201249]
[-0.1789387715139331, -0.8941980152210263]
[-0.4448274006715207, -0.7267164375375886]
[-0.6735564652885959, -0.49533916012553914]
[-0.8278870738379733, -0.2764994894904977]
[-0.8771363411534557, -0.08605711762641412]
[-0.8719081809110394, 0.09928631090830037]
[-0.6849754451367942, 0.31521517649434655]
[-0.44893489501753203, 0.5182257754231345]
[-0.19883628022010688, 0.6822033154489088]
[0.016194094384549274, 0.8007450374026749]
[0.1793887742062482, 0.8917035343733124]
[0.446449541944178, 0.7272023653313381]
[0.6756674144016783, 0.49627360385830266]
[0.8287643304726211, 0.2777873349536104]
[0.8788355230265537, 0.0854048396625046]
[0.8756800789274503, -0.10423235981864797]
[0.6840277619557236, -0.31980473648888674]
[0.4464608396675247, -0.5215632142712522]
[0.19478489138750882, -0.6846942413933366]
[-0.019928174672354748, -0.8030055691692844]
[-0.1778604632569552, -0.8938315798264818]
[-0.44493137371579744, -0.7260428624527582]
[-0.6742509143304716, -0.49424257975817265]
[-0.8282846697172064, -0.275932773860397]
[-0.877071305949365, -0.08642870623862434]
[-0.871605346025526, 0.09821231076523233]
[-0.6847617350387517, 0.31532399296130365]
[-0.44858235960351495, 0.519427939751656]
[-0.1986135374268816, 0.6835638619235616]
[0.015803410000802376, 0.8013872017666822]
[0.1784270660192176, 0.8913655820344291]
[0.44649794302750817, 0.7265563500114289]
[0.6762301059756314, 0.49527140380547485]
[0.8290744501233794, 0.2772937344480702]
[0.8787498954358836, 0.0857968333408209]
[0.8753889148410309, -0.10319313721948242]
[0.6838680558180381, -0.31994418697214655]
[0.4461521982232791, -0.5227795459408621]
[0.19456705503092492, -0.6860435080780783]
[-0.019515749990988873, -0.8036079926679441]
[-0.17681403114735875, -0.8934515484566776]
[-0.4450338770359414, -0.7253762209161779]
[-0.6749134261533982, -0.49317495503877795]
[-0.8286628322449987, -0.275380415977757]
[-0.8770112891138457, -0.08678862788933943]
[-0.8713183000003979, 0.09715841373729557]
[-0.6845555444504287, 0.3154208859732852]
[-0.44823501568949925, 0.5206134235284947]
[-0.19838856363647492, 0.6849057194312753]
[0.01542946468415024, 0.8020102981002103]
[0.17749565299832148, 0.8910148572670733]
[0.4465463147437872, 0.7259154842552162]
[0.6767660707484886, 0.49429312232847533]
[0.8293692599194964, 0.27680984151318255]
[0.8786689581347571, 0.0861755081950292]
[0.8751103400362028, -0.10217279133781931]
[0.6837136807141163, -0.320070488573528]
[0.4458479984057152, -0.5239769119427817]
[0.19434761411139165, -0.6873708348644062]
[-0.0191189924821199, -0.8041892309002298]
[-0.17579793048779105, -0.8930595101601606]
[-0.44513456675523, -0.7247162478159396]
[-0.6755456449527639, -0.49213407949200544]
[-0.8290230001058944, -0.27484057935602346]
[-0.8769563877137306, -0.08713678295279012]
[-0.8710462513024531, 0.0961235648094957]
[-0.68435614691403, 0.31550572929679455]
[-0.4478925545341017, 0.5217830894562329]
[-0.198161735216919, 0.6862302355157315]
[0.015071151961004614, 0.802615700413039]
[0.17659295494395036, 0.8906526221580104]
[0.4465945055433079, 0.7252794252435424]
[0.6772769852789442, 0.4933368331256075]
[0.8296501108466989, 0.27633427069691807]
[0.8785928186413148, 0.08654112936008734]
[0.8748436863612856, -0.10117013275005464]
[0.6835639712946799, -0.32018361443308274]
[0.44554789174954024, -0.5251563935109272]
[0.19412680709757085, -0.6886778290014063]
[-0.018736971383366774, -0.8047509182334445]
[-0.17481070982509603, -0.8926569488393258]
[-0.44523315501788885, -0.7240626736733754]
[-0.6761491587761335, -0.49111785797849006]
[-0.8293665420731036, -0.2743115158551937]
[-0.8769066920021868, -0.0874730463529939]
[-0.8707884341502767, 0.09510677189661679]
[-0.6841628233947799, 0.31557835533294315]
[-0.4475546777724203, 0.5229377372262292]
[-0.19793342930901475, 0.6875387059256416]
[0.014727393174403358, 0.8032047440869159]
[0.17571744168535994, 0.8902801001191513]
[0.44664236331854434, 0.7246478547489958]
[0.6777644357617141, 0.492400715606759]
[0.8299182815080131, 0.2758656928964321]
[0.8785215872029328, 0.08689390029962141]
[0.8745883229659162, -0.10018405903810675]
[0.6834182834491649, -0.32028349825953184]
[0.4452515515855938, -0.5263189903011756]
[0.19390487395456535, -0.6899660070558129]
[-0.01836879944619113, -0.805294598183931]
[-0.1738509997205001, -0.892245252283647]
[-0.4453293997980392, -0.7234152273329556]
[-0.6767254960873281, -0.4901243053588753]
[-0.8296947601641421, -0.27379156394484516]
[-0.8768622892133253, -0.08779726934662083]
[-0.8705441129898264, 0.09410710850407117]
[-0.6839748635164512, 0.3156385588170692]
[-0.4472210950781214, 0.5240781054766671]
[-0.19770401856167244, 0.6888323734445503]
[0.01439714346636578, 0.8037787212399939]
[0.17486763802869368, 0.889898470044111]
[0.4466897369807946, 0.7240204751311758]
[0.6782299199621281, 0.49148305270148196]
[0.8301749805979677, 0.27540283738946875]
[0.8784553770226846, 0.08723397017567439]
[0.8743436566485264, -0.0992135526219323]
[0.6832759935030339, -0.32037003765991073]
[0.4449586715992248, -0.5274656264798189]
[0.1936820559188874, -0.6912368019028455]
[-0.018013628975887097, -0.8058217301612092]
[-0.17291750367662448, -0.8918257197152121]
[-0.44542309641116024, -0.7227736380399223]
[-0.6772761230946307, -0.4891515448014833]
[-0.830008892292974, -0.2732791470110887]
[-0.8768232664253994, -0.08810928148118302]
[-0.8703125860367944, 0.09312371551169434]
[-0.6837915666439798, 0.3156861002985448]
[-0.44689152236184976, 0.5252048741233561]
[-0.19747386717322804, 0.6901124277650617]
[0.014079395933453365, 0.8043388777431182]
[0.17404212679912978, 0.8895088623886206]
[0.4467364775452347, 0.7233970060033843]
[0.6786748494559423, 0.4905822282252322]
[0.8304213495315745, 0.27494449294559886]
[0.878394304581982, 0.08756144018491083]
[0.8741091321620927, -0.09825767856706243]
[0.6831364973882563, -0.3204430969998413]
[0.4446689642449823, -0.5285971559497706]
[0.1934585948978434, -0.6924915686645158]
[-0.01767064882075936, -0.8063336951405752]
[-0.17200899080760595, -0.8913995681943373]
[-0.44551407048756797, -0.7221376370264704]
[-0.6778024417738375, -0.48819780578581484]
[-0.8303101145311681, -0.27277277167599845]
[-0.8767897126632715, -0.08840889264810882]
[-0.8700931880331788, 0.0921558022349102]
[-0.6836122428218274, 0.3157207093863848]
[-0.44656568038925176, 0.526318666914247]
[-0.19724332798135133, 0.6913800061451394]
[0.013773184337688316, 0.8048864115297817]
[0.17323955042409855, 0.8891123567571881]
[0.44678243886840735, 0.7227771814341564]
[0.6791005520857465, 0.48969672392632213]
[0.8306584651139464, 0.27448950823515045]
[0.8783384899750608, 0.08787636904522524]
[0.8738842324474789, -0.09731558238942882]
[0.6829992098146651, -0.32050250989875567]
[0.4443821591019637, -0.5297143668952683]
[0.1932347326399149, -0.6937315898360095]
[-0.017339082075731316, -0.8068318005270251]
[-0.1711242899124872, -0.8909679381438281]
[-0.44560217219902276, -0.7215069586946813]
[-0.678305788516504, -0.4872614218462426]
[-0.8305995430645747, -0.27227102610997095]
[-0.8767617203778939, -0.08869589517235418]
[-0.8698852923400023, 0.09120264689301236]
[-0.6834362135795427, 0.31574208775796225]
[-0.44624329372698623, 0.5274200540942974]
[-0.19701274039245012, 0.6926361946378533]
[0.013477584683671384, 0.8054224719101696]
[0.1724586114164287, 0.8887099806587136]
[0.4468274781486436, 0.7221607475757069]
[0.6795082745622283, 0.4888251163150402]
[0.8308873421672349, 0.2740367917129165]
[0.87828805719557, 0.0881787777862305]
[0.8736684787753151, -0.09638648787332502]
[0.6828635634654268, -0.3205480814430989]
[0.4440980012348229, -0.5308179857860653]
[0.19301070978913, -0.6949580797842139]
[-0.017018184314009532, -0.8073172844076322]
[-0.17026228467451326, -0.8905318981845802]
[-0.44568727155740273, -0.7208813414627733]
[-0.6787874333351145, -0.48634082809572377]
[-0.8308782359116755, -0.2717725783273517]
[-0.8767393864141093, -0.0889700658977784]
[-0.8696883124673016, 0.09026359659328549]
[-0.6832628126178447, 0.31574991193757124]
[-0.4459240899450255, 0.5285095550965534]
[-0.19678242898075934, 0.6938820297299834]
[0.013191715914165847, 0.805948159655838]
[0.17169807204392862, 0.8883027091589867]
[0.44687145627307023, 0.7215474606339399]
[0.6798991851529209, 0.48796607335785086]
[0.8311089360561468, 0.2735853111195934]
[0.8782431343346422, 0.08846865397131523]
[0.8734614307856738, -0.09546969491350742]
[0.682729008235698, -0.32057959018426085]
[0.44381624960928645, -0.5319086809514523]
[0.1927867649085404, -0.6961721887589961]
[-0.01670724220070463, -0.8077913193397317]
[-0.1694219097612553, -0.8900924494262907]
[-0.4457692546287556, -0.7202605283267929]
[-0.6792485795596268, -0.48543455856655227]
[-0.8311471944538793, -0.27127617446352903]
[-0.8767228125568084, -0.08923116824142323]
[-0.8695017031254635, 0.08933806692161034]
[-0.6830913863897896, 0.31574383585892124]
[-0.44560779901941105, 0.5295876411989553]
[-0.1965527026192848, 0.6951185002606071]
[0.012914739928229946, 0.8064645276672515]
[0.1709567534126562, 0.8878914652109648]
[0.4469142380734577, 0.7209370851124525]
[0.6802743764130148, 0.48711835110360197]
[0.8313241450723977, 0.2731340927154735]
[0.8782038536642984, 0.08874595545724549]
[0.8732626864204444, -0.09456457738866168]
[0.682595010529619, -0.320596789975402]
[0.44353667559751847, -0.5329870658105219]
[0.1925631335349341, -0.6973750065240715]
[-0.01640557237552709, -0.8082550157841649]
[-0.16860214764384576, -0.889650529320357]
[-0.4458480205270627, -0.7196442671800397]
[-0.6796903639632824, -0.4845412434029931]
[-0.8314073648156945, -0.2707806370375618]
[-0.8767121057283858, -0.08947895420060625]
[-0.8693249608679436, 0.08842554121466772]
[-0.6829212945922919, 0.31572349323107474]
[-0.4452941528922696, 0.5306547381050937]
[-0.19632385403089972, 0.6963465495194339]
[0.012645861086475474, 0.806972582073328]
[0.17023353414285175, 0.8874771204865588]
[0.44695569253629286, 0.7203293922769242]
[0.6806348679228553, 0.48628079029486504]
[0.8315338126534322, 0.27268222033734324]
[0.8781703515910225, 0.08901061377912406]
[0.873071881747081, -0.0936705810703654]
[0.6824610526273933, -0.32059941169156064]
[0.44325906159777456, -0.5340537018264419]
[0.1923400473084058, -0.6985675656880516]
[-0.016112520518674844, -0.8087094252637337]
[-0.16780202598927152, -0.8892070151545244]
[-0.445923479070274, -0.7190323109257172]
[-0.6801138572596862, -0.48365960593869384]
[-0.8316596391232687, -0.2702848632085586]
[-0.876707377896732, -0.08971316630504447]
[-0.8691576243838163, 0.0875255695754162]
[-0.6827519105835897, 0.3156884997311852]
[-0.4449828851559734, 0.5317112284218934]
[-0.19609615966917113, 0.697567077447517]
[0.012384325335660251, 0.8074732836420132]
[0.1695273487772666, 0.8870604965684392]
[0.44699569299922853, 0.7197241587974278]
[0.6809816090050471, 0.48545231300592373]
[0.8317387294221769, 0.2722288343501335]
[0.8781427684724761, 0.08926253723340077]
[0.8728886906747578, -0.09278722156911759]
[0.6823266321312185, -0.3205871648698466]
[0.4429831997839184, -0.5351091012378703]
[0.1921177332054737, -0.6997508447957581]
[-0.015827460535923377, -0.809155543304646]
[-0.16702061550890476, -0.8887627272481431]
[-0.44599554899687643, -0.7184244174135409]
[-0.6805200649175218, -0.4827884596897579]
[-0.8319048566626024, -0.2697878230367276]
[-0.87670874574201, -0.08993353951244559]
[-0.8689992744889966, 0.08663776768190934]
[-0.6825826217422257, 0.3156384550499032]
[-0.44467373083628936, 0.5327574540185492]
[-0.19586987985580392, 0.6987809428810194]
[0.012129419058426294, 0.8079675494049235]
[0.16883718602996536, 0.8866423663885572]
[0.4470341173557926, 0.7191211655351157]
[0.681315481400949, 0.48463191933920347]
[0.8319396350432461, 0.27177313054902136]
[0.8781212482962497, 0.08950161371915193]
[0.872712824565268, -0.09191408231674006]
[0.6821912614963543, -0.3205597393006188]
[0.4427088909934273, -0.5361537296092638]
[0.19189641289273926, -0.7009257712239382]
[-0.015549793816359292, -0.8095943122016672]
[-0.166257028170208, -0.8883184318913837]
[-0.44606415665481813, -0.7178203492275457]
[-0.680909928243927, -0.4819267052921842]
[-0.8321438049534196, -0.2692885577614803]
[-0.8767163301216856, -0.09013980305059036]
[-0.8688495338569313, 0.0857618154294955]
[-0.6824128297828338, 0.31557294481681064]
[-0.4443664262556757, 0.5337937182597523]
[-0.19564525911567382, 0.6999889657929298]
[0.011880467732470701, 0.8084562544184727]
[0.16816208695814605, 0.886223455822972]
[0.4470708482823293, 0.7185201964469627]
[0.6816373018919625, 0.48381868420385293]
[0.8321372198975041, 0.2713143590546742]
[0.8781059382238297, 0.08972771338742014]
[0.8725440317416264, -0.09105081258256861]
[0.682054467651554, -0.32051680659601417]
[0.44243594375710577, -0.5371880082329735]
[0.19167630220895848, -0.7020932239131221]
[-0.015278948530020375, -0.8100266236346911]
[-0.16551041569775693, -0.887874844060148]
[-0.4461292350862929, -0.7172198733497352]
[-0.6812843256921872, -0.4810733274099995]
[-0.8323772207507493, -0.26878617810946276]
[-0.8767302553661889, -0.09033168221215483]
[-0.8687080665227632, 0.08489745543774962]
[-0.682241951043472, 0.31549154243386546]
[-0.44406070896279265, 0.5348202881127557]
[-0.1954225266618028, 0.7011919294986525]
[0.011636834466005663, 0.8089402335993633]
[0.16750114311914283, 0.885804445371139]
[0.44710577349514824, 0.7179210375881221]
[0.681947824855637, 0.48301175419356845]
[0.8323321265816117, 0.2708518232338401]
[0.8780969880058518, 0.08994069113993114]
[0.8723820968973953, -0.09019712551906273]
[0.681915791711422, -0.3204580217586354]
[0.4421641734696196, -0.5382123164091468]
[0.19145761077644502, -0.7032540359577425]
[-0.015014378943527473, -0.8104533211545679]
[-0.1647799683052304, -0.8874326299297974]
[-0.44619072344207744, -0.7166227607221854]
[-0.6816440743541404, -0.48022739163789147]
[-0.8326057909836108, -0.26827986264510895]
[-0.8767506484320817, -0.0905089001106993]
[-0.8685745771893174, 0.08404449144597556]
[-0.6820694167585748, 0.31539381084482687]
[-0.4437563177181386, 0.5358373961326254]
[-0.1952018969918337, 0.7023905827999728]
[0.011397918462258905, 0.8094202835848228]
[0.1668534947585132, 0.8853859718629971]
[0.44713878604131646, 0.7173234761963833]
[0.6822477447503248, 0.4822103445754006]
[0.8325249512425668, 0.2703848786689409]
[0.8780945492767347, 0.09014038901139577]
[0.8722268404095177, -0.08935279623092983]
[0.6817747887819574, -0.32038302477050795]
[0.44189340169695884, -0.5392269936242177]
[0.1912405417375462, -0.7044089970692595]
[-0.01475556474011619, -0.8108752025486919]
[-0.16406491361235737, -0.8869924092045216]
[-0.4462485666678352, -0.7160287857285801]
[-0.6819899316022251, -0.4793880414194778]
[-0.8328301536382678, -0.2677688561754109]
[-0.8767776379350254, -0.09067117940753588]
[-0.8684488103582765, 0.08320278661462996]
[-0.6818946733306528, 0.3152793042681212]
[-0.44345299252862375, 0.5368452423334612]
[-0.19498357056494303, 0.703585642048377]
[0.011163153454393393, 0.8098971645778392]
[0.16621832906222617, 0.8849686301494206]
[0.44716978462317114, 0.7167272998472238]
[0.682537698525141, 0.4814137363968557]
[0.8327162447595367, 0.2699129321934052]
[0.8780987747379194, 0.09032663846379019]
[0.8720781175569079, -0.08851765986041427]
[0.6816310278594406, -0.32029144222026357]
[0.44162345561475747, -0.5402323416447301]
[0.19102529160817464, -0.7055588559213857]
[-0.014502010336852444, -0.8112930220913664]
[-0.16336451571069027, -0.886554757274567]
[-0.446302715412461, -0.7154377256147573]
[-0.6823225968505933, -0.4785544949996119]
[-0.8330508985924956, -0.2672524682192534]
[-0.8768113530814181, -0.09081824401983582]
[-0.8683305493058175, 0.08237226174437785]
[-0.6817171826129182, 0.31514756991965504]
[-0.44315047472615604, 0.5378439959557442]
[-0.19476773453408533, 0.7047777931136797]
[0.01093200614313622, 0.8103716021456538]
[0.1655948784958694, 0.8845529747417037]
[0.4471986739542606, 0.7161322956714173]
[0.682818267954485, 0.48062127371515095]
[0.8329065137869147, 0.2694354410038847]
[0.8781098172397392, 0.09049926261615246]
[0.8719358176464684, -0.08769160968006698]
[0.6814840918220795, -0.32018288898483105]
[0.44135416757002977, -0.5412286265402445]
[0.1908120502378077, -0.7067043223822438]
[-0.014253244196513581, -0.8117074926800399]
[-0.16267807434981507, -0.8861202072103488]
[-0.4463531261151733, -0.7148493598666795]
[-0.6826427134089865, -0.47772604242635497]
[-0.8332685684067136, -0.26673007154995304]
[-0.8768519225147656, -0.09094982082038588]
[-0.8682196149183594, 0.08155289341964017]
[-0.6815364222138844, 0.3149981497508643]
[-0.4428485070869628, 0.5388337971415088]
[-0.19455456351320363, 0.7059676932475355]
[0.01070397466206019, 0.8108442889460437]
[0.16498241924579732, 0.8841395213738712]
[0.4472253651426427, 0.7155382496300033]
[0.683089981898325, 0.47983236094958903]
[0.8330962216734459, 0.26895191185589334]
[0.8781278287721938, 0.09065807842936037]
[0.8717998630474768, -0.0868745951831016]
[0.6813335775130764, -0.32005696998049726]
[0.44108537475794873, -0.5422160806467957]
[0.1906010008636632, -0.7078460696351042]
[-0.014008818135019085, -0.8121192878557371]
[-0.1620049242216518, -0.8856892516002614]
[-0.44639976123374037, -0.714263469563172]
[-0.6829508704070824, -0.4769020426155024]
[-0.8334836590776873, -0.2662011008177121]
[-0.8768994730907212, -0.09106564133905479]
[-0.8681158644009973, 0.08074471207931973]
[-0.6813518858337739, 0.314830582225774]
[-0.4425468339895994, 0.5398147585299794]
[-0.19434422036283133, 0.7071559728341315]
[0.010478587089658153, 0.8113158863610336]
[0.1643802697709727, 0.883728748468335]
[0.4472497760963194, 0.7149449458439038]
[0.6833533184910838, 0.47904646035576903]
[0.8332857892728965, 0.2684619003456561]
[0.8781529593750352, 0.09080289886192136]
[0.8716702081345822, -0.08606662016029622]
[0.68117909591332, -0.3199132819969992]
[0.4408169190049131, -0.5431949044807182]
[0.19039232024585293, -0.708984736187027]
[-0.013768306627683136, -0.8125290437041272]
[-0.16134443432520262, -0.8852623442375975]
[-0.446442589581297, -0.7136798367198163]
[-0.6832476047708915, -0.4760819204878111]
[-0.8336966207607587, -0.26566505125651985]
[-0.8769541285931046, -0.09116544347527755]
[-0.8680191898685472, 0.07994780001379562]
[-0.6811630836413077, 0.3146444041591111]
[-0.44224520161048, 0.5407869667867087]
[-0.19413685698055216, 0.7083432370222527]
[0.010255400022684658, 0.8117870260216675]
[0.1637877894694374, 0.8833210984908799]
[0.4472718319448509, 0.7143521659775164]
[0.6836087072633168, 0.47826308961844577]
[0.8334755956620119, 0.26796501027778474]
[0.8781853559774987, 0.09093353500982071]
[0.8715468381389779, -0.08526774075135587]
[0.681020272401356, -0.3197514156271329]
[0.44054864664900784, -0.5441652686114058]
[0.19018617886987024, -0.7101209277630673]
[-0.013531306119082875, -0.8129373606325604]
[-0.16069600739763978, -0.8848399016611983]
[-0.4464815867434848, -0.7130982436395249]
[-0.6835334032363152, -0.47526516418646825]
[-0.833907858466978, -0.2651214774778234]
[-0.8770160084020371, -0.0912489732298739]
[-0.867929516826895, 0.07916228928422424]
[-0.6809695426981167, 0.3144391526355812]
[-0.44194335815637964, 0.5417504840793607]
[-0.19393261508519266, 0.7095300672342868]
[0.01003399722150683, 0.8122583112107589]
[0.16320437745962108, 0.8829169791854975]
[0.44729146547071164, 0.7137596886773991]
[0.6838565312014397, 0.47748181955834823]
[0.8336659787816687, 0.267460893115735]
[0.8782251611778998, 0.09104979824087711]
[0.8714297679066769, -0.08447806345771258]
[0.6808567470978877, -0.3195709573032343]
[0.4402804085091309, -0.5451273155006905]
[0.18998274120285466, -0.7112552190825969]
[-0.013297434342216696, -0.8133448050178034]
[-0.16005907940025677, -0.8844223045541414]
[-0.44651673555141597, -0.7125184722845151]
[-0.683808704388248, -0.4744513223797925]
[-0.8341177327421365, -0.2645699923509177]
[-0.877085226124463, -0.09131598646321021]
[-0.8678468025504249, 0.07838835955764907]
[-0.6807708074365914, 0.3142143670282984]
[-0.4416410541337572, 0.5427053495130637]
[-0.19373162698557608, 0.7107170225486665]
[0.009813988335227897, 0.8127303181331669]
[0.1626294714737827, 0.8825167646833544]
[0.4473086175437254, 0.7131672890686339]
[0.6840971287516937, 0.4767022719469728]
[0.8338572360171213, 0.26694924750965526]
[0.8782725119732031, 0.0911515023316778]
[0.8713190405623032, -0.08369774310291664]
[0.6806881752915723, -0.3193714914506215]
[0.44001205993435055, -0.5460811613158274]
[0.18978216599040437, -0.7123881555135618]
[-0.013066329653000586, -0.8137519107190853]
[-0.15943311904971758, -0.8840098990047975]
[-0.44654802658918913, -0.7119403036836216]
[-0.6840739007166674, -0.47364000165173137]
[-0.8343265603355003, -0.26401026596761484]
[-0.8771618881968467, -0.09136625068523334]
[-0.8677710343597629, 0.07762623584932564]
[-0.6805664401955591, 0.31396959113201595]
[-0.44133804265498816, 0.543651580537854]
[-0.1935340163262138, 0.7119046409528711]
[0.009595007711951986, 0.8132035970453265]
[0.1620625468586822, 0.8821207964833039]
[0.44732323755189046, 0.7125747383126783]
[0.6843307957753104, 0.4759241174222673]
[0.8340496247332685, 0.26642981889415757]
[0.8783275384485631, 0.09123846561298261]
[0.8712147260763667, -0.0829269807260804]
[0.6805142279423718, -0.31915260276670043]
[0.439743460925462, -0.5470268977225617]
[0.18958460658131074, -0.713520254600158]
[-0.012837650386098687, -0.8141591804512919]
[-0.15881762738632205, -0.8836029976349367]
[-0.44657545871748144, -0.7113635173881835]
[-0.6843293406838213, -0.4728308639804517]
[-0.8345346148668014, -0.26344202468637046]
[-0.8772460924695071, -0.0913995468812266]
[-0.8677022278027922, 0.0768761861620163]
[-0.6803560218166282, 0.3137043754242559]
[-0.4410340797817092, 0.5445891743401478]
[-0.19333989880360794, 0.7130934404645469]
[0.009376713297554906, 0.8136786732376282]
[0.1615031156767731, 0.8817293843040541]
[0.4473352838219072, 0.711981803231535]
[0.6845577874624655, 0.4751470734971852]
[0.834243362780804, 0.26590239914664604]
[0.8783903624368483, 0.09131051312739275]
[0.8711169197337304, -0.08216602139331512]
[0.6803345922581621, -0.3189138786328242]
[0.43947447632120706, -0.547964593664283]
[0.1893902112683624, -0.7146520074592776]
[-0.012611074237753872, -0.8145670870136507]
[-0.15821213737184658, -0.8832018806000873]
[-0.44659903959713604, -0.710787890989012]
[-0.6845753307991334, -0.47202362430313655]
[-0.8347421275010265, -0.2628650502485983]
[-0.8773379267820851, -0.09141567137525866]
[-0.8676404247409943, 0.07613851901082701]
[-0.6801391523024886, 0.31341827946468614]
[-0.4407289249054766, 0.5455181092295168]
[-0.19314938284786748, 0.7142839201186484]
[0.009158785624731214, 0.8141560478648737]
[0.16095072589984105, 0.8813428068104157]
[0.4473447240228899, 0.7113882460038599]
[0.6847783202131594, 0.4743709026522476]
[0.8344386289891512, 0.26536682629505337]
[0.8784610961582239, 0.09136747880102379]
[0.8710257405008548, -0.08141515191178854]
[0.6801489723396459, -0.31865491166414245]
[0.4392049760420774, -0.5488942971328897]
[0.1891991236342367, -0.7157838800412492]
[-0.012386297680667124, -0.8149760743700563]
[-0.15761621350992777, -0.8828067964681133]
[-0.44661878619870354, -0.7102131997062455]
[-0.6848121377005278, -0.4712180481631455]
[-0.834949287641315, -0.262279178957562]
[-0.8774374675397215, -0.09141443773127891]
[-0.8675856913424919, 0.07541358082138548]
[-0.6799154515368063, 0.3131108744400506]
[-0.44042234116587625, 0.5464383460312029]
[-0.19296257026526983, 0.7154765608187337]
[0.00894092689263204, 0.8146361986215168]
[0.1604049606858418, 0.8809613122180672]
[0.44735153554687984, 0.7107938239391972]
[0.6849925734935745, 0.4735954105024983]
[0.8346355636620482, 0.2648229842621575]
[0.8785398408500573, 0.09140920762887923]
[0.8709413292894671, -0.0806746984309338]
[0.6799570898878552, -0.3183753024005125]
[0.43893483538510236, -0.5498160369365136]
[0.1890114828924656, -0.7169163142506958]
[-0.012163035415233836, -0.815386558578125]
[-0.15702945148212993, -0.8824179629828119]
[-0.44663472528565146, -0.7096392160631754]
[-0.6850399902427855, -0.47041394943382964]
[-0.8351562436512097, -0.26168430090787337]
[-0.8775447782998594, -0.09139567868964667]
[-0.8675381159828447, 0.07470175318885519]
[-0.6796845600636393, 0.312781745858694]
[-0.4401140959060166, 0.5473498294939309]
[-0.19277955683811648, 0.716671826050863]
[0.00872286013626472, 0.8151195802598441]
[0.15986543772877415, 0.8805851187831439]
[0.4473557058600052, 0.710198289336948]
[0.6852006916767988, 0.47282044402855705]
[0.8348342690917141, 0.2642708026320171]
[0.8786266853977043, 0.09143555787150878]
[0.8708638471145689, -0.07994502391555694]
[0.6797586849676764, -0.31807466213907876]
[0.4386639353634508, -0.5507298244688028]
[0.18882742421447102, -0.7180497289238581]
[-0.011941019860480184, -0.8157989285652807]
[-0.1564514777926891, -0.8820355677203368]
[-0.4466468938604397, -0.7090657096543573]
[-0.6852590815950605, -0.4696111881116657]
[-0.8353631036182656, -0.2610803592513886]
[-0.8776599083800759, -0.09135924813455429]
[-0.86749780705464, 0.07400344998544289]
[-0.6794461399225726, 0.3124304963951694]
[-0.43980396116517095, 0.5482524897215865]
[-0.19260043287898337, 0.717870162458856]
[0.008504328483628254, 0.8156066249506524]
[0.15933180867055446, 0.8802144151846051]
[0.4473572328183227, 0.7096013894368427]
[0.6854027858770041, 0.4720458898608942]
[0.8350348101075515, 0.26371025642254087]
[0.8787217049771358, 0.0914464032584205]
[0.8707934731452185, -0.07922652547609196]
[0.6795535168198689, -0.3177526159062964]
[0.4383921630850188, -0.5516356554838777]
[0.1886470790346868, -0.7191845206593983]
[-0.011720000687082621, -0.8162135467515075]
[-0.1558819494146959, -0.8816597686473119]
[-0.44665533956391773, -0.7084924470175111]
[-0.6854695713509469, -0.4688096681698818]
[-0.8355699361717055, -0.260467349483128]
[-0.8777828914978236, -0.09130502308537823]
[-0.8674648906871256, 0.07331911430472716]
[-0.6791998755338925, 0.31205674888158524]
[-0.4394917142079383, 0.5491462436362402]
[-0.19242528373700707, 0.7190720002800972]
[0.008285094497636036, 0.8160977424874567]
[0.15880375856318651, 0.8798493608089271]
[0.44735612494261545, 0.7090028664676862]
[0.6855989357862591, 0.47127167260589997]
[0.8352372146753511, 0.26314136584668796]
[0.8788249597208702, 0.09144163519145199]
[0.8707304026472329, -0.07851963154216622]
[0.6793413647129666, -0.3174088055640196]
[0.4381194121644738, -0.5525335118804113]
[0.18847057532683306, -0.720321064500526]
[-0.011499744393707989, -0.8166307495199383]
[-0.15532055343004675, -0.8812906945906364]
[-0.4466601210195897, -0.707919191617803]
[-0.6856715876554225, -0.4680093354624935]
[-0.8357767713674125, -0.25984531872883626]
[-0.8779137444536889, -0.09123290570245114]
[-0.8674395083777815, 0.07264921523227554]
[-0.6789454746263184, 0.3116601494382279]
[-0.43917713808899983, 0.550030996478803]
[-0.19225419025452078, 0.720277753641598]
[0.008064939598802945, 0.8165933203367989]
[0.1582810053687851, 0.8794900859481667]
[0.44735240164660456, 0.7084024578009345]
[0.6857891915230677, 0.4704977532019382]
[0.8354414745629282, 0.2625641960434548]
[0.8789364934192284, 0.09142116493905897]
[0.8706748448179855, -0.07782479886694649]
[0.6791220288252893, -0.3170428930407503]
[0.4378455831634135, -0.5534233634974857]
[0.1882980378454581, -0.721459714467267]
[-0.011280033926796662, -0.8170508475381061]
[-0.15476700665503057, -0.8809284456301602]
[-0.4466613081151781, -0.7073457039521261]
[-0.6858652293535832, -0.4672101756676409]
[-0.835983601653923, -0.25921436501396494]
[-0.8780524658704241, -0.09114282529513082]
[-0.867421814538565, 0.07199424443377772]
[-0.6786826691978634, 0.31124037073165006]
[-0.4388600222520256, 0.5509066433523274]
[-0.1920872291728414, 0.7214878207167229]
[0.007843663563805836, 0.8170937235388617]
[0.1577632994844838, 0.8791366919238524]
[0.44734609341329334, 0.707799896215217]
[0.6859735755015315, 0.4697241272932192]
[0.8356475460880357, 0.2619788567585211]
[0.8790563322696261, 0.09138492581008381]
[0.8706270205147448, -0.07714250935152284]
[0.6788953311460723, -0.31665456367532163]
[0.4375705840534022, -0.5543051699239564]
[0.1881295883278765, -0.7226008039388268]
[-0.01106066834272268, -0.8174741259345257]
[-0.1542210552428902, -0.8805730934266018]
[-0.446658982214744, -0.7067717417798468]
[-0.6860505681663793, -0.46641221225828733]
[-0.8361903829333044, -0.25857463649223517]
[-0.8781990350007348, -0.09103474031736626]
[-0.8674119739607798, 0.07135471255416047]
[-0.6784112164985028, 0.31079711534379073]
[-0.43854016316079697, 0.5517730708115519]
[-0.19192447348659647, 0.7227025837438111]
[0.007621084094046715, 0.8175992944643825]
[0.15725042327864475, 0.8787892511505708]
[0.44733724191433866, 0.7071949102773084]
[0.6861520843295916, 0.4689508236091907]
[0.8358553509641344, 0.2613855019533437]
[0.87918448368722, 0.09133287529320888]
[0.8705871598795345, -0.07647326668084836]
[0.6786611163833967, -0.31624352965615204]
[0.4372943306966382, -0.5551788823219703]
[0.18796534565266032, -0.7237446458872889]
[-0.010841462510096822, -0.8179008443372222]
[-0.1536824742542079, -0.8802246814982742]
[-0.44665323629528864, -0.7061970604852577]
[-0.6862276508984748, -0.46561550448784617]
[-0.8363970357307412, -0.257926330610626]
[-0.8783534106175135, -0.09090864033330831]
[-0.8674101592040072, 0.0707311454240256]
[-0.6781309000214405, 0.310330119230912]
[-0.4382173649599896, 0.5526301585007594]
[-0.19176599274650405, 0.7239224089089167]
[0.0073970364474506, 0.8181103524357163]
[0.1567421906243434, 0.8784478071543977]
[0.4473259000675938, 0.7065872248441507]
[0.6863246907441475, 0.4681779023371154]
[0.836064777259184, 0.2607843293206373]
[0.8793209351909381, 0.09126499714587415]
[0.8705554998653479, -0.07581759276560189]
[0.6784192528653267, -0.31580953353486474]
[0.4370167473389177, -0.5560444452640845]
[0.18780542595182367, -0.7248915329653166]
[-0.010622246848805916, -0.8183312367828819]
[-0.15315106718549631, -0.8798832254613251]
[-0.44664417500241077, -0.7056214135755289]
[-0.6863965016829519, -0.464820145378017]
[-0.8366034464863612, -0.2572696931865971]
[-0.878515530000838, -0.09076454793286887]
[-0.8674165479163091, 0.07012408007318559]
[-0.6778415304878929, 0.30983915524623507]
[-0.437891440162369, 0.5534777808403898]
[-0.1916118533110242, 0.7251476460960851]
[0.00717137312585997, 0.8186271932219487]
[0.15623844641571089, 0.8781123745626047]
[0.4473121320282268, 0.7059765616894883]
[0.6864913455900561, 0.46740545347570006]
[0.8362756804820752, 0.26017557968356475]
[0.8794656533795562, 0.09118130341408785]
[0.8705322816706442, -0.07517602398767557]
[0.6781696334193608, -0.31535235178852805]
[0.43673776710939816, -0.5569017985820597]
[0.18764994267484045, -0.7260417374521013]
[-0.010402867101234337, -0.818765511507513]
[-0.15262666544599324, -0.879548713249302]
[-0.4466319146201557, -0.7050445533164104]
[-0.6865571242667932, -0.4640262596962334]
[-0.836809468982188, -0.25660501737278246]
[-0.8786853080366464, -0.0906025205746169]
[-0.8674313200949768, 0.06953406055507534]
[-0.677542946808612, 0.3093240366951959]
[-0.43756221035842174, 0.554315808761073]
[-0.19146211854786782, 0.7263786285099115]
[0.006943963609477133, 0.8191500884200641]
[0.15573906605239463, 0.8777829390821963]
[0.4472960131090249, 0.7053626402573541]
[0.6866519798487931, 0.46663359515807323]
[0.836487884810346, 0.2595595362557436]
[0.8796185830129852, 0.09108183636229217]
[0.8705177480914026, -0.07454910725092609]
[0.6779121762140823, -0.31487179840019475]
[0.4364573325213531, -0.55775087922394]
[0.1874990066035376, -0.7271955110635225]
[-0.01018318413008057, -0.8192038506316851]
[-0.15210912777245317, -0.8792211053287882]
[-0.4466165829507936, -0.7044662315061385]
[-0.6867095043399577, -0.4632340019104788]
[-0.8370149259160927, -0.2559326424842207]
[-0.8788626364423355, -0.09042265233105884]
[-0.8674546552993374, 0.06896163359038954]
[-0.6772350170037016, 0.3087846208873629]
[-0.4372295069435942, 0.555144111481879]
[-0.19131684898679688, 0.7276156721766227]
[0.006714694129068666, 0.819679284736367]
[0.15524395487730736, 0.8774594574858734]
[0.4472776296258772, 0.704745178543124]
[0.6868065067212552, 0.46586247193305297]
[0.8367011844717609, 0.25893652373929205]
[0.8797796462143896, 0.09096667029032579]
[0.8705121408025852, -0.07393739584330683]
[0.6776468255457923, -0.31436772842285843]
[0.43617539596782945, -0.5585916231144286]
[0.18735272581786885, -0.7283530846343149]
[-0.009963073736124595, -0.8196464097557441]
[-0.15159833957159252, -0.8789003349287375]
[-0.44659831910080633, -0.7038862003861269]
[-0.6868536119093697, -0.462443554110044]
[-0.837219610633291, -0.25525295266356507]
[-0.8790473831348262, -0.09022507550923513]
[-0.8674867298296255, 0.06840734404335322]
[-0.676917639060936, 0.30822081264437756]
[-0.436893171857463, 0.5559625583276209]
[-0.19117610242568434, 0.7288590753315667]
[0.006483467465845827, 0.8202150031846314]
[0.15475304755280372, 0.8771418576248753]
[0.4472570786646812, 0.704123894101162]
[0.686954823767421, 0.4650922529946607]
[0.8369153452907065, 0.2583069072388089]
[0.8799487418089362, 0.09083591321266501]
[0.8705156975835964, -0.0733414451214523]
[0.6773735525519677, -0.3138400414875648]
[0.4358919202056709, -0.559423967011903]
[0.18721120561339816, -0.7295146676819644]
[-0.009742426488494826, -0.8200933174826005]
[-0.1510942121800407, -0.8785863083016929]
[-0.44657727316999807, -0.7033042136848883]
[-0.6869894037173305, -0.4616551238819076]
[-0.837423289024096, -0.2545663753606826]
[-0.8792393917565593, -0.09000996211784323]
[-0.8675277138885026, 0.06787173024952949]
[-0.6765907417116188, 0.307632567718896]
[-0.4365530583282071, 0.5567710205779884]
[-0.19103993399221406, 0.7301091177027533]
[0.006250202768392665, 0.8207574382196583]
[0.15426630736075853, 0.8768300384887951]
[0.4472344677664204, 0.7034985051761491]
[0.6870968151037216, 0.4643231303510522]
[0.8371301064085743, 0.2576710909703056]
[0.8801257448150096, 0.0906897083735617]
[0.8705286495052397, -0.07276180803423103]
[0.6770923558327235, -0.31328868521235637]
[0.43560687882099874, -0.560247850353701]
[0.18707454837217857, -0.7306804478640826]
[-0.00952114755918726, -0.8205446748879185]
[-0.15059668203196896, -0.8782789050355367]
[-0.44655360584129505, -0.7027200277894508]
[-0.6871168257017278, -0.4608689421339811]
[-0.8376257015944729, -0.2538733796046375]
[-0.8794384813745968, -0.08977752515074203]
[-0.8675777687444903, 0.06735531921990918]
[-0.6762542851022153, 0.3070198960756553]
[-0.4362090316148493, 0.5575693733392161]
[-0.19090839616405925, 0.731366059701896]
[0.006014835375441674, 0.8213067568271216]
[0.15378372541241614, 0.8765238703328672]
[0.44720991452753606, 0.7028687319531441]
[0.6872323536566702, 0.4635553169256874]
[0.8373451821849339, 0.2570295167458724]
[0.8803105061033879, 0.09052823557056507]
[0.8705512180985606, -0.07219903050755426]
[0.6768032619610143, -0.312713658465124]
[0.43532025666876517, -0.5610632170795659]
[0.18694285338948444, -0.7318505903430297]
[-0.009299156553029153, -0.8210005549595492]
[-0.15010570972522708, -0.8779779784344572]
[-0.4465274878695125, -0.7021334030361482]
[-0.6872358154929861, -0.4600852608583374]
[-0.8378265657132515, -0.25317447404831883]
[-0.8796444463673604, -0.08952801965592092]
[-0.8676370439192158, 0.0668586217520935]
[-0.6759082613395913, 0.3063828649825825]
[-0.4358609697387683, 0.5583574974269075]
[-0.19078153875071932, 0.7326301415363108]
[0.005777316633056195, 0.8218630975926248]
[0.15330531975475048, 0.8762231948933168]
[0.4471835461133286, 0.7022342979192302]
[0.6873613034688737, 0.4627890445854646]
[0.8375602642836424, 0.25638266221723893]
[0.8805028522392606, 0.09035171225825096]
[0.8705836125288764, -0.0716536467187639]
[0.6765063258623125, -0.31211501443053186]
[0.4350320502785932, -0.5618700174214838]
[0.18681621665953224, -0.7330252370736093]
[-0.009076387323920021, -0.821461002029923]
[-0.14962127897777366, -0.8776833559876245]
[-0.4464990994681982, -0.7015441051102752]
[-0.6873463049400613, -0.45930435082988563]
[-0.8380255780368269, -0.25247020476898585]
[-0.879857056512514, -0.08926174355883967]
[-0.867705674422962, 0.06638212748547591]
[-0.6755526948877177, 0.3057216018574656]
[-0.43550876419508905, 0.5591352812465701]
[-0.19065940884049887, 0.7339015822568558]
[0.005537613694620747, 0.8224265697747093]
[0.15283113436114193, 0.8759278257110702]
[0.4471554986827255, 0.7015949313273456]
[0.6874835220508368, 0.4620245620928079]
[0.8377750239449098, 0.25573103886441306]
[0.880702585520928, 0.0901603944039545]
[0.8706260268010775, -0.07112617429505777]
[0.6762016310448344, -0.3114928634290279]
[0.4347422682187074, -0.5626682096465287]
[0.1866947306239792, -0.7342045060316196]
[-0.008852787768020731, -0.8219260312266722]
[-0.14914339546742672, -0.8773948399434125]
[-0.44646862959453, -0.7009519065416218]
[-0.6874482226549304, -0.45852649923853506]
[-0.8382224171086676, -0.2517611528116631]
[-0.8800760572880578, -0.08897903820957594]
[-0.8677837780653228, 0.06592629994337035]
[-0.6751876427942795, 0.30503629681435895]
[-0.43515232063371434, 0.5599026226564774]
[-0.19054205071635533, 0.7351805787588714]
[0.005295709292205408, 0.8229972524080857]
[0.15236123799565088, 0.8756375485834444]
[0.4471259167235252, 0.7009503667505642]
[0.6875988627691481, 0.4612621329812633]
[0.8379891144408906, 0.2550751897192843]
[0.880909484227618, 0.0899545770679047]
[0.8706786370248341, -0.07061710947644415]
[0.6758892896622685, -0.31084737543483787]
[0.43445093140949304, -0.5634577617378974]
[0.18657848388751846, -0.7353884904028914]
[-0.008628319584659372, -0.8223956279679616]
[-0.1486720855495719, -0.8771122080059903]
[-0.4464362751332938, -0.700356588280486]
[-0.6875414965621356, -0.45775200725590676]
[-0.8384167461271805, -0.25104793146675874]
[-0.8803011703968493, -0.0886802886245636]
[-0.8678714528698606, 0.06549157161071324]
[-0.6748131947267532, 0.3043272048536906]
[-0.43479155949902687, 0.5606594307956949]
[-0.1904295057444842, 0.7364673047547798]
[0.005051601468228806, 0.8235751934645523]
[0.15189572294196307, 0.8753521221623345]
[0.44709495229801843, 0.7003003467128679]
[0.6877071772586647, 0.4605020333569938]
[0.8382021737084858, 0.25441568681843163]
[0.8811233030869315, 0.08973459468154413]
[0.87074159877051, -0.07012692228952457]
[0.6755694423922598, -0.3101787822398668]
[0.4341580733779652, -0.5642386529981047]
[0.18646756090531894, -0.7365772577541168]
[-0.008402957996120841, -0.8228697475297712]
[-0.14820739484938367, -0.8768352141696029]
[-0.44640223998201983, -0.6997579413364372]
[-0.6876260564369525, -0.45698118754081973]
[-0.8386082158713073, -0.25033118327833037]
[-0.880532094522433, -0.08836592339586125]
[-0.8679687746232538, 0.06507833910114627]
[-0.6744294727992557, 0.30359464764115934]
[-0.4344264166166692, 0.561405627858499]
[-0.1903218122395379, 0.7377619097383826]
[0.004805303257085558, 0.8241604090996864]
[0.15143470359031047, 0.8750712787157409]
[0.44706276419987045, 0.699644623380227]
[0.6878083178433588, 0.4597445496316297]
[0.838413827148949, 0.25375312838432157]
[0.8813437739701018, 0.08950082099998986]
[0.8708150445483673, -0.06965605178368967]
[0.6752422581158227, -0.3094873792117183]
[0.4338637404443899, -0.5650108755573446]
[0.1863620416474011, -0.7377708492081654]
[-0.008176691418133542, -0.823348314712626]
[-0.14774938672736698, -0.8765635897039161]
[-0.44636673404060645, -0.6991557684599226]
[-0.6877018364129326, -0.4562143616911993]
[-0.838796467768955, -0.24961157678508034]
[-0.880768506321316, -0.08803641424398644]
[-0.8680757945905575, 0.06468695847170108]
[-0.6740366311738464, 0.30283901482308173]
[-0.4340568437154354, 0.5621411507951916]
[-0.19021900531037053, 0.7390645179621338]
[0.004556842307345266, 0.8247528830135982]
[0.1509783148781909, 0.8747947250674325]
[0.4470295170242027, 0.6989829602938151]
[0.687902139947625, 0.45898997619512305]
[0.8386236905795743, 0.25308813573957056]
[0.8815706068204705, 0.0892536687076077]
[0.8708990814447755, -0.06920490138588274]
[0.6749079333852439, -0.308773526596747]
[0.4335679918323843, -0.5657744357694084]
[0.18626200124523193, -0.7389692786476616]
[-0.00794952107384439, -0.8238312236349068]
[-0.1472981406195693, -0.876297044301371]
[-0.4463299721100536, -0.6985498858448947]
[-0.6877687774369128, -0.45545185765353713]
[-0.8389811370889082, -0.24888980300233365]
[-0.8810100616536138, -0.08769227519432024]
[-0.8681925374286203, 0.0643177407467121]
[-0.673634855422926, 0.3020607648298933]
[-0.4336828088720678, 0.5628659529183342]
[-0.1901211166900053, 0.7403752274494618]
[0.004306260436479414, 0.8253525659535054]
[0.15052671058361305, 0.8745221437268558]
[0.4469953801539279, 0.6983151341253928]
[0.6879885044771039, 0.45823861304057]
[0.8388313733182815, 0.25242134996487814]
[0.8818034908173242, 0.08899358865956139]
[0.8709937889496342, -0.06877383443371815]
[0.6745666916710222, -0.3080376503231973]
[0.433270899694124, -0.5665293554773222]
[0.18616750962593162, -0.7401725319712674]
[-0.007721460545299097, -0.8243183376788998]
[-0.14685375025658354, -0.8760352673946172]
[-0.44629217270629234, -0.6979401248290269]
[-0.6878268296472533, -0.4546940071045167]
[-0.8391618562324694, -0.24816657165973355]
[-0.8812563970504554, -0.08733406136196403]
[-0.8683189993294926, 0.0639709477147896]
[-0.6732243616430057, 0.3012604251251547]
[-0.43330429686686023, 0.5635800053929606]
[-0.19002817455330612, 0.7416941090646632]
[0.004053613111656529, 0.8259593753847434]
[0.15008006147279945, 0.8742531942182957]
[0.44696052666670566, 0.697640936433394]
[0.6880672801457177, 0.45749076335617594]
[0.8390364813775428, 0.25175342831743786]
[0.8820420957736317, 0.0887210687468742]
[0.8710992170088876, -0.06836316994918454]
[0.6742187823818175, -0.3072802422651206]
[0.43297254904278076, -0.5672756731310684]
[0.1860786311394289, -0.7413805664273181]
[-0.007492535257986044, -0.8248094896140356]
[-0.14641632176847041, -0.8757779296487794]
[-0.446253556796563, -0.697326333566858]
[-0.6878759546491546, -0.4539411428227643]
[-0.8393382580968054, -0.247442607216112]
[-0.8815071314125852, -0.08696236733562503]
[-0.8684551464245256, 0.06364678806347088]
[-0.6728053953142159, 0.3004385918645286]
[-0.43292130943830337, 0.5642832985892755]
[-0.1899402033254751, 0.7430212056628556]
[0.0037989688520595477, 0.8265731953549346]
[0.14963855330767367, 0.8739875146147186]
[0.44692513216814655, 0.6969601753971528]
[0.6881383457235697, 0.45674673110267094]
[0.8392386207398205, 0.2510850404329919]
[0.8822860737622693, 0.08843663237803621]
[0.8712153843348553, -0.06797317871623071]
[0.673864479655297, -0.30650185993480306]
[0.43267303758508435, -0.5680134447404342]
[0.18599542418376094, -0.7425933100491607]
[-0.007262781895749082, -0.8253044819193881]
[-0.14598597168581195, -0.8755246846296554]
[-0.4462143464672744, -0.6967083786504628]
[-0.6879161276596146, -0.45319359607179865]
[-0.8395099794780564, -0.2467186446796807]
[-0.881761867930499, -0.08657782515758432]
[-0.8686009134779615, 0.06334541391531837]
[-0.6723782299045811, 0.2995959289377733]
[-0.4325338654257233, 0.5649758432768374]
[-0.18985722348410955, 0.7443565313419536]
[0.00354240855028487, 0.8271938765734371]
[0.1492023847220808, 0.8737247232777183]
[0.44688937355833436, 0.6962726775060122]
[0.6882015921789253, 0.4560068185973388]
[0.8394374006827373, 0.2504168643410143]
[0.8825350609611224, 0.08814083657633714]
[0.8713422770050097, -0.06760407972502847]
[0.6735040809220236, -0.3057031255798694]
[0.43237247544789004, -0.5687427446471994]
[0.18591794083343102, -0.7438106612156625]
[-0.0070322477453530485, -0.8258030873243803]
[-0.1455628248502535, -0.8752751706449488]
[-0.4461747635337498, -0.6960861466519944]
[-0.68794733949388, -0.45245169401795143]
[-0.8396766644787363, -0.24599542526818033]
[-0.8820201962121337, -0.08618110190384125]
[-0.868756202895975, 0.06306691782672644]
[-0.6719431652230159, 0.2987331663766528]
[-0.43214200078986353, 0.5656576716402769]
[-0.18977925135703477, 0.7457000708175567]
[0.0032840247127664535, 0.8278212367248372]
[0.14877176497933203, 0.8734644208006694]
[0.4468534277401303, 0.6955782891798231]
[0.6882569246866277, 0.4552713241282555]
[0.8396324371187343, 0.2497495823285174]
[0.8827886797031375, 0.08783426969879718]
[0.8714798473767941, -0.06725603704353454]
[0.6731379052490492, -0.3048847246707772]
[0.4320709847938928, -0.5694636661025224]
[0.18584622647538707, -0.7450324883588876]
[-0.006800989972071625, -0.8263050495828633]
[-0.14514701225095045, -0.8750290127514714]
[-0.4461350281037205, -0.6954595455627559]
[-0.6879695983653414, -0.45171575720926355]
[-0.8398379678810843, -0.24527369194969906]
[-0.8822816945997922, -0.08577289687607192]
[-0.8689208840734036, 0.06281133030632824]
[-0.6715005255302635, 0.29785109812258675]
[-0.4317457685027596, 0.5663288380981778]
[-0.18970629891767088, 0.7470517789400184]
[0.0030239206215633696, 0.8284550610312458]
[0.1483469116272853, 0.8732061921476463]
[0.44681747027913693, 0.6948768782976593]
[0.6883042644751837, 0.4545405396243491]
[0.8398233559110387, 0.24908387669361898]
[0.8830465407129958, 0.08751754878969183]
[0.8716280133421436, -0.06692915717301778]
[0.6727662914745306, -0.3040474037750034]
[0.4317686993231313, -0.5701763216375694]
[0.18578031945672407, -0.7462586298389263]
[-0.00656907482987068, -0.8268100844913453]
[-0.1447386688062402, -0.874785824916995]
[-0.44609535710781417, -0.6948285061043824]
[-0.6879829314717566, -0.4509860971429101]
[-0.8399935584459088, -0.24455418491024256]
[-0.8825459326537752, -0.08535393842478216]
[-0.8690947930958579, 0.06257861790378642]
[-0.6710506574222549, 0.29695057915959666]
[-0.431345238299962, 0.566989419908955]
[-0.18963837357912067, 0.7484115803708478]
[0.0027622094224380445, 0.8290951030735287]
[0.14792804807065946, 0.8729496089759998]
[0.4467816740266323, 0.6941683356123514]
[0.6883435504854468, 0.4538147484081877]
[0.8400097961256953, 0.24842042543482998]
[0.8833082455079129, 0.0871913165889027]
[0.8717866579405428, -0.06662348693852783]
[0.6723895961493458, -0.30319196782543967]
[0.4314657636586484, -0.5708808432179906]
[0.18572025074771314, -0.7474888940031805]
[-0.006336576811944772, -0.8273178811571891]
[-0.14433793111249016, -0.8745452123211327]
[-0.4460559628115403, -0.6941929828891618]
[-0.6879873863424508, -0.45026301394958207]
[-0.8401431220951958, -0.2438376369986748]
[-0.882812473776186, -0.084924980430831]
[-0.8692777328095851, 0.06236868191187957]
[-0.670593927505622, 0.29603252203029295]
[-0.4309404962902066, 0.5676395175502092]
[-0.18957547798772478, 0.749779369432903]
[0.002499013146561757, 0.8297410858764711]
[0.14751540108344463, 0.8726942321258553]
[0.4467462077180373, 0.6934525760298064]
[0.6883747408153054, 0.453094223059098]
[0.8401914131781035, 0.24775989792608355]
[0.883573388936003, 0.08685623822261501]
[0.8719556293438586, -0.06633901195784253]
[0.672008191306182, -0.3023192768021345]
[0.4311623326166184, -0.5715773821759011]
[0.18566604362324302, -0.7487230594443193]
[-0.006103577749447753, -0.8278281035173239]
[-0.1439449351842494, -0.8743067737756379]
[-0.4460170513243444, -0.6935529554086356]
[-0.687983031923797, -0.4495467942232773]
[-0.8402863649365238, -0.2431247692030559]
[-0.8830808779447493, -0.08448679848005683]
[-0.8694694732654958, 0.06218135771535778]
[-0.6701307198900617, 0.29509789276495557]
[-0.4305316444199756, 0.5682792548612791]
[-0.18951760981635152, 0.751155010145781]
[0.0022344616755719526, 0.8303927032573902]
[0.14710919828707902, 0.87243961425532]
[0.4467112345607392, 0.6927295397338915]
[0.6883978139271856, 0.45237922341405856]
[0.8403678818322982, 0.24710295063042653]
[0.8838415618221355, 0.08651299761086265]
[0.8721347412199463, -0.06607565572347052]
[0.6716224620807508, -0.30143024185813977]
[0.4308585703633151, -0.5722661089163301]
[0.1856177133651828, -0.7499608754674318]
[-0.005870165868241739, -0.8283403921023741]
[-0.14355981421163772, -0.8740701042406439]
[-0.4459788211222406, -0.6929084288321607]
[-0.6879699593838009, -0.44883770902412606]
[-0.8404230160880952, -0.24241628621459016]
[-0.8833507045233839, -0.08404018577282013]
[-0.8696697525373194, 0.0620164148092302]
[-0.6696614335267738, 0.29414770626577874]
[-0.4301187997929339, 0.5689087789422715]
[-0.18946476155734138, 0.7525383364543025]
[0.001968691661839217, 0.8310496214320002]
[0.14670966562234344, 0.87218530259606]
[0.4466769108260697, 0.6919991931399571]
[0.6884127695982943, 0.4516699947328775]
[0.8405388990118972, 0.2464502229069884]
[0.8841123536880758, 0.0861622936328966]
[0.872323773475283, -0.0658332793219642]
[0.6712328042135072, -0.3005258209314966]
[0.4305546494635049, -0.5729472123987164]
[0.1855752669877082, -0.7512020627729639]
[-0.0056364348151376475, -0.8288543660354762]
[-0.14318269636199205, -0.8738347974100926]
[-0.4459414616010814, -0.6922594346002265]
[-0.6879482826208556, -0.4481360120802003]
[-0.8405528302650913, -0.2417128721361621]
[-0.8836215151137761, -0.08358594881661263]
[-0.8698782779070788, 0.06187355749729144]
[-0.6691864794261664, 0.2931830211996921]
[-0.4297020938470044, 0.5695282598068071]
[-0.18941692031479812, 0.7539291526542704]
[0.0017018454175988795, 0.8317114808655698]
[0.1463170248445933, 0.8719308418001716]
[0.4466433844611275, 0.6912615296627523]
[0.6884196295975719, 0.4509667660523521]
[0.8407041863836162, 0.24580233296618376]
[0.8843853555113991, 0.08580483609711646]
[0.8725224733699026, -0.06561168180339126]
[0.6708396214633938, -0.29960701389590716]
[0.43025074982709827, -0.5736208993977617]
[0.18553870298712621, -0.7524463143576993]
[-0.005402482666515107, -0.8293696252494526]
[-0.14281370265334004, -0.8736004483368006]
[-0.4459051516779339, -0.6916060308007377]
[-0.6879181384667201, -0.44744193821165046]
[-0.8406755900910481, -0.2410151863917498]
[-0.8838928764105234, -0.08312490295527475]
[-0.8700947274042475, 0.06175242626906885]
[-0.6687062777912038, 0.29220493446342977]
[-0.4292816713946864, 0.5701378897898797]
[-0.18937406759580694, 0.7553272340157726]
[0.001434069788020964, 0.8323778983518766]
[0.14593149107285025, 0.8716757768462845]
[0.4466107937366192, 0.6905165702875438]
[0.6884184380778187, 0.45026974875157477]
[0.8408634926770556, 0.24515987402705958]
[0.8846601624859556, 0.0854413415671021]
[0.8727305569907844, -0.06541060120170569]
[0.6704433229674899, -0.29867485731209853]
[0.42994705756310403, -0.5742873935517501]
[0.18550801111738896, -0.7536932966316932]
[-0.0051684109331482375, -0.8298857529006974]
[-0.14245294492702892, -0.8733666560655192]
[-0.44587005845795746, -0.6909483023202606]
[-0.687879686579213, -0.4467557019972059]
[-0.8407911081019181, -0.24032385989081098]
[-0.8841643630214637, -0.082657867792568]
[-0.8703187516781573, 0.06165259984047772]
[-0.6682212551050996, 0.291214575293382]
[-0.42885768953507253, 0.5707378827164988]
[-0.18933617910016937, 0.7567323276003384]
[0.00116551502430301, 0.833048469297156]
[0.14555327042356636, 0.8714196559703724]
[0.44657926594729463, 0.689764363936447]
[0.688409261676734, 0.4495791353471327]
[0.8410165957085214, 0.24452341072816736]
[0.8849363767459737, 0.08507252909892048]
[0.8729477110629491, -0.06522971619429602]
[0.6700443205820307, -0.2977304188498828]
[0.4296437637520734, -0.5749469342101502]
[0.18548317219212151, -0.754942650744596]
[-0.0049343235756883486, -0.8304023179533031]
[-0.14210052394597866, -0.8731330262410422]
[-0.44583633598390593, -0.690286360766154]
[-0.6878331090259656, -0.4460774966989719]
[-0.8408992284154415, -0.23963949149806918]
[-0.8844355602148557, -0.08218566257070786]
[-0.8705499761768538, 0.0615735978306077]
[-0.6677318412133995, 0.29021309909985316]
[-0.4284303164488366, 0.5713284728410388]
[-0.1893032245084828, 0.7581441532644202]
[8.96333673279126E-4, 0.8337227701815697]
[0.14518255775918348, 0.8711620335853022]
[0.44654891618140763, 0.6890049876254504]
[0.6883921893260163, 0.4488950985330526]
[0.8411633040814291, 0.24389347583951992]
[0.8852136100159402, 0.0846991159472796]
[0.8731735950709744, -0.0650686483765919]
[0.6696430262409429, -0.2967747914572518]
[0.42934106315021076, -0.5755997750958618]
[0.18546415791387183, -0.7561939941105439]
[-0.004700326045249781, -0.8309188779026859]
[-0.14175652764333302, -0.8728991736578698]
[-0.44580412408460257, -0.6896203441595147]
[-0.6877786095665793, -0.4454074934568232]
[-0.8409998280442004, -0.23896264485410446]
[-0.8847060665559736, -0.08170910156588582]
[-0.8707880035997361, 0.061514884034764614]
[-0.667238466440861, 0.2892016811105077]
[-0.42799973009011494, 0.5719099135713424]
[-0.1892751672687299, 0.759562404838015]
[6.266794999795211E-4, 0.8344003611666402]
[0.14481953458025404, 0.8709024731524292]
[0.4465198461753455, 0.6882385464110018]
[0.6883673317734745, 0.4482177904757352]
[0.8413034585415453, 0.24327056731800656]
[0.885491486149508, 0.0843218132990498]
[0.8734078436577077, -0.06492696511567914]
[0.6692398493677749, -0.2958090873572504]
[0.42903915284007504, -0.5762461828006975]
[0.18545093073113073, -0.7574469221167528]
[-0.004466524363224977, -0.8314349816045677]
[-0.14142102954399655, -0.8726647247183653]
[-0.44577354733767405, -0.6889504164028563]
[-0.6877164126464551, -0.44474584075865065]
[-0.8410928178370394, -0.23829384558589534]
[-0.8849754963974708, -0.0812289895626851]
[-0.8710324165861711, 0.06147587024249017]
[-0.6667415587827507, 0.288181509910775]
[-0.4275661167915261, 0.5724824759954681]
[-0.18925196438199487, 0.7609867514639278]
[3.567064589800606E-4, 0.8350807888139418]
[0.14446436708771443, 0.8706405499688897]
[0.44649214326878617, 0.6874651731284888]
[0.6883348208287512, 0.4475473423693295]
[0.8414369329715474, 0.24265514574242553]
[0.8857696435225763, 0.08394132209224614]
[0.8736500692618265, -0.06480418293584736]
[0.6688351943757351, -0.29483443195577735]
[0.428738230844229, -0.5768864351355721]
[0.1854434437236942, -0.7587010099973371]
[-0.0042330242535898455, -0.8319501721725678]
[-0.14109408737864615, -0.8724293197675007]
[-0.44574471416042594, -0.6882767665302223]
[-0.6876467621213154, -0.4440926641873682]
[-0.8411781430404011, -0.2376335789391687]
[-0.8852434821905837, -0.08074611746765055]
[-0.8712827805981438, 0.061455920539207454]
[-0.6662415412085069, 0.28715378096977384]
[-0.4271296698006913, 0.5730464472324538]
[-0.18923356618857562, 0.7624168390803326]
[8.656772922344125E-5, 0.8357635888780401]
