0.04214845374435424
0.039637975642603795
0.040808707731025066
0.04267185596326354
0.0409121997136145
0.038961134579312544
0.03949694122058195
0.0400499245097649
0.041236129462820216
0.03908956271412154
0.04062850488171211
0.03961880036498889
0.03916024638059605
0.0394230271795206
0.04094168188472719
0.039353435910180756
0.04036241026155688
0.03923151175288763
0.04023337808338071
0.03956169259202898
0.039344949430107405
0.04027370487133565
0.03912439812802018
0.03934490740091987
0.03933434668233577
0.039529065424452905
0.0409608196800626
0.03890960866661012
0.03933151141636682
0.039631581846675305
0.040235080742322946
0.04065368181057511
0.03912791182217495
0.03999776340299831
0.03909376615945528
0.04086066221276001
0.040648684699834
0.04092952247053361
0.03918369425007784
0.03959686109565086
0.038817555512346155
0.0422224955152141
0.03979130006914761
0.03948264481486559
0.03989370573227151
0.04050943174230637
0.03890520849655189
0.03915724152583775
0.03956283579377178
0.039609351744115014
0.03979809545878142
0.04005892574493466
0.043247735809549784
0.039668035409439174
0.040889995439248206
0.0424102063189635
0.0408810314644867
0.0394778897793852
0.04131738389915478
0.040424813110161585
0.03947983833815117
0.0409068860930268
0.04352199288743783
0.04271795759300233
0.039982645926078
0.03904638971281667
0.041881104882803256
0.039393716494625274
0.04224666817420507
0.03944138334849481
0.040438187936599944
0.039201644499426216
0.039463150387294574
0.03946377409439716
0.04044852975326684
0.04104907431466624
0.03961821174758769
0.0396098405836612
0.039685467986596654
0.04009516307779266
0.039466384061134584
0.03927593992708068
0.042099367187371374
0.03896246310267302
0.04172211784260127
0.0392763706803284
0.03948657429442013
0.041381189585013634
0.039573502501785304
0.03937246914262209
0.041854779685895516
0.04114231649821942
0.03985163476416205
0.039343639734192096
0.038987292004271694
0.040082084188972356
0.03892266526072901
0.040722285641524
0.039209637132857446
0.03960275379684359
0.039539269568749154
0.03967478003924961
0.03896679511024276
0.039137690064664596
0.03944269576138012
0.03918550273276326
0.03900319348685086
0.04087067193169438
0.03928377635424355
0.03975347294429867
0.03999393352244045
0.03985952219958089
0.040164451976926245
0.043398696969672926
0.040300998908108246
0.038926316918095547
0.03979412648882902
0.04033367468773324
0.03934754543968654
0.03938665028700147
0.04456524589090497
0.03922999186861644
0.039682970209072764
0.03944303332903645
0.038967321176217644
0.03963974894829206
0.03957966702121954
0.040136302825757364
0.039639442708331814
0.04076409168924802
0.039223334689396844
0.03906308942257676
0.03957275804972199
0.03985929992946957
0.03896112982890243
0.03996885921860688
0.0391810184402621
0.04592871787326887
0.0392870971112181
0.03954392977811568
0.039039441825829024
0.039291114209298636
0.039687523623113966
0.04150254610533978
0.04083426277329556
0.03921940234456907
0.03955733276872224
0.04258771830544398
0.04097674451419886
0.04257888102521631
0.0387970866622946
0.03971221241944515
0.03990382464798662
0.04008880307406533
0.03947912008346542
0.03996695787794274
0.0396254280074518
0.03941463867500292
0.03925197305933272
0.03956868253444152
0.039398694044993576
0.039903752901302186
0.03958241917776448
0.0393491161605205
0.0402372244750446
0.04103434113139131
0.041148297933450595
0.03902136986538863
0.03978545006065801
0.04181182173723024
0.0389317264812962
0.03957131358573243
0.03946479274574303
0.039898220182525417
0.03990021715383706
0.039674220558788206
0.039298735655702015
0.04022471591483329
0.0443232095149065
0.04303872081685564
0.038878316706540975
0.03945720466192341
0.040661456578118337
0.038915948284020396
0.04062000281823359
0.04001726351648366
0.03937170410496247
0.03937413005411623
0.042935497894026314
0.03959512700632059
0.04540363579397678
0.039065501333536125
0.039453524712487045
0.039191100290736636
0.03998260010412724
0.0399765505584742
0.039054429857827797
0.041373644073200065
0.03929107558704035
0.03907674633891129
0.03966306191563808
0.03975089187085909
0.039575821714568735
0.0418818283526747
0.039385228290533966
0.03908626765509683
0.03996419987181323
0.04118137304968702
0.04568607410233465
0.04052613633759109
0.03946765896797329
0.041992653756416295
0.03897959263119673
0.04061634159105207
0.039408283291307154
0.03987136036614217
0.0394117483734752
0.04024037176633965
0.03896866072030934
0.03948708580126633
0.039209778506577336
0.04469821147585793
0.03993938924691568
0.039182316908027405
0.03951988212542818
0.04591114605789388
0.0391011494437026
0.04399771965112419
0.039331322441847755
0.2000000000005181
0.04137637391031803
0.04359054401233596
0.03910645561363925
0.040226961396401154
0.0392978021122796
0.039686096985679035
0.040524209911561
0.0397179506287993
0.03997493731751996
0.040270079581442526
0.039559318901139395
0.04152217438090347
0.03883901084145525
0.03907375590789683
0.04147679490241407
0.03935249294829598
0.047450124524464767
0.0389665293470362
0.04556310217289408
0.03928116567139826
0.03888133596962339
0.04162204942007052
0.039858238412745176
0.0396850318802583
0.040088075659338696
0.03983783170304362
0.04244255047800115
0.039032742015240575
0.03945441135261416
0.03874429306780078
0.039888778718567414
0.04037884869243722
0.04016484094388346
0.04007167570175298
0.04474127203987637
0.039785621019490965
0.039347092881230956
0.039760755488198796
0.04016755368242239
0.040142350182655294
0.039471017250993896
0.04011373118477717
0.03887593842997994
0.040401418077828086
0.04314724476232628
0.039163827766623784
0.03931890666777267
0.040051131926457914
0.03912782603158787
0.0404034791290406
0.04109508196962204
0.04030071839524405
0.04114380884813592
0.03998916468888178
0.04244058219739787
0.03878522602010258
0.03927546945166886
0.03975653311589901
0.04104754816045962
0.040196964773733905
0.03981461288243057
0.040082609932364954
0.04108881089464878
0.039868291786577845
0.03979737232959272
0.04008833735269258
0.04048719874569582
0.03935293141699266
0.03970442840472901
0.04005971468287833
0.04461408946912189
0.03905621353321786
0.03906489153066221
0.03925826353748298
0.04065858865276344
0.03903633692871948
0.039278709264697426
0.04013409011322685
0.03932555760454957
0.0394693406336147
0.04094293982057295
0.03958012965037576
0.04181548760861475
0.04083312763620216
0.03907015333346119
0.0420382466563675
0.03965737328150177
0.03922482055053894
0.03895003918558312
0.03943522222291005
0.04251034982700702
0.039690942172213785
0.03897766364977457
0.041616112713501685
0.03903492420436969
0.039261366795117374
0.03996642015318758
0.03893317765877474
0.039732786593968034
0.04417927473848076
0.043172140560525846
0.04031500434110626
0.0394691309138397
0.03926880729059434
0.0391779938123817
0.03960425222198117
0.039175488128311044
0.03991466214397753
0.03921353832324986
0.044374908923797154
0.04934511000689211
0.040607247367824686
0.03874110686831107
0.03988456193276176
0.039139195092368954
0.03984365180382168
0.04013564122851854
0.03900929086275782
0.03954381966244054
0.03965016045526068
0.03935569705897309
0.0398279009518821
0.04644374237676204
0.039453111215206595
0.039915961561558626
0.0390993689570155
0.039250655132811126
0.039207102880481404
0.03959627251099557
0.041499895855735464
0.04097272029369557
0.03995900130523043
0.040114656249481816
0.04017188982299584
0.03918214058647536
0.039463503313383316
0.03930997263417469
0.040228248278163466
0.03903660325048975
0.03963431468657245
0.03969696622742134
0.0400710884502954
0.03891906223848093
0.04025779432401814
0.04043860160586594
0.039890896418874035
0.03966434419351
0.03893629885389826
0.040301604625708365
0.03921762327910081
0.04225045670371724
0.056811135237511
0.03924075040705903
0.039671210945758054
0.04010873227510442
0.03974297260216962
0.040158011167137284
0.039108847053658816
0.04665071978395441
0.2006406714248428
0.04400028867748041
0.039403733150823385
0.04068128240913472
0.039065092161597856
0.039794047053476965
0.039228267242397426
0.03928476699961068
0.040471435086055225
0.04055282700037426
0.03940867348078464
0.03905479448081539
0.039999975899874786
0.03923787467786074
0.040427954388436244
0.03928436608169461
0.04011544403586478
0.03903186238580708
0.041173859849692455
0.03977310044401395
0.04134183924315137
0.04132639431976169
0.03939323390716603
0.039437178400109636
0.041400487602332815
0.040109901639756515
0.041421814314644576
0.04029095454459729
0.041265037723395306
0.04053941657750835
0.04314972013575077
0.03876403631334512
0.039168486117183
0.03879169785891338
0.042872323157067974
0.039575397182481896
0.039673149147728584
0.039844291276815685
0.039183442788020946
0.04043361231324003
0.03970376335233655
0.039249221143920925
0.04080865823531455
0.039677578267493796
0.04011185146442465
0.039927312466408495
0.0448740954188815
0.04509350008306864
0.039633051479930806
0.03949381544554529
0.039076288637522355
0.04026620035818331
0.038752579534290114
0.04041003621690934
0.03904748960017302
0.040859972117843694
0.039519827573795595
0.04599666167280375
0.042306385024058285
0.039582627833672876
0.03927078629444542
0.04016312105342374
0.04006626511701653
0.0395054428472631
0.03923454951902481
0.039593606450516745
0.042538265431005126
0.03986104818871075
0.04059593314557814
0.042377258033822245
0.03888323848958586
0.03939268714532652
0.04042387415162104
0.03969092132861263
0.039281950437364425
0.039432891078638954
0.039691883701305664
0.03958962229319642
0.04011339948777502
0.04278485168187422
0.03912542184127524
0.04148078119203896
0.04053984613673585
0.039906808387167175
0.040085250805704985
0.04027518418144192
0.04331156372979052
0.05886917414549539
0.038990066049213595
0.03990290112849409
0.039238451157649124
0.03921860770522948
0.0429045164002632
0.043431013616220634
0.039182126591136554
0.03963630707917356
0.041498752987824815
0.03939909209387026
0.04378557271486761
0.03911222046581406
0.03983959909760009
0.039455671411596435
0.04002307042782182
0.03897295907644661
0.03884704787215936
0.03958881129188571
0.040708067270003256
0.039295602036208174
0.039722426440301356
0.03888352558697263
0.04013371612547079
0.04630745805547875
0.040178966093835755
0.03941424877975828
0.03875144414815067
0.039820358711899304
0.03999547511696265
0.04161226054503891
0.04179218764310915
0.03968093179408688
0.03928657185065765
0.0399956634139758
0.03943613596217359
0.040771208984670994
0.0395321766980314
0.039544775992929576
0.04029199182930759
0.04060027578361129
0.03949106871408672
0.04542689533718522
0.04023104917017389
0.03950230853647559
0.04015107038022212
0.039147307129449554
0.20279615404849646
0.03882730650119466
0.040026861138989
0.03984556712035923
0.03912189109346807
0.040829954280615775
0.0399149312042702
0.041420015983541995
0.03896251077959906
0.03905957034538717
0.04082671589374535
0.038891917674089053
0.039099155514092515
0.04041466499909742
0.03990984220552811
0.03974833769028343
0.03999178538923812
0.03897092940677482
0.04029341545076993
0.039616860326722965
0.03907723047914705
0.04119619330072146
0.03935102241941695
0.041157215398141475
0.04138625098060999
0.04240133690450938
0.039555288551689424
0.04158858381603574
0.03919428095161449
0.03911230318372733
0.03975811605353457
0.03974795412068243
0.04014704734661197
0.03988989284009886
0.0391382975865514
0.03958882373002527
0.03942319999303259
0.04477250628276657
0.04005607001711225
0.039112661482833586
0.039617632467615196
0.03916033724384749
0.03902277140153677
0.04069485639634632
0.03916277949179899
0.040124010994455256
0.038941767708782056
0.04131648183744687
0.041005591509033594
0.042151269131183014
0.04228427092840811
0.03900299250925751
0.03986901581273612
0.03917800514957884
0.039653772313753555
0.038991078937426975
0.04111162402702071
0.040710109870753186
0.039680285441074714
0.040120061849991444
0.040505082999271594
0.040098091142576626
0.039071725944229634
0.04303264916441238
0.039154636674618166
0.04376006527013521
0.03970419808695442
0.040833115731041855
0.04018031976927955
0.04019093183296158
0.03924562701440225
0.03998009120233254
0.039834686863431244
0.03932621196293329
0.04012355883116789
0.04204320117746099
0.040458092034874424
0.03984365863974784
0.0389022618354657
0.04109843491622179
0.03958448607233276
0.03879482170011013
0.03974002650497347
0.03999252807443706
0.04005091598477169
0.03990413925838817
0.039459153221904006
0.039859886932201334
0.03936699853748119
0.04059985892472466
0.040630752456193055
0.03941833347643568
0.04200560733793236
0.03888275961366581
0.039349990029365026
0.03931350777348317
0.03951959783239646
0.04055085756191128
0.039591880417864295
0.039752479279318444
0.039035600086272326
0.03968442709695633
0.04071315844499873
0.03950434696510245
0.03960237369724252
0.040567196019122904
0.03992705755338851
0.03983891735969217
0.039808544050372985
0.03961862486488811
0.0401719492685926
0.03964950885770422
0.04007526239052056
0.039665629759999835
0.040012041411521246
0.041608269842454255
0.03961745201690237
0.04171162474955817
0.039519342798418615
0.039899173158742446
0.03859688148057447
0.0393135731404962
0.043380393601250435
0.04219514783296177
0.03934945199245831
0.04065821080960456
0.03891961112810209
0.04048552223799977
0.03984647183771796
0.03998962006864647
0.03910684486282242
0.03922943563805542
0.05465569241622787
0.04024951079889479
0.03926875313518602
0.04007354668520062
0.03985835711494109
0.04064182976456522
0.03988646310003738
0.04068631280844759
0.03883951654941561
0.04004963403409598
0.03918289660995756
0.040995627780195526
0.039159843056109374
0.03965220394049635
0.0403918097122977
0.03915124928540606
0.04054031650710872
0.03911689047564656
0.039312291361725524
0.03948898390423328
0.03886328684145903
0.040325871477219125
0.03934593892865398
0.03999747176644459
0.03955017267029096
0.03968372196195725
0.03957671244721481
0.04228658999116387
0.03940168019302078
0.03994772332529611
0.03905052905323131
0.03935082756267698
0.039856641307578024
0.03959804433178579
0.03915130998172763
0.03889263991797736
0.039193822225136
0.039151397724605505
0.039251218663646795
0.04072992885272427
0.0396604507935608
0.038828062358609736
0.03921853507990556
0.04207916251210089
0.04001758015152305
0.03958254790891255
0.04806246845400073
0.039263957454277396
0.039985961622295195
0.039840857664101295
0.041573199837236924
0.039194540813726274
0.03945199770118536
0.03918203802580857
0.04229637959342944
0.03934415130848511
0.04016204516309568
0.039868683424502914
0.039589485698036185
0.04268771868723515
0.03962002751808317
0.2008446018955105
0.04272683496939535
0.040561446987978714
0.03902067407523207
0.04110139826553175
0.03931523932729011
0.039815809917298044
0.039841727945524166
0.03994134008471178
0.03989679773069957
0.03924873468742591
0.03927865661606328
0.04060683143914971
0.040895079736453996
0.03967461056485467
0.038894351612541955
0.03978660776295666
0.04003574008633301
0.04007936251213946
0.03983183897209507
0.04079736811998092
0.03959533730768786
0.03987564779846937
0.040289890053183654
0.041971187701014566
0.039974233332821796
0.03912445413313956
0.04013858363366585
0.03920381164462138
0.040093479945513114
0.0393982154759118
0.039624197867450965
0.03890128201733869
0.039245953789308036
0.04234088385748508
0.05716956043078564
0.041522688472540537
0.038994772733884936
0.0395206550070691
0.03908141010336487
0.03952111880464489
0.04030165244234382
0.038930033264034054
0.041398432527883604
0.03882859947739135
0.04039215480728055
0.040434224623939946
0.039109996195102296
0.04014139748171587
0.039031696495258124
0.04002690305147135
0.03928806364454688
0.0404703541034959
0.03916188911486457
0.039727259331675535
0.039964655947606294
0.03941096433692462
0.042567852189270665
0.039360115724468216
0.04012035291088905
0.04031218299424734
0.03910553134369541
0.039514619949306225
0.039782778246036064
0.04012726531742113
0.03960922910235271
0.041448875622520205
0.03986667672744943
0.040292980771007895
0.039557346833029236
0.041074486808514735
0.03941295699606842
0.03931695086773505
0.03888998930363362
0.0402166568686709
0.04007244291587489
0.03908494446168399
0.039399301575141585
0.03937942509049916
0.03993491276069847
0.03876744652811188
0.038734451224070834
0.03912812214742889
0.03909285399599356
0.039265075491950845
0.03917383344229956
0.04060238170526736
0.039496597566308855
0.04036300918305713
0.039408511002223374
0.039189484422043334
0.03877844188695068
0.039936566866562245
0.03984291036014942
0.038867162744464626
0.041792064088127016
0.03991763461378528
0.039330001238884305
0.04141283777624122
0.04005810631336818
0.03940518221543492
0.040220621265068444
0.0404327313244843
0.04008987229666072
0.03964512239207911
0.040198552908076626
0.039802921071045654
0.03918692788704432
0.041434198815160195
0.0392831902064669
0.03944576529793614
0.04200660237171685
0.04007081984329188
0.03895831022174713
0.039414486283187694
0.03952826117987158
0.03920112865096458
0.039015499089597526
0.04129729642502373
0.04012127746345567
0.03908440937960353
0.03951487326769403
0.041265798550548856
0.04071401674484602
0.039467774391930624
0.03971049271530912
0.04144262867499337
0.04405464922359152
0.038810333594719505
0.03886375783859237
0.03929796513485
0.03985979809574115
0.03887527897090722
0.04420344367183584
0.0408974574476258
0.04071619825158804
0.03933330427289823
0.04308495670835452
0.03960872176697946
0.0397738449329047
0.03958846573332127
0.04115656531180743
0.0396601183409913
0.03961177280503655
0.03938634972124594
0.03988320999467575
0.04218554230011611
0.0392747447659256
0.04003023197078297
0.03924157991346683
0.03963632144039386
0.039225007407603964
0.04165006928863358
0.03912389031628689
0.03945076341438985
0.04357380330877214
0.04088250394059044
0.041056168464810854
0.039778107634984114
0.03913257033851821
0.039540799520053585
0.03902513552518938
0.040076439308656085
0.03920288003259961
0.03928921297366037
0.03907539908740221
0.03880065156616759
0.03940101290714858
0.039726559737886996
0.03915395331073791
0.04110738629536873
0.03892075868618864
0.04348793440309032
0.04015978164445805
0.20000000000051604
0.039328278561198096
0.0394602007365893
0.040263911560689564
0.04127803973142962
0.039172293532672965
0.041420071243385634
0.0400141751550256
0.04067688603966376
0.039591772873790176
0.04369933235252087
0.0395398467872425
0.0400584957023123
0.039674760909081404
0.039619792317717124
0.03968746912836683
0.03918405638836913
0.04216845466570901
0.03903379997639799
0.041078266635551995
0.03913609657729106
0.039791798245454466
0.03938799397514755
0.042143174930850576
0.039324753290264754
0.04135368308017378
0.03987295529545586
0.043416703538514165
0.03972834688604721
0.03949370477695956
0.038977053732441945
0.04057317802680501
0.03989568307264459
0.039106580183921325
0.039270131104967354
0.03888566934465896
0.041801718959861
0.03901688712687763
0.03946539016540935
0.04047144591441512
0.039580364769670126
0.03880855681991757
0.040148763448802534
0.03904095765230607
0.03882639251575776
0.0397147319817477
0.03916386528839596
0.03978361788169172
0.03965770888617725
0.040107381686038064
0.04071173357772705
0.039023597561257034
0.03986537628331037
0.039588665449773304
0.040557493147509824
0.0389312644073718
0.04068643880212326
0.041626514738388944
0.04215964456300633
0.039334829643071875
0.03901844308058928
0.04810752315559123
0.03973913948311254
0.039952100634119074
0.04003716204154411
0.039042530912891844
0.04027182194484835
0.04061148105675844
0.03969998178586155
0.04076195492197381
0.039282867150129644
0.04127618730122865
0.040810968053948085
0.039517369535199076
0.03883199701580672
0.040367301812522426
0.03918358306460564
0.0391094137973225
0.039812200296804705
0.039123414136723565
0.041180674966983286
0.041609987247868435
0.03996403552841963
0.040084828973298986
0.038906196072900544
0.03956986988288142
0.03946493195195227
0.040296437325261114
0.0417981043633744
0.03938889590360289
0.040593490658887746
0.038966665137973124
0.03895743750201967
0.039377827726148194
0.039186664653451615
0.03979199189434472
0.03891643315942725
0.04030081036644179
0.040105708123821054
0.03944860180838609
0.03931358969214078
0.039864797323428305
0.038765227032201574
0.040340551277868585
0.039603346873635974
0.04032532473055447
0.03916361628765252
0.0405250074078806
0.03959218352309809
0.03927368541821574
