0.058061131089023964
0.08045808646685165
0.09648821816292455
0.10902129317723082
0.11919746556989746
0.12762050853355264
0.13466418493461862
0.14058477075508558
0.1455712030762226
0.1497703294083234
0.15330072353659238
0.15626072249755002
0.15873334607319828
0.1607894627866762
0.1624899452046862
0.16388723433087288
0.16502655359949622
0.16594690908621554
0.1666819512824054
0.16726073799360613
0.16770841779244453
0.16804684289663077
0.16829511542778613
0.1684700692029185
0.1685866889386785
0.16865846909058074
0.1686977150266881
0.1687157896437898
0.168723308824782
0.16873028933399034
0.16874625290175316
0.16878029040554093
0.16884109023901497
0.16893693517700106
0.16907567227611164
0.16926466056307432
0.16951070140979504
0.16981995652571302
0.1701978583675413
0.1706490174388724
0.17117713041130259
0.17178489225518795
0.17247391466609976
0.17324465209739917
0.17389781942591764
0.17447941398943678
0.17501351452422323
0.17551817368789588
0.1760070794931767
0.17649077287110437
0.17697753684973366
0.1774740456660111
0.17798583930742223
0.17851767089086867
0.17907376052180524
0.17965797912787024
0.18027397848495458
0.1809252785892213
0.18161532013045575
0.18234748765423436
0.18312510771792356
0.18395142567588865
0.18482956445674736
0.18576246864969082
0.18675283726507058
0.1878030485764786
0.188915080417185
0.19009042915117078
0.19133003025319378
0.19263418302265434
0.19400248145100377
0.19543375270241453
0.1969260040958424
0.19847637893177386
0.20008112101695494
0.20173554732364693
0.2034340278930877
0.20516997188649744
0.2069358186673415
0.20872303308999438
0.21052210497030957
0.21232255429161734
0.21411294636156267
0.21588092514840848
0.21761327848813014
0.21929605550017361
0.2209147634850334
0.22245467694907245
0.22390129208123552
0.2252409514786854
0.22646164086085513
0.2275539177818309
0.22851187303963186
0.22933396047948587
0.22982956318624
0.23014378401238875
0.23035092566243162
0.2304864354767717
0.23057471771489466
0.23063218739951402
0.2232429746443919
0.21620924705532268
0.2095654161137584
0.20334061233572112
0.19755778934205728
0.19223289767592597
0.18737427619361435
0.18298237762069194
0.17904989892747558
0.17556233113446054
0.17249888533590885
0.16983370256179484
0.16753722385664144
0.1655775885590368
0.16392194228017704
0.162537565499206
0.16139277043494762
0.16045754963946257
0.15970398869941574
0.15910647478714846
0.15864174259322483
0.15828880117328514
0.15802878192917788
0.15784474170068588
0.15772144763840493
0.15764516339781537
0.15760344991582578
0.15758498886882075
0.15757943287354195
0.15757728345574287
0.15756979560794415
0.15754890622342235
0.1575071826944732
0.15743778740010045
0.15733445361422
0.15719146849555699
0.15700365924266035
0.15676637918418146
0.15647549149754475
0.15612734937919276
0.15561988967838444
0.15500821014132868
0.1542927116808798
0.1534731607892403
0.15277560139263494
0.15215166344982758
0.15157603453252874
0.1510292798020243
0.15049632399340307
0.1499652846747858
0.149426586580052
0.14887229221861312
0.14829559539024284
0.14769043660407488
0.1470512104550945
0.14637254396883867
0.1456491317099528
0.1448756182789873
0.1440465220053622
0.14315619550575498
0.1421988196229782
0.14116842737531105
0.1400589541929765
0.13886431013682698
0.13757846919614525
0.13619557032274754
0.1347100247049022
0.13311662398856705
0.13141064472772337
0.12958794524924444
0.12764505227125952
0.12557923592202455
0.12338857318498911
0.12107200119939254
0.11862936328807852
0.1160614521486372
0.11337005647732463
0.11055801957956217
0.10762932141633282
0.10458919908708038
0.1014443247478833
0.09820306375659432
0.09487583808274973
0.09147561839055167
0.088018559069147
0.08452476871239667
0.08101916773252932
0.07753231861702398
0.07410102034888996
0.07076834583149352
0.06728603175714562
0.06380277012329141
0.060493286962464296
0.057445826258681686
0.05553432224791688
0.054292440337306874
0.05346126104790484
0.05291370616658328
0.05255640941973255
0.05232409395598756
0.05217264912457813
0.05207290903347504
0.05200581458476622
0.05195895343380586
0.0519242152453001
0.05189626052726368
0.05187154685842222
0.05184772111535355
0.051823244593408584
0.051797162715043706
0.05176896277844429
0.051738484590605704
0.05170586268588909
0.05167148748966309
0.05163597798470988
0.05160016140107719
0.05156505701681986
0.05153186189243242
0.05150193664268981
0.05147678942581036
0.051458056364439404
0.05144747670874256
0.05144686126798939
0.051458052998936604
0.05148287914534419
0.05152309494848118
0.051580319650271725
0.051655966232091344
0.05175116700948807
0.05186669777319091
0.05200290357470915
0.05215962946013531
0.05233615943688834
0.05253116671518247
0.05274267782297572
0.05296805260117037
0.05290910459400011
0.05274240897405578
0.052478395675498876
0.052120566904388564
0.051965247434094364
0.05183779034473143
0.05172743945003846
0.051627029861252206
0.05153196656238393
0.05143961606479618
0.0513489354672537
0.05126022664090434
0.051174943703524475
0.05109550806852008
0.05102510267687985
0.05096742904349467
0.050926419834867946
0.05090590757187367
0.05090925793565278
0.05093898460376669
0.05099637122306502
0.05108113371525336
0.05119116053313622
0.051322367523555956
0.051468696236648036
0.051622269956111966
0.05177370247247329
0.051912534354678054
0.05202775446692596
0.05210835429296956
0.052143861071482986
0.05212480245532769
0.052043068215010736
0.05189215028874697
0.05166725813119689
0.05136531947804355
0.05098488606593718
0.050525969321098645
0.0499898331124735
0.049378770299504306
0.04869588797232965
0.0479449237524748
0.04713011270295619
0.046256121273379254
0.04532806083907326
0.04435158796677665
0.04333309046497311
0.04227994640956996
0.04120082687436069
0.04010599226460918
0.038676625687573685
0.037071156832550606
0.03540459201746496
0.033721230771703324
0.032677548855172135
0.03208096373035913
0.031684923207194675
0.03141745164057595
0.031233140460210182
0.03110454368837208
0.031015485374842458
0.030956394674333268
0.030921294858029684
0.030905990802784014
0.03090706597592746
0.030921396321856375
0.030945973899263436
0.03097789921707609
0.03101444998513776
0.03105316931818572
0.031091941603389017
0.031129041677151192
0.03116315443976587
0.031193368966531715
0.03121915470649935
0.031240328464825787
0.03125702034445643
0.031269645319273814
0.031278885110969004
0.031285682889405954
0.03129125122912526
0.03129709184829187
0.03130502397108854
0.03131721668539236
0.03133621939561314
0.03136498339368612
0.0314068667325058
0.03146561409611703
0.031545303407111466
0.03165025174523253
0.03178487504255672
0.03195349917731593
0.03216012454393526
0.032408151678031974
0.03270008145676441
0.0330372088579391
0.03294376992849615
0.03271033867336406
0.03234861927817391
0.03186069444463849
0.03173895676936565
0.031686516155596124
0.03167543947883192
0.03168796593064381
0.031713431740994356
0.03174609219154086
0.031783563380419204
0.03182567052712343
0.031873556080969104
0.03192895642879726
0.03199359776796193
0.032068690538612284
0.032154519700096466
0.03225013753591126
0.0323531691460195
0.03245974064778567
0.03256453799270312
0.03266100090149327
0.03274165152838234
0.03279855043682003
0.03282386283370869
0.032810506046777994
0.03275283622838314
0.032647320356425084
0.03249313120830993
0.03229260015055777
0.0320514664329922
0.03177887224872841
0.031487069418157494
0.03119082534845036
0.03090654245386415
0.03065113627043683
0.030440751960811092
0.03028943303867619
0.030207882335783556
0.03020246305788537
0.030274568260838006
0.030420438733876086
0.03063144182208236
0.030894755732121252
0.03119435459480058
0.031512169909387114
0.03182931250198656
0.032127264762511994
0.03238898174557124
0.032599860932755555
0.03243678003850974
0.03203240869689812
0.031526117030968505
0.030946503462661337
0.030735861639432305
0.03070264383665669
0.03072250847098334
0.03076823706457247
0.030823809413683373
0.030880055135698053
0.030931871682883947
0.030976513147976687
0.031012573656605334
0.03103940575727581
0.031056802813205747
0.031064835763356665
0.031063775609774757
0.03105405998240562
0.03103627971130293
0.031011172553919077
0.03097961812016144
0.030942632010187005
0.030901359213801934
0.030857067609928894
0.030811142432834605
0.03076508216857806
0.030720495733146967
0.030679100113742638
0.03064271703088234
0.03061326667618806
0.03059275625471056
0.030583260953508655
0.030586895099486835
0.03060577167374776
0.030641949011764175
0.030697364408187582
0.030773755402848563
0.030872570662703897
0.03099487348320687
0.031141241892323316
0.03131167003935289
0.031505475902919085
0.03172122031287754
0.03195664185338936
0.032208611452542425
0.03247310946609663
0.032313288078711984
0.031999698037891516
0.031541313198864704
0.03093599577555664
0.03069225415358659
0.030502019487953905
0.030344165490592764
0.030205124053890784
0.030076714536528323
0.029954677275319568
0.02983766022898076
0.029726479015206034
0.029623528899745632
0.029532271640326856
0.029456752848287682
0.029401129483796425
0.02936920467569787
0.029363980210319596
0.029387247138856404
0.02943924259379132
0.029518405721091975
0.029621266451124416
0.02974249618214167
0.029875138392133044
0.03001102007961401
0.030141323770321957
0.030257278012687083
0.03035090578367746
0.030415758511258724
0.030447560589969225
0.030444695633951753
0.03040847994348462
0.03034318836183499
0.030255820196482104
0.030155615914858686
0.03005335740484432
0.029960504841475968
0.02988824079459151
0.029846505645580498
0.029843115130482708
0.029883047843039863
0.029967975670900426
0.03009608390257097
0.03026219419299519
0.030458169494046273
0.030673552474556547
0.030896372331723338
0.031114049539828326
0.031314330601598064
0.031486190206297185
0.03125103295774188
0.030792486776218472
0.03022936988703878
0.029593057233554283
0.029257458867429257
0.029095562385972728
0.028964899368492
0.02884769386482308
0.028736875312573316
0.028631247314577953
0.0285324432249901
0.028443070464639484
0.02836563122895538
0.02830195186538345
0.028252947118476108
0.028218601760056
0.028198085732469767
0.02818994067240525
0.028192291871706517
0.028203053307801686
0.028220105239713564
0.028241433963544903
0.028265231355577198
0.028289957621338
0.028314374270028256
0.028337556011870095
0.028358890427232584
0.02837807331849682
0.028395106038644955
0.028410299133825374
0.028424284590117217
0.028438036996613507
0.028452902109309005
0.028470629647745074
0.028493405672443555
0.028523878567154506
0.028565171505361617
0.02862087339228367
0.02869499979869687
0.0287919155845923
0.028916212056312892
0.029072533918396263
0.029265355171396647
0.029498708424646455
0.02977587842286123
0.03009907709518398
0.029992924444271523
0.02976497554631358
0.029425391281097283
0.028974921094688157
0.028898241510684815
0.02888504342955861
0.02890920832657996
0.0289541535223024
0.029009884634303897
0.029070953163996858
0.02913502872870423
0.029201867638781732
0.029272528305443662
0.029348739368739166
0.029432367613230523
0.029524961545096515
0.029627365266768048
0.02973940827556158
0.029859682159402032
0.029985416723702904
0.030112467221773524
0.030235421759197648
0.030347833615729854
0.03044257679884505
0.030512314299303706
0.0305500574767679
0.030549782771785963
0.030507060263818803
0.030419639575437866
0.030287934163913833
0.030115346341503115
0.0299083826836772
0.029676522294042048
0.029431817859965386
0.02918823093414524
0.028960728178428114
0.02876419400428019
0.028612245284798162
0.028516060897529307
0.028483355013025912
0.02851761958679906
0.028617733305906688
0.028777984160353903
0.02898849271759921
0.0292359696115603
0.02950470738493975
0.029777698456966872
0.03003778272388985
0.030268749507806388
0.03045633852280092
0.03027342087129601
0.02987225485974121
0.029381159601720903
0.02882507410891518
0.028631016901863954
0.028610034138520306
0.028638103748284734
0.02868971618349827
0.02875007283568076
0.028810850709581476
0.02886752703578304
0.028917750601975576
0.028960381669750485
0.028994945458444363
0.02902133453670822
0.029039656359039923
0.0290501618236257
0.029053216208404224
0.029049290108250816
0.02903895824408376
0.029022900291195086
0.02900190152028818
0.02897685296530342
0.028948751647497634
0.028918701520063136
0.02888791553847665
0.028857718799195554
0.028829552149082713
0.028804975134751755
0.028785666695126742
0.028773421648464574
0.028770140825543515
0.028777812685914655
0.02879848444785999
0.028834221175930215
0.028887051895264818
0.028958902609165345
0.029051517031127554
0.029166366828951424
0.02930455412758063
0.029466709838768715
0.029652892001877904
0.029862488677874204
0.03009413001619159
0.03034561392266869
0.030613849337260836
0.030465798187110746
0.030179496369934125
0.029763268859448737
0.029214588191329275
0.02902354169751333
0.02887441603025871
0.028747732146813157
0.028631172264712016
0.02851748725164964
0.028403107458857428
0.028287201091311952
0.028170999060247323
0.02805726440373319
0.02794982851385564
0.02785314885605647
0.027771866780165334
0.02771036186610921
0.027672312799507062
0.027660285188229283
0.02767537448634804
0.027716937013672685
0.027782443026394033
0.027867481734659135
0.02796593829245824
0.028070347357434192
0.02817240846948351
0.028263628085865
0.028336035077960335
0.02838290399215388
0.028399415492484634
0.028383186742904538
0.028334615213991162
0.028256995655339123
0.028156389528596292
0.02804124707826092
0.027921803119584934
0.027809287871912915
0.027715013223991967
0.027649411491424535
0.027621115536356995
0.027636172435628107
0.027697474191784956
0.027804466952232664
0.027953167409622746
0.028136477983395896
0.028344759223906214
0.02856659518463
0.028789677590945407
0.029001735213394237
0.029191440864866885
0.028993799103589183
0.028588419307309522
0.028089757096976947
0.027524396673659315
0.0272673243773216
0.027163401340467706
0.027078136254040604
0.02699484523046937
0.026907382306665235
0.026815425271284964
0.026721533406234562
0.02662935133524171
0.02654254428017159
0.026464205065730335
0.026396570921704932
0.02634094509942312
0.026297750724626073
0.026266663609131678
0.02624678382233654
0.02623681621028564
0.026235239156349437
0.026240448974166296
0.02625087421428745
0.0262650595906146
0.026281723058795146
0.0262997918520487
0.026318424196043657
0.026337023268693603
0.02635524905607204
0.026373032373968316
0.026390593716094018
0.02640846792943592
0.026427534114326762
0.0264490486557507
0.026474677928964806
0.02650652598556991
0.026547151422894637
0.02659956671246503
0.026667212615363037
0.02675390012326533
0.026863712887917033
0.027000864632732366
0.027169508837234273
0.027373502159388496
0.027616128448584847
0.027899796271107603
0.027757301916235006
0.02750465693541071
0.0271501601931889
0.026692835264465725
0.026624269208545152
0.026618581598017294
0.026649713127220323
0.02670108884338872
0.026762657627061596
0.026828860263060524
0.02689722683536325
0.026967378647932052
0.027040280060194183
0.027117641687750195
0.027201418008346016
0.027293371787557575
0.02739469738788014
0.027505707144607712
0.02762559149224106
0.02775226604309881
0.02788231861644724
0.02801106704345969
0.02813273464507661
0.028240744436149805
0.028328125146803978
0.028388012205114742
0.028414215634871943
0.028401815764844313
0.02834773848949505
0.02825125628994869
0.028114360546051775
0.027941955302664502
0.027741832323454032
0.027524401328726356
0.02730216724897134
0.027088968035655647
0.026899012112089473
0.02674578310379542
0.026640907903850087
0.026593106001730225
0.02660734469229568
0.026684308964816734
0.026820255366381742
0.027007263754052945
0.027233844429081888
0.027485816027277236
0.02774735048907569
0.028002084494935558
0.02823421345827834
0.028429503823541036
0.028257719811134674
0.027885285591724707
0.027431882704848535
0.026919200788592532
0.02675321705149986
0.026747873754200607
0.02678243410844153
0.026834596697808792
0.026892015297279786
0.026948196062490642
0.026999956742578976
0.027045908391708198
0.027085578935033678
0.027118928858358735
0.027146100689858562
0.02716730357329218
0.02718277218841116
0.02719276334624885
0.02719756889175499
0.02719753324399204
0.02719306993514687
0.02718467510268947
0.02717293785795828
0.027158548357576483
0.02714230462963116
0.02712511902283528
0.027108024736577013
0.027092182375627057
0.027078885938432877
0.027069567151021656
0.02706579664427468
0.02706928017766778
0.027081847968847907
0.027105435220259873
0.027142052155854104
0.027193742292424206
0.027262528252642165
0.027350345141932384
0.02745896230322035
0.02758989506598426
0.027744308852126476
0.027922918634973582
0.028125887233340075
0.028352726248653808
0.02860220363074783
0.028872261913930688
0.028731876363010188
0.028467934389305654
0.02808861045863965
0.027591535529802848
0.027448788813221877
0.027340091950963315
0.02724708831440224
0.02715831668913724
0.027067148640989254
0.026970441350436067
0.026867642326287314
0.026760161743357273
0.026650888940622564
0.02654377397598017
0.02644342724406225
0.026354713715999383
0.026282336055483992
0.026230414528826965
0.02620208235536343
0.026199123344729385
0.026221684051647088
0.026268094382833448
0.026334827526938956
0.026416621497600826
0.026506770647823266
0.02659757763726541
0.026680937043489995
0.02674900421565058
0.026794890004765475
0.026813315723855285
0.026801163875045213
0.02675786831923717
0.026685601175296215
0.026589230892867757
0.026476044835733323
0.02635524905653621
0.02623727706264696
0.02613295785914587
0.026052610582058603
0.02600514665318017
0.025997267342920117
0.026032841191169234
0.02611252952027293
0.02623370018734491
0.026390634712105104
0.026574999593242974
0.02677652624152499
0.026983829425902994
0.027185290840041516
0.027369938328401195
0.027184615482967276
0.02680980663833072
0.026353294199936695
0.025837794390482706
0.02563574124201299
0.025572997845859646
0.02552205681597748
0.025466977077534352
0.025402006455999174
0.025327044727489006
0.025244841179567334
0.025159292087627076
0.025074427159146893
0.02499383260841373
0.024920357059293234
0.024856003585685117
0.024801943382036677
0.0247586051254429
0.02472580586704163
0.024702897940439037
0.024688913584088264
0.024682695308499304
0.02468300552579028
0.024688613449476326
0.02469836063693152
0.024711208757181528
0.024726274305717062
0.024742855223768716
0.024760453924671622
0.024778800303921544
0.024797877109269503
0.02481794872982991
0.02483959313913549
0.024863735462177065
0.02489168046080919
0.02492514015422186
0.024966251817729004
0.025017580759825377
0.025082101632828924
0.025163151716309274
0.025264349822576762
0.025389475458956853
0.02554230489419211
0.025726403985958515
0.02594488201281116
0.026200116007098533
0.02603266005292484
0.025763899175541897
0.0254010406381932
0.02494204257665445
0.024881359075023316
0.024880680390410748
0.024914533047047216
0.024966766061895154
0.025027604892106457
0.025091650191680675
0.025156512744614345
0.025221854806706214
0.025288680355064916
0.02535877348523618
0.0254342258857986
0.025517023762575513
0.025608684532979438
0.025709946292170643
0.02582052025703853
0.025938919591876396
0.026062378358855037
0.026186872568020728
0.02630725174652896
0.026417484092856644
0.02651101102155
0.02658119784192948
0.026621857016195623
0.026627810013890637
0.02659544471647829
0.02652321918002515
0.026412060550892482
0.026265610642412902
0.026090277053509824
0.025895060267528386
0.02569114245724629
0.025491242658358948
0.02530876577109429
0.02515679924727131
0.025047039234873093
0.024988752279902722
0.024987891515603256
0.02504647951567151
0.025162339910971786
0.025329210885134335
0.025537218202979405
0.025773638856659373
0.026023859869039236
0.026272432524262344
0.026504134200387632
0.02670496810423719
0.02654681242616628
0.026204248564310657
0.02578929782525487
0.025320505269087065
0.025186874923194283
0.025199148965776085
0.02524237834019665
0.025296881861636946
0.025352427232663677
0.025404181023227695
0.02545024506613329
0.02549020884499781
0.0255243300344138
0.025553094803712505
0.025577002873006932
0.02559648154201505
0.025611869884239063
0.025623437477293676
0.02563141673524115
0.025636037280049886
0.025637556708442248
0.025636285725967566
0.02563260767818034
0.02562699352011415
0.02562001359005499
0.02561234744721963
0.025604792674335967
0.025598273059231035
0.02559384604015047
0.025592708788674937
0.025596201857710915
0.02560580897698993
0.02562315136503323
0.025649974867534914
0.025688128340337586
0.025739531969523343
0.02580613464372805
0.025889860029392354
0.025992541598899157
0.026115847468140704
0.026261196461448047
0.026429667300809926
0.02662190320043813
0.02683801445279091
0.02707748185768134
0.027339064123411697
0.02719555996751874
0.026941044061772362
0.02658337322329165
0.02612020280855022
0.026011457922171362
0.025932687332401262
0.025865988298605768
0.025800270162379395
0.025729170992590623
0.02564971120908284
0.02556141171683423
0.025465687602626356
0.02536539131319899
0.025264424323040734
0.025167368429694855
0.025079111114354492
0.02500445684178991
0.024947729705228065
0.024912383597621032
0.02490064453669097
0.02491321562658725
0.024949077583872582
0.02500541573814373
0.025077697169086446
0.025159909213645217
0.02524495416013621
0.02532517679433488
0.025392984421153664
0.025441505808066863
0.025465228209287327
0.025460551148931507
0.025426201720876625
0.025363467636152007
0.025276219459184415
0.025170710760540914
0.02505516299802965
0.024939160068043177
0.024832895206580677
0.02474632958965301
0.024688336014691913
0.024665909651609107
0.02468352754137346
0.024742726567204495
0.024841945943338748
0.024976648497041027
0.02513970178965454
0.025321972551097967
0.02551307067177635
0.025702172719832668
0.02587885667795104
0.025700058291303077
0.02534979097970772
0.02492802914011446
0.02445439796529767
0.024293234365841045
0.024259492983971225
0.024232405922272025
0.024197132748152078
0.024148473844569755
0.0240865621565489
0.024014232235248314
0.023935435104546543
0.0238542979235872
0.02377458572023182
0.023699419492736896
0.023631161006586073
0.023571406165714875
0.0235210468614485
0.02348037223312005
0.02344918789163591
0.02342693762645967
0.023412817167663476
0.023405873905639737
0.023405090056203687
0.023409449525228155
0.023417990640933018
0.023429848017978247
0.023444287193466473
0.02346073547112087
0.023478811783573576
0.023498357485671015
0.02351946895394802
0.023542531787943292
0.023568255353458318
0.023597705412020574
0.023632331659518252
0.023673986157609277
0.02372492790156999
0.02378780817513403
0.023865630992184694
0.023961682971246068
0.02407942763868806
0.024222360638697704
0.024393824829303867
0.02459678782137628
0.02483358900674397
0.024651466516445352
0.024375892605510027
0.024013547310964584
0.02356189992020154
0.023512706204240313
0.023519054042618795
0.023556442509551242
0.02360945204901985
0.023668831242214115
0.0237295400127212
0.02378943051713272
0.02384833193214126
0.023907380247666216
0.02396849164616891
0.024033919654470035
0.024105865446784832
0.024186130534694913
0.024275813925218045
0.024375063401159157
0.024482894229740714
0.02459708937572866
0.024714193894876627
0.024829612976315706
0.024937818168567508
0.025032659633302017
0.025107773927230286
0.025157067273024043
0.025175244454676733
0.0251583446395607
0.02510423898204278
0.02501304197698126
0.024887389885744536
0.024732545248520157
0.024556296197819284
0.024368632603562184
0.02418119789353931
0.02400653590712821
0.02385717632995971
0.02374462871850483
0.02367837982768883
0.02366500499097994
0.023707503712801115
0.023804947337487534
0.023952484521287218
0.02414169815639899
0.024361259704712097
0.024597795735131107
0.02483687140707541
0.025064002879521787
0.025265626407655024
0.025118746876647443
0.024803046272320356
0.024423281074495286
0.023995124099035745
0.02389331851443428
0.023922676501249424
0.023975434651564174
0.024033912223314323
0.024089521761348074
0.02413874262269379
0.02418071019912784
0.024215820262396468
0.024244952238619746
0.024269062846960624
0.024288997201860434
0.02430542379099552
0.024318836146581178
0.024329586586304342
0.024337931615583445
0.024344077648515754
0.024348221467933147
0.024350583412269637
0.02435143335351311
0.024351110594267915
0.024350039200271165
0.0243487402390614
0.024347842087892112
0.024348089525700774
0.024350351820451244
0.02435562952599268
0.024365059258097916
0.024379915364264607
0.024401607165416405
0.02443167035091866
0.024471751161578435
0.024523582194537992
0.02458894898840952
0.02466964695904824
0.02476742870545754
0.02488394213611447
0.02502066023019359
0.025178803517774982
0.025359256541752282
0.025562479692189742
0.025788417954366722
0.026036408376136144
0.025884775261495584
0.02563264953888484
0.02528751181050653
0.024846978825174688
0.024762296828781498
0.024705307129991368
0.024658333305995574
0.024610481679189482
0.024555525868459865
0.024490549371529564
0.024415065647446776
0.024330422428582396
0.024239361889064615
0.024145654208635903
0.024053754300363377
0.023968454507126234
0.023894523123155206
0.023836331775037304
0.02379748524863058
0.023780475775395934
0.023786389905689924
0.023814699144915408
0.023863164493791854
0.023927879109260558
0.02400346240135639
0.02408340396549812
0.024160538799698955
0.024227618870579486
0.02427793287072469
0.024305917960521443
0.02430770544765495
0.024281546710502918
0.024228075327722958
0.024150374926407474
0.02405383819437777
0.023945819562461394
0.023835101417065522
0.02373121081762093
0.023643639901000036
0.023581037083677737
0.02355044539609072
0.02355666564461319
0.023601812900808466
0.023685114513555795
0.023802969189264712
0.02394925541600021
0.02411585027455173
0.02429330136764179
0.02447158653590053
0.024640896090691665
0.024467347144623588
0.024138928604407434
0.023747754942127785
0.023310956397687665
0.02318226289534048
0.023169883403805748
0.023159860289988034
0.02313860859612991
0.02310158350047761
0.023049205004881
0.022984398023986115
0.02291112485921298
0.022833521203131635
0.022755403073845826
0.02268000660343791
0.022609876988551172
0.02254685357202787
0.02249211550454621
0.022446262940398806
0.022409415672933967
0.02238131626626921
0.022361428898106935
0.022349028599458004
0.02234327843052112
0.022343294354722813
0.02234819915025452
0.02235716764959759
0.0223694659832195
0.022384487417897
0.02240178693540885
0.022421116008635125
0.02244245820364973
0.022466065352574806
0.0224924931628405
0.02252263429008275
0.022557746121118178
0.022599469797549263
0.022649836370970414
0.02271125544972312
0.022786481344816346
0.022878551669344126
0.022990693762603313
0.02312619539953958
0.02328823819628902
0.023479695036783394
0.023702896660197415
0.023511304544371645
0.023233499065564392
0.022875913567554945
0.02243586544534696
0.02239919835528395
0.022413346993781818
0.022454848991355005
0.02250907880340511
0.022567369149059484
0.022625098032457908
0.022680413000055664
0.022733355556921533
0.0227852262217854
0.022838088874301346
0.02289435450061585
0.022956413256224256
0.023026303340832163
0.023105417966564082
0.02319425943083993
0.023292253251545977
0.023397636433398716
0.02350743286696822
0.023617525984154647
0.02372283423749801
0.023817588762142045
0.023895704833330218
0.023951229840379038
0.023978841230700924
0.023974359342325037
0.023935233494388117
0.023860956263291384
0.02375336126819909
0.02361676424453941
0.023457915501821615
0.023285743706494798
0.02311088614259441
0.02294501930088788
0.022800025846727977
0.022687058687234175
0.022615586766201953
0.02259252444008824
0.02262154947089449
0.022702698278200217
0.022832291305589517
0.02300319384568163
0.023205371193185442
0.023426663686164726
0.023653693065791643
0.023872814733572195
0.0240710435786562
0.023931841764645422
0.02363866366729046
0.02328910913300093
0.02289635298343158
0.022822388920855096
0.022866067613293007
0.022927115072640662
0.02298941377576795
0.023045654168053712
0.023093326544543456
0.02313235605816943
0.02316375266042408
0.023188871741621597
0.023209036291350606
0.023225369316217694
0.02323874486484169
0.023249802088641053
0.023258988872423825
0.023266615377754353
0.023272906597710884
0.023278048574680167
0.023282226376101355
0.023285653941780483
0.02328859696840248
0.023291390402258243
0.023294452098108966
0.023298293933131816
0.023303531255231845
0.023310891076463985
0.023321218954295467
0.023335484081013387
0.023354781760366535
0.023380332218504163
0.023413474592847223
0.02345565497573122
0.023508407552721978
0.023573328144396704
0.023652039793982917
0.023746150387475472
0.023857202589373898
0.023986616576131214
0.02413562612413634
0.024305208569583698
0.024496009058573135
0.02470825944511497
0.02494169230047989
0.024781112129330728
0.024528911302531223
0.024192237391128645
0.0237686958897649
0.02370215968090774
0.023661678370110246
0.023629810215514406
0.023595854581444982
0.02355371303028702
0.023500524162622702
0.023435785423656128
0.023360765566870657
0.023278078080383343
0.02319133245869745
0.02310481245048935
0.023023153114703095
0.022951005079711907
0.022892687072283483
0.022851837915241775
0.022831087380725232
0.022831771438962877
0.02285372089836713
0.022895152226003766
0.022952684632785093
0.02302149808406958
0.02309563348498617
0.023168420596100962
0.02323300361052853
0.02328292121576728
0.023312689358279518
0.023318331971542487
0.023297807807291755
0.023251289582655803
0.023181263741813677
0.02309243387005079
0.02299142697586347
0.022886318579150182
0.022786009169556323
0.02269950040335711
0.022635133095268663
0.022599858442692595
0.022598616134498786
0.022633885513235093
0.02270545806199087
0.022810453411039655
0.022943571846395776
0.023097550099784432
0.023263768813547147
0.023432951187255815
0.023595891357097606
0.023427298411575603
0.023118626781791444
0.02275463666846344
0.022350408415514195
0.022248659054195243
0.022252683083575423
0.022255480928594865
0.02224469567417477
0.022216435945609504
0.02217141547438349
0.022112649098939115
0.02204409262063666
0.021969849915647318
0.021893724225033256
0.021818982317164174
0.021748252826807528
0.021683509780766885
0.021626109275137247
0.021576857369698877
0.02153609376280257
0.021503780410907808
0.02147958779751589
0.0214629744062635
0.021453257248496505
0.02144967307281066
0.02145143115241536
0.021457759325396477
0.021467945296271097
0.021481375161242156
0.021497570776671294
0.021516227038359464
0.02153724946149794
0.021560791718166897
0.021587292053757957
0.021617506799053984
0.021652538537239068
0.02169385588060411
0.021743301266015636
0.021803082711331783
0.0218757451364837
0.021964116735130247
0.022071226125300422
0.02220018678683945
0.022354046791234067
0.02253560417678183
0.022747191529902195
0.022548385024738153
0.022269945160310892
0.021918170576774993
0.02149039055851157
0.021465299541792167
0.021486663964627284
0.0215319874621813
0.021587389598273613
0.021644758886682932
0.021699878387512757
0.021751187277004275
0.021798938787760312
0.02184459484852307
0.02189035652014105
0.0219387705783788
0.021992380975063414
0.022053413112636946
0.022123491469560243
0.022203398866892248
0.02229288979548118
0.022390571605575827
0.022493866595924103
0.022599065478854714
0.022701478494998747
0.022795684668985027
0.022875872463265876
0.022936256752167674
0.022971548273962177
0.022977443500914237
0.022951096331277322
0.02289152921597918
0.02279994104269446
0.022679872627631503
0.022537197927398483
0.02237991980777453
0.022217763204622442
0.02206157580275937
0.021922566901062663
0.021811438065606176
0.02173748179933672
0.02170774168956378
0.02172633271757784
0.021794008169395362
0.02190802909443385
0.02206234945607156
0.022248086138092812
0.022454209334404857
0.022668372244491638
0.022877798954449125
0.023070159912018464
0.022935676625844153
0.02266100947237029
0.022336728994423054
0.02197390117878017
0.021922835120601482
0.021977449248974653
0.02204465027251605
0.02210960080182607
0.022166020171322503
0.022212195338600246
0.02224865967563601
0.022276886199109357
0.022298583517086225
0.022315344568148363
0.022328498281786773
0.02233907429922648
0.022347826783115674
0.022355285102875457
0.022361812639901217
0.02236766341058729
0.022373031523446524
0.02237809176354561
0.022383031511121403
0.02238807519804675
0.02239350289326959
0.022399664602838504
0.022406991624465564
0.02241600591845788
0.022427328022675847
0.022441683604629357
0.022459908351388017
0.022482950581364635
0.02251187074755532
0.022547836907201975
0.022592115264202992
0.022646055038934687
0.02271106715884824
0.02278859654820382
0.022880088069201745
0.02298694636762962
0.02311048995048691
0.02325189974137782
0.02341216213127375
0.023592006226599835
0.02379183470421447
0.0240116475666427
0.023842991785873537
0.023590262803510783
0.023260338129279797
0.02285085831139522
0.022798764296121602
0.02277129284636292
0.022751305451848888
0.022728336875400785
0.022696445594293464
0.022652847788389295
0.022597043702080398
0.022530238364681127
0.022454926608844007
0.022374559349240437
0.022293240237304935
0.02221542411460631
0.022145604712083287
0.022087991143656994
0.022046182361041104
0.022022856557450687
0.02201949853960987
0.022036191766289306
0.022071502178933236
0.022122477284033968
0.022184775857606566
0.022252931653226664
0.022320740051629626
0.022381741800267113
0.022429765143406482
0.022459478684862522
0.02246690348523459
0.022449834537378793
0.02240812846467318
0.022343825074124368
0.02226108405984906
0.02216593353422168
0.02206584323302316
0.02196915146146544
0.021884390312567868
0.021819567113087853
0.021781469387616277
0.02177506325373516
0.021803048731994793
0.02186561924499561
0.02196044852960674
0.02208290084722516
0.02222643544340274
0.022383158294258777
0.022544465103168085
0.022701718058672653
0.022537693299159074
0.022246582088402404
0.021906466359692883
0.02153071886099928
0.021451643222514707
0.021468466251111994
0.021481174640237903
0.021478526033670658
0.02145722391345512
0.021418247197678777
0.021364683208865014
0.021300462093818123
0.02122962743365633
0.021155928440402656
0.021082608261202174
0.02101231383708137
0.02094708155902915
0.020888369436095382
0.02083711626214782
0.020793814438121328
0.020758587323629493
0.020731265098038205
0.020711455512862683
0.020698607794949014
0.020692069386259164
0.02069113621304476
0.020695097790837717
0.020703278728471962
0.02071507814544141
0.020730008225434415
0.02074773266372907
0.020768105194544476
0.02079120776533144
0.020817387303889195
0.020847289430754083
0.020881886917903433
0.020922500188884332
0.020970806695705262
0.021028835603921575
0.021098943901866656
0.0211837698913867
0.02128616012764646
0.02140906640607255
0.021555410515082373
0.021727916330345966
0.02192891148465918
0.02172406060647353
0.021445456062581077
0.02109929955497254
0.020683005811709218
0.020667840193134286
0.0206952627608045
0.020743655299082918
0.020799815177519637
0.02085613848415086
0.02090878014776743
0.020956447834482986
0.020999588344669497
0.02103980714453232
0.02107942085985914
0.02112108355145485
0.021167455500949738
0.02122090201131554
0.02128322206429862
0.021355414360725702
0.021437492498879024
0.021528362643025285
0.021625776544830694
0.021726370526814354
0.02182579717398491
0.021918951088401376
0.022000283277898464
0.022064190899210214
0.02210546075794171
0.022119737057664676
0.02210397742525322
0.022056857226177583
0.021979081388218517
0.021873565762770233
0.02174545648242653
0.02160196561557372
0.021452014474234386
0.021305692131983186
0.02117355592582588
0.021065822142034726
0.020991516362081335
0.020957669622633353
0.020968652711565523
0.021025731439216412
0.021126899343603157
0.02126700571392865
0.021438155756198514
0.021630326858321534
0.021832127095284565
0.022031619835366018
0.022217146697594132
0.022085445064136348
0.02182608240989102
0.021522851639019118
0.02118506178306236
0.02115233881427952
0.021214821029800764
0.021286049984794768
0.02135227744818855
0.021408082446504075
0.021452401514745558
0.021486249733721735
0.02151145557836047
0.02152999078751896
0.02154364451327639
0.021553893094834027
0.02156187725669115
0.02156843431044885
0.021574154418085672
0.02157944312194713
0.021584580515092947
0.021589772506354268
0.021595192729856258
0.02160101543605348
0.021607440620415336
0.02161471299486744
0.021623136392309065
0.02163308495964753
0.021645012139937806
0.02165945803993809
0.021677055377035084
0.021698533838361157
0.021724722396314823
0.02175654893294787
0.02179503644672345
0.02184129515334857
0.021896509936964282
0.02196192283048017
0.022038810458211766
0.022128456600557955
0.022232120174520798
0.022350998908444664
0.022486188790766474
0.022638638996176835
0.022809101495146786
0.02299807404772287
0.023205734934870156
0.0230301983191035
0.022777052040960373
0.022452947720766857
0.02205559005408993
0.02201532351195524
0.02199833816351252
0.02198785447518407
0.02197367895772141
0.02195005435771611
0.02191429848733008
0.021865937624003937
0.021806135785204017
0.021737290146013284
0.021662710144274806
0.02158632978841027
0.021512424566683654
0.0214453198422452
0.021389089149865814
0.021347249899611447
0.0213224714003546
0.021316315937570305
0.021329037404320145
0.021359462864981974
0.02140497959959553
0.021461643225767584
0.021524411778866173
0.021587497365829492
0.021644813074704568
0.021690480346415526
0.02171935288683606
0.02172750869812374
0.021712662443338367
0.02167445589236676
0.021614593845102614
0.02153680562194731
0.021446626861895243
0.021351012027933453
0.021257803875920387
0.021175101305063324
0.021110580166569033
0.021070830798227438
0.021060778831504583
0.021083250032513084
0.02113872492120611
0.021225306447517352
0.02133889829622678
0.021473567759444073
0.02162204994249665
0.021776341192014274
0.021928328044377294
0.021768308761657258
0.021492551241028553
0.021173129659627886
0.02082198126061339
0.02076194381624053
0.02078870491963551
0.020809096950612768
0.020812858549807762
0.020797213091813375
0.02076336391562485
0.02071444645128935
0.020654345257765463
0.020587020757608376
0.02051613842220999
0.02044487990525831
0.0203758650402734
0.020311141590869043
0.020252215675650914
0.02020010527940993
0.020155405176113233
0.02011835552184123
0.02008890916463759
0.02006679478990766
0.02005157458343947
0.020042696248273182
0.02003954000603796
0.02004146168161047
0.02004783314679923
0.020058081326955458
0.02007172670496554
0.020088421845859093
0.020107989967802234
0.020130463051256813
0.02015611844681609
0.020185512439501545
0.02021950876510014
0.020259299653304544
0.020306416589078263
0.02036272763892249
0.020430417901044103
0.02051194945626637
0.02060999720757322
0.020727357328254824
0.020866825846845106
0.0210310463334837
0.02122232781901049
0.021012335897354916
0.020733791381802657
0.020392809964229826
0.019986924281628606
0.019980033050447616
0.02001229726553061
0.02006291261900181
0.02011930019191146
0.020174321102868993
0.02022446955097624
0.020268696111105856
0.020307619251285637
0.020342966500805162
0.020377146116061347
0.02041289073560953
0.02045294190932631
0.020499762691211277
0.020555277502155352
0.020620646017258434
0.020696082098475118
0.020780730557593316
0.020872614294334294
0.02096866239636149
0.021064826254077035
0.021156285717991965
0.02123774094880643
0.021303778185286386
0.02134928973133675
0.0213699208380891
0.021362509787151852
0.021325483323268675
0.02125916840528658
