0.003371094943336825
0.008773241084353598
0.013592898466457266
0.017753418555916993
0.021320587791735592
0.02435261588426777
0.026902883524883715
0.029021747193767055
0.030757257386736302
0.0321552736320512
0.033259277956265765
0.03411007007710478
0.03474545929048015
0.03520002338896839
0.03550497215251705
0.035688127880446424
0.03577401704879535
0.0357840551750203
0.03573680079114025
0.03564825301940908
0.03553216924109622
0.03540038333960299
0.035263109776861236
0.03512922345104392
0.03500650935821658
0.03490187930947961
0.03482155531508569
0.03477122083646875
0.034728152843800465
0.0346848096234389
0.03462845024119253
0.034538620626762266
0.03442063464255854
0.03427955296022692
0.03412017970788838
0.033947048909731666
0.03376440296187836
0.0335761655276007
0.033385911232386774
0.03319683440312281
0.03301171884084725
0.032832910266867604
0.03266229267091196
0.032501269361299795
0.03235096445169455
0.032181249167264586
0.032003780288147654
0.03182455149473188
0.03164739189722545
0.03147464839779566
0.031307671618071645
0.03114716061515553
0.030993407814402532
0.030846474082275022
0.030706314906923608
0.030572871993272042
0.030446139795615123
0.030326213185027567
0.03021332022007158
0.030107842565281862
0.030010325252510177
0.029921477025779967
0.029842162311704997
0.029773385808414942
0.029716270706962814
0.02967203159353823
0.02964194309056537
0.029627305258121267
0.02962940668601174
0.029649486064811402
0.02968869284379196
0.029748047383505595
0.02982840081189043
0.02993039461517418
0.030054419855298452
0.030200575817174787
0.030368627864149556
0.03055796433634353
0.030753852075747875
0.030939742589213188
0.03111190899720059
0.031266497067393074
0.03139958129224674
0.03150723411293009
0.03158561344908239
0.03163107545443971
0.03164032070500219
0.03161058182155373
0.031539857314364005
0.03142718833908669
0.03127296040324399
0.0310791906714373
0.03084973669188112
0.030590342981423643
0.030310999752056596
0.030041413875371896
0.029785271230088322
0.029555333339916567
0.029355574344281758
0.029186466920479298
0.02783652657921678
0.025703038503170725
0.023819661944480496
0.022176223015115726
0.020744077129586327
0.01951256244661127
0.0184693121511926
0.017600530050609492
0.01689134138044237
0.01632619026077118
0.01588925021230062
0.015564815315033051
0.015337645352052131
0.015193246680595058
0.015118079695916074
0.015099692060559748
0.01512678339458971
0.015189211475159049
0.015277952248171906
0.015385026463899228
0.015503404985414358
0.01562690325925158
0.015750073489843138
0.015868101031793983
0.015976709611543377
0.016072078325294174
0.01614320038045576
0.016179181715095903
0.016201579331513293
0.016212236754505376
0.01622340119448087
0.016254598270324053
0.016301360698807898
0.01635951468663307
0.016425164932762925
0.016494688076982775
0.016564731926630445
0.0166322180294867
0.016694345500565918
0.0167485944546061
0.01682439273510139
0.016891899576010432
0.016953285831554137
0.01700509725499188
0.017051839157489968
0.017111043229203753
0.01717400182544977
0.017235911939328677
0.01729352276163651
0.01734465937531995
0.017387874927972554
0.01742219678309015
0.017446940094297373
0.01746156932999328
0.017465594081180615
0.01745848998955924
0.01743963897763871
0.017408285335529055
0.01736350580327147
0.01730419274482836
0.01722904997971203
0.017136600942352854
0.017025208686076026
0.01689310693596199
0.016738441011081573
0.01655931705832305
0.016353857729243238
0.01611289244217351
0.015829382426307378
0.015501452077445386
0.015127733372840341
0.014707443732334341
0.014240452202526456
0.013727332590749524
0.01316940278444503
0.012568750064321376
0.011928242743730062
0.01125152893380301
0.01055040623868472
0.009837090316494096
0.009116661169876387
0.008394502555222337
0.007676270477895319
0.006967866121277672
0.006275408710490055
0.005605199055961749
0.004963658744445831
0.004357224232271694
0.0037921716540081007
0.003274350510393841
0.002797112663114241
0.002362325966704367
0.001983015013595245
0.001666424574908516
0.0014781730124907564
0.0013801720080438367
0.001331510395257754
0.0013080472626780042
0.0012991811662411165
0.0012982551471032457
0.0013012522841536055
0.0013058502131803012
0.0013107712880352828
0.0013153733090620404
0.0013214487122475526
0.0013277810729059247
0.001334433139984608
0.001341496850295639
0.0013490658556486567
0.0013572242596328373
0.001366044138608999
0.0013755873319778325
0.0013852837069155894
0.0013946978856985736
0.0014039820963660807
0.0014133011322590946
0.0014228328840125096
0.0014327684144976554
0.0014433114797451532
0.0014521828599694568
0.001458400927232219
0.0014618433306720793
0.001462400855176815
0.0014599716303393478
0.001454454410698939
0.0014457410293803776
0.0014361828237504323
0.001428192104028712
0.0014221944609478215
0.0014202507585094062
0.0014211368226801236
0.0014249554938331624
0.0014317526052733567
0.0014415089052475943
0.0014541329410529388
0.0014694552110699414
0.001477120823709684
0.0014753968054639077
0.0014696011781737508
0.0014598638078421372
0.0014557030417952294
0.001458556194992371
0.0014629198311371689
0.001468187102563736
0.0014740249992479895
0.0014803067146787632
0.0014870740944395485
0.0014945148034389536
0.0015029448315765346
0.001512790641339114
0.0015199611148013514
0.0015243024519791008
0.0015262526829718879
0.001526322410507102
0.0015250528924349866
0.001522970912634856
0.0015205433074284382
0.0015181346153684751
0.0015159717063265717
0.00151411924771023
0.001512469317156722
0.001510747291455819
0.001508534394439541
0.0015053052012105504
0.001500476332820108
0.001493460941989566
0.0014837227320825108
0.0014736760686107017
0.0014652208986033783
0.001458540941015701
0.0014538821946110726
0.0014515259193828589
0.0014517532412333142
0.001454805567081916
0.0014530895321782271
0.0014398182740858816
0.0014156560319746447
0.001381447724080403
0.001338175802492511
0.0012869233514329773
0.001228845689358125
0.0011651513243919507
0.0010970915605893262
0.0010259564184694333
9.530729391726212E-4
8.798006221045671E-4
7.978560759144966E-4
7.104606588992674E-4
6.236943870301042E-4
5.418634582838133E-4
4.934995201546445E-4
4.748470249350107E-4
4.6950326785198193E-4
4.690459858001181E-4
4.709646105742946E-4
4.7184883100128284E-4
4.722395114784702E-4
4.7380670760312985E-4
4.7587154294874185E-4
4.779982462973204E-4
4.79882764083623E-4
4.8060698135489704E-4
4.7999922331695087E-4
4.779519636910685E-4
4.757301927613628E-4
4.7379218068687687E-4
4.719318247945261E-4
4.6998815902971633E-4
4.6784487044579463E-4
4.654288919350938E-4
4.6270821884365353E-4
4.5968930476544817E-4
4.567919396534129E-4
4.5438792379568713E-4
4.5252654483783015E-4
4.512816096432906E-4
4.5075220312275105E-4
4.5019028425951875E-4
4.4784471128427863E-4
4.451836459292211E-4
4.429287919581876E-4
4.4131887580178727E-4
4.4062170483768104E-4
4.4113449537262013E-4
4.4318254906884993E-4
4.4638636356131946E-4
4.502892517022466E-4
4.551250192201207E-4
4.611249856445841E-4
4.6858864993726507E-4
4.786857048521819E-4
4.916882045112854E-4
4.894506639832645E-4
4.7639090732282173E-4
4.5741784562204727E-4
4.328846372067338E-4
4.212749371734896E-4
4.175598773327933E-4
4.1608110461983726E-4
4.1559303762086076E-4
4.153977161848038E-4
4.1516557965029407E-4
4.148144842414716E-4
4.144232245417406E-4
4.141656848954381E-4
4.1425779069202776E-4
4.149131574573561E-4
4.1630558331856376E-4
4.18505101960876E-4
4.1846822846292584E-4
4.1894814342308297E-4
4.2022428170409394E-4
4.221613012807751E-4
4.245192537589389E-4
4.269713444274439E-4
4.2913159746660643E-4
4.3059204915904645E-4
4.3096790473369745E-4
4.299475326260567E-4
4.273425423963659E-4
4.231319475582902E-4
4.174940187471317E-4
4.108202126079198E-4
4.037075627704395E-4
3.969288398137815E-4
3.913830259057829E-4
3.880314597287528E-4
3.8782671084277133E-4
3.9164144271582865E-4
3.961575020064668E-4
3.978210126363052E-4
3.969294248434431E-4
3.935082925933487E-4
3.8728622221005394E-4
3.8237373387892246E-4
3.8240369266497493E-4
3.865435387725379E-4
3.937916021817593E-4
4.0303172239568996E-4
4.130954317467428E-4
4.2283154332143394E-4
4.31180501731051E-4
4.299652233737418E-4
4.2077771741012507E-4
4.0836990303159916E-4
3.917158255779003E-4
3.843940055221197E-4
3.8280958591338244E-4
3.8228720434954204E-4
3.8079019934251736E-4
3.779454675348657E-4
3.7373273974760626E-4
3.686751039682656E-4
3.637000665740748E-4
3.5853496647841117E-4
3.5517188429204106E-4
3.5341090773975263E-4
3.5303818227385065E-4
3.53778536967077E-4
3.543722141396018E-4
3.5483555091360327E-4
3.5590274641769464E-4
3.576278192686675E-4
3.6005772225063967E-4
3.6323529553135877E-4
3.672014673820885E-4
3.7157169519695806E-4
3.760441059846908E-4
3.8074483134088575E-4
3.8561438519983665E-4
3.896072172508032E-4
3.9266218315466505E-4
3.94727374421524E-4
3.9575768826014256E-4
3.9571165400129114E-4
3.945474540198404E-4
3.922181075703382E-4
3.8952140295084125E-4
3.8825513417056973E-4
3.885684586788507E-4
3.9059174076215965E-4
3.944300274640231E-4
4.0015589336481937E-4
4.0669482286217475E-4
4.13869359787364E-4
4.221942583438791E-4
4.322326479072325E-4
4.4380419451443804E-4
4.4154592223663504E-4
4.29227902191776E-4
4.1097276137955045E-4
3.868298311805147E-4
3.7557872073904906E-4
3.7175893923645605E-4
3.7016533860080553E-4
3.69830081747782E-4
3.701866946840747E-4
3.7094972743570225E-4
3.720367218146177E-4
3.735139049346086E-4
3.7555461149414856E-4
3.784041091121265E-4
3.811361742457733E-4
3.824608694613503E-4
3.825553794528384E-4
3.81581200851469E-4
3.796570523374471E-4
3.768364289013985E-4
3.7312194632330967E-4
3.7119882115296306E-4
3.709165374715721E-4
3.720149179610749E-4
3.7414228671098774E-4
3.7688413608941916E-4
3.798013798548086E-4
3.8247562052468655E-4
3.845571486878043E-4
3.8581007703027104E-4
3.8614853129862787E-4
3.8565844587080294E-4
3.846012332989362E-4
3.8339810088007325E-4
3.8259653590254323E-4
3.828228720810244E-4
3.8472639079494583E-4
3.8892085695867016E-4
3.938051574186794E-4
3.9362694255594204E-4
3.886301926257045E-4
3.828807700839702E-4
3.804323325452084E-4
3.811847910182471E-4
3.8483005254565745E-4
3.908817653933315E-4
3.9871443482665395E-4
4.0761105953951644E-4
4.1681805409170573E-4
4.256050565433864E-4
4.226820607988527E-4
4.117449156910048E-4
3.971683347755854E-4
3.8132439894168865E-4
3.7354812547620264E-4
3.7220458750113184E-4
3.710458839098665E-4
3.7140436670740303E-4
3.739008489554389E-4
3.7798943881274023E-4
3.821805960214195E-4
3.85998970407134E-4
3.894915718005152E-4
3.927166009175777E-4
3.957172904505991E-4
3.9851251710200077E-4
4.0047784735396216E-4
4.0141655285136455E-4
4.013133988763551E-4
4.0016748696408824E-4
3.9805874913463965E-4
3.959915103742824E-4
3.938562666584236E-4
3.9156832396852325E-4
3.8907072412851267E-4
3.863358357519213E-4
3.833660589843022E-4
3.8019407757678705E-4
3.772740179166432E-4
3.75018613783019E-4
3.734806851892829E-4
3.711801863626342E-4
3.688457674129849E-4
3.6661475212779356E-4
3.646522428098281E-4
3.631531262243072E-4
3.623435829101979E-4
3.624817243454268E-4
3.638569675191144E-4
3.6678775234404523E-4
3.7144210625377795E-4
3.76830037433089E-4
3.8317993153487407E-4
3.9071442701705205E-4
3.996338978474515E-4
4.111499053296671E-4
4.087754905093763E-4
3.9691241765393295E-4
3.802957671159006E-4
3.592106995370292E-4
3.5005894183366427E-4
3.478436715087383E-4
3.4733020396746E-4
3.474541208305752E-4
3.476121571758383E-4
3.4751101601195115E-4
3.470673958626091E-4
3.4633793907217804E-4
3.4546663444287584E-4
3.4464256049218005E-4
3.4406416706222293E-4
3.4390832842016246E-4
3.4430360830107733E-4
3.45307864044875E-4
3.476008431871988E-4
3.505362212263512E-4
3.540433893788152E-4
3.579590446579915E-4
3.620369752269203E-4
3.6596638948685034E-4
3.6939895365322264E-4
3.719838108944251E-4
3.734085906197562E-4
3.7344297479533417E-4
3.7198010287825637E-4
3.690703628941433E-4
3.649422692528529E-4
3.6000631918224667E-4
3.5483983177418883E-4
3.5015341805613145E-4
3.467423361428415E-4
3.454279545666413E-4
3.469954302722929E-4
3.506279447457893E-4
3.541895444945153E-4
3.5499489668266835E-4
3.531772294111788E-4
3.486286536581299E-4
3.430250935602291E-4
3.417394709600383E-4
3.441505444474089E-4
3.4946300975949253E-4
3.567543943891987E-4
3.6502950886976333E-4
3.7328235894375076E-4
3.805634723073182E-4
3.790178549679956E-4
3.7095632283974217E-4
3.603603803288108E-4
3.45187726213756E-4
3.382302744891618E-4
3.3655155386847955E-4
3.357271576858665E-4
3.339075707376826E-4
3.3080728656732534E-4
3.271644462190281E-4
3.2391794305964124E-4
3.207215437036988E-4
3.1735388262628937E-4
3.13670771181686E-4
3.1081940876426576E-4
3.0910549744592126E-4
3.0837324365830357E-4
3.0846406649007104E-4
3.0921732346944945E-4
3.101034396915891E-4
3.115540827556605E-4
3.137862103731047E-4
3.1683063494143053E-4
3.2071412253560606E-4
3.2525311502828167E-4
3.298667901368689E-4
3.339356389549856E-4
3.373795864838104E-4
3.401286428778172E-4
3.421225841115273E-4
3.433101363484231E-4
3.436476012388587E-4
3.430968459904389E-4
3.416225823277785E-4
3.3918887417470694E-4
3.37517856192645E-4
3.370526786298341E-4
3.3794695706982963E-4
3.403439099143854E-4
3.443708086995812E-4
3.501326633150066E-4
3.5715052358122106E-4
3.6480984319524687E-4
3.72956033374415E-4
3.8156502306531804E-4
3.9179162712844363E-4
3.893932929698703E-4
3.7823469917453237E-4
3.622625946878339E-4
3.414942831083421E-4
3.3261084740947446E-4
3.303484797452122E-4
3.297978445718993E-4
3.300943670632808E-4
3.3073479078578945E-4
3.3147032743309707E-4
3.3223789290435E-4
3.3311248773918627E-4
3.342707003372492E-4
3.359595708425062E-4
3.3846773850177043E-4
3.406174229381003E-4
3.4166036211647865E-4
3.417875967529849E-4
3.4115457847405585E-4
3.398585668576726E-4
3.379217321284945E-4
3.352819269255321E-4
3.322690577044953E-4
3.30665326647278E-4
3.301815896043579E-4
3.3046266783613097E-4
3.3112016100062225E-4
3.317719454138583E-4
3.3208504063973624E-4
3.3181726925080485E-4
3.308524659635587E-4
3.2922421408553937E-4
3.2712428829562916E-4
3.2489398633203686E-4
3.2299893089671357E-4
3.2199019344971976E-4
3.224562459198572E-4
3.2497097205038544E-4
3.300427141562071E-4
3.319219351768518E-4
3.298412349235091E-4
3.2538392568593264E-4
3.211501990621935E-4
3.1999581586398244E-4
3.21699120136764E-4
3.2586771824751656E-4
3.319715193381916E-4
3.393834005088346E-4
3.474266472573553E-4
3.5542744895136427E-4
3.5370863513672945E-4
3.4539084063041044E-4
3.3421605948229607E-4
3.22085577342323E-4
3.1696881752624146E-4
3.155884178566744E-4
3.1377819535624574E-4
3.1370263885297607E-4
3.1508995773783604E-4
3.175037988561025E-4
3.2076670623314184E-4
3.247759440712167E-4
3.283482733756028E-4
3.315878186042769E-4
3.3458930364568416E-4
3.374255650749306E-4
3.4014476371124107E-4
3.4240160944008937E-4
3.437482844180998E-4
3.442090932699103E-4
3.4381691926992466E-4
3.426190360724198E-4
3.4068187666336626E-4
3.3842770321715517E-4
3.360143134155714E-4
3.33411101995366E-4
3.306097359343921E-4
3.276255671066875E-4
3.2468804684845026E-4
3.2241506784161817E-4
3.205652877673452E-4
3.1864669493407894E-4
3.1673266310548905E-4
3.1491907273570384E-4
3.133262999906836E-4
3.12101078257103E-4
3.114179690906353E-4
3.114801510134472E-4
3.125192151423603E-4
3.1479364396189797E-4
3.1858564216169895E-4
3.2393976099606535E-4
3.2993797135180626E-4
3.367595591742108E-4
3.4457048118841175E-4
3.5402679898247064E-4
3.50773158519562E-4
3.389856215192966E-4
3.231600956975341E-4
3.0350627365859117E-4
2.955103244996287E-4
2.9402848110008387E-4
2.940586053253912E-4
2.9461629523474733E-4
2.951374347836685E-4
2.9533984750827193E-4
2.951331828203437E-4
2.9455674826571286E-4
2.9373345214709934E-4
2.928330696881599E-4
2.920411501320067E-4
2.915318005511868E-4
2.9144373848547623E-4
2.918596747579134E-4
2.9278947594701645E-4
2.956257817537837E-4
2.99443974740542E-4
3.0370712375398374E-4
3.0822144440957925E-4
3.1272812128417516E-4
3.169239957475362E-4
3.204897682209851E-4
3.2312443207697624E-4
3.2458340960952043E-4
3.2471663511939703E-4
3.2350195720450204E-4
3.210690325844499E-4
3.1770955846445735E-4
3.138712324768964E-4
3.1013499208125324E-4
3.0717742826990484E-4
3.0572226943082674E-4
3.064860338663043E-4
3.081811544954479E-4
3.101678104554561E-4
3.123066473399033E-4
3.121470933571109E-4
3.09681015499386E-4
3.046779285730306E-4
3.0265508357890544E-4
3.0412337983085145E-4
3.0843340456194817E-4
3.1480358324790256E-4
3.223668480210213E-4
3.302246192666146E-4
3.37506742256947E-4
3.3670662022356715E-4
3.3046513385343447E-4
3.2196802128299143E-4
3.0887762873052586E-4
3.026657756837996E-4
3.009908193642263E-4
2.9982258186860185E-4
2.975447758279329E-4
2.947678321555755E-4
2.9275385288548466E-4
2.910710067146858E-4
2.8945520325878896E-4
2.8773978122313015E-4
2.8581501466344567E-4
2.836053731040273E-4
2.811077994996718E-4
2.7948418028240466E-4
2.786094268660383E-4
2.7835122840600877E-4
2.7857270504779065E-4
2.7913519778487617E-4
2.802854874626022E-4
2.8236526681030543E-4
2.852240075685117E-4
2.884958824627302E-4
2.914495119658891E-4
2.9399827041546927E-4
2.9606382654552956E-4
2.975766810491113E-4
2.984763311534538E-4
2.9871103826600176E-4
2.9823714899742683E-4
2.9701790234713165E-4
2.950216492054693E-4
2.931707569285569E-4
2.921743266202092E-4
2.921845116727252E-4
2.9335347278454534E-4
2.9582973223326946E-4
2.997538174616983E-4
3.052531630394769E-4
3.1242431953457534E-4
3.202239002656463E-4
3.2855578099585535E-4
3.3728196345501204E-4
3.4648876254970686E-4
3.440206841799934E-4
3.33826766366796E-4
3.19732494426967E-4
3.017651037195007E-4
2.9471501280849463E-4
2.9359871986064056E-4
2.938055229053719E-4
2.945502800800228E-4
2.9537636316636197E-4
2.960588363449233E-4
2.965427903449158E-4
2.969010864518001E-4
2.9730220362711397E-4
2.979828196156564E-4
2.992222461533445E-4
3.013174191794416E-4
3.0313982247873514E-4
3.041139781429989E-4
3.044150531530718E-4
3.041691039986112E-4
3.034356142295665E-4
3.0219646963053614E-4
3.0035308163961624E-4
2.977330988807696E-4
2.958459994400953E-4
2.947922323362564E-4
2.9423000861647107E-4
2.9381160604102183E-4
2.93221302792116E-4
2.9221335171936976E-4
2.906455139755776E-4
2.885036179609405E-4
2.8591340252764186E-4
2.831374670832331E-4
2.8055719194228516E-4
2.786415751860006E-4
2.779066057510497E-4
2.7886971746864694E-4
2.820039136920134E-4
2.8461880586444765E-4
2.8371246334012927E-4
2.8132673166951955E-4
2.7868278027774296E-4
2.7624393556962873E-4
2.764291565516653E-4
2.7894114293289035E-4
2.8335078716623847E-4
2.8913169057685957E-4
2.957008293288752E-4
3.024640448842979E-4
3.0101017900476776E-4
2.9426285462428003E-4
2.853591924206291E-4
2.7582273442696494E-4
2.71375988270179E-4
2.6986501686064303E-4
2.6779920058422077E-4
2.6757458383486183E-4
2.683880647721729E-4
2.698703777358677E-4
2.7188734065705124E-4
2.744207006168695E-4
2.7749736602576404E-4
2.808342115418064E-4
2.8388916249445475E-4
2.8675665444308907E-4
2.895108419020934E-4
2.922060312988653E-4
2.945596146348455E-4
2.9609018480712424E-4
2.968457841105849E-4
2.9688148040710573E-4
2.962634529267276E-4
2.9507238671383517E-4
2.934060668865841E-4
2.9138123288889627E-4
2.8913485604130606E-4
2.8682504809471386E-4
2.8482359625955694E-4
2.8320399953851006E-4
2.815533905032454E-4
2.7990374308560235E-4
2.783048114355471E-4
2.7682597369369064E-4
2.75558095140846E-4
2.7461524121678594E-4
2.7413603729547136E-4
2.7428444749281523E-4
2.7524972653497E-4
2.7724528418314833E-4
2.8050618892404804E-4
2.8528502605314253E-4
2.9111648513894763E-4
2.9754305261520364E-4
3.046978117113568E-4
3.1270246072866484E-4
3.0896166193337103E-4
2.974356282351591E-4
2.824216954218167E-4
2.6408791684990414E-4
2.5705060542966814E-4
2.561396794515443E-4
2.565668723894748E-4
2.57428229803377E-4
2.582042292750681E-4
2.5863269625602285E-4
2.586270105049248E-4
2.5822036572513196E-4
2.575249136388975E-4
2.566993808971244E-4
2.559216502420852E-4
2.553645911389844E-4
2.5517451347520706E-4
2.5545225238347694E-4
2.5623725657663313E-4
2.5749528785062745E-4
2.6050645226329634E-4
2.6438031103029965E-4
2.6858287162259713E-4
2.7290069569290613E-4
2.770731493660925E-4
2.808153433998001E-4
2.8384712121725227E-4
2.8592623191482565E-4
2.8688270737742944E-4
2.8665055707014403E-4
2.8529249305032716E-4
2.830137204670289E-4
2.8016193555917447E-4
2.772124190307389E-4
2.747391636679753E-4
2.733748872122734E-4
2.737641214700387E-4
2.7463962430691294E-4
2.757267031757727E-4
2.7731823385458617E-4
2.7819134296443507E-4
2.770870239319029E-4
2.7386614897544575E-4
2.7116449232355124E-4
2.7172864165394704E-4
2.750285546775226E-4
2.804030716281231E-4
2.8709977608866287E-4
2.9432163779746843E-4
3.012796254112654E-4
3.0104051502937037E-4
2.9632071404372094E-4
2.8888231385736806E-4
2.7749648367018763E-4
2.720767278748012E-4
2.7044122877703373E-4
2.6898338157305574E-4
2.6629813475835204E-4
2.646555173839881E-4
2.6360552569642566E-4
2.6281065093198517E-4
2.6207374959383496E-4
2.6127540906960945E-4
2.6033839211713253E-4
2.592082030980654E-4
2.5784311442192317E-4
2.562095704507175E-4
2.5460182606589177E-4
2.535731946499331E-4
2.5300851280646384E-4
2.527877704416987E-4
2.5278905391626594E-4
2.532231156731573E-4
2.5449958071862146E-4
2.562729209450949E-4
2.578335122291549E-4
2.59099043271923E-4
2.599937313288341E-4
2.60449046235812E-4
2.6040411981142526E-4
2.598058324566509E-4
2.586085428279068E-4
2.5677340744006033E-4
2.549434827093377E-4
2.5368773764848586E-4
2.531381137082529E-4
2.534317331298928E-4
2.54708742682494E-4
2.5710960557982066E-4
2.6077180633827125E-4
2.6582592324849905E-4
2.7239100795575566E-4
2.800090889049513E-4
2.881193560844528E-4
2.9662779532781147E-4
3.054020981792746E-4
3.0268090739127984E-4
2.9308747782321934E-4
2.8028344385034644E-4
2.6430346074445536E-4
2.5853871432522993E-4
2.5816562379582574E-4
2.5886566546346845E-4
2.5990756800241114E-4
2.6086514161027726E-4
2.6152684682161526E-4
2.61838725694775E-4
2.6186573047631416E-4
2.617626295879328E-4
2.6174938959928944E-4
2.6208827397359495E-4
2.630613937946236E-4
2.649483727534381E-4
2.666160854550446E-4
2.6765268798477555E-4
2.6819648586780075E-4
2.683279115654856E-4
2.680577331324029E-4
2.673222219437611E-4
2.6598664563942236E-4
2.6385802127188503E-4
2.6220256387318676E-4
2.610927364234385E-4
2.6021529415068536E-4
2.592764546218732E-4
2.580362067031203E-4
2.5633964386463783E-4
2.5414126484970054E-4
2.515186855356434E-4
2.486734228582279E-4
2.459181383530136E-4
2.4365160852953205E-4
2.423243149485895E-4
2.4239857775774551E-4
2.4430741467755513E-4
2.460443370357366E-4
2.459946211925152E-4
2.447436641138929E-4
2.4317321064408536E-4
2.413755916300581E-4
2.4066058566312877E-4
2.4209572415679785E-4
2.4533461187717414E-4
2.49936461425532E-4
2.5540101094216426E-4
2.6120789281129745E-4
2.599398365431355E-4
2.5450546072017884E-4
2.47473468636535E-4
2.388755443989021E-4
2.3496483908034077E-4
2.3327781325363145E-4
2.316593863931623E-4
2.3147661453994973E-4
2.3203405268899018E-4
2.3302070588330747E-4
2.343348974738597E-4
2.3597945245644084E-4
2.379992964555454E-4
2.404453497720305E-4
2.4335503399670636E-4
2.4626720387664424E-4
2.490655315989851E-4
2.518174257223055E-4
2.5457510921427927E-4
2.5692691658994103E-4
2.58556645226747E-4
2.59524578674466E-4
2.5989737966985045E-4
2.597510672627228E-4
2.591735701361827E-4
2.582668299653146E-4
2.571485183312143E-4
2.559534774192932E-4
2.544223797692272E-4
2.5291603894988965E-4
2.514398970668003E-4
2.500132546341986E-4
2.486710378885605E-4
2.4746562547901975E-4
2.464686349242957E-4
2.4577253367026825E-4
2.4549191285382007E-4
2.4576424222230996E-4
2.467499094621008E-4
2.486313335643948E-4
2.516109273477441E-4
2.559076676789992E-4
2.61663456425308E-4
2.6788944318248685E-4
2.7469672605041364E-4
2.821788298196331E-4
2.782573769136498E-4
2.6716550202066926E-4
2.530509447780363E-4
2.360630894415132E-4
2.2988589765275805E-4
2.2945915774220515E-4
2.3019333130854043E-4
2.312622815094537E-4
2.3219252511411028E-4
2.3274616717710434E-4
2.3284624502329106E-4
2.325263238463608E-4
2.3189385390503376E-4
2.3110127169472333E-4
2.3032153768532638E-4
2.2972647375473241E-4
2.2946727857075857E-4
2.2965719169243328E-4
2.3035661369789906E-4
2.3156119908745987E-4
2.331936102436108E-4
2.3644745729345235E-4
2.40085015783161E-4
2.4392959042597972E-4
2.4775662294956066E-4
2.5131267982562674E-4
2.543401248009827E-4
2.566060901374392E-4
2.5793336058583074E-4
2.5822990121802773E-4
2.575132543690572E-4
2.559261214452388E-4
2.5374023130877814E-4
2.513470041328245E-4
2.492352974917961E-4
2.4795829700224317E-4
2.4809298921702394E-4
2.484838374149097E-4
2.4901461909428174E-4
2.4997239433931223E-4
2.5138274653417955E-4
2.510501285475965E-4
2.4890111621172036E-4
2.4696629534069737E-4
2.4671267227563756E-4
2.49057288307123E-4
2.5344030465782426E-4
2.592094409490849E-4
2.656603419267099E-4
2.7208255778260503E-4
2.721835514115726E-4
2.686574054399774E-4
2.620160523327511E-4
2.5199200161130027E-4
2.472810288646177E-4
2.456724340121749E-4
2.439789412381332E-4
2.4211794325404098E-4
2.4118987882449622E-4
2.407053091320221E-4
2.4039549430374246E-4
2.4011322359394568E-4
2.397757170868373E-4
2.393325624442651E-4
2.3874853979318885E-4
2.3799517422911604E-4
2.3704723702149352E-4
2.358818825925456E-4
2.3447903311196258E-4
2.3331116882455982E-4
2.32480641132031E-4
2.318812037990042E-4
2.314052851869176E-4
2.3141500005865578E-4
2.3202098654835152E-4
2.324889208695371E-4
2.3274224068220773E-4
2.3270924796968607E-4
2.3232389605195891E-4
2.3152630247286483E-4
2.302629917559044E-4
2.2848684715575477E-4
2.2678090897462102E-4
2.2545301783377374E-4
2.2461035620688005E-4
2.2436713916766538E-4
2.2484344038408918E-4
2.2616361126416326E-4
2.2845426810525415E-4
2.318418178139733E-4
2.364494794503835E-4
2.4239373736152585E-4
2.4972864445727124E-4
2.574832192136071E-4
2.6558791014309085E-4
2.739436004356329E-4
2.7098983913137736E-4
2.618169967759051E-4
2.499430411048692E-4
2.3540790340940564E-4
2.3053687535506972E-4
2.3066249638073642E-4
2.316962013083341E-4
2.3294788585467044E-4
2.340142059037878E-4
2.346927582508649E-4
2.3492831921551E-4
2.3477677544609673E-4
2.343783123052793E-4
2.3393497508032466E-4
2.3368993870413984E-4
2.339072375517549E-4
2.3485159112585324E-4
2.367684781732274E-4
2.3835715323436971E-4
2.3948199150625196E-4
2.4023466389309773E-4
2.4064497198750742E-4
2.4067488631432195E-4
2.4021981905496262E-4
2.3911807619939588E-4
2.3718635918224204E-4
2.3582142258773061E-4
2.347427177906302E-4
2.336802957170891E-4
2.324057101168208E-4
2.3076098886066137E-4
2.2868205484416048E-4
2.2621327409413434E-4
2.235107579461236E-4
2.20833507019053E-4
2.1852316624126238E-4
2.169747011276818E-4
2.1660137722353032E-4
2.1779782511635614E-4
2.1867864808294317E-4
2.189010311754994E-4
2.1842353707261707E-4
2.1757933740686983E-4
2.1648748582450673E-4
2.1527900711269154E-4
2.1604958812598458E-4
2.185169595958716E-4
2.2230886589359709E-4
2.26993274459444E-4
2.3211262051397514E-4
2.3106597427576287E-4
2.267472126682898E-4
2.2124123514592119E-4
2.1341493978843526E-4
2.0988934585032648E-4
2.0800157899982674E-4
2.0679222035259231E-4
2.067124506839426E-4
2.0715806191165198E-4
2.0786672386206414E-4
2.0876236921612727E-4
2.0986232272144866E-4
2.112220489605669E-4
2.1290308676942814E-4
2.1495554963692348E-4
2.1740983241836487E-4
2.202244528580014E-4
2.2300456841898645E-4
2.2580928917037796E-4
2.28686221349312E-4
2.3097944542860985E-4
2.3265978018139556E-4
2.3379340715730555E-4
2.3445254774093874E-4
2.3471781090545664E-4
2.346803058422057E-4
2.3439789025493454E-4
2.3344317578286605E-4
2.3197244215655485E-4
2.3057449906908786E-4
2.292482678806116E-4
2.280047512956241E-4
2.2686884530124252E-4
2.258811573337819E-4
2.2509974655295057E-4
2.246016739038427E-4
2.2448422884036582E-4
2.2486568455316004E-4
2.2588542170189432E-4
2.277032489394798E-4
2.304977340926927E-4
2.3446334094848745E-4
2.3980614346476919E-4
2.4587927102990176E-4
2.5244724831570116E-4
2.5959325687207354E-4
2.5563345057952514E-4
2.4500235810855564E-4
2.3174105142636695E-4
2.159921072778642E-4
2.1052440215244003E-4
2.1048179845886708E-4
2.11440372991016E-4
2.1264108062603963E-4
2.1365130947850058E-4
2.1425609051583372E-4
2.1438918789505428E-4
2.1408689589141804E-4
2.1345466540153652E-4
2.1264090211306748E-4
2.1181481895790995E-4
2.11146785564251E-4
2.107905639944124E-4
2.1086737140139464E-4
2.1145201993102E-4
2.1256157110478935E-4
2.1414709122164974E-4
2.1608924660963228E-4
2.1915706426225753E-4
2.2249851092205015E-4
2.2591842911857013E-4
2.2919029094879847E-4
2.3207747944777783E-4
2.343587943984639E-4
2.3585624847295245E-4
2.3646238400324863E-4
2.36163787342516E-4
2.3505741729355046E-4
2.3335691625240917E-4
2.3138721161332796E-4
2.2956725387898646E-4
2.2838236454187494E-4
2.283490219997483E-4
2.2838037982002591E-4
2.284842196940185E-4
2.2893415052424433E-4
2.2990631065159556E-4
2.29992967245993E-4
2.2846697129790344E-4
2.2728008964836355E-4
2.267295416080889E-4
2.282551415280901E-4
2.317462657277014E-4
2.3663685509388725E-4
2.4230515466396738E-4
2.4811396617987396E-4
2.4838881388965033E-4
2.4578939217739164E-4
2.397733652154992E-4
2.3084833617476722E-4
2.2671760932454688E-4
2.2509497603806895E-4
2.231904832800666E-4
2.219842506836184E-4
2.2151954623454942E-4
2.213778912748352E-4
2.2134063945007098E-4
2.2129686111300618E-4
2.2119065193569956E-4
2.2099181932037825E-4
2.2068042960643951E-4
2.2023945380269467E-4
2.1965198434533914E-4
2.189008669790848E-4
2.1796945466211003E-4
2.1684274098584234E-4
2.155595476627729E-4
2.145057713890507E-4
2.135865915189116E-4
2.1270661846194426E-4
2.1243581388546317E-4
2.1207723080628353E-4
2.1156056964986974E-4
2.1081901282872848E-4
2.0979000483527217E-4
2.0841578815708334E-4
2.06691329538936E-4
2.051379824055866E-4
2.038328506606301E-4
2.0286052312018572E-4
2.0231277715259524E-4
2.0228801162927774E-4
2.0289038270023582E-4
2.0422862369857625E-4
2.0641453383928824E-4
2.095611161497426E-4
2.1378033114199696E-4
2.1918040879955584E-4
2.2586262963525118E-4
2.332401156157548E-4
2.4090621315397018E-4
2.487817536870596E-4
2.4602918415597756E-4
2.3722172280739198E-4
2.261047106677847E-4
2.1272315067958792E-4
2.0853085987423584E-4
2.0901879444127562E-4
2.1029541794753608E-4
2.1170753849427608E-4
2.128725669948393E-4
2.1359668418185617E-4
2.1382386175134262E-4
2.136019336790462E-4
2.130576472138455E-4
2.1237601928907578E-4
2.1178143171098632E-4
2.115192373194806E-4
2.11837487117028E-4
2.1296888190981263E-4
2.1495792571002068E-4
2.1649893624313432E-4
2.176884825801269E-4
2.1856841229294524E-4
2.1911934269469777E-4
2.1926046128481588E-4
2.188565573933093E-4
2.1773272413330027E-4
2.1621564470061024E-4
2.150142371245789E-4
2.1388249570189724E-4
2.1260681931376286E-4
2.1103264579073599E-4
2.0908664931246158E-4
2.0679142771728147E-4
2.0427035298078248E-4
2.017415002866009E-4
1.9950107158086107E-4
1.9789816964350417E-4
1.973038487134815E-4
1.9807785567151146E-4
1.9834694533683286E-4
1.9802746966512543E-4
1.9812611665655905E-4
1.978313307760316E-4
1.9727658849319469E-4
1.9647723708369406E-4
1.968067144681972E-4
1.9872990730564275E-4
2.019287705407132E-4
2.0602674385961472E-4
2.106187404267438E-4
2.097952121357818E-4
2.0641083478381962E-4
2.0208246133916725E-4
1.9495047840466248E-4
1.9171998417106588E-4
1.8963718819883142E-4
1.8876119742937072E-4
1.8878529423842097E-4
1.8917962761263996E-4
1.8972095492921268E-4
1.9035278218905557E-4
1.911021941847147E-4
1.9203050363747647E-4
1.93204631063869E-4
1.9468142608318765E-4
1.9650011358357585E-4
1.9867978055318058E-4
2.0121987589841083E-4
2.0403604013420832E-4
2.069421100851917E-4
2.0972865891349284E-4
2.119450716871559E-4
2.1365658032033375E-4
2.1493230651556936E-4
2.1584734112401445E-4
2.1620024871928364E-4
2.1593852617523307E-4
2.1506566743507305E-4
2.1364984314431733E-4
2.1233991837387784E-4
2.1113077653732662E-4
2.100278485571287E-4
2.0904893256208353E-4
2.0822599007504206E-4
2.076068448332645E-4
2.0725668800804798E-4
2.0725927763822114E-4
2.077177090403325E-4
2.0875462425780746E-4
2.1051171911768522E-4
2.131483930672923E-4
2.1683936740300827E-4
2.2177107134606117E-4
2.2767028463988566E-4
2.340040127602881E-4
2.4084820745042467E-4
2.372254855012153E-4
2.2702991316998452E-4
2.1453415404707702E-4
1.9987880410565518E-4
1.9499151107521702E-4
1.9523830678442434E-4
1.9634860737868722E-4
1.9762029742606928E-4
1.9865598540942257E-4
1.9926105542163744E-4
1.9937940872981588E-4
1.9905059757702675E-4
1.9837901877549688E-4
1.9750983131803883E-4
1.9660865409040323E-4
1.9584356155887122E-4
1.9536877897167418E-4
1.9530999108443922E-4
1.957514632230279E-4
1.9672534122991344E-4
1.982036282956295E-4
2.0009347404004096E-4
2.0238923320352916E-4
2.0527604263730184E-4
2.0831286282219555E-4
2.1129607652267557E-4
2.140081618475254E-4
2.1624032906502485E-4
2.1781762442258653E-4
2.186241330691417E-4
2.1862534601999365E-4
2.1788459889986436E-4
2.1657087229512296E-4
2.1495617157817572E-4
2.1340203957707793E-4
2.1233623662420778E-4
2.1222192751009904E-4
2.119835824441677E-4
2.1175725204656575E-4
2.1179910301428448E-4
2.1228350540006505E-4
2.1260885506451977E-4
2.1146049417026258E-4
2.1080326032518997E-4
2.1073101043971948E-4
2.116163358512149E-4
2.1437323680566317E-4
2.185084862574333E-4
2.2347198692836346E-4
2.286922171047221E-4
2.2905204781341435E-4
2.2718059184489992E-4
2.2166842434078254E-4
2.1363212941814623E-4
2.0994437324841592E-4
2.0826475446920846E-4
2.0622176835983147E-4
2.054708550040315E-4
2.0531411143552398E-4
2.0538710033257815E-4
2.0550861071091153E-4
2.055943643844795E-4
2.0560800043861234E-4
2.0553406386425498E-4
2.05363978473731E-4
2.0508956373216334E-4
2.047007789239252E-4
2.041856771744412E-4
2.0353136532922787E-4
2.0272528179778127E-4
2.01756431623276E-4
2.0061642152259922E-4
1.993688988043021E-4
1.9817271466673918E-4
1.9720467790555106E-4
1.962294233080723E-4
1.9513520363096407E-4
1.9386021700957434E-4
1.923458275850449E-4
1.9083453786542296E-4
1.8942800516756714E-4
1.8818579788085145E-4
1.8717410734418952E-4
1.8646573131235242E-4
1.8613986636834576E-4
1.8628168350191644E-4
1.8698166953284037E-4
1.8833472486174625E-4
1.9043901182964274E-4
1.9339454449107338E-4
1.9730149730856194E-4
2.0225818601920145E-4
2.0835863961909674E-4
2.1539371435356353E-4
2.2266123305795564E-4
2.3009424728739653E-4
2.2758814369467528E-4
2.1911731425433136E-4
2.0864003736715888E-4
1.9620708108041712E-4
1.9252417038495302E-4
1.9327864249419824E-4
1.9473075717898352E-4
1.9626094888140308E-4
1.975059630302624E-4
1.9828055451349754E-4
1.985289030136606E-4
1.9829247671396936E-4
1.976866179814197E-4
1.9688137862335894E-4
1.9608413603546725E-4
1.9552278754727886E-4
1.9542911159784414E-4
1.9602235280845253E-4
1.9749334186454283E-4
1.9932552890589833E-4
2.008194062514618E-4
2.020239621387267E-4
2.0293291452191053E-4
2.0348357117849888E-4
2.0356211657320946E-4
2.0301581074426485E-4
2.0167194844855906E-4
2.0038841371212393E-4
1.9920871446762748E-4
1.9793467819436653E-4
1.96418359194194E-4
1.9458291042833445E-4
1.924370132141769E-4
1.9008062549689107E-4
1.877008756543808E-4
1.8555827148147272E-4
1.8396473203040762E-4
1.832559946298959E-4
1.8375451293984883E-4
1.835733001372019E-4
1.8286443807566182E-4
1.832385367153795E-4
1.833683941941007E-4
1.8323640341399362E-4
1.8287690670323054E-4
1.8289523513770664E-4
1.8441336635288067E-4
1.871559959394838E-4
1.9079138263857233E-4
1.949578467361892E-4
1.943397404686944E-4
1.9171731322248709E-4
1.8765834716426774E-4
1.8111742719103058E-4
1.7811105685381718E-4
1.7584357489364134E-4
1.7521979998538995E-4
1.753253755054428E-4
1.7568994721241338E-4
1.7612094473302688E-4
1.7657636342956442E-4
1.7708942945850067E-4
1.7772408029233426E-4
1.7854923337429034E-4
1.7962470408127419E-4
1.809943791768587E-4
1.8268385418694866E-4
1.8470071981328134E-4
1.8703630616947854E-4
1.8966810967878088E-4
1.9256241482750464E-4
1.9506013440178687E-4
1.9704308471765825E-4
1.984936188164632E-4
1.993965061628532E-4
1.9974070330255322E-4
1.9952110398248853E-4
1.9874029232884175E-4
1.9741032228658722E-4
1.9616513703854112E-4
1.9504128782315777E-4
1.9404057934675195E-4
1.9317579108743142E-4
1.9247242881318102E-4
1.9197037211482918E-4
1.9172533378603084E-4
1.9181003479689938E-4
1.9231499081296113E-4
1.93348800221049E-4
1.9503781628067308E-4
1.9752507406211968E-4
2.0096832365474693E-4
2.0553699370864375E-4
2.1123164185253934E-4
2.1731217072585446E-4
2.238484032943267E-4
2.205286600209613E-4
2.1074372585677085E-4
1.9893730081695592E-4
1.8524929949097197E-4
1.808557663622375E-4
1.8131395431969928E-4
1.8251690972638138E-4
1.838123799851978E-4
1.8483405189002736E-4
1.8540551854665018E-4
1.854799641689776E-4
1.8510007444625388E-4
1.8436933974519366E-4
1.8342971291797239E-4
1.824428403798195E-4
1.8157345668595796E-4
1.8097435761652237E-4
1.807728422951201E-4
1.8105877651697778E-4
1.818745807863508E-4
1.8320756382429827E-4
1.849851475357404E-4
1.8707366234477812E-4
1.895584521990408E-4
1.9224534430838696E-4
1.9495059239215052E-4
1.974742145674798E-4
1.9962022037607434E-4
2.0121935501285224E-4
2.0215231806765488E-4
2.023708529006956E-4
2.0191388546895173E-4
2.009161500488926E-4
1.996075020971863E-4
1.9830228328193304E-4
1.9737944988017713E-4
1.9725541536771445E-4
1.9682754175115224E-4
1.9636114104370475E-4
1.9609305855262463E-4
1.9619071434113578E-4
1.9666439382277776E-4
1.957688563113822E-4
1.95497290146101E-4
1.9574936432511714E-4
1.9630528758565272E-4
1.984752020480466E-4
2.019803595364719E-4
2.0633260378623806E-4
2.1101874536119287E-4
2.114097089064696E-4
2.1013354376606247E-4
2.050597697023784E-4
1.9777367411546516E-4
1.9444357408511534E-4
1.926813032521551E-4
1.9113402641972538E-4
1.9070010771448523E-4
1.907464479118279E-4
1.9095161984554246E-4
1.9116343287977133E-4
1.9131767176651458E-4
1.9139229650263836E-4
1.9138246038864735E-4
1.9128773759921969E-4
1.9110639194153456E-4
1.9083355368096686E-4
1.9046141149166716E-4
1.8998029877634077E-4
1.893800397590141E-4
1.88651226129057E-4
1.8778628312793668E-4
1.8678029485001067E-4
1.8563161834176975E-4
1.8434234238726529E-4
1.83031414463843E-4
1.81676963709917E-4
1.8031004378879845E-4
1.7896639744338158E-4
1.7768685048385492E-4
1.765176336922898E-4
1.755106192345773E-4
1.747234492468261E-4
1.7421953087527482E-4
1.7406787393205674E-4
1.743427534084555E-4
1.7512318743380392E-4
1.7649222919492318E-4
1.7853607565596663E-4
1.8134299338957898E-4
1.850020496713615E-4
1.8960161350647703E-4
1.9522755643960207E-4
2.0195741605747518E-4
2.0887288730781373E-4
2.159146925680029E-4
2.1362681617145065E-4
2.0547044946935136E-4
1.9554635195761762E-4
1.8391105859362014E-4
1.806156733282455E-4
1.8156637289734915E-4
1.8314174123671854E-4
1.8475318450323825E-4
1.8605571384874974E-4
1.8687281333635268E-4
1.871499475688811E-4
1.8692394943916875E-4
1.8630088523759192E-4
1.8543811631110195E-4
1.8452818492098748E-4
1.837833502651589E-4
1.8342034721780933E-4
1.8364538320080428E-4
1.8463963077644605E-4
1.8654560111937027E-4
1.8824971614454395E-4
1.8968005961799664E-4
1.9083929205355063E-4
1.9167822579751047E-4
1.9209986378409117E-4
1.9196969639554757E-4
1.9113221308716223E-4
1.8980787903326375E-4
1.886074748552637E-4
1.873472738717187E-4
1.8588699426262E-4
1.8414938159149418E-4
1.8213418544084516E-4
1.7992439428282406E-4
1.7768351869029776E-4
1.7564392164943907E-4
1.740874369732035E-4
1.733205247575608E-4
1.7341509450321982E-4
1.7289380094141866E-4
1.7189657546299176E-4
1.720178753387421E-4
1.7247386489286056E-4
1.72672176458793E-4
1.726598009231246E-4
1.72451733024064E-4
1.7365792733697869E-4
1.7603719071863634E-4
1.7929435431282223E-4
1.8310390610505852E-4
1.8266350771375335E-4
1.8065814749417396E-4
1.7682275506571057E-4
1.7076735347733443E-4
1.6792181384599376E-4
1.654797009360053E-4
1.6503793985080462E-4
1.6519866113049497E-4
1.6553900881977876E-4
1.6589037139960787E-4
1.6622131821080098E-4
1.6656861352144632E-4
1.6699666560812183E-4
1.675742165461607E-4
1.683616436000588E-4
1.6940481035722523E-4
1.707329068343773E-4
1.7235863228575956E-4
1.7427965541477904E-4
1.7648067016834537E-4
1.7893562610236014E-4
1.8129729567811103E-4
1.8317307596785334E-4
1.845502402177897E-4
1.854174523973231E-4
1.8576636928606776E-4
1.855932742559014E-4
1.849007548241196E-4
1.8369943420680875E-4
1.8250099438045498E-4
1.814383411158058E-4
1.8051108216279258E-4
1.7972854663890605E-4
1.7911147189732972E-4
1.78693587905901E-4
1.785230245047121E-4
1.7866345781252042E-4
1.7919490679415588E-4
1.802140871837017E-4
1.8183422447167662E-4
1.841842171968805E-4
1.8740702351466906E-4
1.916571164749483E-4
1.9709681753363913E-4
2.0292070200966377E-4
2.0915446268374098E-4
2.0607713838419713E-4
1.9667280634760742E-4
1.8547864090339406E-4
1.7263416344490717E-4
1.686480343751755E-4
1.6925629977822647E-4
1.7050877634054408E-4
1.717968498725608E-4
1.7278148329312554E-4
1.733023290787622E-4
1.7332078624139575E-4
1.7288224890713418E-4
1.720891692695601E-4
1.71080167790975E-4
1.7001255811799836E-4
1.6904694373703178E-4
1.6833331422204972E-4
1.679985105173276E-4
1.681351696710652E-4
1.6879239719667618E-4
1.6996852156954563E-4
1.7160640106829046E-4
1.735918810435102E-4
1.757561028044169E-4
1.7812735415820047E-4
1.8057036600914705E-4
1.8290096165210948E-4
1.8493565103135673E-4
1.8651233076351766E-4
1.8751169575550994E-4
1.8787703805137152E-4
1.8762985562023642E-4
