[-0.22559232877114263, -0.08855341788802604]
[-0.2515381238998718, -0.10335370413874337]
[-0.27674039316522586, -0.11932694247274885]
[-0.30112992051577325, -0.13628445385146612]
[-0.32464384244436384, -0.15399936539582526]
[-0.34722871629059493, -0.17221390178297116]
[-0.3688430734233031, -0.19064828782600396]
[-0.3894594798645281, -0.20901100128080244]
[-0.40906599000688815, -0.227009931886552]
[-0.42766681226043457, -0.24436380104052932]
[-0.4452820249484006, -0.2608130393785611]
[-0.4619462768286969, -0.27612927041293356]
[-0.4777065468791199, -0.29012264333416227]
[-0.4926191793257941, -0.3026464898629439]
[-0.5067465131734614, -0.31359910039758876]
[-0.5201534671387719, -0.32292275240533663]
[-0.5329044174669805, -0.3306004094280958]
[-0.5450606314717572, -0.33665069468876446]
[-0.5566784171612917, -0.3411218130023186]
[-0.5678080432490021, -0.3440850611463056]
[-0.5784933928832554, -0.34562846075280235]
[-0.5887722489059823, -0.3458509053464424]
[-0.5986770707860314, -0.3448570660901808]
[-0.6082361103774968, -0.34275317109278963]
[-0.6174747192796181, -0.3396436721282382]
[-0.6264167181923954, -0.33562874294942285]
[-0.635085722471916, -0.3308025119852996]
[-0.6435063437390673, -0.3252519132331704]
[-0.6517052120356336, -0.31905603610409194]
[-0.6597117850685495, -0.31228586202084435]
[-0.6675589298807804, -0.30500428811994695]
[-0.6752832777858228, -0.2972663532247287]
[-0.6829253658963993, -0.28911959625464034]
[-0.6905295885142761, -0.280604491227148]
[-0.6981439895019869, -0.2717549154140757]
[-0.705819932956506, -0.2625986178315117]
[-0.7136116943960792, -0.25315766407090845]
[-0.7215760185084736, -0.24344884060648297]
[-0.7297716924450213, -0.23348400725196913]
[-0.7382591857028915, -0.2232703904968744]
[-0.7471004086378645, -0.212810813135959]
[-0.7563586410764462, -0.20210385704529837]
[-0.7660986793109453, -0.19114395634991346]
[-0.7763872421834475, -0.17992141789934726]
[-0.787293662287255, -0.16842236546557932]
[-0.7878653077115134, -0.15186600704393624]
[-0.7853024353716335, -0.13549064496929125]
[-0.7800299260531446, -0.11932918765197303]
[-0.7724148025416788, -0.10340557084382322]
[-0.7627708315466298, -0.08773738678203549]
[-0.7513652006754176, -0.07233801807346579]
[-0.7384259264522515, -0.05721822874424402]
[-0.7241491568789457, -0.04238723942177257]
[-0.7087058872660675, -0.02785334510046337]
[-0.692247841222933, -0.01362414300959689]
[-0.6749124147812618, 2.935628553114595E-4]
[-0.6568266702439609, 0.013894118243808627]
[-0.6381104189652805, 0.027173578333345702]
[-0.6188784628674479, 0.04013041619184208]
[-0.5992420814616598, 0.05276632815300475]
[-0.579309859256569, 0.06508708629734788]
[-0.5591879505497028, 0.07710339047684225]
[-0.5389798766842862, 0.08883167536699832]
[-0.5187859465323227, 0.10029483234241927]
[-0.4987023855655117, 0.11152281179337532]
[-0.4788202533083794, 0.12255307881423025]
[-0.4592242235897028, 0.1334309037237365]
[-0.4399912966312211, 0.1442094781374608]
[-0.4211895060807905, 0.15494985670532346]
[-0.40287667696579427, 0.1657207335658544]
[-0.38509928175846425, 0.17659807060788885]
[-0.3678914312388487, 0.1876646015658261]
[-0.3512740249957707, 0.19900924188256383]
[-0.33525407400699475, 0.21072643946411185]
[-0.3198241958578303, 0.22291550631023654]
[-0.3049622730096984, 0.23567997573428787]
[-0.2906312573578488, 0.24912703410986392]
[-0.27677910129717653, 0.2633670784017165]
[-0.2633387977091217, 0.27851344826691693]
[-0.2502285196298143, 0.2946823695456075]
[-0.23735186572035244, 0.31199311794163026]
[-0.22459824093463193, 0.3305683596569593]
[-0.21184343409793585, 0.3505345413937501]
[-0.1989504970060474, 0.3720220786647149]
[-0.18577108497926875, 0.39516492615177423]
[-0.17214748783813388, 0.42009891257234094]
[-0.1579156612211217, 0.44695800540968095]
[-0.14290965110038312, 0.4758674829515796]
[-0.12696786292191264, 0.5069329169098576]
[-0.10994160795309711, 0.5402240488906116]
[-0.09170617638815569, 0.5757532792127655]
[-0.0721742279179897, 0.6134498016338802]
[-0.05131046471184589, 0.6531325357125781]
[-0.029145388533160295, 0.6944877082511807]
[-0.005784731583197547, 0.7370593531969819]
[0.03551847052407716, 0.7559023626979613]
[0.062341295739553146, 0.7671115174552924]
[0.0887482895922094, 0.7727016885203807]
[0.1147597334681957, 0.7733764982902148]
[0.14041470975077489, 0.7698751151010205]
[0.16575052698455497, 0.7629043446087515]
[0.19079218455316022, 0.7531009607838788]
[0.21554928313136554, 0.7410163094393016]
[0.24001751527007467, 0.7271150053093826]
[0.26418237696119007, 0.7117812986811718]
[0.2880234651889842, 0.6953288051775387]
[0.31151838794438363, 0.6780110498830543]
[0.3346458144980766, 0.6600314978834847]
[0.3573875287681027, 0.6415524948392951]
[0.37972954683387, 0.6227029577426874]
[0.40166245871862594, 0.6035848610032867]
[0.42318118880177463, 0.5842786466266909]
[0.44428436552105544, 0.5648477075280101]
[0.4649734682449864, 0.5453420841278769]
[0.48525188919743545, 0.5258014949109782]
[0.5051240176567391, 0.5062578008497239]
[0.5245944253771988, 0.4867369855175443]
[0.5436672073384318, 0.4672607185589594]
[0.5623455106423669, 0.44784755979520113]
[0.5806312664827283, 0.42851385388753416]
[0.5985251254351821, 0.4092743602622197]
[0.6160265847405058, 0.39014265909747936]
[0.633134287672907, 0.3711313709351698]
[0.649846469340513, 0.3522522244676316]
[0.6661615200919542, 0.3335160040214663]
[0.6820786367207843, 0.31493240513943616]
[0.6975985323842658, 0.29650982349904625]
[0.7127241780352829, 0.2782550993328073]
[0.7274615506443483, 0.2601732366986929]
[0.741820366054947, 0.24226711454838842]
[0.7558147765872698, 0.22453720465654847]
[0.7694640152937584, 0.2069813101039674]
[0.7827929701254941, 0.1895943370118686]
[0.7958326724829868, 0.1723681113202065]
[0.8086206861649669, 0.1552912511977556]
[0.821201385090821, 0.1383491037493277]
[0.8336261116698507, 0.12152375173300303]
[0.8459532122128952, 0.10479409195584394]
[0.8582479505917386, 0.08813598219357643]
[0.8705823050020037, 0.07152244862147769]
[0.8830346531267474, 0.054923941969918885]
[0.8713011289948175, 0.03626700648883968]
[0.8578068599991907, 0.01740693632917258]
[0.8429037752454044, -0.0016651713307154724]
[0.8268644915635783, -0.02094719117719584]
[0.8099027282748833, -0.04042883410853868]
[0.7921890236526484, -0.06009345403822555]
[0.7738626730585125, -0.0799192259868666]
[0.7550406951817829, -0.09987997879561088]
[0.7358244817367807, -0.1199458602188383]
[0.7163046426940504, -0.1400839372030972]
[0.6965644396048676, -0.16025878294330573]
[0.6766821062937244, -0.18043306988371877]
[0.6567322862594336, -0.20056817028071652]
[0.6367867652187817, -0.22062475960313782]
[0.6169146412398738, -0.24056341915150303]
[0.597182050458226, -0.2603452390481961]
[0.5776515507318354, -0.2799324277608807]
[0.558381256473238, -0.2992889369712596]
[0.5394238131559211, -0.31838110948458664]
[0.5208252974970319, -0.33717835291369674]
[0.5026241269519568, -0.3556538341676118]
[0.4848500579712877, -0.3737851812220798]
[0.467523344931507, -0.39155517139150936]
[0.45065411988510645, -0.4089523811940664]
[0.43424203724747923, -0.4259717729816558]
[0.418276208074231, -0.4426151978723361]
[0.4027354272353998, -0.45889180226481996]
[0.38758867555805376, -0.4748183346783238]
[0.37279585997102793, -0.49041935884071075]
[0.3583087396775367, -0.5057273859217672]
[0.3440719767269118, -0.5207829421012464]
[0.3300242457466324, -0.5356345864564414]
[0.316099340099168, -0.5503388883253716]
[0.30222721991018847, -0.564960363284811]
[0.2883349605145253, -0.579571353443546]
[0.2743475769829671, -0.5942518217310786]
[0.2601887206371628, -0.6090890119745169]
[0.2457812660373258, -0.6241769073157193]
[0.23104783112857027, -0.6396153993566343]
[0.21591129830078606, -0.6555090600311082]
[0.2002954289720232, -0.671965389175066]
[0.18412568708078206, -0.6890923964767727]
[0.16733040428054335, -0.7069953731827294]
[0.14984242620611976, -0.7257727267938298]
[0.13160136663520805, -0.7455108056305122]
[0.11255655351803673, -0.7662777476222482]
[0.09267066497538615, -0.7881165664739835]
[0.07192391410801557, -0.8110379468054765]
[0.050318448170436514, -0.8350135431685083]
[0.027882399845484025, -0.8599709112232906]
[-0.010718017441951805, -0.8646932974849993]
[-0.039029914928585145, -0.86272223727212]
[-0.06656464368362763, -0.8567715277219529]
[-0.0934757465414983, -0.8475248457726449]
[-0.1198898944148381, -0.8355901801072743]
[-0.145900389809308, -0.8214880843032832]
[-0.17156747257510996, -0.8056534877978008]
[-0.1969225332384565, -0.7884443349731921]
[-0.22197408702359253, -0.7701526834728918]
[-0.2467141007622637, -0.7510158022624092]
[-0.2711238493448489, -0.7312261035399712]
[-0.2951788896106124, -0.7109395149935309]
[-0.3188530056513165, -0.690282307562768]
[-0.3421211378754451, -0.6693565771546008]
[-0.36496139260807214, -0.6482446349627763]
[-0.38735626630333925, -0.6270125522123147]
[-0.4092932283493834, -0.6057130674714107]
[-0.43076480226182295, -0.5843880180189099]
[-0.45176827474731923, -0.5630704114846589]
[-0.4723051496112553, -0.5417862151352734]
[-0.49238045014078696, -0.5205559098327825]
[-0.5120019594872608, -0.49939583419672345]
[-0.531179473448298, -0.47831933114662145]
[-0.5499241238982532, -0.45733770244684113]
[-0.5682478143673331, -0.43646097544252194]
[-0.5861627927415439, -0.41569848810825977]
[-0.603681370758485, -0.39505930220090824]
[-0.620815786887332, -0.37455245835857787]
[-0.637578199067571, -0.35418709042223445]
[-0.6539807870704947, -0.33397241846150155]
[-0.6700359409985966, -0.31391764071378]
[-0.685756512357653, -0.2940317439587127]
[-0.7011561066409199, -0.27432325005221836]
[-0.7162494006643687, -0.2547999139006204]
[-0.7310524730849525, -0.2354683856068085]
[-0.7455831417091443, -0.21633384739755096]
[-0.7598613055377176, -0.1973996346766858]
[-0.773909292369027, -0.17866685039580318]
[-0.7877522138492494, -0.16013398289914746]
[-0.8014183290996376, -0.14179653921043114]
[-0.8149394157864547, -0.12364670785274841]
[-0.8283511443055855, -0.1056730670203011]
[-0.8416934473026431, -0.0878603545250749]
[-0.8550108735692814, -0.07018931488761372]
[-0.8683529125613075, -0.05263663610592356]
[-0.8817742728465743, -0.03517498447710043]
[-0.872708213792391, -0.018407385048955546]
[-0.8614286663712963, -7.688458052773212E-4]
[-0.8482857875858475, 0.017690942894791645]
[-0.8335568709559861, 0.036930914976288275]
[-0.8174626331533895, 0.05691632005076783]
[-0.8001810153980089, 0.07761597344931906]
[-0.7818585609799742, 0.09899949481855183]
[-0.7626195924889057, 0.12103481269682256]
[-0.7425734602191072, 0.14368610199962506]
[-0.7218201322629968, 0.1669122282123061]
[-0.700454380398514, 0.19066568744518586]
[-0.6785687967014384, 0.2148919592768807]
[-0.6562558547667046, 0.23952914088658966]
[-0.633609202678386, 0.26450771837834747]
[-0.6107243391814982, 0.2897503605742489]
[-0.5876987804271776, 0.31517168805854223]
[-0.5646317774082479, 0.34067806161627445]
[-0.5416236024891695, 0.36616752773850736]
[-0.5187743969687878, 0.3915301305675612]
[-0.4961825682000774, 0.4166488287598632]
[-0.47394274782788454, 0.441401229392021]
[-0.4521433696133686, 0.46566226747971967]
[-0.43086398724026925, 0.48930782961738933]
[-0.41017251555126655, 0.5122191658708913]
[-0.3901226266879939, 0.5342877854031702]
[-0.3707515510991904, 0.5554204200300839]
[-0.3520785135567115, 0.5755435915399641]
[-0.3341039760350102, 0.594607345605734]
[-0.3168097716292822, 0.6125878129728886]
[-0.300160112683011, 0.6294884068898972]
[-0.28410336073431125, 0.6453396338206925]
[-0.2685743723058243, 0.6601976499303696]
[-0.2534971934014486, 0.6741418126417476]
[-0.23878786954712874, 0.6872715403563907]
[-0.22435716302674236, 0.6997028027004678]
[-0.21011301571452712, 0.7115645273051561]
[-0.195962654049525, 0.7229951420672724]
[-0.18181429259469992, 0.7341393903090493]
[-0.1675784470860527, 0.7451454743422302]
[-0.15316891263801158, 0.7561625107122862]
[-0.1385034961045666, 0.7673382236854074]
[-0.12350461345109424, 0.7788167648249205]
[-0.10809987397865348, 0.7907365263571087]
[-0.09222277369937426, 0.8032278146113798]
[-0.0758136094710809, 0.8164102680588526]
[-0.05882070177075765, 0.8303899445827153]
[-0.04120197425324521, 0.8452560677087921]
[-0.02292687936835918, 0.8610775140175665]
[-0.003978579799206419, 0.8778992425734895]
[0.015643801791353718, 0.8957390028337524]
[0.05317599903405584, 0.8893499751525952]
[0.07716031367685229, 0.8799386121701022]
[0.10104625143370607, 0.8678737617721863]
[0.12489165761347443, 0.8536858786754005]
[0.14872008267981707, 0.8378102847679435]
[0.17252692200895026, 0.8206007731622172]
[0.1962867009286451, 0.8023435928523199]
[0.21996027230624654, 0.7832700364578237]
[0.24350121705009367, 0.7635670115829757]
[0.26686109207799935, 0.7433855901393742]
[0.2899934080165407, 0.7228478018657384]
[0.3128563751383444, 0.7020520176404125]
[0.33541455189238734, 0.6810772516892558]
[0.3576395801451046, 0.6599866562065069]
[0.3795102070340878, 0.6388304174992299]
[0.4010117863173231, 0.6176482037606036]
[0.42213543198533143, 0.5964712662951178]
[0.4428769710976875, 0.5753242593324881]
[0.46323581610188774, 0.5542268174271064]
[0.4832138517867011, 0.533194912152696]
[0.5028144094048729, 0.5122419995845482]
[0.5220413804081558, 0.49137996523498256]
[0.540898504438271, 0.4706198721461802]
[0.5593888505438318, 0.44997251939492616]
[0.5775144970537311, 0.4294488211673629]
[0.5952764042755295, 0.40906001988237006]
[0.6126744653786614, 0.3888177498854271]
[0.629707714572797, 0.3687339705492231]
[0.64637466797127, 0.34882078897388125]
[0.6626737711471504, 0.329090192836919]
[0.6786039280014287, 0.30955371340546833]
[0.6941650876984921, 0.2902220375017907]
[0.7093588695214204, 0.2711045855896735]
[0.7241892089460025, 0.25220907144318316]
[0.7386630114153312, 0.23354105738925815]
[0.7527908026700397, 0.21510351815218232]
[0.766587365652846, 0.1968964260348314]
[0.7800723537929355, 0.1789163705439336]
[0.7932708690212221, 0.16115622638334756]
[0.8062139906318978, 0.143604884553173]
[0.8189392388146238, 0.1262470614828517]
[0.8314909551638267, 0.10906320002900471]
[0.8439205823969788, 0.0920294732734552]
[0.8562868270798616, 0.07511789723460723]
[0.8686556918073579, 0.058296552297936725]
[0.8811003655782088, 0.04152990646600234]
[0.869989069124444, 0.025049230855694438]
[0.8569627286946784, 0.007715512687689836]
[0.8423480407554689, -0.01041386420649705]
[0.8263998179670461, -0.029290905477585373]
[0.8093184959629176, -0.048874832830848564]
[0.7912642902055579, -0.06912956533756673]
[0.7723684425457202, -0.09002123986012583]
[0.752742024766155, -0.11151600208127888]
[0.7324827212421787, -0.13357819304509516]
[0.7116799487761019, -0.15616897319430253]
[0.6904186122427397, -0.17924535727299692]
[0.6687817464438598, -0.20275957979819564]
[0.6468522554752989, -0.22665867822526337]
[0.6247139260192783, -0.2508841760904691]
[0.6024518561521623, -0.2753717741317423]
[0.5801524052250855, -0.3000510100939365]
[0.5579027351901753, -0.3248449174354251]
[0.5357899839907343, -0.3496697845819182]
[0.5139000927816122, -0.3744351733019078]
[0.4923163052684538, -0.3990443827026588]
[0.4711173711727667, -0.42339553466525226]
[0.4503755148586714, -0.4473834046832824]
[0.43015426868912304, -0.4709020345462819]
[0.41050630974763447, -0.49384805338734694]
[0.39147146776708847, -0.516124520426472]
[0.37307508203346706, -0.5376450077528571]
[0.35532686976799, -0.5583375838718094]
[0.3382204274915236, -0.5781483507484796]
[0.32173342547132283, -0.5970442308463676]
[0.30582848361942805, -0.6150147875615917]
[0.29045464749897554, -0.6320729753661548]
[0.27554932697626444, -0.6482548336954777]
[0.2610405257196266, -0.6636182410380448]
[0.24684918053352026, -0.6782409180768183]
[0.2328914439077579, -0.6922179040397787]
[0.21908077594778536, -0.7056587292907984]
[0.2053297559246622, -0.7186844762211176]
[0.19155157181816104, -0.7314248695689893]
[0.17766119239185488, -0.7440154769792587]
[0.16357626633530867, -0.7565950402866966]
[0.14921782446652349, -0.7693029048924171]
[0.1345108829044035, -0.7822764737551103]
[0.11938505714832823, -0.7956485874436814]
[0.10377529869688425, -0.8095447252772185]
[0.08762285605013928, -0.8240799379101824]
[0.0708765385138153, -0.8393554624716248]
[0.05349432121646511, -0.8554550412126957]
[0.035445270401448695, -0.8724410653749524]
[0.016711688697686418, -0.8903507942560607]
[-0.002708715049854045, -0.9091930420803183]
[-0.03665572623617734, -0.9061568226084282]
[-0.05966156911578473, -0.8970920136186551]
[-0.08252202238576653, -0.8852967299295342]
[-0.10536035742150388, -0.8713148655525613]
[-0.12825345151518702, -0.8555864453523654]
[-0.15123844784208232, -0.8384640544918711]
[-0.17432057983538196, -0.8202295496909505]
[-0.1974809594814166, -0.8011089055557506]
[-0.22068371324075126, -0.7812844576138875]
[-0.24388218238131565, -0.7609045426353422]
[-0.2670240877902012, -0.7400908665778606]
[-0.29005566129084187, -0.718944034530228]
[-0.31292480409121626, -0.6975476689906218]
[-0.33558336661067983, -0.6759714870098728]
[-0.35798866128058654, -0.6542736365724773]
[-0.3801043260243019, -0.6325025237531386]
[-0.401900654882322, -0.6106983009653515]
[-0.423354506846645, -0.5888941348677516]
[-0.4444488966384975, -0.5671173302987162]
[-0.4651723630201039, -0.545390353513731]
[-0.48551820145249575, -0.5237317734161906]
[-0.50548363816658, -0.502157122705522]
[-0.5250690116289043, -0.48067967102850157]
[-0.5442770148710864, -0.45931109818074545]
[-0.5631120385487407, -0.43806205583202157]
[-0.5815796406111282, -0.4169426097116919]
[-0.5996861550187788, -0.3959625593023996]
[-0.6174384399826934, -0.3751316376356554]
[-0.6348437565031477, -0.3544595988105091]
[-0.6519097610809993, -0.33395620472366905]
[-0.6686445925667157, -0.3136311248764946]
[-0.6850570320955022, -0.293493763965343]
[-0.701156716548693, -0.273553031456731]
[-0.7169543893820277, -0.25381706586460234]
[-0.7324621772218716, -0.23429292446327324]
[-0.747693885529263, -0.2149862472095133]
[-0.7626653110565006, -0.19590090220359174]
[-0.777394572057021, -0.17703861947781624]
[-0.791902458728747, -0.15839862046669334]
[-0.8062128059126954, -0.13997725214969722]
[-0.8203528876884836, -0.12176763726266099]
[-0.8343538295773874, -0.10375935460148666]
[-0.8482510291894664, -0.08593816559611084]
[-0.8620845710142202, -0.06828580432784061]
[-0.8758996161714492, -0.05077984753361488]
[-0.8897467434080873, -0.033393678851798024]
[-0.8797888445873491, -0.016800791710898266]
[-0.8677827652264702, 6.803550957003718E-4]
[-0.8540569851414885, 0.01898130097958091]
[-0.8388695599002904, 0.03804699589424947]
[-0.8224243684863644, 0.05783245811029459]
[-0.8048846084586508, 0.07829934104932919]
[-0.7863837626337883, 0.09941273441613344]
[-0.767034358211683, 0.12113838574702902]
[-0.74693484506325, 0.14344043723069916]
[-0.7261748914885506, 0.16627970180370066]
[-0.7048393607971015, 0.18961244080114428]
[-0.6830112002884077, 0.213389553558341]
[-0.6607734454829487, 0.23755605499270505]
[-0.6382105127144987, 0.2620507094341304]
[-0.6154089187665718, 0.2868057131671571]
[-0.5924575264550661, 0.3117463724983904]
[-0.5694473731444853, 0.33679079890300206]
[-0.5464711015124407, 0.36184972197466236]
[-0.523621986156385, 0.386826585863168]
[-0.5009925426418317, 0.4116181284330016]
[-0.4786727210378361, 0.4361156325392579]
[-0.4567477229988735, 0.4602069817178389]
[-0.4352955339609477, 0.48377955402743616]
[-0.4143843193291358, 0.5067238631396098]
[-0.3940698821974126, 0.5289377278145447]
[-0.3743934069359506, 0.5503306454221764]
[-0.35537970834194726, 0.5708279851252404]
[-0.3370361669558563, 0.5903746159109224]
[-0.31935246239404175, 0.6089376451846978]
[-0.302301129823623, 0.6265080530137082]
[-0.2858388756087175, 0.6431011430016239]
[-0.2699085121984279, 0.6587558666966205]
[-0.25444132120674184, 0.6735331904761831]
[-0.23935963298304763, 0.6875137459765357]
[-0.2245794200271019, 0.7007950315295178]
[-0.21001273457214933, 0.7134884164491282]
[-0.1955698690038189, 0.7257161527229248]
[-0.18116117254443537, 0.737608532984958]
[-0.16669851118770523, 0.7493012624751568]
[-0.15209640481284892, 0.7609330463817351]
[-0.1372729126375508, 0.772643339485622]
[-0.12215036439460161, 0.7845701662105551]
[-0.10665604957473093, 0.7968478976785105]
[-0.09072298069781018, 0.8096048688737031]
[-0.07429083828055719, 0.8229607343939116]
[-0.05730718347604132, 0.8370234972192281]
[-0.03972898693716051, 0.8518862038897609]
[-0.02152446685197071, 0.8676233834179128]
[-0.0026751543152938734, 0.8842874151619688]
[0.01682198686829843, 0.9019051351370571]
[0.053944607685694604, 0.8943319882702794]
[0.07713363837328882, 0.8844105951274143]
[0.10027930300597793, 0.8719273215115757]
[0.12343039100951461, 0.8573960346420385]
[0.14660590299843762, 0.8412361348080708]
[0.1698002958516739, 0.8237868721194055]
[0.19298975502737292, 0.8053216348765938]
[0.21613839238068405, 0.7860606344057228]
[0.23920375634098925, 0.7661814745073152]
[0.26214135889043433, 0.7458276489826503]
[0.28490812706967145, 0.7251152520162928]
[0.30746481451607743, 0.7041382527723786]
[0.3297774844800384, 0.6829726658076719]
[0.3518182148095545, 0.6616798940687665]
[0.37356518837316405, 0.6403094585141827]
[0.3950023280549588, 0.6189012706465159]
[0.4161186208780284, 0.5974875564195411]
[0.4369072562741621, 0.5760945030746017]
[0.45736468249751927, 0.55474367363546]
[0.47748966463517667, 0.5334532155505771]
[0.49728240849439986, 0.5122388786563166]
[0.516743797155792, 0.4911148516364136]
[0.5358747712605128, 0.4700944240012711]
[0.5546758702182841, 0.4491904810107748]
[0.5731469396005965, 0.4284158408261212]
[0.591287000170624, 0.40778344563149016]
[0.6090942664247283, 0.3873064208736651]
[0.6265662972329967, 0.36699801869890597]
[0.6437002581170664, 0.34687146288028575]
[0.6604932737287464, 0.32693971293687796]
[0.676942849920981, 0.3072151647797099]
[0.6930473470634018, 0.2877093042016131]
[0.7088064894905058, 0.26843232805439193]
[0.7242218996503911, 0.24939274627710073]
[0.7392976490663518, 0.23059697633724685]
[0.754040821047691, 0.21204894040740865]
[0.7684620816661557, 0.19374967496256387]
[0.7825762554748616, 0.17569696258307135]
[0.796402900651773, 0.1578849965537966]
[0.8099668748776195, 0.14030409012133163]
[0.8232988788200118, 0.12294044355733669]
[0.8364359593719326, 0.10577598287507348]
[0.8494219506642346, 0.08878828353951328]
[0.8623078280550397, 0.07195059035637281]
[0.8751519490394671, 0.05523194086638266]
[0.8880201548341069, 0.03859739450284486]
[0.8761250474420612, 0.023104451337984735]
[0.862461623922604, 0.006651744848612091]
[0.8473286417398385, -0.010671820684885022]
[0.8309571708051985, -0.028794928345993002]
[0.8135273329196532, -0.04765999655364114]
[0.7951817259937282, -0.06721935632948758]
[0.7760360529106586, -0.08743174869523451]
[0.7561874522001882, -0.10825929244851151]
[0.7357209542806313, -0.12966498806614446]
[0.7147144068470084, -0.15161076487350636]
[0.6932421445899183, -0.17405603129457198]
[0.6713776262470441, -0.19695664868185667]
[0.6491952231727893, -0.2202642216902055]
[0.6267713125343534, -0.24392558882909587]
[0.6041847995953418, -0.2678824106794402]
[0.581517164332504, -0.29207079077081105]
[0.5588520980142523, -0.31642091995389104]
[0.5362747684139173, -0.34085679874303265]
[0.5138707328228583, -0.36529614995675525]
[0.4917245108038292, -0.38965067232722295]
[0.4699178368422432, -0.41382679369372066]
[0.44852763682413876, -0.4377270543391587]
[0.4276238079617495, -0.4612521882394221]
[0.40726692222163574, -0.4843038810143358]
[0.38750600894592974, -0.5067880829886775]
[0.3683765933302032, -0.5286186624834801]
[0.3498991660086576, -0.5497211166587389]
[0.3320782318300307, -0.570036028983103]
[0.31490203519841514, -0.5895219799365108]
[0.2983429926419296, -0.6081576775980136]
[0.2823587916817574, -0.625943165435303]
[0.2668940506019298, -0.6429000684621031]
[0.25188238642910976, -0.6590709373500602]
[0.23724871438993975, -0.6745178275011734]
[0.22291160259810106, -0.6893202968793581]
[0.20878552771201997, -0.7035730198759844]
[0.19478291487320623, -0.7173831980843167]
[0.18081589128449221, -0.7308679101791098]
[0.16679773056453204, -0.7441514915692411]
[0.15264400910814538, -0.7573629793796102]
[0.138273532389238, -0.7706336074612895]
[0.1236091163050026, -0.7840942954870034]
[0.10857832514340825, -0.7978730500783724]
[0.09311427279277219, -0.8120921876408644]
[0.07715658639709252, -0.8268653011548314]
[0.06065261019949347, -0.8422939296628589]
[0.04355888973145634, -0.8584639524037242]
[0.02584292101691761, -0.8754418205292779]
[0.007485076196720959, -0.89327085464896]
[-0.011519469632713747, -0.9119679643309151]
[-0.04457493050513423, -0.9082839466616761]
[-0.06621493114463727, -0.8988121763842702]
[-0.08783141859861793, -0.8867244507466439]
[-0.10953277503836317, -0.8725440838700045]
[-0.13138324216685066, -0.856691206679685]
[-0.15341021039449929, -0.8395005052525497]
[-0.17561205298325888, -0.8212383555542474]
[-0.19796555154695833, -0.8021176475355452]
[-0.22043248312082922, -0.7823098242373832]
[-0.24296521604680166, -0.7619542754652626]
[-0.26551129987224936, -0.7411654776516624]
[-0.2880171015895423, -0.7200383323757821]
[-0.3104305733071715, -0.6986521269545447]
[-0.3327032518136177, -0.6770734767151021]
[-0.35479159585436487, -0.6553585374530558]
[-0.376657765957735, -0.6335547102114638]
[-0.39826994684138106, -0.611702003055811]
[-0.41960230581500646, -0.5898341666098176]
[-0.44063467352773306, -0.5679796811558405]
[-0.46135202646005585, -0.5461626422835065]
[-0.4817438436081106, -0.5244035686884021]
[-0.501803402349691, -0.5027201391478322]
[-0.5215270700025689, -0.4811278552363489]
[-0.5409136378408302, -0.45964062112625675]
[-0.559963733473172, -0.4382712307992489]
[-0.5786793360241328, -0.417031755003913]
[-0.5970634072482789, -0.39593382414328504]
[-0.6151196413705791, -0.37498880787755956]
[-0.6328523278199318, -0.35420789667856556]
[-0.6502663146461172, -0.33360209421747056]
[-0.6673670565657704, -0.313182131910691]
[-0.6841607302820657, -0.29295831804854383]
[-0.7006544007249434, -0.27294033376609084]
[-0.7168562247089526, -0.25313698694552744]
[-0.7327756825844238, -0.23355593335512997]
[-0.7484238330384029, -0.2142033723977855]
[-0.7638135905184732, -0.19508372324245737]
[-0.7789600280758935, -0.17619928626893677]
[-0.7938807101467125, -0.15754989496558258]
[-0.8085960595105716, -0.13913256478089178]
[-0.8231297602669126, -0.12094114779713708]
[-0.8375091943445954, -0.10296600506722214]
[-0.8517659033045537, -0.08519371142525403]
[-0.8659360606858857, -0.06760680984597703]
[-0.8800609335628921, -0.05018363337486287]
[-0.8941873057567193, -0.03289821196764793]
[-0.8837589285693338, -0.016507819668003874]
[-0.8713749479686568, 7.768109048754829E-4]
[-0.8573514697597102, 0.018875468049258694]
[-0.8419353586753677, 0.037724497418803474]
[-0.8253204708282913, 0.057272830331937634]
[-0.8076609906649356, 0.07747813218395119]
[-0.7890821891017374, 0.09830332995519274]
[-0.7696889785857467, 0.11971364889286362]
[-0.7495726218908527, 0.14167421092266755]
[-0.7288159065501887, 0.16414819158603727]
[-0.7074970505860232, 0.18709548514938212]
[-0.6856925659505955, 0.21047178751196843]
[-0.6634792732721632, 0.23422797911963034]
[-0.6409356309047138, 0.2583096828980721]
[-0.618142508789528, 0.2826568906340681]
[-0.5951835015852698, 0.30720359526561336]
[-0.5721448376458801, 0.33187742967572603]
[-0.5491149054870137, 0.35659938270501645]
[-0.5261833938095163, 0.3812837249984784]
[-0.5034400311561807, 0.40583831593215053]
[-0.48097292096355765, 0.4301654665582138]
[-0.4588664975832647, 0.4541634966539001]
[-0.43719917474175674, 0.47772904876990946]
[-0.41604081145401206, 0.5007601191578407]
[-0.39545017003495964, 0.5231596522388384]
[-0.3754725741814394, 0.5448394435442495]
[-0.3561379819267441, 0.565724026950752]
[-0.3374596634367535, 0.5857542009777122]
[-0.31943361876350207, 0.6048898814629576]
[-0.3020387942021513, 0.6231120480431517]
[-0.2852380710013245, 0.6404236634019095]
[-0.2689799215262039, 0.6568495652792873]
[-0.2532005681761289, 0.6724354396697961]
[-0.2378264472938293, 0.6872460623528694]
[-0.22277677604034968, 0.7013630358763414]
[-0.20796604155295828, 0.7148822499650898]
[-0.19330627188279847, 0.7279112616471851]
[-0.17870899897106277, 0.7405667378772294]
[-0.16408687736367772, 0.7529720398954335]
[-0.14935497211888976, 0.7652549655753325]
[-0.13443177105686438, 0.777545611649101]
[-0.11924000760823386, 0.7899742772116807]
[-0.10370739983079078, 0.8026693061932914]
[-0.08776741810847126, 0.8157547609744328]
[-0.07136018804587929, 0.8293478328927161]
[-0.054433615103917164, 0.8435559291296683]
[-0.036944782071998854, 0.8584734307395094]
[-0.018861618053321587, 0.874178194271506]
[-1.6476806173420372E-4, 0.8907279680070207]
[0.019150491270002824, 0.9081570063474109]
[0.055510231678531544, 0.8996093236448358]
[0.07764476236730924, 0.8891869361581852]
[0.09986352201566322, 0.8762952393557263]
[0.1221950463687909, 0.8614330961107013]
[0.14464308592575298, 0.8450045361131595]
[0.16719115291030553, 0.8273343957180959]
[0.18980791277912823, 0.808683226947676]
[0.21245247750534538, 0.7892602082699394]
[0.2350790904948512, 0.7692337335630054]
[0.2576409642962261, 0.748739827632515]
[0.280093200705608, 0.7278887268310158]
[0.3023948265211575, 0.7067700016909813]
[0.3245100392989413, 0.6854565647685229]
[0.3464087891456046, 0.6640078460472103]
[0.3680668336540809, 0.6424723534652508]
[0.3894654002865262, 0.6208897779965306]
[0.4105905792034679, 0.5992927550387941]
[0.43143255379272966, 0.5777083570850051]
[0.4519847587441097, 0.5561593657483781]
[0.4722430381209291, 0.5346653526275692]
[0.49220485937584335, 0.5132435865978595]
[0.511868624052726, 0.49190977834835203]
[0.5312331021994877, 0.47067866996344604]
[0.5502970054142874, 0.4495644768652927]
[0.5690587030801543, 0.42858119049089755]
[0.5875160778257047, 0.40774275187906106]
[0.6056665096680234, 0.3870631082955961]
[0.6235069736797398, 0.3665561667198559]
[0.641034233339524, 0.346235659195994]
[0.6582451108644012, 0.32611493558791477]
[0.6751368166001535, 0.30620669913589993]
[0.6917073217031211, 0.2865226994440228]
[0.7079557615426112, 0.26707339624904913]
[0.7238828610635613, 0.24786760571429778]
[0.7394913772717113, 0.22891213928930731]
[0.7547865574809607, 0.2102114436446]
[0.7697766144293074, 0.191767249096038]
[0.7844732203227699, 0.17357823349117266]
[0.7988920209535706, 0.15563970884897235]
[0.8130531681460352, 0.13794333907082942]
[0.8269818641005201, 0.12047689852727525]
[0.8407089052342909, 0.10322408284064905]
[0.8542712066018967, 0.08616438418495492]
[0.8677122817359891, 0.0692730433850572]
[0.8810826474366933, 0.05252108968852654]
[0.8944401188749518, 0.03587547634984794]
[0.8819216011441686, 0.020989779034355303]
[0.8677593867355538, 0.005077531683294355]
[0.8522307839440951, -0.011749644972006597]
[0.8355487525612532, -0.0294033562115721]
[0.8178780472346193, -0.04781339323998094]
[0.7993480450854072, -0.0669230283194415]
[0.7800628453943496, -0.0866848567421173]
[0.76010916797084, -0.10705726710219268]
[0.7395624822619423, -0.12800155258715767]
[0.7184917071494783, -0.14947963460929914]
[0.6969627459122711, -0.17145233894813536]
[0.6750410644920043, -0.1938781382609599]
[0.6527934805682386, -0.216712255277903]
[0.6302893002865037, -0.23990601356788044]
[0.6076009132408573, -0.2634063325763613]
[0.5848039308126369, -0.28715529276355134]
[0.5619769272866874, -0.311089742519053]
[0.5392008191335141, -0.3351409737825658]
[0.5165578992438405, -0.35923454725833065]
[0.49413053412711805, -0.38329038892603673]
[0.47199953660713456, -0.40722329677979924]
[0.4502422455285334, -0.43094398367327863]
[0.4289303753777483, -0.45436073760368767]
[0.4081277370801582, -0.4773817098312528]
[0.3878879684359346, -0.49991775494398094]
[0.3682524394539954, -0.5218856605949616]
[0.34924850602224344, -0.5432115346740855]
[0.3308882699287213, -0.5638340782602778]
[0.3131679640408467, -0.5837074721875898]
[0.29606802345718064, -0.6028036438981168]
[0.279553835821695, -0.6211137518659056]
[0.2635770978876186, -0.6386488136095243]
[0.248077651376141, -0.6554394938761288]
[0.2329856368490256, -0.6715351468499946]
[0.2182237931641679, -0.6870022593194608]
[0.2037097412588957, -0.7019224655662353]
[0.18935812023871823, -0.7163903000695089]
[0.17508248480379654, -0.7305108262279816]
[0.16079691922310835, -0.7443972361186355]
[0.1464173683722953, -0.7581684665179519]
[0.13186272613699607, -0.7719468280476424]
[0.11705575256510167, -0.7858556040097038]
[0.10192391152908498, -0.8000165483519428]
[0.08640022902028281, -0.8145472021488573]
[0.07042426739412214, -0.8295579581582913]
[0.05394329159324546, -0.8451488361728083]
[0.036913668123877405, -0.8614059901351033]
[0.0193024853523081, -0.878398051660725]
[0.0010893153440640485, -0.8961725200206465]
[-0.017732042358328273, -0.9147525249438038]
[-0.050423674018522976, -0.910316957593704]
[-0.07125252422037942, -0.9003540388196515]
[-0.09213210914481862, -0.8878892421671183]
[-0.11315541423162742, -0.87342673172391]
[-0.13437430131207034, -0.857368867395828]
[-0.15580712773710498, -0.8400347001825397]
[-0.17744645457761604, -0.8216772050350862]
[-0.1992660753754857, -0.8024979081461576]
[-0.22122706669940387, -0.7826586412113425]
[-0.24328279837875424, -0.762290664189553]
[-0.2653829505959131, -0.741501587503447]
[-0.28747663119729383, -0.7203805517465812]
[-0.30951470321012686, -0.6990020781193832]
[-0.33145143523802295, -0.6774289335546251]
[-0.35324558303289266, -0.6557142834617221]
[-0.37486100248838594, -0.6339033414065471]
[-0.3962668847346324, -0.6120346713945064]
[-0.4174376944890539, -0.5901412544614731]
[-0.43835288425268903, -0.5682513958718155]
[-0.45899644956097047, -0.5463895212599155]
[-0.479356383952602, -0.5245768886683896]
[-0.4994240859593226, -0.5028322279616494]
[-0.5191937636023375, -0.48117230889783746]
[-0.5386618742162468, -0.459612433514261]
[-0.5578266288765116, -0.43816684658008376]
[-0.5766875815953002, -0.4168490587488544]
[-0.5952453143297971, -0.39567207972286683]
[-0.6135012203780922, -0.3746485622953408]
[-0.6314573815529371, -0.35379086176913405]
[-0.6491165291241487, -0.33311101834907736]
[-0.6664820752138741, -0.31262067226399826]
[-0.6835582002035308, -0.29233092239899605]
[-0.700349982637025, -0.2722521391089702]
[-0.7168635607529744, -0.25239374081071264]
[-0.7331063186522597, -0.2327639422190244]
[-0.7490870945821253, -0.21336948010308485]
[-0.7648164131933055, -0.1942153206389051]
[-0.7803067471875317, -0.17530435125503943]
[-0.7955728158654675, -0.15663705966503316]
[-0.8106319282003557, -0.1382112037564182]
[-0.8255043759176537, -0.12002147815930016]
[-0.840213877662668, -0.1020591864012969]
[-0.8547880690042207, -0.08431193108862856]
[-0.869259025334513, -0.06676333788977265]
[-0.8836637964002649, -0.04939283156510512]
[-0.8980449228840031, -0.03217548337474394]
[-0.8871235955720969, -0.016060191678334647]
[-0.874336059282531, 9.680396972243516E-4]
[-0.8599863981332003, 0.018816491274080145]
[-0.8443106857101128, 0.037412086889828514]
[-0.8274931949013554, 0.05669679797936902]
[-0.8096795745023421, 0.0766233599145909]
[-0.79098739773861, 0.09715150606774532]
[-0.7715145102322608, 0.11824480271255347]
[-0.7513455626134338, 0.13986810045770792]
[-0.7305570529125343, 0.16198557370180602]
[-0.7092211475219486, 0.1845592838641908]
[-0.6874085035788802, 0.2075481717640857]
[-0.6651902789151961, 0.2309073633075409]
[-0.6426394838380066, 0.25458766701567187]
[-0.6198317975364014, 0.27853515704716186]
[-0.5968459385184428, 0.30269077229353497]
[-0.573763643834714, 0.32698991653320925]
[-0.550669279446867, 0.35136210722814987]
[-0.5276490792636731, 0.3757307788721365]
[-0.5047899986640423, 0.40001338778331536]
[-0.4821781739141379, 0.42412197791803163]
[-0.45989700304737463, 0.4479643452312178]
[-0.4380249039583027, 0.4714458811782265]
[-0.41663285507244846, 0.49447209110774315]
[-0.39578187313325824, 0.5169516840956773]
[-0.3755206200502694, 0.5388000352787764]
[-0.35588334609818645, 0.559942748955604]
[-0.33688836352232276, 0.5803190161712466]
[-0.3185372020422918, 0.5998844722817503]
[-0.30081453146042003, 0.6186133164523637]
[-0.2836888573759823, 0.6364995450760722]
[-0.2671139172724625, 0.6535572570305672]
[-0.251030638750727, 0.6698200908091562]
[-0.2353694787705723, 0.6853399348038471]
[-0.2200529467565762, 0.7001851014155409]
[-0.20499812449521826, 0.7144381697136233]
[-0.1901190270294151, 0.7281936833675385]
[-0.17532869408025042, 0.7415558485811248]
[-0.1605409532041382, 0.7546363210416696]
[-0.14567184705209116, 0.7675521116692943]
[-0.13064076240178926, 0.7804235868702718]
[-0.11537133443759799, 0.7933724964616362]
[-0.09979222383639808, 0.8065199356172851]
[-0.08383787529558612, 0.8199841385192201]
[-0.06744936335084395, 0.8338780122474888]
[-0.05057541383803581, 0.8483063506977934]
[-0.03317365624008942, 0.863362720592153]
[-0.015212112793061727, 0.8791260848001999]
[0.0033291347632555326, 0.8956573198958399]
[0.02245623699521917, 0.9129958883115484]
[0.058002821799048955, 0.9037370469107646]
[0.07912919952112082, 0.892930932014679]
[0.10047291434561792, 0.8797303389279494]
[0.12203981932051863, 0.8646226791354215]
[0.14381606463169017, 0.847999910260647]
[0.16577196719845766, 0.8301754040957608]
[0.18786657844018534, 0.8113994312961248]
[0.21005214128591493, 0.7918722837507625]
[0.23227800955704586, 0.7717548874506871]
[0.2544938356439729, 0.7511771527898381]
[0.2766519735271834, 0.7302444512679375]
[0.2987091295467369, 0.7090426188975653]
[0.32062734311616226, 0.6876418392076776]
[0.34237440526098417, 0.6660996918582406]
[0.36392383176035026, 0.644463586064074]
[0.38525450522085036, 0.6227727396884644]
[0.4063500909138019, 0.6010598176183591]
[0.42719831793954927, 0.5793523067184428]
[0.4477902025271313, 0.5576736779907921]
[0.4681192754502922, 0.5360443679114661]
[0.48818086141540906, 0.5144825986563237]
[0.5079714452327062, 0.4930050495868971]
[0.527488147802454, 0.4716273886450537]
[0.5467283245437577, 0.45036467109531314]
[0.5656892899584968, 0.42923161344105976]
[0.5843681646422132, 0.40824275159829865]
[0.6027618352935795, 0.38741249398589883]
[0.6208670141685455, 0.3667550816874148]
[0.6386803819669892, 0.34628446898893206]
[0.6561987972746675, 0.32601413823681596]
[0.6734195563051059, 0.30595686300954184]
[0.6903406886270389, 0.28612443305139074]
[0.7069612775814672, 0.2665273533312315]
[0.7232817978607763, 0.24717452809031681]
[0.7393044668224862, 0.22807293901366754]
[0.7550336100432307, 0.2092273249350628]
[0.7704760448357906, 0.19063986902659086]
[0.7856414874083608, 0.17230989847849856]
[0.8005429895726796, 0.15423360142987735]
[0.8151974090978708, 0.13640376643674165]
[0.8296259138871829, 0.11880955097509573]
[0.8438545143339309, 0.10143628711314498]
[0.8579146109729812, 0.08426533414380284]
[0.8718435365596912, 0.0672739891748411]
[0.8856850636895641, 0.05043546702152369]
[0.8994898415555266, 0.0337189600450971]
[0.8865443150890201, 0.019176237908320605]
[0.8720462530465292, 0.0035688188593840445]
[0.8562579350517879, -0.012976304928343153]
[0.8393797165243608, -0.030359097423956795]
[0.8215657266021291, -0.04850062313236378]
[0.8029362493335906, -0.06733776137741994]
[0.783587421922564, -0.08681863911961699]
[0.7635987971213682, -0.10689881037044557]
[0.7430392087536426, -0.12753815316802206]
[0.7219712798473733, -0.14869842560750793]
[0.7004548329813779, -0.1703414025140526]
[0.6785494032347392, -0.19242749764632128]
[0.6563160117295487, -0.21491476369977178]
[0.6338183264875255, -0.23775815827100022]
[0.6111233117072628, -0.26090897313454686]
[0.5883014427584933, -0.2843143492544926]
[0.5654265407358985, -0.3079168397150427]
[0.5425752583718974, -0.3316540319086749]
[0.5198262314624409, -0.35545829030889625]
[0.4972589005581159, -0.37925672186661946]
[0.4749520099002202, -0.40297148795578597]
[0.45298180608463157, -0.42652058295443673]
[0.4314199866661654, -0.44981916743482625]
[0.4103314847383256, -0.472781486377831]
[0.38977221258062017, -0.49532332808207774]
[0.3697869173461896, -0.5173649000857549]
[0.3504073163150902, -0.5388339290837435]
[0.33165067262443976, -0.5596687460992955]
[0.3135189427825644, -0.5798211054671484]
[0.2959985776523378, -0.5992585093971704]
[0.2790609962473166, -0.617965864641739]
[0.2626636866151522, -0.6359463735577279]
[0.24675183066420225, -0.6532216445837445]
[0.23126030850793936, -0.6698310825943616]
[0.21611591775134031, -0.6858306763179304]
[0.20123964505481043, -0.7012913313531066]
[0.1865488485950238, -0.7162969019433736]
[0.17195924552279065, -0.730942055835562]
[0.15738664191111087, -0.7453300706762049]
[0.14274838781695962, -0.7595706153888411]
[0.12796458169645428, -0.7737775237810688]
[0.11295908252741192, -0.7880665273244959]
[0.09766041181975149, -0.8025528854201205]
[0.08200263932782625, -0.817348839030098]
[0.06592634429537753, -0.8325608208294198]
[0.049379727224688086, -0.8482863846819945]
[0.03231991441590521, -0.8646108709283616]
[0.014714448495816011, -0.8816039014288111]
[-0.0034571057485416196, -0.8993158955774277]
[-0.022201584849361244, -0.9177749053996913]
[-0.05472360801906952, -0.9125665982545897]
[-0.07497505824696063, -0.90208005511091]
[-0.09534094135279224, -0.8892024246405714]
[-0.11589705038641239, -0.874420134240701]
[-0.13668175154291412, -0.8581192389859217]
[-0.15770365292480837, -0.8406045159119045]
[-0.1789490159688235, -0.8221167220212221]
[-0.20038830014274206, -0.8028470001163314]
[-0.22198164586544522, -0.7829483467192933]
[-0.2436833007005974, -0.7625444712280119]
[-0.2654450800091836, -0.7417365099258548]
[-0.2872189839472535, -0.7206080564811006]
[-0.3089590979875092, -0.6992289122546782]
[-0.33062289800122546, -0.6776578858350816]
[-0.35217206966833003, -0.6559449002113169]
[-0.37357293876472286, -0.6341326046511843]
[-0.394796595670942, -0.6122576378787672]
[-0.4158187855434473, -0.59035164853256]
[-0.4366196256359976, -0.568442146592875]
[-0.4571832032664392, -0.5465532341293968]
[-0.4774971014121095, -0.5247062443229944]
[-0.4975518931579777, -0.502920303519863]
[-0.5173406405096919, -0.48121282146176125]
[-0.5368584269358839, -0.45959990917735727]
[-0.5561019462570358, -0.4380967216174846]
[-0.5750691633024951, -0.41671772219815395]
[-0.5937590544992495, -0.3954768681741555]
[-0.6121714297466285, -0.37438771842739865]
[-0.630306831094147, -0.35346346813089097]
[-0.6481664993221695, -0.3327169172885769]
[-0.6657523968358477, -0.31216038196060847]
[-0.683067274459451, -0.29180555784051265]
[-0.7001147707156075, -0.2716633456993026]
[-0.716899534768255, -0.2517436471495395]
[-0.733427368012257, -0.2320551374404442]
[-0.7497053837816933, -0.21260501990861408]
[-0.7657421891959904, -0.19339876468022835]
[-0.7815480970879602, -0.1744398326722936]
[-0.7971353785886958, -0.15572938525779192]
[-0.8125185676919754, -0.13726598042752652]
[-0.8277148275600208, -0.11904525802165314]
[-0.8427443842773327, -0.10105961952527892]
[-0.85763102731576, -0.08329791170088098]
[-0.8724026675444861, -0.06574512743578283]
[-0.8870919338375178, -0.048382140968777305]
[-0.901736778921443, -0.031185497513379602]
[-0.8903162657874398, -0.015360311438349449]
[-0.8771181699626092, 0.0014039886148185382]
[-0.8624344247993772, 0.0190020985608595]
[-0.8464903917958622, 0.0373513138680101]
[-0.8294609928677606, 0.056386315609700546]
[-0.8114836884966522, 0.07605445122265261]
[-0.7926687881519237, 0.09631166882618267]
[-0.7731075669341736, 0.11711914631374425]
[-0.7528785986127278, 0.13844059718556917]
[-0.7320526418198967, 0.16024020024815566]
[-0.7106963512380451, 0.18248107388719526]
[-0.6888750340760113, 0.2051241933536857]
[-0.6666546320480974, 0.22812763400741096]
[-0.6441030757908305, 0.2514460201807482]
[-0.6212911275895546, 0.27503007306124005]
[-0.5982927966923048, 0.29882618334188144]
[-0.5751853793009675, 0.32277598246269534]
[-0.552049145111635, 0.3468159428108672]
[-0.5289666684081494, 0.3708770919536283]
[-0.506021789114802, 0.39488496753045765]
[-0.4832981918947868, 0.41875995777231434]
[-0.4608776110940213, 0.4424181610722988]
[-0.4388377045852359, 0.46577285500318766]
[-0.41724968523630546, 0.48873659510767203]
[-0.39617584646257564, 0.5112238770996055]
[-0.3756671578989552, 0.5331542078137986]
[-0.3557611286635503, 0.5544553571630397]
[-0.3364801317053835, 0.575066520496543]
[-0.31783035085267936, 0.5949411175720789]
[-0.29980145571412326, 0.6140489922484925]
[-0.28236703710677713, 0.6323778487912747]
[-0.26548575906465205, 0.6499338523970534]
[-0.24910311509607738, 0.6667414159866026]
[-0.23315362632889516, 0.6828422761983364]
[-0.21756329347741926, 0.698294016902031]
[-0.2022521143616381, 0.7131682227544489]
[-0.18713650097504295, 0.7275484389659927]
[-0.17213146896085474, 0.7415280821527931]
[-0.15715252071248587, 0.755208399451972]
[-0.14211719420280716, 0.768696518392877]
[-0.1269462971480035, 0.7821035770571876]
[-0.11156488571896112, 0.7955428799304337]
[-0.09590307559321232, 0.8091279947524294]
[-0.07989678864574663, 0.8229706930747409]
[-0.06348853967465631, 0.8371786442273526]
[-0.046628353325835675, 0.8518528001085859]
[-0.02927487121445179, 0.8670844569499815]
[-0.011396663115137783, 0.8829520491330605]
[0.007026304682084927, 0.8995178162303442]
[0.026001162262974144, 0.9168245807529569]
[0.060837332729209194, 0.9069959245644234]
[0.08110672275363885, 0.895854139811589]
[0.10171219400737244, 0.8823850385260917]
[0.12263707539977345, 0.867066476415067]
[0.14385005013991117, 0.8502802407429346]
[0.1653083403842964, 0.8323299985898929]
[0.18696148482688554, 0.813457273301013]
[0.2087550074055033, 0.7938547374994931]
[0.2306336149471411, 0.773676836749107]
[0.25254376417588514, 0.7530480796144707]
[0.27443555910104656, 0.7320694274193451]
[0.2962640115011906, 0.7108232034168741]
[0.3179897382720573, 0.6893768810876048]
[0.3395791899784987, 0.6677860389619418]
[0.3610045114328846, 0.6460967008924773]
[0.38224313218646694, 0.6243472224746599]
[0.4032771761151023, 0.60256983780211]
[0.4240927675658661, 0.5807919451973993]
[0.4446792987138756, 0.5590371844172092]
[0.4650287100299658, 0.5373263393744302]
[0.4851348237061305, 0.5156780880426917]
[0.5049927588163062, 0.4941096134991454]
[0.5245984470265445, 0.4726370858119928]
[0.5439482588715716, 0.4512760226779319]
[0.5630387430352253, 0.430041536531212]
[0.5818664747644778, 0.4089484766182105]
[0.6004280045630901, 0.3880114757486106]
[0.6187198946923836, 0.36724491271611415]
[0.6367388287743314, 0.34666280245575654]
[0.6544817789399145, 0.32627862668602425]
[0.6719462154502073, 0.306105117958413]
[0.6891303454449524, 0.28615400965494975]
[0.7060333702819508, 0.2664357635477905]
[0.7226557545744416, 0.24695928514116827]
[0.7389995041719918, 0.22773163529653306]
[0.7550684545295833, 0.20875774479765213]
[0.7708685746624372, 0.19004013678668683]
[0.7864082946499965, 0.171578660649947]
[0.8016988659150373, 0.1533702401791145]
[0.8167547628420488, 0.13540863882987703]
[0.8315941314591205, 0.11768424567461351]
[0.8462392858615696, 0.10018388708070508]
[0.8607172460268595, 0.08289067097692779]
[0.8750603021090052, 0.06578387242935116]
[0.8893065807984758, 0.048838870749999784]
[0.9035005794841708, 0.032027149223281405]
[0.8902286327518136, 0.017671967865360586]
[0.8754753488498715, 0.002230838005670116]
[0.8594916125849829, -0.014158422587993207]
[0.8424683001290129, -0.031387520536879224]
[0.8245516222487593, -0.04937124110120618]
[0.8058551488813169, -0.06804176003967122]
[0.7864691830459072, -0.08734380978487649]
[0.7664680465908673, -0.1072306851192096]
[0.745915722488285, -0.1276610257216454]
[0.724870193867406, -0.14859629230345195]
[0.7033867372015297, -0.16999884129952073]
[0.6815203658579664, -0.19183049355885537]
[0.6593275763538324, -0.21405148549106423]
[0.6368675175004718, -0.2366196904491136]
[0.6142026768593128, -0.2594900081082071]
[0.5913991557565451, -0.2826138428825864]
[0.5685265818476755, -0.3059386285183734]
[0.5456576874760763, -0.3294074008707481]
[0.5228675652361682, -0.35295846749739834]
[0.5002326025716611, -0.37652526240594225]
[0.47782909806366075, -0.4000364984982059]
[0.455731575112789, -0.42341673227082366]
[0.43401083355369524, -0.4465874319437564]
[0.41273181316541874, -0.4694685927336301]
[0.3919513792422918, -0.49198087767754384]
[0.3717161717897298, -0.514048189657242]
[0.352060678675883, -0.5356005129552077]
[0.33300569297604277, -0.5565768135705133]
[0.3145572928791854, -0.5769277664461603]
[0.2967064403056951, -0.5966180891938426]
[0.27942923750635823, -0.6156283038621199]
[0.2626878181570492, -0.6339558128119213]
[0.24643179072271676, -0.6516152498594692]
[0.23060010596564623, -0.6686381403717643]
[0.21512319343680741, -0.685071962491396]
[0.1999252059424461, -0.7009787384552729]
[0.18492622502677808, -0.716433297110461]
[0.17004431036626944, -0.7315213377648742]
[0.1551973159503524, -0.7463373964105345]
[0.14030443994707203, -0.7609827750914445]
[0.125287517645899, -0.7755634513687535]
[0.11007210326568931, -0.7901879447001691]
[0.09458841326855877, -0.8049650863737313]
[0.07877221865453266, -0.8200016245210355]
[0.06256577475061623, -0.835399599628805]
[0.04591886295570756, -0.8512534516890282]
[0.028789988951985923, -0.8676468691447488]
[0.011147736122437753, -0.8846494614765072]
[-0.007027786813168201, -0.9023134274798613]
[-0.025743533610452174, -0.9206704903034458]
[-0.05814948604904779, -0.9147502602220545]
[-0.07792893063777556, -0.9037680049730671]
[-0.09788525589086157, -0.8904957918385278]
[-0.11807589681444391, -0.8754043028102666]
[-0.13852498962742832, -0.858865152917691]
[-0.1592308533903852, -0.8411704931571425]
[-0.18017296310325007, -0.8225502742777233]
[-0.20131794043987014, -0.8031864459692869]
[-0.2226244492024049, -0.7832241643021793]
[-0.2440470497854335, -0.7627804120430757]
[-0.26553913355891956, -0.7419505233123999]
[-0.28705507665197605, -0.7208130772255378]
[-0.30855174961069254, -0.6994335554852501]
[-0.3299895071261685, -0.6778670811036749]
[-0.3513327661554156, -0.6561604843929105]
[-0.3725502642030932, -0.6343538828090874]
[-0.3936150740548928, -0.6124819132774109]
[-0.41450443791770697, -0.590574717682188]
[-0.43519947316532864, -0.568658752423438]
[-0.4556847935756429, -0.5467574697688259]
[-0.4759480835176976, -0.5248919010328443]
[-0.4959796572487557, -0.5030811585879842]
[-0.5157720305864985, -0.48134286472657417]
[-0.5353195272033532, -0.45969350986784374]
[-0.5546179364035891, -0.43814873993911624]
[-0.5736642335256762, -0.4167235723052953]
[-0.5924563683202616, -0.3954325407064597]
[-0.6109931211785148, -0.3742897716358566]
[-0.6292740223580895, -0.35330899685778366]
[-0.6472993257691406, -0.33250350883215823]
[-0.6650700267406168, -0.3118860673084655]
[-0.6825879126560067, -0.2914687660410445]
[-0.6998556364450492, -0.27126286836573077]
[-0.7168768055030337, -0.25127861930676165]
[-0.7336560823875375, -0.23152504012039574]
[-0.7501992981788205, -0.212009709003089]
[-0.7665135841333084, -0.1927385294526517]
[-0.7826075315776186, -0.17371548586911031]
[-0.798491393219561, -0.1549423848129322]
[-0.8141773405581215, -0.13641858023803866]
[-0.829679791324503, -0.11814068220422658]
[-0.8450158175270253, -0.10010225109483271]
[-0.8602056385970818, -0.08229348305760116]
[-0.875273195521949, -0.06470089687189517]
[-0.8902467911635193, -0.04730703717469782]
[-0.9051597698649, -0.030090213333031572]
[-0.8932769910126138, -0.01452267527106553]
[-0.8796996507302522, 0.0020105698083060786]
[-0.864708023674124, 0.019392689427755697]
[-0.8485173903931638, 0.03753208526257867]
[-0.831294027335349, 0.056356607135879574]
[-0.8131679509494141, 0.07580843149537475]
[-0.7942429703722005, 0.09583972065972714]
[-0.7746045602828492, 0.11640906634682185]
[-0.7543259836545282, 0.13747866891407257]
[-0.7334730099434249, 0.15901217673757523]
[-0.7121075026554946, 0.18097309144121218]
[-0.6902900944027491, 0.2033236292536287]
[-0.6680821248235304, 0.2260239184147716]
[-0.6455469822194446, 0.24903141196043516]
[-0.6227509587798801, 0.2723004087929893]
[-0.5997636988621236, 0.29578160552080196]
[-0.5766582894454738, 0.31942164513775706]
[-0.5535110134636375, 0.343162680412256]
[-0.5304007638773013, 0.3669420212229412]
[-0.5074081033961407, 0.390691976186656]
[-0.48461395544514474, 0.4143400206541896]
[-0.46209792826420554, 0.43780941893845104]
[-0.4399363051646574, 0.46102039603670397]
[-0.41819977593716073, 0.48389189580288294]
[-0.3969510301443117, 0.5063438865590644]
[-0.37624237339585465, 0.5283000940043475]
[-0.3561135532310412, 0.5496909698274571]
[-0.3365899843328366, 0.5704566567802812]
[-0.3176815398110058, 0.5905496972081838]
[-0.29938202772480343, 0.6099372555991204]
[-0.28166940649818367, 0.6286026823944396]
[-0.26450671973829154, 0.6465463252329564]
[-0.24784366185411633, 0.663785580178292]
[-0.2316186311712103, 0.6803542541478238]
[-0.2157610940208354, 0.6963013685065338]
[-0.20019407430853792, 0.7116895654921424]
[-0.1848365969338208, 0.7265932823804128]
[-0.1696059455766562, 0.7410968365952033]
[-0.15441963946522444, 0.7552925251648843]
[-0.13919708304781248, 0.7692787924057911]
[-0.12386089082781242, 0.7831584688632222]
[-0.10833793189671498, 0.7970370397465791]
[-0.09256017106193354, 0.8110208682511859]
[-0.07646540317363429, 0.8252152825769645]
[-0.059997982452696004, 0.8397224379979282]
[-0.04310963814105673, 0.8546388886033351]
[-0.02576044110330334, 0.8700528476932706]
[-0.007919943429871984, 0.8860411801274063]
[0.010431543594092027, 0.9026662507524792]
[0.029301634368148373, 0.9199728433037753]
[0.0635656111979694, 0.9096566826627889]
[0.08314097290332122, 0.8982014143661472]
[0.10315392934699902, 0.8844813024693212]
[0.12356613668388222, 0.8689659648600426]
[0.1443296505217104, 0.8520283695628191]
[0.16538937347182497, 0.8339637350979497]
[0.18668604243173834, 0.8150059291557483]
[0.2081591337889454, 0.7953409004253866]
[0.22974937049879238, 0.7751173041722813]
[0.25140069501679346, 0.7544547368987159]
[0.2730616779522099, 0.7334500523104095]
[0.29468639431866395, 0.7121821945740965]
[0.3162348339296988, 0.6907159134647238]
[0.337672929076129, 0.6691046488166762]
[0.3589722869779933, 0.6473928018332041]
[0.3801097108776143, 0.625617552831595]
[0.40106658529547773, 0.6038103393363846]
[0.4218281903216995, 0.5819980737785516]
[0.4423829984886074, 0.5602041545908574]
[0.4627219967260196, 0.5384493063971459]
[0.4828380656198595, 0.5167522726728183]
[0.5027254388635461, 0.49513037634726226]
[0.5223792574557402, 0.47359995919858316]
[0.5417952258590234, 0.4521767086289651]
[0.560969370997307, 0.43087587975232583]
[0.5798978996585548, 0.40971242107406747]
[0.598577145622675, 0.38870101292608095]
[0.6170035946982355, 0.36785602887916125]
[0.635173973869989, 0.3471914313190568]
[0.6530853899639164, 0.32672061304319294]
[0.6707355036341908, 0.3064561969748592]
[0.6881227260317762, 0.2864098058189458]
[0.7052464281299269, 0.26659181267465926]
[0.7221071561790026, 0.2470110823152096]
[0.7387068508681007, 0.2276747111474985]
[0.7550490721121078, 0.20858777194521952]
[0.77113923550206, 0.18975306752722604]
[0.7869848698393634, 0.17117089587863185]
[0.8025959072941633, 0.15283882802864213]
[0.8179850181050504, 0.13475149950421228]
[0.8331680000008649, 0.11690041648286972]
[0.8481642284728407, 0.09927377886284952]
[0.8629971676622378, 0.08185632421422373]
[0.8776949331777083, 0.0646291987166979]
[0.8922908880248693, 0.0475698634122336]
[0.9068242415309208, 0.03065204611085237]
[0.8932686116025982, 0.016397136479999116]
[0.8782927398825706, 0.0010437889094829997]
[0.8621377655178085, -0.015261955193362466]
[0.8449865641051111, -0.032405498389513274]
[0.8269787590688445, -0.05029676967324665]
[0.8082224201898075, -0.06886422724440965]
[0.7888031428333998, -0.08804983178085513]
[0.7687910811622143, -0.10780493825253605]
[0.7482463836344269, -0.12808701483443677]
[0.7272233711497276, -0.1488570840941547]
[0.7057737136309948, -0.17007777633686677]
[0.6839487983838897, -0.19171188116623228]
[0.6618014386632188, -0.21372128102148039]
[0.6393870379014538, -0.23606615300680475]
[0.6167642988996462, -0.25870433668212334]
[0.593995544256945, -0.2815907881706104]
[0.5711466927005135, -0.3046770748157864]
[0.5482869160923537, -0.32791090645621945]
[0.5254879857205623, -0.3512357432743135]
[0.5028233069439489, -0.3745905586044735]
[0.48036664122982503, -0.39790986037434617]
[0.45819052594045245, -0.42112408069911667]
[0.4363644248083144, -0.44416042604974226]
[0.41495267337349495, -0.4669442407330938]
[0.3940123187557052, -0.48940087885249]
[0.37359098517778655, -0.5114580131360806]
[0.35372491823525776, -0.5330482443710131]
[0.33443736567338794, -0.5541118245288104]
[0.3157374367670537, -0.5745992798422569]
[0.29761954654818024, -0.5944737225849468]
[0.2800634994450839, -0.6137126718950786]
[0.2630352070265461, -0.6323092587835301]
[0.24648797573984227, -0.6502727583421097]
[0.23036425165693344, -0.6676284611484904]
[0.2145976769722529, -0.6844169547691554]
[0.19911530072219535, -0.7006929268480853]
[0.18383979381053772, -0.7165236194175901]
[0.16869154286260135, -0.7319870599034829]
[0.15359053369437023, -0.74717017146452]
[0.1384579774581453, -0.7621668297925945]
[0.12321767512875692, -0.7770758923949156]
[0.10779715397401868, -0.7919991868483962]
[0.09212863905195043, -0.8070394131085399]
[0.07614994061749372, -0.8222978972243873]
[0.059805342457983454, -0.837872134145671]
[0.04304656516481433, -0.8538530787999029]
[0.02583385147854033, -0.8703221887659404]
[0.008137178483541528, -0.8873482879156588]
[-0.010062454237775291, -0.9049844041278796]
[-0.028771775253618383, -0.9232648263279737]
[-0.061073603329827635, -0.9167161297343112]
[-0.08044467424773574, -0.9052823824741244]
[-0.10005459044740973, -0.8916493863099701]
[-0.11994194088838009, -0.8762739713976462]
[-0.14011638998194678, -0.8595150662224897]
[-0.16056578477339384, -0.8416537404422125]
[-0.1812625846354548, -0.8229104664639658]
[-0.20216925183755208, -0.803459131811391]
[-0.22324255341849372, -0.7834380136329058]
[-0.2444368633428893, -0.7629581851335467]
[-0.26570660435217636, -0.7421098692688747]
[-0.2870079780072653, -0.7209672070205992]
[-0.30830012234596305, -0.6995918283541757]
[-0.32954582012911443, -0.6780355329427178]
[-0.35071186187486814, -0.6563423166613561]
[-0.3717691494089375, -0.634549921720748]
[-0.39269260903061465, -0.6126910423312065]
[-0.4134609694620308, -0.5907942819375464]
[-0.4340564487697579, -0.5688849302562278]
[-0.4544643861711898, -0.5469856068962987]
[-0.47467284845608704, -0.5251168020336142]
[-0.4946722359066984, -0.5032973325747522]
[-0.5144549083695282, -0.4815447238487685]
[-0.5340148479814005, -0.45987552154764905]
[-0.5533473706952396, -0.438305535859057]
[-0.5724488941513788, -0.4168500189391274]
[-0.5913167647669446, -0.39552377748765244]
[-0.6099491424708962, -0.3743412236542868]
[-0.6283449376548952, -0.35331636930699195]
[-0.6465037919900108, -0.3324627703898656]
[-0.6644260930632258, -0.311793429338366]
[-0.6821130125023641, -0.2913206640674248]
[-0.6995665584446968, -0.27105595178212666]
[-0.7167896357858172, -0.2510097547823686]
[-0.7337861114012381, -0.2311913336597563]
[-0.7505608861061838, -0.21160855104002468]
[-0.7671199800292748, -0.19226766661668812]
[-0.7834706427466999, -0.17317312201840232]
[-0.7996215033183273, -0.1543273124407945]
[-0.8155827776382448, -0.13573034131477518]
[-0.8313665506603078, -0.11737975486211018]
[-0.846987148602953, -0.0992702553605762]
[-0.8624616108839379, -0.08139339528678116]
[-0.8778102632415433, -0.06373725900684304]
[-0.8930573825035897, -0.04628614393478592]
[-0.9082319302771982, -0.029020258531333325]
[-0.8959377692563295, -0.013659141625667497]
[-0.8820243954967987, 0.0026910273127122297]
[-0.8667612234766541, 0.019903424794596863]
[-0.8503543175995563, 0.03787870493844061]
[-0.8329621850243148, 0.05653870589623207]
[-0.8147082609327149, 0.07582097608972505]
[-0.7956906947132731, 0.09567419701239725]
[-0.7759899772087185, 0.11605447201255667]
[-0.7556748528326837, 0.1369224050171451]
[-0.7348068679189268, 0.15824087291296507]
[-0.713443830174546, 0.17997338305683913]
[-0.6916423951907309, 0.20208289773668808]
[-0.6694599512680129, 0.22453100160786027]
[-0.6469559382816248, 0.24727729029356676]
[-0.6241927052602457, 0.2702788724951716]
[-0.6012359817372351, 0.29348990596927865]
[-0.5781550089566119, 0.31686112818012074]
[-0.5550223500821174, 0.34033939055197204]
[-0.5319133767215417, 0.36386725367065464]
[-0.5089054161303346, 0.38738274092666264]
[-0.4860765428417393, 0.4108193717301681]
[-0.4635040122075829, 0.4341065962933644]
[-0.4412623611252756, 0.457170729164192]
[-0.4194212399072803, 0.4799364296873603]
[-0.39804308279639966, 0.5023287106083034]
[-0.37718076488260666, 0.5242753815936978]
[-0.35687542127799665, 0.5457097655974062]
[-0.33715461274099406, 0.5665734758874115]
[-0.3180310060919414, 0.5868190203954948]
[-0.2995016978810256, 0.6064120126298534]
[-0.2815482508613366, 0.6253328127093168]
[-0.26413744376873655, 0.6435774897958769]
[-0.24722266650045924, 0.6611580756857601]
[-0.23074583531925058, 0.678102154681367]
[-0.21463966393451073, 0.69445189504802]
[-0.19883011017803418, 0.7102626643847723]
[-0.18323882446067488, 0.7256013821739548]
[-0.16778545191949423, 0.7405447494080254]
[-0.15238967966428768, 0.7551774628326959]
[-0.1369729674533941, 0.7695904772757665]
[-0.12145994825814982, 0.7838793315876711]
[-0.10577952908042947, 0.7981425092522461]
[-0.08986575769057942, 0.8124797699958345]
[-0.07365854434746344, 0.8269903686486627]
[-0.05710433670728813, 0.8417710756202801]
[-0.04015683954431367, 0.8569139317749248]
[-0.022777847984560354, 0.872503709889111]
[-0.00493822416419188, 0.8886151141091367]
[0.013381005390635602, 0.9053098243225254]
[0.03218751642164711, 0.922633577076444]
[0.06600027981713077, 0.9118883214946599]
[0.08501993813793118, 0.9001359140868368]
[0.10456394876533776, 0.886176895904267]
[0.124573288246071, 0.870473743218729]
[0.14498436476316778, 0.8533917114259895]
[0.16573065374413876, 0.8352185898266435]
[0.18674487631899794, 0.8161814744241933]
[0.20796115308538818, 0.7964603202607726]
[0.22931684571608615, 0.7761985670365181]
[0.25075396302227165, 0.7555113250186891]
[0.27222010410785363, 0.7344916281668512]
[0.29366896688621424, 0.7132152046847989]
[0.31506048065540254, 0.6917441335474578]
[0.33636063529501925, 0.6701296739711184]
[0.357541082527012, 0.6484144836738045]
[0.378578580609377, 0.6266343840252557]
[0.39945434584128325, 0.604819785309616]
[0.42015336452998775, 0.5829968515231624]
[0.4406637090196779, 0.5611884593420687]
[0.46097589180413134, 0.5394149882201302]
[0.48108228299498645, 0.5176949664035109]
[0.5009766085927807, 0.4960455896614144]
[0.5206535400878507, 0.4744831246627074]
[0.5401083798530821, 0.4530232063211716]
[0.5593368415469577, 0.4316810373987693]
[0.5783349203209658, 0.41047149865038907]
[0.5970988440474498, 0.38940917838371136]
[0.6156250941015827, 0.36850833115603027]
[0.6339104825053883, 0.3477827761718812]
[0.6519522715333296, 0.32724574657631594]
[0.6697483222328694, 0.30690970110486243]
[0.6872972597396113, 0.28678610934832344]
[0.704598645718506, 0.26688522116777474]
[0.72165315161598, 0.24721582956155091]
[0.7384627304453742, 0.22778503461623062]
[0.7550307892330735, 0.2085980142077091]
[0.771362368616231, 0.18965780505385024]
[0.7874643399252585, 0.17096509579350178]
[0.8033456328899973, 0.15251803222606072]
[0.8190175083732036, 0.1343120339163977]
[0.8344938898175372, 0.1163396212176114]
[0.8497917640672306, 0.09859025246315639]
[0.8649316567276354, 0.08105017259413322]
[0.879938179276238, 0.06370227667111653]
[0.8948406349466042, 0.046525994344988775]
[0.9096736583391243, 0.029497204173246652]
[0.8958556074292007, 0.015290981779058056]
[0.8806728298116853, -2.1517741519497258E-5]
[0.8643574546630085, -0.01628761076628233]
[0.8470850798572345, -0.03338760123756526]
[0.8289894371757109, -0.05122745429069637]
[0.8101737649409627, -0.06973253981825873]
[0.7907195988361503, -0.08884245176071623]
[0.7706935599867947, -0.10850681696860551]
[0.7501525893234147, -0.12868197615329457]
[0.7291479672807244, -0.14932841264682467]
[0.7077283724838302, -0.17040880496174846]
[0.685942170068366, -0.19188658014902593]
[0.6638390747722546, -0.21372484670744968]
[0.6414713003715111, -0.23588559134355763]
[0.6188942804813715, -0.25832903682602915]
[0.5961670226899052, -0.28101308089611343]
[0.5733521367438809, -0.3038927687100672]
[0.5505155582336928, -0.3269197909100219]
[0.5277259736133638, -0.35004204107355863]
[0.5050539430094761, -0.3732033034009764]
[0.4825707167328985, -0.39634316718173285]
[0.4603467514827537, -0.4193972729779488]
[0.43844995306193346, -0.44229798299585454]
[0.41694370197311403, -0.46497553450591644]
[0.39588475221282793, -0.48735968399061813]
[0.3753211257676128, -0.5093817882306632]
[0.35529014877263204, -0.5309772068017671]
[0.33581678371478657, -0.5520878594044566]
[0.31691240137575966, -0.5726647407169924]
[0.29857410578428223, -0.5926701911460667]
[0.2807846785333647, -0.6120797450368516]
[0.2635131520253055, -0.6308834243707431]
[0.24671596311461447, -0.6490864072036289]
[0.23033858793455847, -0.6667090652627785]
[0.21431752248223965, -0.683786423508934]
[0.1985824559914267, -0.7003671375772321]
[0.18305848611291542, -0.7165121078840736]
[0.16766824431275013, -0.7322928508131941]
[0.1523338323804741, -0.7477897302565801]
[0.1369785110638626, -0.7630901219157723]
[0.12152812396588884, -0.7782865446398511]
[0.10591227878288145, -0.7934747546123005]
[0.09006533939740938, -0.8087517660317464]
[0.07392730287580629, -0.8242137419133788]
[0.05744464257126732, -0.8399536955291422]
[0.04057119066282137, -0.8560589602086071]
[0.02326910985406576, -0.8726084244068252]
[0.0055099651330813015, -0.8896695893954499]
[-0.012724145168125402, -0.9072955845322324]
[-0.03143949916489684, -0.925522360986781]
[-0.06364563470262373, -0.9184251117062203]
[-0.08266185659860956, -0.9065827561524065]
[-0.10197691700319308, -0.8926225527464144]
[-0.12161059452525069, -0.8769891140527541]
[-0.14155825035202826, -0.8600301901271552]
[-0.1617974101336505, -0.8420170951182254]
[-0.18229357133365082, -0.8231619623591792]
[-0.20300496359868614, -0.8036315889043109]
[-0.22388625901760018, -0.7835582022439409]
[-0.24489134369051643, -0.7630476754539525]
[-0.26597529951009014, -0.742185726665297]
[-0.2870957469772154, -0.721042572564322]
[-0.308213686544077, -0.6996764183720783]
[-0.32929395686517215, -0.6781360830649141]
[-0.35030540794043674, -0.6564629874913032]
[-0.371220867806188, -0.6346926760472299]
[-0.3920169644956907, -0.6128559981648163]
[-0.41267385110666976, -0.5909800416597513]
[-0.43317487107731883, -0.5690888837202601]
[-0.45350619283683247, -0.5472042052280234]
[-0.4736564372214158, -0.5253457988994279]
[-0.4936163166826729, -0.5035319905254901]
[-0.5133783016674001, -0.4817799847109048]
[-0.5329363260912499, -0.46010614142595346]
[-0.5522855402631118, -0.4385261868888237]
[-0.5714221158669032, -0.41705536129359067]
[-0.5903431037839932, -0.39570850619240217]
[-0.6090463418823507, -0.3745000954423123]
[-0.627530406713024, -0.3534442150836315]
[-0.6457946006537557, -0.33255449892804056]
[-0.6638389646964247, -0.31184402767582897]
[-0.6816643069853117, -0.291325199816649]
[-0.6992722384685444, -0.2710095822618112]
[-0.7166652095950319, -0.25090774757962486]
[-0.7338465457123515, -0.23102910293705017]
[-0.7508204834045297, -0.21138171357036642]
[-0.7675922150369512, -0.1919721210815435]
[-0.7841679537285509, -0.17280515441789]
[-0.8005550352514199, -0.15388372940845255]
[-0.816762076327163, -0.13520863156834406]
[-0.8327992098167829, -0.11677827686438533]
[-0.8486784158193186, -0.09858844649501644]
[-0.8644139632655837, -0.08063199457320222]
[-0.8800229689746751, -0.06289853184277214]
[-0.8955260703433996, -0.045374093951873896]
[-0.9109481941585362, -0.0280408089308921]
[-0.8982895358452544, -0.012834695435431774]
[-0.8840796249029864, 0.0033796219080946266]
[-0.8685778028272417, 0.020466848592566117]
[-0.8519817357559007, 0.03832104945616162]
[-0.8344429664103011, 0.056858909122399076]
[-0.816079123421036, 0.0760139548613145]
[-0.7969834379051944, 0.09573178101725913]
[-0.7772321280636411, 0.1159662130796484]
[-0.756890104908068, 0.13667631044065]
[-0.7360153536895903, 0.15782409268982908]
[-0.7146622656844316, 0.17937286763640342]
[-0.6928841339624173, 0.20128603458516106]
[-0.6707349806904345, 0.22352623465287869]
[-0.6482708472196664, 0.2460547247764286]
[-0.6255506470291854, 0.2688308672162836]
[-0.6026366525177788, 0.2918116536029351]
[-0.5795946587028603, 0.3149512208410393]
[-0.5564938411766024, 0.33820036144075843]
[-0.533406304789736, 0.36150607672579127]
[-0.5104063068223296, 0.3848112603123752]
[-0.4875691369912787, 0.40805462385297164]
[-0.4649696485128316, 0.4311709814067225]
[-0.44268045957645574, 0.4540919898293423]
[-0.42076988044577385, 0.47674740091877194]
[-0.3992996627962759, 0.49906682159772886]
[-0.37832270752022273, 0.5209819099997559]
[-0.35788089683539653, 0.5424288695054942]
[-0.33800322865489935, 0.5633510516871627]
[-0.3187044209394256, 0.5837014528521249]
[-0.2999841203129594, 0.60344489304222]
[-0.28182679626948753, 0.6225597005977208]
[-0.264202337438382, 0.6410387834281]
[-0.24706729949960887, 0.6588900392042545]
[-0.2303666954670619, 0.6761361281919569]
[-0.21403617629926305, 0.6928136927346226]
[-0.1980044279695653, 0.7089721480360195]
[-0.1821956113008053, 0.7246721858692582]
[-0.16653169076495294, 0.7399841265546381]
[-0.15093453341212695, 0.7549862289711653]
[-0.13532770324238474, 0.7697630297161455]
[-0.1196379235704548, 0.784403737981226]
[-0.10379622465318837, 0.7990006693817455]
[-0.08773883131678958, 0.8136476662417809]
[-0.07140787179573624, 0.8284384289969017]
[-0.05475200172531207, 0.8434646774613535]
[-0.03772703442850734, 0.8588140743465791]
[-0.020296649544477498, 0.8745678776435912]
[-0.0024332171403739916, 0.8907983423613268]
[0.015881274124813133, 0.9075659621632121]
[0.03465425403344569, 0.9249167208163114]
[0.06810846483355203, 0.91379005830923]
[0.08668103038026562, 0.9017562321737839]
[0.1058528939874643, 0.8875699616039688]
[0.12554540672005213, 0.8716874902093885]
[0.14568033472451244, 0.8544672723631862]
[0.166180610074575, 0.836190506697177]
[0.18697168068254805, 0.8170782488927266]
[0.207982922879317, 0.797305073998807]
[0.2291488422344198, 0.7770097034512604]
[0.2504099419565936, 0.7563031488022509]
[0.27171322832743594, 0.7352749104971539]
[0.2930123745908446, 0.7139976948066379]
[0.3142675927256566, 0.6925310210666249]
[0.33544527487969733, 0.6709240057836692]
[0.35651746840155935, 0.6492175378330117]
[0.37746124431614325, 0.6274460013632822]
[0.39825801164991886, 0.6056386587996963]
[0.4188928212382379, 0.583820773275664]
[0.4393536937988759, 0.5620145256479059]
[0.45963099879973246, 0.5402397639778488]
[0.4797169032460119, 0.5185146113700874]
[0.4996049029935818, 0.496855950057136]
[0.5192894434911194, 0.47527979459068903]
[0.5387656318779551, 0.45380156414027845]
[0.5580290380566381, 0.43243626257604495]
[0.5770755786986367, 0.41119857472150223]
[0.5959014751475196, 0.39010288750668676]
[0.614503273908154, 0.3691632454142549]
[0.6328779169266049, 0.3483932503352041]
[0.6510228482557467, 0.3278059165300912]
[0.6689361440397603, 0.3074134916622001]
[0.6866166540813313, 0.28722725471067717]
[0.7040641455711362, 0.2672573009129106]
[0.7212794427794103, 0.2475123227119601]
[0.7382645604630057, 0.22799939404592934]
[0.7550228331593001, 0.20872376332664638]
[0.7715590470570481, 0.18968865828986406]
[0.7878795853116092, 0.17089510377928113]
[0.8039926010148187, 0.1523417516961506]
[0.8199082340306287, 0.1340247210436013]
[0.8356388880870377, 0.11593744542151987]
[0.8511995824656626, 0.09807052561880739]
[0.8666083880593094, 0.08041158615180187]
[0.8818869503296182, 0.06294513666098933]
[0.8970610918150006, 0.04565244186731033]
[0.9121614745111453, 0.028511407114111764]
[0.8980978610258272, 0.01431986400104901]
[0.8827209388348124, -9.828767059817181E-4]
[0.8662542871216238, -0.017238598286140924]
[0.8488667059748969, -0.03432336541889186]
[0.8306865122160934, -0.052139829433496473]
[0.8118125788439905, -0.07061074462243992]
[0.7923228381121218, -0.08967365785546397]
[0.7722808282655043, -0.10927665291469477]
[0.751740730778451, -0.12937500790584072]
[0.7307512341912793, -0.14992862357815073]
[0.7093584752361732, -0.17090008571487963]
[0.6876082449596362, -0.19225323005257444]
[0.6655476018429424, -0.21395208355273213]
[0.6432260000068319, -0.23596006415208454]
[0.6206960137307643, -0.2582393357014045]
[0.5980137163928538, -0.28075023787179676]
[0.5752387509319459, -0.3034507424641846]
[0.5524341101363817, -0.3262959254949201]
[0.5296656299440777, -0.349237484217584]
[0.5070011897786627, -0.37222336406244527]
[0.4845096131171035, -0.39519758614657474]
[0.4622592706621307, -0.41810037611195894]
[0.44031640793874693, -0.4408686860517535]
[0.4187432471689566, -0.463437172484256]
[0.39759594610880916, -0.48573964745482956]
[0.3769225285626667, -0.5077109630573674]
[0.3567609259840553, -0.5292892308530127]
[0.3371372807530266, -0.5504182269313327]
[0.31806465503829495, -0.5710498000187938]
[0.2995422633180975, -0.591146090535983]
[0.28155530400007245, -0.6106813848797087]
[0.26407541184824945, -0.6296434685718605]
[0.24706169600315653, -0.6480343971295655]
[0.23046227671719438, -0.6658706648364553]
[0.21421619479032078, -0.6831828088673149]
[0.19825554585920435, -0.7000145308811734]
[0.182507688837692, -0.7164214447282524]
[0.16689739260553663, -0.732469565405072]
[0.1513488138473229, -0.7482336423329227]
[0.13578723671328807, -0.7637954135751494]
[0.12014054619378775, -0.7792418225781899]
[0.10434044649722296, -0.794663201998207]
[0.08832346870749207, -0.8101513967295293]
[0.07203183486142122, -0.8257977763916146]
[0.05541425554729932, -0.841691081294661]
[0.038426733348222546, -0.8579150589841765]
[0.021033424159535172, -0.8745458827591408]
[0.0032075731699577475, -0.8916493985172939]
[-0.015067505434370812, -0.9092783179980574]
[-0.033797491149258084, -0.9274695566240163]
[-0.06592100595825412, -0.9198923534236134]
[-0.08463284537982162, -0.9076783309979872]
[-0.10370014496978977, -0.8934199852121575]
[-0.1231242654058213, -0.8775510866849431]
[-0.1428867190645862, -0.8604094684527416]
[-0.16295510229796456, -0.8422577916974647]
[-0.18328821954815885, -0.8233007934455676]
[-0.20384019392458197, -0.8036989815027383]
[-0.22456359226781236, -0.7835792163200274]
[-0.2454116880316924, -0.7630427553243447]
[-0.2663400129587231, -0.7421713134364037]
[-0.2873073453755522, -0.7210316116688256]
[-0.30827626688869764, -0.6996787916052503]
[-0.32921339870350574, -0.6781589876490055]
[-0.35008940776499603, -0.6565112778069125]
[-0.37087885353719885, -0.6347691777113356]
[-0.39155992962819425, -0.6129617994314758]
[-0.4121141411086371, -0.5911147637139899]
[-0.43252594822383433, -0.5692509292463039]
[-0.45278239983642826, -0.5473909835152866]
[-0.4728727746982877, -0.5255539255190422]
[-0.4927882448061772, -0.5037574600537773]
[-0.5125215719846383, -0.48201831586762867]
[-0.5320668459620899, -0.4603524951134565]
[-0.5514192692672276, -0.4387754587685597]
[-0.57057499117941, -0.4173022515675129]
[-0.5895309897954506, -0.39594757006960113]
[-0.6082849982236896, -0.37472577832229387]
[-0.626835468250209, -0.35365087678094026]
[-0.6451815628258082, -0.33273643133941316]
[-0.6633231676554748, -0.3119954702129355]
[-0.6812609122340988, -0.29144035676300095]
[-0.6989961919749931, -0.2710826460211613]
[-0.7165311856254057, -0.2509329316039799]
[-0.7338688658397194, -0.23100068796399698]
[-0.7510130053464883, -0.2112941106347483]
[-0.7679681862403751, -0.1918199545310338]
[-0.7847398250879931, -0.17258336775667402]
[-0.8013342312044641, -0.15358771609386307]
[-0.8177587190228026, -0.13483439175904247]
[-0.8340217973046491, -0.11632259944920013]
[-0.8501334574121436, -0.09804911345203035]
[-0.866105579434697, -0.0800080018401273]
[-0.8819524682365412, -0.06219031756765653]
[-0.8976915212618671, -0.044583761531635235]
[-0.9133440162715787, -0.027172329073625094]
[-0.900358573900825, -0.012077293631118743]
[-0.8858836402393969, 0.00404126903453865]
[-0.8701691228389212, 0.021040876250650264]
[-0.853404952215622, 0.03880999675381623]
[-0.8357363556066425, 0.05726091344886451]
[-0.8172757762045644, 0.0763236820648396]
[-0.7981121182898979, 0.09594118797217072]
[-0.778317892886392, 0.11606520965505944]
[-0.7579547222902809, 0.13665336480760135]
[-0.7370775589733529, 0.15766680649155046]
[-0.7157378922039044, 0.17906853514826257]
[-0.693986153368491, 0.20082219201979204]
[-0.6718734840039406, 0.2228912014686221]
[-0.6494529936971732, 0.24523813715123685]
[-0.6267806037198382, 0.2678242033797479]
[-0.6039155435703707, 0.29060874999547764]
[-0.580920540487679, 0.31354877582205953]
[-0.5578617173296307, 0.33659841877059155]
[-0.5348081942311622, 0.35970847435805686]
[-0.5118313771300034, 0.3828260220680314]
[-0.4890039144109558, 0.4058942639462803]
[-0.4663983134499786, 0.42885268660572967]
[-0.4440852318988326, 0.45163764325828554]
[-0.4221314920430297, 0.47418341657884044]
[-0.40059790596661643, 0.4964237699969604]
[-0.37953703798416116, 0.5182939319304405]
[-0.35899106119344254, 0.5397328947734932]
[-0.33898987982359974, 0.5606858593206282]
[-0.3195496831848222, 0.581106625542696]
[-0.30067206889335785, 0.600959728347555]
[-0.28234382529490687, 0.6202221430229123]
[-0.26453740214893096, 0.6388844347982693]
[-0.24721203370343378, 0.6569512912595723]
[-0.23031541891791388, 0.6744414438127984]
[-0.2137858180464681, 0.6913870439161117]
[-0.19755439850606443, 0.7078326027770636]
[-0.1815476578753204, 0.7238336248597305]
[-0.16568976663636545, 0.7394550651858867]
[-0.14990470399303987, 0.7547697208681492]
[-0.1341181013823631, 0.7698566338251092]
[-0.1182587542441812, 0.7847995406893694]
[-0.10225980756695888, 0.799685364284227]
[-0.08605965972039797, 0.8146027050483258]
[-0.06960265805776089, 0.8296402659225024]
[-0.05283967564082969, 0.8448851348616577]
[-0.03572865914817538, 0.8604208583376971]
[-0.01823522263651784, 0.8763252683672129]
[-3.333307467013949E-4, 0.8926680740971225]
[0.017993929685569364, 0.9095082935728317]
[0.036753544478976066, 0.9268916754653734]
[0.0699181266276457, 0.9154244086280154]
[0.08812810341446087, 0.9031244735038131]
[0.10700263570006945, 0.8887225935598596]
[0.12644458868444938, 0.8726694825315355]
[0.14636212115668162, 0.8553175116470573]
[0.16666849579347917, 0.8369419578706648]
[0.1872825900857679, 0.8177584285632116]
[0.20812958277527432, 0.7979366254134929]
[0.22914154133562586, 0.7776109739539745]
[0.250257784228341, 0.7568887299377812]
[0.2714249790625046, 0.7358561295943858]
[0.29259698826027963, 0.7145830587768022]
[0.31373450091486965, 0.6931266166307904]
[0.33480450140309154, 0.6715338601336484]
[0.35577962745583314, 0.6498439423429657]
[0.3766374667260993, 0.6280897996121396]
[0.39735983424715954, 0.6062994993178392]
[0.4179320654447329, 0.5844973271922563]
[0.4383423517017034, 0.5627046697014845]
[0.4585811384448268, 0.5409407300003715]
[0.47864059952563776, 0.5192231041863471]
[0.4985141962881009, 0.4975682365980625]
[0.5181963250539766, 0.47599176777667335]
[0.5376820527056577, 0.454508785667387]
[0.5569669365290987, 0.43313398909378115]
[0.5760469214656888, 0.41188177202180737]
[0.5949183054267848, 0.3907662372742595]
[0.6135777614027286, 0.3698011488605128]
[0.6320224038328787, 0.34899983270383106]
[0.6502498861926099, 0.32837503607366664]
[0.6682585170923505, 0.3079387562937143]
[0.686047383443066, 0.2877020491667996]
[0.7036164714450941, 0.26767482694865846]
[0.7209667792562349, 0.24786565458172524]
[0.7381004190573172, 0.22828155129583097]
[0.7550207106301652, 0.20892780268845493]
[0.7717322731710119, 0.1898077861669591]
[0.7882411264766768, 0.17092281037292756]
[0.8045548163955246, 0.1522719671492637]
[0.8206825820330584, 0.13385199299608724]
[0.836635583147518, 0.11565713601412984]
[0.8524272050060556, 0.09767902423131583]
[0.8680734543121945, 0.07990653206020029]
[0.8835934533830726, 0.06232564347246352]
[0.8990100304123895, 0.044919313253881786]
[0.9143503914300242, 0.027667331305042467]
[0.9000587213700618, 0.013465625825456864]
[0.884501360916815, -0.0018499516237126534]
[0.8678937878551641, -0.01811654002639672]
[0.850398450146088, -0.035206660072555004]
[0.8321386754051538, -0.05302018447666841]
[0.8132093737661142, -0.07147765288378219]
[0.7936852565124203, -0.09051485077713428]
[0.7736271473580615, -0.11007850284596468]
[0.7530868286322937, -0.1301229165802003]
[0.7321107541232132, -0.15060741741614964]
[0.7107428755763823, -0.17149442680609242]
[0.6890267673221109, -0.19274804378886667]
[0.6670071879098739, -0.21433299927545085]
[0.6447311835674716, -0.2362138631065556]
[0.6222488112487717, -0.2583544001216898]
[0.5996135358566399, -0.28071699504992226]
[0.5768823354162285, -0.3032620971283467]
[0.5541155295802672, -0.32594767195444296]
[0.5313763321781606, -0.3487286862645075]
[0.5087301196241352, -0.3715566859197803]
[0.4862434060300656, -0.39437955279568737]
[0.4639825243922923, -0.41714153750963157]
[0.44201203156459035, -0.4397836585596233]
[0.42039288147492454, -0.46224453350014294]
[0.399180442820759, -0.48446166633246035]
[0.37842246917564654, -0.5063731626018844]
[0.3581571549228143, -0.5279197876960009]
[0.3384114236950841, -0.5490472338531218]
[0.3191995925415265, -0.5697084263577583]
[0.3005225330777857, -0.589865685933916]
[0.28236741203231597, -0.609492575188077]
