4.888017635819685E-4
0.0012891010697467396
0.002042954176529784
0.0028022847179945847
0.0034687537524789296
0.004103336682968156
0.004672847210949274
0.0052739564670822945
0.00580016306833548
0.006310126808131225
0.006756057063340994
0.0072444395050284185
0.0076703478812520124
0.008087909115027669
0.008443033011788252
0.008845534107125984
0.009196412963240433
0.009542475337173366
0.009828906908942857
0.010163837203188282
0.010457630454848807
0.010747010513343985
0.010980882122606759
0.011261496371848484
0.01151156441009847
0.011755190525543689
0.011948694261586304
0.012184884338373725
0.012401400849035453
0.012607461024679476
0.012769976193860626
0.012969260470971126
0.013160057387944653
0.0133342921091237
0.013473090801475764
0.013641253922742156
0.013812379967773163
0.01395957799437582
0.014080328564060905
0.01422186705282548
0.014378005456389922
0.014501895270596017
0.0146090193271028
0.01472745711252206
0.014872227594601767
0.014975734126512983
0.015072674734802031
0.015170794318539333
0.015306983472086956
0.015392417959181065
0.015481845755129026
0.015561860282236313
0.01569160015808589
0.01576080232043046
0.015844776336505065
0.015908459106937688
0.01603336705918189
0.016087812505507223
0.016167906944594194
0.016216689689902163
0.016337978588462615
0.016378860482796798
0.01645626533116784
0.01649131326070889
0.016609878690735144
0.01663817016061105
0.016713771390459407
0.016736040792031785
0.016852530198702115
0.01686903222281602
0.016943475895297315
0.01695375853825542
0.017068626111115662
0.0170740043954042
0.017147747965965972
0.017146705463049017
0.017260255706301096
0.01725506917183421
0.017328422567629592
0.017316613061294006
0.017429035361558133
0.0174137582193015
0.017486916712730845
0.017464815671436165
0.01757621168913206
0.017551250596445186
0.017624321082984597
0.017592337562218303
0.017702742896173546
0.01766845033120168
0.017741472297301192
0.017699961697876708
0.017809362977662904
0.01776604769807688
0.01783900991173113
0.01778828402518183
0.017896632352737946
0.01784456760147511
0.01791742135726416
0.017857756304389558
0.01805175787148195
0.01787941941909422
0.017964860957087974
0.01781389020189195
0.017882293896738986
0.017736467833446505
0.017849497562646335
0.017720069977699652
0.01781098746197004
0.0176874398764552
0.01781991082934073
0.017708781641878103
0.017814961613219327
0.01771009853029655
0.0178553046866009
0.017759764593911976
0.017875322336331052
0.017786090512312593
0.017938597731296378
0.017856359076121524
0.017976604722677557
0.017900411406565522
0.018055890299661634
0.017985003412076497
0.01810613696579138
0.018040784672783656
0.018195851377901782
0.018134644126546993
0.018253738495764497
0.01819743868939902
0.01834950734566259
0.01829654003488074
0.018411604579247048
0.018363550337680657
0.018510699311714708
0.018464729140307768
0.01857435558042772
0.0185332222002454
0.018674076011013445
0.01863403331590272
0.018737283458480677
0.018701940594017145
0.01883556671626392
0.018800533093062254
0.01889684170923722
0.018866328559872685
0.018992148765546675
0.018961338248737844
0.019050430827382777
0.019023934090348627
0.019141649295481032
0.0191143917106873
0.019196215879617232
0.01917304997610329
0.019282577319078377
0.019258303335833202
0.019332972499430105
0.01931256182468108
0.01941398259765733
0.019392210251558184
0.019459957901924195
0.019441820966289887
0.019535338014116797
0.019515660588662078
0.019576803765379656
0.01956053913370682
0.019646442391731106
0.019628517598391033
0.019683416858704755
0.019668690799771918
0.01974732974355394
0.019730870151161956
0.019779720461115334
0.019766256238177224
0.019838018206764715
0.01982278290825502
0.01986598784826974
0.019853556368370523
0.019918849531369826
0.019904636762082515
0.01994260505390444
0.01993101694067907
0.019990257294769352
0.019976898167118142
0.02001003390911546
0.019999132771021312
0.02005273435004705
0.020040087501363345
0.020068783143690146
0.020058439895421474
0.020106807569397776
0.02009475462131606
0.020119386094309362
0.020109494194616554
0.020153018533863178
0.02014146026317091
0.020162383779426588
0.020152855257755307
0.02019190902734967
0.02018076215321875
0.020198312295056024
0.020189074450886045
0.020224010377816275
0.02021320487762358
0.02022769365828888
0.020218686329579575
0.020249835851024234
0.02023931272554639
0.0202510293760902
0.020242202685915874
0.020269875442912172
0.02025958486074735
0.020268796146719042
0.020260108649371115
0.020284592536846797
0.02027449229689109
0.020281443211497704
0.020272860370644165
0.020294421993505507
0.020284476252809717
0.0202893909675113
0.02028088390922583
0.02029976932601389
0.02028994754813546
0.020293160052634
0.020284704543207542
0.020301140145574187
0.020291416226559677
0.0202932401498116
0.020284815763442668
0.02029900933778411
0.020289360890485882
0.020289890198967347
0.020281479639712992
0.020293621590363325
0.020284029357869455
0.020283350160469667
0.02027493870543973
0.02028520321030196
0.020275650572022085
0.020273841707168158
0.020265416752585513
0.02027396291620111
0.020264435478813594
0.020261569097326255
0.020253119788446683
0.02026009277041751
0.020250578028456232
0.020246720158938376
0.02023823708827702
0.02024376919152085
0.020234256245129624
0.020229467333077858
0.0202209422942414
0.02022515400264613
0.020215633322298997
0.020209968737431715
0.020201394524198515
0.020204395483142772
0.02019485871299144
0.020188369221744537
0.020179739463958662
0.020181629400123326
0.020172069193162046
0.02016480139510308
0.02015611042451957
0.0201569800036289
0.020147389883115277
0.020139397519356176
0.020130640259845456
0.020130571877223096
0.020120946119702013
0.02011247235020367
0.02010364422764456
0.020102712647746407
0.020093046182476048
0.020084142816048027
0.0200752396848975
0.02007351280986885
0.0200638011371668
0.02005451434260536
0.02004553242524646
0.020043071918094582
0.020033311037844833
0.02002368190675593
0.020014617743597
0.02001147959905653
0.020001665949651123
0.019991731008032546
0.019982581416385238
0.019978816482788528
0.019968946888826198
0.01995873856125476
0.019949500601389343
0.019945155056912484
0.019935226684270727
0.019924773714439906
0.01991544466151499
0.01991056044814415
0.019900570765281705
0.01988989859648319
0.019880475917290818
0.01987509113576639
0.019865037880308044
0.019854168999267473
0.019844650332930924
0.019838799601798077
0.019828680751614397
0.019817634998887307
0.019808018140808924
0.019801732922546417
0.019791546670670693
0.019780341520593093
0.019770624409078456
0.01976393330610473
0.01975367803893731
0.01974232885190928
0.01973250955699876
0.019725438580172772
0.019715112858510474
0.01970363310817915
0.01969370982230314
0.019686282634353416
0.019675885176854063
0.019664286654556794
0.01965425768469936
0.0196464958208339
0.019636025489585766
0.019624318488217246
0.01961418224932896
0.019606105317101375
0.01959556110501668
0.019583754584298105
0.01957350959374436
0.019565135454083404
0.019554516473876227
0.01954261820882901
0.019532263081696845
0.019523608012846003
0.019512913487388747
0.019500930201653718
0.0194904636467701
0.019481542492733442
0.019470771746614924
0.01945870923210619
0.01944813004864543
0.019438956353595282
0.019428108805727193
0.019415972029971026
0.019405279104549155
0.01939586523452045
0.019384940391659406
0.01937273359404097
0.019361925898210397
0.019352283151286273
0.019341280602355376
0.01932900738037847
0.01931808396845106
0.01930822267453269
0.019297142085641417
0.019284805472200073
0.01927376547933672
0.01926369509048848
0.019252536200562043
0.019240138733124964
0.019228981373639452
0.01921871054590769
0.019207473162847117
0.019195016945367932
0.019183741511200416
0.019173278178718337
0.01916196217602243
0.019149448934307742
0.01913805479362958
0.019127406235743237
0.019116011549531024
0.019103442680726127
0.019091929276642924
0.01908110217872321
0.01906962880510231
0.019057005421888144
0.01904537227121287
0.019034372779753617
0.01902282077248636
0.019010143742521746
0.018998390434593088
0.018987224207138075
0.018975593675561973
0.018962863656651743
0.018950989852176654
0.018939662102565008
0.018927953209729162
0.018915170681150045
0.018903176111052102
0.018891691650424498
0.01887990461140766
0.01886706990178029
0.018854954366037922
0.018843317640002685
0.018831452720381992
0.018818566032437853
0.0188063293988989
0.01879454452121854
0.01878260203566169
0.01876966346821872
0.018757305671379745
0.018745376454502975
0.018733356765459112
0.018720366332887612
0.01870788737262783
0.01869581735536114
0.018683720871828548
0.01867067852126043
0.018658078461522266
0.01864587093410607
0.018633698110457123
0.01862060373696622
0.0186078827043753
0.01859554073120418
0.01858329206605035
0.018570145526007463
0.018557303708426776
0.018544830148630554
0.018532506183711626
0.018519307306498544
0.018506344951512318
0.018493742477593417
0.018481343796677662
0.0184680923949245
0.01845500980824851
0.018442280922952563
0.018429808150735395
0.01841650402923014
0.018403301573046267
0.018390448624626184
0.01837790242561722
0.018364545389019972
0.018351223480233828
0.01833824867625223
0.01832562975364109
0.018312219613123487
0.018298778721544527
0.01828568414134598
0.01827299323583899
0.018259529814756197
0.018245965311801397
0.0182327529216897
0.018219990810313908
0.018206473952733445
0.01819276158876181
0.018179433267425833
0.018166600762299104
0.018153030351524588
0.018139171768773412
0.018125729297129255
0.018112827244156766
0.018099203187631207
0.01808520004726453
0.018071645116687976
0.018058674394224622
0.018044996626202646
0.018030850606542824
0.01801718482626707
0.01800414634372565
0.017990414827375904
0.017976127622105157
0.017962352525857754
0.017949247222261135
0.01793546195125607
0.017921035267591607
0.017907152319538232
0.01789398116201308
0.01788014216165811
0.017865577718504944
0.017851588318561634
0.017838352300772995
0.017824459628721746
0.017809759154807963
0.017795664643378006
0.01778236478390356
0.017768418530501717
0.0177535837625006
0.017739385424687896
0.017726022765331906
0.017712023053627762
0.01769705573427218
0.017682754803618195
0.01766933040766528
0.017655277393121366
0.01764017926931574
0.01762577693110341
0.01761229188151272
0.017598185751450092
0.017582958572385364
0.017568455966549917
0.017554911364090632
0.01754075233689388
0.017525397852171234
0.017510796075854457
0.017497193037183733
0.017482981361292463
0.017467501319061676
0.01745280142884349
0.017439141084528532
0.01742487703723854
0.017409273182356702
0.017394476196195052
0.01738075968868072
0.017366443574775948
0.017350717646992676
0.017335824545900658
0.017322053027424768
0.017307685177659266
0.017291838909834212
0.01727685063932072
0.017263025269779058
0.017248606039226164
0.017232641155584847
0.017217558626883588
0.017203680571646743
0.017189210337931624
0.01717312855236556
0.01715795264347484
0.017144023071159392
0.017129502232589154
0.017113305247005776
0.01709803680356057
0.017084056883757057
0.017069485857361642
0.017053175360090145
0.017037815196085427
0.017023786097045687
0.017009165316541695
0.016992742980800127
0.016977291879184092
0.01696321476547063
0.016948544679158933
0.016932012161588045
0.01691647087474182
0.01690234690484202
0.01688762797344938
0.01687098691271858
0.016855356162837964
0.016841186486746217
0.01682641918122023
0.016809676136113467
0.01679395661072863
0.01677974236749699
0.016764927162345514
0.01674810752631277
0.01673229985994491
0.01671804217520206
0.016703179529104103
0.016686283874687673
0.016670388672654014
0.01665608865611917
0.016641179031539045
0.01662420793446008
0.016608225773003315
0.016593884515970003
0.016578928376850047
0.016561882414614773
0.016545813840996747
0.01653143241380043
0.0165164302232436
0.01649930997381461
0.016483155506384718
0.016468734955857694
0.016453687173806252
0.016436493214343106
0.016420253342590455
0.01640579468950777
0.016390701770423934
0.016373434676096792
0.016357109860694805
0.016342614097215203
0.01632747648776953
0.016310136830649104
0.016293727503500624
0.016279195590606584
0.01626401372737948
0.01624660207540658
0.016230108639696827
0.016215541504638088
0.016200315811840057
0.016182832727877308
0.016166255558141687
0.01615165409188668
0.016136384979102393
0.01611883102007081
0.016102170462283575
0.016087535516984008
0.01607222337694562
0.01605459909304792
0.01603785546473779
0.016023187851211065
0.016007833057606207
0.01599013899163871
0.015973312582036443
0.015958613067271796
0.01594321597259134
0.015925452659345963
0.015908543729569
0.015893813034262818
0.015878373967694034
0.01586054193345128
0.01584355071672963
0.015828789512856465
0.015813308778226978
0.01579540854034083
0.0157783352422881
0.015763544150713637
0.015748022024492127
0.01573005409106691
0.015712898890000424
0.015698078478143442
0.015682515207502454
0.01566448007716211
0.015647243124474706
0.015632393904025467
0.015616789704972805
0.015598687866721745
0.01558136928730852
0.015566491712011197
0.01555084676759582
0.015532678700771206
0.015515278593513317
0.015500373057020662
0.01548468751561959
0.015466453689933535
0.015448972128241263
0.015434038962050305
0.015418312935743023
0.015400013811413805
0.015382450843830484
0.01536749031530796
0.015351723878345271
0.015333359906315631
0.015315715557184069
0.015300727867691346
0.015284921055065516
0.015266492677306103
0.015248766947498242
0.015233752230625296
0.015217905036748776
0.01519941268664477
0.01518160555435565
0.015166563874274388
0.015150676251774488
0.015132120354592417
0.015114231776198766
0.015099163126146392
0.015083234984783091
0.015064615958215557
0.015046645869199314
0.015031550170102177
0.01501558137581718
0.01499689963060203
0.014978847946538587
0.014963725045788015
0.014947715419892293
0.01492897136050332
0.014910837978114377
0.014895687648505568
0.014879636967013339
0.014860830992418823
0.014842615790689124
0.01482743772953456
0.014811345722651225
0.01479247822713707
0.014774181068494199
0.014758974896923162
0.014742841248695092
0.014723912622748303
0.014705533354304823
0.014690298616760323
0.014674122964893706
0.014655133596143009
0.014636672050999243
0.014621408214944058
0.01460519015080028
0.01458614042500933
0.014567596423616014
0.014552302879458778
0.014536041948233254
0.014516932250342996
0.014498305601921613
0.014482981663173982
0.014466677364265268
0.014447508079481126
0.014428798583500864
0.014413443487176216
0.014397095274751383
0.014377866789671645
0.014359074237380622
0.014343687144644346
0.01432729442840657
0.014308007132187899
0.014289131308197036
0.014273711305277641
0.014257273451441
0.014237927736997492
0.014218968420915048
0.014203514520284632
0.014187030852760383
0.014167627117992547
0.014148584086107094
0.014133095227939018
0.014116565029737103
0.014097103678787436
0.014077976705797236
0.014062451759707294
0.014045874274555665
0.014026355719087608
0.014007144579874486
0.013991582346951132
0.013974956781134614
0.013955381441632029
0.013936085913077345
0.013920485128205248
0.013903810652624337
0.01388417895970925
0.013864798822550041
0.013849158157029367
0.013832433909478657
0.013812746305244612
0.013793281345968154
0.013777599410430658
0.013760824498094713
0.013741081437454412
0.013721531450228778
0.013705806797850512
0.013688980300014275
0.013669182252059693
0.013649547040699041
0.013633778170706719
0.013616899141675543
0.013597046591049995
0.01357732597101248
0.01356151133247958
0.01354457880470292
0.01352467225298426
0.013504866053401397
0.013489004049327543
0.013472017036718586
0.013452057003813724
0.013432165069549395
0.013416254061214751
0.013399211562656766
0.013379198588207979
0.01335922078194626
0.013343259093530244
0.013326160096558945
0.013306094741362769
0.013286030945723276
0.013270016869175139
0.013252860353824406
0.013232723144055608
0.013212573294805493
0.01319650509495667
0.013179290064327607
0.013159056528701325
0.013138820625885481
0.013122696545778002
0.013105422037765237
0.013085090757866593
0.013064768833063638
0.013048587099472785
0.013031252161098985
0.013010821707373867
0.0129904138261394
0.01297417265528147
0.012956776347247645
0.012936245282121603
0.012915751546461124
0.012899449149857498
0.012881990551177811
0.012861357432336802
0.01284077798320812
0.012824412573680334
0.012806890786380126
0.012786154170212748
0.012765489190057372
0.012749058987826332
0.012731473141680393
0.012710631586880577
0.012689881302183832
0.0126733845410446
0.012655733798332012
0.01263478586966061
0.012613950553540143
0.012597385487082287
0.012579669047333202
0.012558613319536404
0.012537693294358552
0.012521058202200744
0.012503275306909653
0.012482110368791054
0.012461106008814811
0.012444399202821628
0.01242654914010116
0.01240527359874424
0.012384185332791578
0.012367405163239469
0.012349487272388462
0.012328099757524661
0.012306928071676786
0.012290072933335837
0.0122720866092954
0.012250585777812826
0.012229331218130485
0.012212399556228368
0.012194344253899744
0.012172728794485797
0.012151391969752384
0.012134382285787157
0.012116257524185478
0.012094526162096553
0.012073107746581404
0.01205601860395024
0.012037823970169129
0.012015975472118802
0.011994476208358142
0.011977306237769618
0.011959041390732388
0.011937074569888692
0.011915495271480838
0.011898144576237654
0.011879809404947088
0.011857723126064252
0.011836064862996038
0.01181845161648657
0.011800046220887128
0.01177783940548434
0.01175610348025266
0.01173822773233811
0.011719752300396125
0.011697423931985201
0.011675611733697593
0.011657473669975788
0.011638928480465317
0.011616477609866506
0.011594590617057463
0.011576190562339939
0.01155757598730571
0.011535001738007254
0.011513041521428862
0.011494379942845993
0.01147569644972856
0.011452998023273365
0.011430966248650776
0.011412043758370198
0.011393291911781593
0.011370468593162852
0.011348367023903991
0.011329184381450726
0.011310364844591143
0.011287434499514621
0.011265264962476247
0.011245823076641246
0.01122693658072685
0.011203921748593968
0.011181686126007714
0.011161986056345986
0.011143033392058925
0.011119935457766229
0.011097635731220912
0.01107767868913901
0.01105866074243003
0.011035481224164834
0.011013119476765141
0.010992906826187508
0.010973824577985266
0.010950565130603837
0.010928143549014706
0.010907676806636584
0.010888531332194544
0.010865193750358978
0.010842714626720127
0.01082199546185357
0.010802787929744049
0.010779374150798007
0.010756839884492305
0.010735870118514379
0.010716601789282201
0.010693113895845931
0.010670526995104658
0.010649308600520215
0.010629980825011471
0.010606421047276483
0.01058378413060414
0.010562319229738288
0.010542933447122498
0.010519304164826765
0.010496619962227808
0.010474910825565826
0.010455468561072052
0.01043177230513736
0.010409043659126775
0.010387092703322004
0.010367595565712297
0.010343835019525604
0.010321064885905784
0.010298874671477876
0.010279324350283331
0.010255502350605078
0.010232693798991081
0.010210267027739568
0.01019066529028594
0.01016678482776937
0.010143941041845511
0.01012128055400506
0.010101629242256802
0.010077693461563165
0.010054817739054072
0.01003192651021956
0.010012227537472284
0.009988239736968364
0.009965335489308868
0.009942216627159295
0.00992247197461133
0.009898435605637248
0.009875506357326057
0.009852163098177632
0.009832374811412302
0.009808293477108883
0.009785342864732685
0.009761867977635784
0.009742037976665945
0.009717915430295975
0.00969494698617793
0.009671416775876194
0.009651546878618822
0.00962738702149648
0.009604404204437339
0.009580820843122922
0.009560912913642998
0.00953671979264214
0.009513726161706792
0.00949009188836609
0.009470147833384493
0.009445925637938158
0.009422924850310783
0.009399241967666085
0.009379263733143213
0.009355016791779915
0.00933201260027228
0.009308283471739249
0.009288273039561314
0.009264005815980325
0.009241002066190931
0.009217229112874736
0.009197188497668478
0.009172905586358646
0.009149906213482844
0.009126091911234474
0.009106023157333824
0.009081729278743046
0.009058738304036643
0.009034885180589501
0.009014790359175387
0.008990490354440418
0.008967511881341433
0.008943622513546454
0.008923503719978984
0.008899202545227646
0.008876240755143682
0.008852317766319447
0.008832177117678652
0.00880787983791925
0.008784938985689987
0.008760985043102269
0.00874082467595113
0.008716536458566073
0.008693620867613187
0.008669638680096126
0.008649460748476941
0.008625186856340384
0.008602300913519226
0.00857829322924813
0.00855809990292003
0.008533845687161196
0.00851099383733113
0.00848696344175466
0.008466756904677549
0.008442527797114073
0.008419714537446306
0.008395664251383354
0.008375446700450553
0.008351248205717915
0.008328478079761843
0.008304410757666086
0.00828418440168492
0.00826002208909023
0.008237299680621245
0.008213218209014045
0.00819298526793117
0.008168864763061213
0.008146194689734319
0.00812210198580435
0.008101864690169679
0.008077791666284622
0.008055178573120233
0.008031077583485868
0.008010838174146521
0.007986818343392352
0.007964244759208212
0.0079401384588393
0.007919899245067755
0.007895938349558986
0.007873364882521687
0.007849256273808366
0.007829019694312676
0.007805123497102657
0.00778255554481141
0.007758447656764807
0.007738216164625723
0.007714390440546328
0.00769183345412343
0.007667729341709584
0.007647505404723973
0.00762375593122026
0.007601215407753283
0.007577118151341366
0.0075569042525116805
0.007533236800472143
0.007510718275328144
0.007486630980238241
0.007466429618388467
0.007442849943006884
0.007420358982051618
0.007396284778186397
0.007376098468683387
0.007352612300388433
0.0073301544921434095
0.007306096533687027
0.00728592780924543
0.00726254084473307
0.007240121792503407
0.007216083257670123
0.007195934669218602
0.007172652562622056
0.00715027787662717
0.007126261967441664
0.0071061360850275665
0.007082964439258237
0.0070606397287968385
0.007036649670887854
0.007016549084597615
0.006993493442889258
0.006971224308569145
0.006947263350957888
0.0069271906718303255
0.006904256509517428
0.0068820485355792545
0.006858119950444049
0.006838077811354312
0.006815270527913647
0.006793129274676543
0.006769236357075537
0.006749227413567732
0.006726552324950802
0.006704483321405966
0.0066806293889400134
0.006660656319987582
0.006638118651269137
0.006616127387846052
0.006592315780244578
0.00657238128891812
0.006549986167284238
0.006528078088812003
0.006504312167425375
0.006484418981448978
0.006462171429545829
0.006440351928430296
0.006416635075613163
0.006396785947791225
0.006374690877453297
0.006352965287088635
0.006329300905459798
0.006309498613957928
0.0062875608203322286
0.006265934408763355
0.0062423259203287585
0.006222573268793581
0.006200797424873683
0.006179275388723899
0.006155726233850812
0.006136026051355179
0.006114416702936758
0.006093004161612775
0.0060695177978444224
0.0060498729386460484
0.0060284344997127625
0.006007136489897075
0.005983716390598547
0.005964129733701707
0.005942866482248067
0.005921687952686597
0.005898337605514369
0.0058788120540260195
0.005857728128321102
0.005836673934911949
0.005813396840100813
0.005793935320374262
0.005773034715667928
0.005752128555809461
0.005728928224281996
0.005709533618834142
0.0056888201844943285
0.005668104300896311
0.005644984252185141
0.005625659330048189
0.005605136767138824
0.005584614910874748
0.005561578670823762
0.005542326217445416
0.005521998076768821
0.005501673848374741
0.005478724946666199
0.005459547762398987
0.005439417442940736
0.00541929428994844
0.005396436257440776
0.005377337155820977
0.005357407903610445
0.005337489118476795
0.005314725484356584
0.005295707290175086
0.005275982197550162
0.005256270915972876
0.005233605204725756
0.005214670751894975
0.005195152757157505
0.005175651956766007
0.005153087684973119
0.005134239814195052
0.005114931701641961
0.005095644201050667
0.005073184874018305
0.005054426430260459
0.005035330830573817
0.005016259288784063
0.004993908397015722
0.00497524222680256
0.004956361617780698
0.004937508533916374
0.0049152695494375604
0.004896698497966477
0.00487803520557675
0.004859402918937876
0.004837279291485378
0.004818765706280131
0.0048003219060250004
0.004781912745652129
0.0047599078987048
0.004741455271965376
0.004723232990501172
0.004705049125509218
0.004683166452278251
0.004664779040824466
0.004646780157853227
0.004628823595326016
0.004607066454618714
0.00458874849191922
0.0045709747423160925
0.004553247328332245
0.0045316190403361985
0.004513374731453604
0.004495827707606235
0.004478331128508241
0.0044568349705126995
0.004438668487009853
0.0044213496413464315
0.004404085425234699
0.00438272462730603
0.004364640102129868
0.004347550749812096
0.004330520268246185
0.004309298008874692
0.004291299531234358
0.004274440852991828
0.004257645322880926
0.004236564724616949
0.004218656334872821
0.0042020293799553575
0.004185469865620693
0.004164533990717943
0.004146719675298466
0.004130325364523364
0.0041140027799154355
0.004093214625999946
0.004075498312363003
0.004059337441234494
0.004043252552288701
0.004022615048071734
0.00400500059972724
0.003989073841606208
0.003973227268720882
0.003952743269774245
0.003935234481384473
0.003919542390687116
0.0039039346113087996
0.003883606895920758
0.003866207488494705
0.0038507505038997947
0.003835381855201238
0.0038152131203311266
0.003797926736528859
0.0037827051841741303
0.0037675758658113983
0.003747568723160644
0.0037303989227232414
0.0037154130193726943
0.0037005230963084827
0.003680680068525324
0.0036636303238456597
0.0036488801800105804
0.0036342295853919425
0.003614553102426643
0.0035976267942755664
0.0035831124172736413
0.0035687009553530074
0.0035491933509796784
0.0035323937644019116
0.0035181150613398933
0.0035039424104294607
0.003484605918949976
0.0034679362393430736
0.003453893020010229
0.003439958735460542
0.003420795488605168
0.003404258797994559
0.0033904507776553465
0.0033767542948500585
0.003357766318888572
0.0033413655924106893
0.003327792394487008
0.003314333031846584
0.003295522244922695
0.003279260347527658
0.0032659215061623427
0.0032526984681505843
0.0032340666778513873
0.003217946361235725
0.0032048413237308164
0.003191853703858863
0.00317340260503009
0.0031574265048092106
0.003144554633934002
0.0031318014177575304
0.0031135325905740398
0.00309773612810807
0.003085096704283665
0.003072576641978339
0.003054491550309939
0.00303887646774952
0.0030264686910798817
0.003014180433351844
0.0029962804233324815
0.0029808477153456915
0.0029686707075216993
0.0029566128111422306
0.002938899110050135
0.0029236496609506245
0.0029117024670207176
0.0028998733978056472
0.002882347113225098
0.002867281696585247
0.0028555632865955457
0.002843961422358188
0.002826623541625434
0.002811742820097285
0.0028002520906057465
0.002788875724083682
0.0027717271140187804
0.0027570316393644863
0.0027457674148348753
0.0027346147565915375
0.0027176561635165386
0.0027031463768492714
0.002692107410932099
0.0026811765922344173
0.0026644086422770853
0.0026500848745124417
0.002639269851221207
0.002628558926895121
0.0026119821265759
0.00259784459909322
0.0025872521338852535
0.0025767590851511505
0.002560373822249888
0.002546422647761872
0.002536051288534159
0.0025257740258245965
0.0025095805705221746
0.0024958157541505512
0.0024856639821616245
0.002475600347923799
0.0024595988542127018
0.002446020294766788
0.002436086525496511
0.0024262342969821587
0.002410424804338661
0.0023970322957928714
0.0023873148797524937
0.002377671771797865
0.002362054207107512
0.002348847440273087
0.002339344663778356
0.002329908331576907
0.002314482511303791
0.002301461075689305
0.002292171161609661
0.002282939203480014
0.0022677048360694005
0.002254868221923751
0.0022457893304208055
0.002236759290572419
0.0022217159790752423
0.002209063579606231
0.0022001938088746903
0.0021913631801733823
0.002176510425080351
0.002164041538841202
0.0021553789258652225
0.002146745152600548
0.002132082354872753
0.002119796188308309
0.002111338709646043
0.002102899190302128
0.0020884256545843287
0.002076321324728053
0.0020680668973366485
0.002059818987367791
0.002045533925370011
0.0020336104626823507
0.0020255569447951956
0.0020174979594071597
0.002003400493439555
0.0019916568447777864
0.0019838020368450524
0.0019759292537825583
0.0019620184204282576
0.0019504534521373534
0.001942795097840218
0.0019351057601807132
0.001921380514090792
0.0019099930152045792
0.001902528802552537
0.0018950201215059057
0.001881479339300555
0.0018702680248420208
0.0018629955873618175
0.0018556647450751961
0.001842307229334884
0.0018312707437042224
0.0018241876617278699
0.0018170318140943097
0.0018038562974247146
0.0017929932178634613
0.0017860970199217372
0.0017791132993909933
0.0017661184485454678
0.001755427288664973
0.0017487154529915994
0.0017419009713808753
0.0017290853914243218
0.001718564604786649
0.001712034560937229
0.0017053864122392836
0.0016927486507375077
0.0016823966344768292
0.0016760457650653552
0.0016695610282509818
0.0016570995794698475
0.001646914677942486
0.0016407403204970314
0.0016344160623084974
0.0016221293714075908
0.0016121098798588323
0.0016061093287968156
0.0015999426065285538
0.0015878290737344045
0.0015779732419704993
0.0015721437506926689
0.0015661316149551286
0.0015541895996996251
0.0015444956357534723
0.0015388344188546185
0.0015329739163169607
0.0015212017413270803
0.0015116678151064092
0.0015061720506996082
0.00150046022680665
0.0014888561821322403
0.001479480429039435
0.0014741472611895512
0.0014685811628481634
0.0014571435098152208
0.0014479240343282461
0.0014427505755893488
0.001437327253819393
0.0014260542288969458
0.001416989108101262
0.001411972442151675
0.0014066889546963896
0.0013955787732658766
0.0013866660603277178
0.0013818032446954254
0.0013766566585861945
0.0013657075186030124
0.001356945246174823
0.0013522333150452221
0.0013472207091155396
0.0013364307946532622
0.001327816978202662
0.0013232529452998412
0.0013183714126434119
0.0013077388973119965
0.001299271538366213
0.0012948523998983028
0.0012900990502662107
0.0012796221004964367
0.001271299189794657
0.0012670219274532712
0.0012623938895853198
0.0012520706677724908
0.0012438901883192622
0.0012397517723225602
0.0012352461962080077
0.0012250748637089217
0.001217034793722313
0.0012130321858908558
0.0012086462449539866
0.001198624964931998
0.0011907232806808636
0.0011868534375352134
0.0011825843307414128
0.0011727112708553125
0.0011649459493806784
0.0011612058252494924
0.0011570507791277406
0.0011473241140610721
0.0011396931357772664
0.0011360796859046013
0.0011320359564826413
0.0011224538703108787
0.001114955221482703
0.0011114654051232764
0.0011075302797719686
0.0010980909681658814
0.0010907226432587667
0.0010873534267500356
0.0010835242259338322
0.001074225898198119
0.0010669859020988352
0.0010637342618989762
0.001060008340829737
0.0010508492217768423
0.0010437355718829464
0.0010405984975641062
0.0010369732477559326
0.0010279515794157004
0.0010209623075925392
0.0010179368047790985
0.001014409655502189
0.001005523698668734
9.986568530734102E-4
9.9573994631544E-4
9.923083659474246E-4
9.8355640156528E-4
9.768100483375497E-4
9.739987839101251E-4
9.706602811837124E-4
9.62040611575982E-4
9.554128363965986E-4
9.5270428501622E-4
9.494564101623974E-4
9.409673601042362E-4
9.344562696218062E-4
9.318475290717538E-4
9.286878748582196E-4
9.203277924995149E-4
9.139315156274051E-4
9.114197132845071E-4
9.083459159493608E-4
9.001131735910354E-4
8.938298626763512E-4
8.914121579323255E-4
8.884218980134873E-4
8.803148927422856E-4
8.74142724609362E-4
8.718163111805907E-4
8.689073142417676E-4
8.609244684288433E-4
8.548616453001322E-4
8.526237534204516E-4
8.497937906748481E-4
8.419335523438145E-4
8.359783026413759E-4
8.338262011332077E-4
8.310730899665288E-4
8.233339330369988E-4
8.174845120681931E-4
8.154155102880509E-4
8.127371146826714E-4
8.051175390955702E-4
7.993722296268188E-4
7.973836792820064E-4
7.947779101445102E-4
7.872764418756996E-4
7.816335545984794E-4
7.797228514324849E-4
7.771876668270569E-4
7.698028577959812E-4
7.642607316894394E-4
7.624253170342711E-4
7.599587223247017E-4
7.526891502049323E-4
7.47246152799734E-4
7.454835149941258E-4
7.430835628974143E-4
7.359278308360618E-4
7.30582358384235E-4
7.288900340573351E-4
7.265548246121442E-4
7.195115608651639E-4
7.142620384208648E-4
7.126376136416605E-4
7.103652940950218E-4
7.034331515854691E-4
6.982780330017013E-4
6.967191442950481E-4
6.945079089109231E-4
6.876855647171841E-4
6.826233325635611E-4
6.811276677942744E-4
6.789757575877147E-4
6.722619123686964E-4
6.672910777754317E-4
6.658563769024257E-4
6.637620793031959E-4
6.57155456667365E-4
6.522745591006484E-4
6.508986148036369E-4
6.488602632532657E-4
6.423596090783023E-4
6.375672160522614E-4
6.362478742339793E-4
6.342638477202668E-4
6.278679294299634E-4
6.231626361603495E-4
6.218977963276828E-4
6.19966518860774E-4
6.136741246656044E-4
6.090545536703061E-4
6.078421691981099E-4
6.059621092322299E-4
5.997720473398551E-4
5.952368479912764E-4
5.940749262729771E-4
5.922445960779681E-4
5.861556938796845E-4
5.817035419139051E-4
5.805901444033006E-4
5.788080993900663E-4
5.72819202628979E-4
5.684487996165395E-4
5.673820417654483E-4
5.656468797693902E-4
5.597568516958352E-4
5.554669244788252E-4
5.544449755754568E-4
5.527553361019257E-4
5.469630566213836E-4
5.427523567213984E-4
5.41773439634483E-4
5.401280030702172E-4
5.344323678886892E-4
5.30299670890041E-4
5.293620617238987E-4
5.277595485183199E-4
5.221594682898266E-4
5.18103573202238E-4
5.172056008680524E-4
5.156447706882138E-4
5.10139170168793E-4
5.061588987736258E-4
5.052989444822599E-4
5.037785953451148E-4
4.983664125573757E-4
4.944606087412527E-4
4.93637105422966E-4
4.921560728085173E-4
4.8683625822050285E-4
4.8300378729998505E-4
4.822152189564078E-4
4.80772374905164E-4
4.7554389062697087E-4
4.7178363866776584E-4
4.7102853966145747E-4
4.6962279185948537E-4
4.644846108607651E-4
4.6079548399472105E-4
4.600724382815845E-4
4.587027291362911E-4
4.5365383448747596E-4
4.500347582304249E-4
4.4934239854015274E-4
4.480077042498087E-4
4.430470883895687E-4
4.3949700696286053E-4
4.388340139325017E-4
4.3753334355231966E-4
4.32660007583501E-4
4.2917788324187204E-4
4.2854298450747166E-4
4.272753790149294E-4
4.224883320309029E-4
4.1907314439911295E-4
4.184651136502349E-4
4.1722964501215737E-4
4.125279034552422E-4
4.0917864887570274E-4
4.085963048775022E-4
4.073920751212504E-4
4.027746621746061E-4
3.994903530680264E-4
3.9893255865535007E-4
3.9775869894631E-4
3.9322464396042303E-4
3.900043082012961E-4
3.8946996924912755E-4
3.883256389765211E-4
3.838739769311719E-4
3.807166572397356E-4
3.8020472161409463E-4
3.7908910748698675E-4
3.7471887848933424E-4
3.716236318414459E-4
3.7113308833466944E-4
3.700454034898683E-4
3.6575565230907936E-4
3.6272154936525753E-4
3.6225142661938436E-4
3.6119090974279363E-4
3.5698068538141705E-4
3.5400680993614097E-4
3.535561753579099E-4
3.525220898207346E-4
3.483904451228305E-4
3.4547589357499935E-4
3.4504385224577694E-4
3.4403548525682655E-4
3.399814765526769E-4
3.371253573979871E-4
3.3671105098172026E-4
3.3572771275692826E-4
3.317503995439735E-4
3.289518328897937E-4
3.285544385418914E-4
3.2759546149201775E-4
3.236939061515205E-4
3.2095202325472925E-4
3.2057075253455486E-4
3.196354904719127E-4
3.1580875802068685E-4
3.131227008487641E-4
3.127567986382364E-4
3.118446260031529E-4
3.080917838795812E-4
3.0546070469514405E-4
3.051094481257371E-4
3.0421975923334915E-4
3.005398771167863E-4
2.9796293808562093E-4
2.976256354758588E-4
2.967578437837135E-4
2.931499934462627E-4
2.906263662687923E-4
2.903023560741583E-4
2.8945589347099726E-4
2.8591914866056485E-4
2.8344801422659435E-4
2.831366640035842E-4
2.823109801195761E-4
2.788444164730169E-4
2.764249645394918E-4
2.761256699253689E-4
2.7532023146396823E-4
2.719229264490741E-4
2.695543553405116E-4
2.692665390501549E-4
2.6848082914167473E-4
2.651518620266906E-4
2.6283337835784524E-4
2.625564891989242E-4
2.617900067758259E-4
2.585284586251404E-4
2.562592770454082E-4
2.559927889529617E-4
2.5524504814679344E-4
2.520500018414024E-4
2.4982934480039914E-4
2.4957275589175456E-4
2.488432854515992E-4
2.4571382573292377E-4
2.4354092326660574E-4
2.4329375491743496E-4
2.4258209764966326E-4
2.3951731118527036E-4
2.373914007219321E-4
2.3715319666412009E-4
2.3645890889318908E-4
2.3345788436296918E-4
2.3137821054839238E-4
2.3114853599026232E-4
2.3047118704025066E-4
2.275330152415855E-4
2.2549882978258843E-4
2.2527727055192523E-4
2.2461644224844212E-4
2.2174021621891487E-4
2.197507777445158E-4
2.1953693945471725E-4
2.1889222564679294E-4
2.1607704080299245E-4
2.1413161474237414E-4
2.139251219819657E-4
2.1329612808348528E-4
2.105410823744789E-4
2.0863894085092774E-4
2.0843943639658677E-4
2.078257789468029E-4
2.0512997302087586E-4
2.0327039476084844E-4
2.0307753881399821E-4
2.0247884505662984E-4
1.9984138243991245E-4
1.980236526963789E-4
1.9783712214334055E-4
1.9725302962374835E-4
1.946730169093799E-4
1.928964273985882E-4
1.927159150942027E-4
1.9214607127410432E-4
1.8962261832063414E-4
1.878864671714328E-4
1.877116812460135E-4
1.8715574313519462E-4
1.846879632729374E-4
1.829915549878082E-4
1.828222181772145E-4
1.822798519816794E-4
1.79866862225803E-4
1.7820950765275685E-4
1.7804535665133788E-4
1.7751623743733204E-4
1.751571587064951E-4
1.7353817502099492E-4
1.733789598571015E-4
1.7286277123043997E-4
1.7055672856983273E-4
1.6897543926591954E-4
1.688209226996464E-4
1.6831735649977417E-4
1.6606347930748242E-4
1.6451921419730512E-4
1.6436917114008402E-4
1.6387792714830086E-4
1.6167534940394888E-4
1.601674446249073E-4
1.6002166158054658E-4
1.5954244724182494E-4
1.5739030773650924E-4
1.5591810576524504E-4
1.5577638029198E-4
1.5530891044981824E-4
1.5320635301639693E-4
1.5176920268889215E-4
1.516313428819913E-4
1.5117533952574113E-4
1.4912151326859237E-4
1.477187698056574E-4
1.4758459380010623E-4
1.4713978582423296E-4
1.451338453476538E-4
1.4376487038511088E-4
1.4363420587788496E-4
1.4320032885261838E-4
1.4124143448707467E-4
1.3990559610997349E-4
1.3977827990139337E-4
1.393550758542488E-4
1.3744239387975728E-4
1.3613906665998357E-4
1.3601494421364174E-4
1.3560216142129297E-4
1.337348642872506E-4
1.324634293239216E-4
1.3234235434465765E-4
1.3193974713466525E-4
1.301170136755014E-4
1.2887685863756704E-4
1.2875869266696798E-4
1.283660212288738E-4
1.2658703687494583E-4
1.2537755604544483E-4
1.2526216807434286E-4
1.2487919827966476E-4
1.2314315526286792E-4
1.2196374958432157E-4
1.2185101568176055E-4
1.2147751891242678E-4
1.1978361646603369E-4
1.1863369358648358E-4
1.1852349654463073E-4
1.1815924952941536E-4
1.1650669408171254E-4
1.1538566840094356E-4
1.1527789739541938E-4
1.1492268205395641E-4
1.1331068741528062E-4
1.1221798013079742E-4
1.1211253039590906E-4
1.1176613368987457E-4
1.1019392123270311E-4
1.0912896038505789E-4
1.0902573290342073E-4
1.0868794669449481E-4
1.0715474552628027E-4
1.0611696604337996E-4
1.0601586724942206E-4
1.05686488163651E-4
1.041915352921321E-4
1.0318037903217714E-4
1.0308132052902987E-4
1.0276014982723462E-4
1.0130269031799355E-4
1.0031760611073351E-4
1.0022050440001692E-4
9.990734785390049E-5
9.84866349799728E-5
9.752707866598783E-5
9.743185489001304E-5
9.712652266364204E-5
9.574181804702056E-5
9.480725251476217E-5
9.471383221068048E-5
9.441613874702846E-5
9.306671249193614E-5
9.215660771229388E-5
9.206492057773254E-5
9.177468448999002E-5
9.045981530782509E-5
8.95736483659984E-5
8.948362803573664E-5
8.920067200310593E-5
8.791964732899487E-5
8.705690245348405E-5
8.696848628673194E-5
8.669263695444023E-5
8.544475305536536E-5
8.460492164391398E-5
8.451805052176923E-5
8.424913840504862E-5
8.30337004795342E-5
8.221628112187518E-5
8.213089925454466E-5
8.186875864633976E-5
8.068508091571345E-5
7.988957941299497E-5
7.980563415637952E-5
7.955010303855835E-5
7.839750882982425E-5
7.762343821061124E-5
7.754087989186513E-5
7.7291799849721E-5
7.61696216701021E-5
7.541650220286746E-5
7.533528395455533E-5
7.509250009440002E-5
7.400007969762899E-5
7.326743889966557E-5
7.318751650215047E-5
7.295087737181069E-5
7.188756581626286E-5
7.117493845896677E-5
7.1096270190678E-5
7.086562770271967E-5
6.983078540150578E-5
6.913771351199567E-5
6.90602600072335E-5
6.883546936474754E-5
6.782846612788884E-5
6.71544989869422E-5
6.707822310089016E-5
6.685914272568662E-5
6.587935779452018E-5
