[0.999805802118548, -1.5363162430637178E-4]
[0.007836378513427, -0.9903723530324242]
[-0.9998611396006817, 2.6385119314489835E-4]
[1.2275355396626497E-4, 0.9930815275685937]
[0.999805802118548, -1.5363162430637178E-4]
[0.007836378513427, -0.9903723530324242]
[-0.9998611396006817, 2.6385119314489835E-4]
[1.2275355396626497E-4, 0.9930815275685937]
[0.999805802118548, -1.5363162430637178E-4]
[0.007836378513427, -0.9903723530324242]
[-0.9998611396006817, 2.6385119314489835E-4]
[1.2275355396626497E-4, 0.9930815275685937]
[0.999805802118548, -1.5363162430637178E-4]
[0.007836378513427, -0.9903723530324242]
[-0.9998611396006817, 2.6385119314489835E-4]
[1.2275355396626497E-4, 0.9930815275685937]
[0.999805802118548, -1.5363162430637178E-4]
[0.007836378513427, -0.9903723530324242]
[-0.9998611396006817, 2.6385119314489835E-4]
[1.2275355396626497E-4, 0.9930815275685937]
[0.999805802118548, -1.5363162430637178E-4]
[0.007836378513427, -0.9903723530324242]
[-0.9998611396006817, 2.6385119314489835E-4]
[1.2275355396626497E-4, 0.9930815275685937]
[0.999805802118548, -1.5363162430637178E-4]
[0.007836378513427, -0.9903723530324242]
[-0.9998611396006817, 2.6385119314489835E-4]
[1.2275355396626497E-4, 0.9930815275685937]
[0.999805802118548, -1.5363162430637178E-4]
[0.007836378513427, -0.9903723530324242]
[-0.9998611396006817, 2.6385119314489835E-4]
[1.2275355396626497E-4, 0.9930815275685937]
[0.999805802118548, -1.5363162430637178E-4]
[0.007836378513427, -0.9903723530324242]
[-0.9998611396006817, 2.6385119314489835E-4]
[1.2275355396626497E-4, 0.9930815275685937]
[0.999805802118548, -1.5363162430637178E-4]
[0.007836378513427, -0.9903723530324242]
[-0.9998611396006817, 2.6385119314489835E-4]
[1.2275355396626497E-4, 0.9930815275685937]
[0.999805802118548, -1.5363162430637178E-4]
[0.007836378513427, -0.9903723530324242]
[-0.9998611396006817, 2.6385119314489835E-4]
[1.2275355396626497E-4, 0.9930815275685937]
[0.999805802118548, -1.5363162430637178E-4]
[0.007836378513427, -0.9903723530324242]
[-0.9998611396006817, 2.6385119314489835E-4]
[1.2275355396626497E-4, 0.9930815275685937]
[0.999805802118548, -1.5363162430637178E-4]
[0.007836378513427, -0.9903723530324242]
[-0.9998611396006817, 2.6385119314489835E-4]
[1.2275355396626497E-4, 0.9930815275685937]
[0.999805802118548, -1.5363162430637178E-4]
[0.007836378513427, -0.9903723530324242]
[-0.9998611396006817, 2.6385119314489835E-4]
[1.2275355396626497E-4, 0.9930815275685937]
[0.999805802118548, -1.5363162430637178E-4]
[0.007836378513427, -0.9903723530324242]
[-0.9998611396006817, 2.6385119314489835E-4]
[1.2275355396626497E-4, 0.9930815275685937]
[0.999805802118548, -1.5363162430637178E-4]
[0.007836378513427, -0.9903723530324242]
[-0.9998611396006817, 2.6385119314489835E-4]
[1.2275355396626497E-4, 0.9930815275685937]
[0.999805802118548, -1.5363162430637178E-4]
[0.007836378513427, -0.9903723530324242]
[-0.9998611396006817, 2.6385119314489835E-4]
[1.2275355396626497E-4, 0.9930815275685937]
[0.999805802118548, -1.5363162430637178E-4]
[0.007836378513427, -0.9903723530324242]
[-0.9998611396006817, 2.6385119314489835E-4]
[1.2275355396626497E-4, 0.9930815275685937]
[0.999805802118548, -1.5363162430637178E-4]
[0.007836378513427, -0.9903723530324242]
[-0.9998611396006817, 2.6385119314489835E-4]
[1.2275355396626497E-4, 0.9930815275685937]
[0.999805802118548, -1.5363162430637178E-4]
[0.007836378513427, -0.9903723530324242]
[-0.9998611396006817, 2.6385119314489835E-4]
[1.2275355396626497E-4, 0.9930815275685937]
[0.999805802118548, -1.5363162430637178E-4]
[0.007836378513427, -0.9903723530324242]
[-0.9998611396006817, 2.6385119314489835E-4]
[1.2275355396626497E-4, 0.9930815275685937]
[0.999805802118548, -1.5363162430637178E-4]
[0.007836378513427, -0.9903723530324242]
[-0.9998611396006817, 2.6385119314489835E-4]
[1.2275355396626497E-4, 0.9930815275685937]
[0.999805802118548, -1.5363162430637178E-4]
[0.007836378513427, -0.9903723530324242]
[-0.9998611396006817, 2.6385119314489835E-4]
[1.2275355396626497E-4, 0.9930815275685937]
[0.999805802118548, -1.5363162430637178E-4]
[0.007836378513427, -0.9903723530324242]
[-0.9998611396006817, 2.6385119314489835E-4]
[1.2275355396626497E-4, 0.9930815275685937]
[0.999805802118548, -1.5363162430637178E-4]
[0.007836378513427, -0.9903723530324242]
[-0.9998611396006817, 2.6385119314489835E-4]
[1.2275355396626497E-4, 0.9930815275685937]
