NaN
NaN
NaN
NaN
NaN
NaN
NaN
NaN
NaN
NaN
NaN
NaN
NaN
NaN
NaN
NaN
NaN
NaN
NaN
NaN
NaN
NaN
NaN
NaN
NaN
NaN
NaN
NaN
NaN
NaN
NaN
NaN
NaN
NaN
NaN
NaN
NaN
NaN
NaN
NaN
NaN
NaN
NaN
NaN
NaN
NaN
NaN
NaN
NaN
NaN
NaN
NaN
NaN
NaN
NaN
NaN
NaN
NaN
NaN
NaN
NaN
NaN
NaN
NaN
NaN
NaN
NaN
NaN
NaN
NaN
NaN
NaN
NaN
NaN
NaN
NaN
NaN
NaN
NaN
NaN
NaN
NaN
NaN
NaN
NaN
NaN
NaN
NaN
NaN
NaN
NaN
NaN
NaN
NaN
NaN
NaN
NaN
NaN
NaN
NaN
0.1995820190351145
0.19982063825429644
0.2007800705357564
0.20338755709689635
0.20913932671122462
0.19883323265395533
0.18900384413865126
0.18084893280960918
0.1749326986593091
0.17154138542040925
0.17083413532942818
0.172882112071287
0.17768574379156338
0.18516724354919217
0.1950994425583928
0.18954446658870208
0.18430069196742221
0.1795978317377497
0.175591446654256
0.172470943346533
0.17047799110746134
0.16992114361244995
0.17120051385356583
0.17481602578936134
0.18129883402130673
0.1779930765260056
0.17467234033282733
0.1715429780537405
0.16861076714032092
0.16583035997060835
0.16315590686070977
0.1605895707555434
0.15831129948445058
0.1568680457363721
0.15734515682192918
0.15679626492831764
0.15492359094761396
0.15287845379537973
0.1510855153409327
0.1494582180908193
0.14781824665896337
0.14609079419380702
0.14441399160369464
0.14330553736781593
0.1438696256987485
0.14364516485410994
0.14229436781079216
0.1408105259730356
0.13948071199185633
0.1382319616104043
0.13696430854560246
0.13565311710676778
0.1344115242089631
0.13363364380214965
0.13421782021485731
0.13432496557153203
0.13335772573726712
0.13220342773004573
0.13115517388043052
0.1301793837415231
0.12919636979180624
0.12817042137812035
0.127167715635007
0.1265129126576244
0.12708777661276602
0.12721929664906578
0.12642017549191042
0.12548859309274757
0.12463627124920121
0.12382472828623503
0.12300303197064345
0.12215487522744953
0.12133718090806117
0.12081741357222602
0.1213611306569833
0.12162633354692017
0.12099798161300185
0.12022005600779267
0.11950614319865878
0.1188292382928139
0.1181466060787635
0.11743819232697483
0.11673777899216217
0.11626956803678605
0.11678577562131448
0.11702541140345611
0.11647552569812251
0.11581265222677857
0.11520310610213534
0.11461698158738534
0.11402348458869901
0.11341083435588986
0.11280972178529763
0.1124139045496772
0.1128970895990098
0.11320129612726383
0.11274446786144679
0.11216802115495203
0.11163840159996706
0.11113007459299369
0.10936220342634766
0.10752953967286362
0.10560641356524726
0.10365246024938357
0.10215450753514174
0.10215072895644813
0.10164123997688518
0.1010698481269046
0.10042679571070297
0.09953416110364256
0.09821682381162665
0.09629296007574996
0.09357163943117768
0.08997432000687929
0.086044898339736
0.08692306382897771
0.08692450424775194
0.08674272209712489
0.08648773576977944
0.08601757424763255
0.08516245444276115
0.08370522031541175
0.08135032709778353
0.0778116315317675
0.07338198615879607
0.07449242138675741
0.07465226008300725
0.07464093839541941
0.07465778584585671
0.07468275199035651
0.07471193664525942
0.07472544712604681
0.07460758991964407
0.07416061857642536
0.07354513240610755
0.0735647085712344
0.07353236885078163
0.07352713469045614
0.07343509881314997
0.07327425472222547
0.0731607517689047
0.07314497259890773
0.07311890031782436
0.07282444811416225
0.07231126985412312
0.0723577077533791
0.07235559412079227
0.07234991448940888
0.07229095992025732
0.07220247043562907
0.07215419209497287
0.07215994540306188
0.0721177439823714
0.07181727914249014
0.07135877595889369
0.0712914364350741
0.0712318363794867
0.07123158827581867
0.07119932115072498
0.0711243974839986
0.07107109086654846
0.07106996309132489
0.0710492116052463
0.07080970353523569
0.0703922431535462
0.07039607412682206
0.07038646235747975
0.07038474265067121
0.0703586952044577
0.07031351269996061
0.0702888918568108
0.07029681878513794
0.07026969616516908
0.07003525570376821
0.06965442352269752
0.06957620295015414
0.06952821700110079
0.06952797200463566
0.06951090972283816
0.06946824831303966
0.06943779866177703
0.06944062703779369
0.06942780516993552
0.06923840855935179
0.06888788040469172
0.0688864464562922
0.0688845509830472
0.06888339856549801
0.06886542125424298
0.0688359785637719
0.06881923520972164
0.06882646479068566
0.06881084289157924
0.06862789876039947
0.06830092641181612
0.0682345285175252
0.06820161605488814
0.06820120513962225
0.06818750152460165
0.06815834282649218
0.06813688011807653
0.06814015835091237
0.06813357286423237
0.0679829317921051
0.06768104005525595
0.06768386053806397
0.06768878579262726
0.06768820761771122
0.06767270851937847
0.06765113790014429
0.06763792719242288
0.06764386060647974
0.06763562818563112
0.06749131906703972
0.06720584272379561
0.06715407179991381
0.06713197204529989
0.06713159936453213
0.06711854068866929
0.06709695863306624
0.0670802924329718
0.06708327524561246
0.06708083273673134
0.06695949140462469
0.06669595385763302
0.06670387413138945
0.06671334740942234
0.06671344857001642
0.06669888811761733
0.06668222278322654
0.06667112831563819
0.06667579514553316
0.06667211418912262
0.06655688465541286
0.06630528570504088
0.0662657785440584
0.06625061095655035
0.06625042049045111
0.06623740482581594
0.0662207896590994
0.06620717734368733
0.06620973127024256
0.06620995297038083
0.06611088478049919
0.06587879864952431
0.06589086862914692
0.06590333253472495
0.06590408348147414
0.06589002548987845
0.06587674138651783
0.06586713015958869
0.06587070399688652
0.06586977996323833
0.06577660394508447
0.06555308145338971
0.0655226266499085
0.06551156173658704
0.0655115811736645
0.06549866090537822
0.06548559087999663
0.0654741240371802
0.06547628216137141
0.06547821275772502
0.06539621425386823
0.06519037598533552
0.0652054664380438
0.06522000039305188
0.06522131547635995
0.06520769393155085
0.06519685024050609
0.06518836199778183
0.06519102896160524
0.06519174429845216
0.06511544626102603
0.06491519565020594
0.0648907143464772
0.06488168281104208
0.0648818733676211
0.06486927777625559
0.06485886924069055
0.0648489970275541
0.06485083863922711
0.06485388082175257
0.06478506606650164
0.06460135238668474
0.06461844913954494
0.06463452658524393
0.06463632343032442
0.06462317136270708
0.06461411286795495
0.0646064986888065
0.06460841411752628
0.06461007107981041
0.06454683253232484
0.06436577902231709
0.06434444218894153
0.06433583083125091
0.0643361283634069
0.06432407189533677
0.06431572537050682
0.06430707600519861
0.06430868803967538
0.06431248073451187
0.06425392520009675
0.06408904206285948
0.0641071901505706
0.06412448703408981
0.0641267072606197
0.06411404926459012
0.06410627523763512
0.0640993336439909
0.06410060715107646
0.06410276331530633
0.06404976346768652
0.06388443730066497
0.06386352576442114
0.06385394913120447
0.06385428420455748
0.06384290161062212
0.06383618513667189
0.0638284887586539
0.06382995573604928
0.06383429513327381
0.06378377883224161
0.06363513782250514
0.0636532722980892
0.06367151647461936
0.06367412545762274
0.06366194553343221
0.06365503946296323
0.06364858375065588
0.06364927325095793
0.06365163804031923
0.06360678777704795
0.06345421859491042
0.0634308857200899
0.06341901748062038
0.06341932371599174
0.06340866110507169
0.06340324852955347
0.06339630092764678
0.06339770778415457
0.06340250047918504
0.06335831647048185
0.06322395255946987
0.06324066656811651
0.06325949454641218
0.063262470763127
0.06325071333846188
0.06324429713701764
0.06323813094251562
0.06323823637136686
0.06324060561285932
0.06320234961337717
0.06305994150940819
0.06303092069433658
0.06301536795695614
0.06301558661318636
0.06300560793913021
0.06300124088450458
0.06299488721950483
0.0629963310384813
0.06300157185517247
0.06296237994913577
0.06284088037041392
0.06285412363716418
0.0628729108681557
0.06287622689193374
0.06286481004314512
0.06285850737087909
0.06285239796533285
0.06285184881602081
0.06285406213257942
0.06282122943046056
0.06268658921442863
0.06264785793028751
0.062627076915593
0.06262716243007296
0.06261775032587516
0.06261421126012083
0.0626083447359724
0.06260995844596058
0.06261573119666713
0.06258044104290929
0.062470864507890946
0.06247754566732587
0.06249517673133638
0.062498768814717706
0.062487600654344215
0.062481000005739494
0.06247464160399076
0.06247327304897778
0.06247518455559479
0.06244686715414513
0.06231752795813923
0.06226395050317839
0.06223622377619262
0.062236152439277374
0.06222709374005589
0.062224186791881624
0.062218767264777076
0.06222076664197488
0.06222727472170702
0.06219494304385793
0.0620966957833307
0.06209215465199573
0.06210669848768248
0.0621104191871779
0.062099413313297415
0.06209202008084969
0.062084977292027964
0.06208248793681502
0.06208394478469115
0.06205937912885562
0.06193229440927608
0.06185731101688526
0.06182083277183608
0.06182061322941646
0.06181156747883826
0.06180911287572542
0.06180422255381358
0.06180700239762901
0.06181465168743826
0.0617843799993594
0.06169700120882635
0.06167430237597306
0.06168255311205417
0.06168610143730234
0.06167518772427657
0.06166634649009747
0.06165796156194794
0.06165384101295907
0.06165466685211234
0.06163308387630367
0.06150366011590891
0.06139916236745405
0.0613522973145363
0.061351975800433764
0.06134243762355337
0.06134030177148782
0.06133627730503053
0.06134061320858117
0.06135020213682335
0.06132103175444013
0.06124385490537087
0.061192804566526614
0.061189631949279
0.06119245882039888
0.06118158696404881
0.06117034315423381
0.06115958367665789
0.06115299126853646
0.06115297217723405
0.06113337054280815
0.060993672320456674
0.06085026419473983
0.06079203034134951
0.06079167972844363
0.060780971647339366
0.06077918210184059
0.06077690934134594
0.060784390606413975
0.0607975333752427
0.06076837412435047
0.06070005752618272
0.060605828962244125
0.06058327511657831
0.06058447717503111
0.06057362611108359
0.060558506478093965
0.06054376358682229
0.06053336265838587
0.060532236343412225
0.060513034987678876
0.06034874434466445
0.06015654362387004
0.060087296754632515
0.06008699466339263
0.06007436396329621
0.06007338136342153
0.06007492739046424
0.060088868581728704
0.06010889073057414
0.06007864797159522
0.06001621028492806
0.059858378552791434
0.059804807239826646
0.05980312896363515
0.05979239957663459
0.05977127930723867
0.05975045541099247
0.05973449849277781
0.059732002805393807
0.059710623033562955
0.05949726507563692
0.05924697648812755
0.05916916971041651
0.05916903036991326
0.059153921184910474
0.05915499148755427
0.05916459614912841
0.05919130164842882
0.05922439265037797
0.059192805406450666
0.05912777052890216
0.058886801471864106
0.05878908885647645
0.0587836864352661
0.058773698674563585
0.05874480664527713
0.05871740792814623
0.05869571265015206
0.05869200282187753
0.05866494193244495
0.058370454383707006
0.05805251248280855
0.05797127048538748
0.05797164645871561
0.05795397860703827
0.05795833371549186
0.05798086929296249
0.058026392941360486
0.05807806958470601
0.05804746459410475
0.057961569486049976
0.05764841639319627
0.05750471283953642
0.05749752652034601
0.057489982285763755
0.057455189514797354
0.05742681155148103
0.05740489057778083
0.05740106474684015
0.057365861532475776
0.056975732672429426
0.05657526182022279
0.05649770870482541
0.056499421105935914
0.056479533297121326
0.056484851300459
0.05651684862278636
0.056574689084051326
0.056638361244138805
0.05661219712983007
0.05650078967318824
0.056168108317078864
0.055996601853407865
0.055991764688048715
0.05598804930800321
0.05595217295831151
0.05592981491418423
0.055913387123238865
0.055909977096447495
0.05586804504482648
0.05540069283374902
0.05490591824588386
0.05483821699674855
0.05484213316994309
0.054821146455920206
0.054823028693684155
0.05485516083173265
0.0549122326809921
0.054975386477237605
0.0549552312234979
0.0548323078864743
0.05453175082915187
0.05435535494764068
0.05435503233910216
0.05435439666668536
0.054321249673440604
0.05430813178413192
0.0542984544633316
0.05429575134800635
0.05425224466180791
0.0537388111382264
0.05315958623033269
0.05310596590047547
0.05311252321912045
0.053092201653004455
0.05308830544182818
0.053114110271263525
0.05316107627718127
0.05321444628277153
0.05320130000091312
0.05307665871869973
0.05284768906860714
0.05268742247145893
0.05269260485749277
0.052693538297930595
0.05266670025456681
0.052665418197592635
0.05266347546663405
0.05266263278037404
0.05262439731683644
0.05210630900837104
0.051470026313712836
0.05143296682228494
0.0514423637167082
0.051424262082512336
0.05141284154880762
0.05142613249816242
0.051453705429674555
0.051488011776754765
0.05148217679649564
0.051364805095444
0.05123817066259247
0.0511141676241748
0.05112545764430865
0.051126285627002735
0.051108940184808396
0.05112039806468809
0.0511260619263232
0.05112814859328717
0.05110219144751793
0.05063028529920509
0.04997359363248381
0.049952703799749545
0.04996477475824618
0.04994987434558615
0.049929652807568364
0.049924287735968444
0.04992441715220716
0.04993205562882712
0.049931014476114005
0.049838948381994375
0.0498090656406015
0.04972855307402341
0.0497436388830116
0.04974183432876854
0.04973311117152433
0.04975130071597132
0.04975840040475059
0.04976332848334229
0.04975429085485086
0.049359802566841596
0.04872872671440575
0.04872092004516281
0.04873482222991433
0.04872367514673286
0.04869774878883307
0.04867758176243986
0.04865715973168424
0.04864492406560383
0.04864500274703028
0.04858015320498658
0.04859466761235553
0.04854308304340209
0.048557432592188116
0.048551126423510685
0.04854703095599677
0.048564667679733595
0.048567410388691674
0.04857554351470601
0.048582762457764016
0.04826051684688343
0.04769752657555415
0.047700162395865706
0.047714898057234924
0.04770728279373071
0.04768107152916709
0.04765639866067666
0.04762935330692299
0.04761032031784357
0.04761046804744388
0.047553449469732424
0.04756811987545258
0.047529259547415686
0.047541177767514604
0.0475312001417474
0.047529668216361995
0.04754477433593938
0.04754353180727558
0.047555328542030935
0.047573852428714605
0.047310855116207806
0.04683261186201158
0.04684400277795279
0.04685902527950087
0.04685410647199582
0.04682998747963736
0.04680602882260603
0.04677929558835059
0.04676013716705853
0.046760307387327914
0.04669919578298619
0.04669529076777103
0.04666147583730533
0.04667123637156263
0.046659290670660714
0.04665963301210108
0.04667194123394597
0.046668321959541896
0.04668305563191328
0.04670712776209059
0.04649255074861798
0.04609544887612752
0.046113616891904276
0.04612855593122125
0.04612561526619956
0.046104138751365736
0.046082522445239006
0.04605834994868527
0.04604126320640757
0.04604141319572082
0.045973310355104643
0.04594583486168594
0.045914548099699165
0.04592247838885933
0.04590982878226079
0.04591163617494223
0.04592107957223315
0.04591623466837185
0.04593260760579023
0.04595772419547763
0.04578217196474675
0.04545496892414073
0.04547787584395725
0.04549237966774988
0.04549089449885886
0.04547207883528725
0.04545319443150145
0.04543215209695975
0.04541767229482267
0.045417755201985904
0.045343384869428946
0.045292412866475035
0.04526306085261925
0.04526928293027034
0.04525676254092278
0.04525965513830065
0.04526634194347647
0.04526106240901341
0.04527777128106763
0.04530106127331188
0.04515644244424497
0.04488664728945728
0.04491256749046469
0.044926346190015586
0.04492591162745238
0.04490957640610402
0.04489336060906282
0.04487540863822014
0.044863485568752914
0.044863483248881626
0.04478449061283912
0.044711691000158246
0.044684269959033796
0.04468883424276134
0.0446770205334715
0.04468060492699193
0.0446848523469298
0.044679698904968736
0.044695648516124356
0.04471558901628025
0.044595068001170746
0.04437116408966597
0.044398765723710945
0.044411620460865275
0.044411916349929484
0.04439778998633915
0.04438399260211219
0.044368842506862
0.04435919978572732
0.04435912105076387
0.04427713864121317
0.04418460531404451
0.04415926268899472
0.04416223008872916
0.04415153557464127
0.044155397012702845
0.04415768402214546
0.04415303042309968
0.044167395920694096
0.04418341045274543
0.04408122936180998
0.04389320288913103
0.04392150839044119
0.043933324427829615
0.04393410296555963
0.04392188010869546
0.04391017768520763
0.04389743599459433
0.04388970278572028
0.043889572243866214
0.043805965709176393
0.043695842030272936
0.04367274969899253
0.043674212518031844
0.04366492695359519
0.04366865898052538
0.0436695227604987
0.043665573461729286
0.043677813684696226
0.04368992884083678
0.04360124437440805
0.04344059809762383
0.04346893047270932
0.04347965967887435
0.04348073593732342
0.04347011027700002
0.043460161637735244
0.04344940030136901
0.04344317320991426
0.043443020577946384
0.0433588748446852
0.043233260976170945
0.043212592703979785
0.04321266278865634
0.043204980434302404
0.043208270284503324
0.04320816108061948
0.04320497217616795
0.043214831176868876
0.04322342229713728
0.04314428232379211
0.04300403383575052
0.0430319766324208
0.0430416269943909
0.043042869650866476
0.04303355302268933
0.04302502993426938
0.04301583284764534
0.04301072208548819
0.04301057438419975
0.042926767515906385
0.04278777106890175
0.04276971342374746
0.042768492347726485
0.04276253470626479
0.04276527412997353
0.0427644028331832
0.042761915621110876
0.04276941399450767
0.0427750241561346
0.04270250517095467
0.042577321008295
0.04260468602263159
0.04261332277796136
0.04261464559756466
0.04260638216805301
0.04259899117553231
0.042590996009331056
0.042586674025324914
0.042586551221003376
0.042503844462956346
0.04235370327121976
0.04233845938555522
0.042336005910015406
0.04233183811191165
0.04233416704491655
0.042332436964488504
0.04233052669690598
0.04233591793458964
0.04233912810784797
0.0422714921630485
0.042157843094071216
0.04218462501967498
0.042192374396951296
0.04219372784954984
0.04218630740593294
0.042179808989754215
0.04217274483498371
0.04216899221022653
0.04216890634994316
0.04208799008486655
0.04192914779563793
0.04191690440576045
0.041913224379811015
0.041910860361805934
0.041913092083642016
0.04191019401855766
0.04190872504379442
0.041912401831134385
0.04191374200911481
0.04185039933728939
0.0417464973746876
0.04177280092284135
0.04177984107065566
0.04178120266824665
0.041774470506808
0.04176869290413877
0.041762401370521986
0.0417591299516695
0.04175908715248158
0.041680555802657074
0.04151558498185108
0.04150644745341617
0.041501523416517284
0.04150092052902083
0.04150340625871916
0.04149902115528041
0.04149788795837704
0.04150026700013978
0.04150016753359907
0.04144138367470417
0.04134679942621259
0.04137275132547248
0.041379285838796735
0.041380649408779446
0.04137450747000464
