NaN
NaN
NaN
NaN
NaN
NaN
NaN
NaN
NaN
NaN
NaN
NaN
NaN
NaN
NaN
NaN
NaN
NaN
NaN
NaN
NaN
NaN
NaN
NaN
NaN
NaN
NaN
NaN
NaN
NaN
NaN
NaN
NaN
NaN
NaN
NaN
NaN
NaN
NaN
NaN
NaN
NaN
NaN
NaN
NaN
NaN
NaN
NaN
NaN
NaN
NaN
NaN
NaN
NaN
NaN
NaN
NaN
NaN
NaN
NaN
NaN
NaN
NaN
NaN
NaN
NaN
NaN
NaN
NaN
NaN
NaN
NaN
NaN
NaN
NaN
NaN
NaN
NaN
NaN
NaN
NaN
NaN
NaN
NaN
NaN
NaN
NaN
NaN
NaN
NaN
NaN
NaN
NaN
NaN
NaN
NaN
NaN
NaN
NaN
NaN
NaN
0.15952242584649795
0.16047907502955802
0.16333067632154857
0.17004528195131371
0.14657359166385273
0.12040066019921848
0.10088900949458524
0.08620172393589802
0.07515472059748224
0.06699343705067526
0.0612016787143486
0.05739710623858845
0.055285584100559206
0.05462125885493272
0.05799644766116051
0.056406128767779104
0.05498767202912506
0.05408176186316528
0.05388969543827084
0.05458974732751554
0.056400218664974314
0.059633298935359916
0.0647459500299759
0.07236463448498108
0.07283862174850246
0.06992382515767906
0.06741876561650285
0.06521569360965546
0.06318104778890767
0.06118181460608502
0.05908152246065884
0.05680573848210888
0.05445494074599974
0.052422061222211755
0.05351423472347012
0.05309431028570892
0.051636890071598766
0.049937490847345986
0.04833562671222917
0.04689499446698694
0.04564483227272122
0.044700269477123286
0.04435149451380985
0.045169027539891674
0.04436320816319495
0.04353888784968238
0.04270697659566405
0.042060830679919774
0.041516615193895594
0.040933819873478425
0.04020997409739852
0.03930252605183302
0.03827003369850619
0.037371507920354104
0.038207948927768035
0.03821190981986574
0.03757803560887105
0.036781888719002884
0.036008755382579104
0.03529533531152734
0.034662626281705904
0.03417621531845519
0.03401309512224174
0.0345766075286093
0.03420819608072518
0.03381910851728419
0.033365529348452716
0.03299923540538069
0.032682546709127416
0.032347376042041825
0.03194114106887186
0.03142950269591939
0.030827448112660593
0.030302773357447618
0.030937787994086998
0.031009020949618507
0.03063460680733577
0.03015357950333049
0.029684250060328727
0.029244571727013082
0.02884742730621783
0.028534561409207133
0.028427294883083307
0.028839915231010024
0.028635085681958952
0.028415236386991238
0.028125146641796498
0.027888234666454584
0.02767983228757369
0.027459808313361263
0.02719710905852115
0.02686455319144765
0.026460913121949613
0.02610651085723825
0.026606862368205867
0.026687984032821365
0.026433165823235304
0.026101748262268926
0.025779105825958507
0.02476316887002076
0.02349484331989655
0.0222727352106058
0.0211436143396705
0.020272361760415084
0.019976988779283195
0.020002545736246755
0.020012248147204103
0.020064339124439584
0.020097136653955364
0.02003600560347079
0.019804452943196955
0.019314069822384202
0.018482896517164876
0.017345353900178783
0.01685543666366657
0.017027358682106787
0.016894332441471965
0.01664038763531004
0.016290526914979998
0.01579465093556187
0.015093363542878838
0.014124947794756045
0.01285192486361781
0.011375923838923361
0.010740331657310477
0.01086346134776548
0.010868772257521387
0.010877168619747492
0.010893818780474462
0.010917836898165018
0.010955602781726616
0.010992729897911842
0.010974054203228755
0.01085975198546271
0.010773676173022748
0.010765104975581339
0.01077006046129317
0.010782768377453313
0.010785410633100628
0.010777755589176359
0.010767157363182536
0.010737571219169772
0.010643467119259543
0.01049099577639535
0.010419910134312942
0.010426739484417748
0.010414157878109113
0.010386175430716592
0.010340245848740664
0.010304160726194854
0.010302222012580424
0.010326504217690878
0.010324354764465256
0.01024664693441123
0.010166459961517276
0.010137012850609741
0.010129920721279802
0.010135932897105149
0.010141622000932023
0.010140605424717652
0.010133486186012525
0.010108271013146503
0.010031351548820604
0.009910667151643628
0.009852324674280478
0.009853399084943528
0.00984514555117726
0.00983235848229654
0.009808745521038676
0.00979009151025747
0.009793174183522643
0.009814661991289832
0.009816639199832701
0.009755908772001762
0.009686331768008576
0.009659851707627095
0.0096549656585482
0.009658356398640355
0.009662727003760654
0.009663008277020466
0.00965757071150098
0.009637475137642874
0.0095761816900269
0.009478611071313644
0.009430404802655681
0.00943030633944857
0.009423190590284744
0.00941433261480748
0.009398689016903092
0.009386228265427109
0.00938946214927764
0.009407544343652102
0.00941209134928122
0.009363628915095804
0.009305339715704087
0.009285758188848432
0.009284368409332987
0.009287096075825866
0.009290144538644624
0.009290787701521346
0.009286540707547346
0.009270670702946019
0.009221384139059152
0.009140476493144544
0.009099987228527597
0.009100130542219479
0.009093946948750313
0.009086389309546387
0.009074613991073016
0.009065077038421387
0.009067550914245926
0.00908259302998818
0.00908847370394987
0.009049049631846533
0.009000319650963673
0.008986410449063653
0.008987119820872433
0.008989732379946746
0.008991762392512226
0.008992572455322772
0.008989199928672193
0.00897648239527404
0.00893619766639126
0.00886790626152023
0.00883347292072636
0.008834102403168901
0.008828872872878167
0.008821872754411967
0.008812452457126077
0.008804687685556898
0.008806393290323589
0.008818909931112928
0.008825356453505611
0.008792779679026577
0.008751692525652319
0.008741752800992169
0.008743457175137623
0.008746102533881367
0.008747368881490122
0.008748271311232337
0.008745543572567802
0.008735156565789852
0.00870167997748131
0.008643253006815182
0.00861367641027149
0.008614745748741551
0.00861039442072771
0.008603714950900876
0.008595907763390677
0.008589366013332751
0.008590444470546278
0.008600902068217495
0.008607468621392013
0.008580162905814039
0.008545038326296148
0.008537663192861094
0.008539684705493022
0.008542368300654985
0.008543074588580911
0.008544031408375112
0.008541781548155537
0.008533128710679091
0.008504859093279377
0.008454298603393551
0.008428670885015912
0.008430075945358773
0.008426472252751315
0.008420048453843794
0.00841341898903297
0.008407777480798862
0.008408368056375255
0.008417150447060723
0.008423589415923857
0.008400385056478582
0.008369811716980757
0.00836390615710965
0.008365827179905383
0.008368507783568534
0.008368812468774958
0.00836980238307078
0.008367907469534534
0.008360554695751622
0.008336305579763796
0.008292108580575261
0.008269721952300519
0.008271355342032128
0.008268361640815102
0.00826218067932944
0.008256434348450855
0.008251471578610383
0.008251679161126874
0.008259087326353274
0.008265268023464866
0.008245282966384146
0.008218069508846383
0.008212749192205927
0.008214286533547012
0.008216917492544953
0.008216938964901874
0.008217950195565628
0.00821631786598561
0.008209944221494209
0.008188823791325933
0.008149844718160465
0.008130137041276035
0.008131890959449968
0.00812938205568401
0.008123434791934463
0.008118345863112606
0.008113889243355097
0.008113779360635178
0.008120039313473562
0.008125896829102738
0.008108459315849257
0.008083567228640846
0.008078057361102127
0.008078987054659212
0.00808153216063925
0.008081355355784215
0.008082381937559063
0.008080940626520091
0.008075303377412303
0.008056631507858026
0.008021998872787355
0.008004514572014827
0.008006265669480718
0.008004130985910473
0.007998395353990795
0.007993771544528344
0.007989669853266728
0.00798926904154457
0.007994540707218296
0.008000044532094604
0.007984637590701171
0.007961107747187071
0.007954653804623332
0.007954767322040847
0.007957205590867088
0.007956889289464825
0.00795792830768635
0.007956619578806879
0.007951528886672199
0.00793477706512013
0.00790383641842088
0.007888192331909172
0.007889777328074643
0.007887914748479464
0.0078823531191052
0.007878015201085439
0.007874119015815563
0.007873413090804034
0.007877796909979926
0.007882932318708945
0.007869151122842453
0.007846024785746008
0.007837813327277676
0.0078368931903513
0.007839220673348328
0.007838803857552687
0.007839852405834806
0.007838624135557677
0.007833923809536476
0.007818669515349463
0.007790940521144858
0.00777679098533443
0.007777973788246069
0.007776279171409372
0.00777084077169472
0.007766607593747666
0.007762749984089366
0.007761676504932447
0.007765215893135269
0.007769973801180895
0.007757489884180283
0.007733721681322184
0.007722810620816256
0.007720622076121533
0.0077228552671500875
0.007722361422591807
0.007723411898403688
0.007722210874775046
0.007717762145645421
0.007703651313699722
0.007678790716203849
0.007665786830737414
0.007666215398556163
0.007664568746618112
0.007659192995241734
0.007654866417644428
0.007650838213586955
0.007649269668929168
0.007651948177161986
0.007656321836137625
0.0076448471559181965
0.00761920689393433
0.00760447308304128
0.0076007762192020845
0.00760295969231992
0.007602398198933167
0.007603429602138851
0.007602191476726832
0.007597856848372505
0.007584568069054906
0.0075623289937570585
0.007550065689977495
0.0075492168464311995
0.007547465014995803
0.007542083482662934
0.007537427406781766
0.007532939382924128
0.0075306513979749535
0.007532383409635541
0.007536373302920185
0.007525613411137434
0.007496575489262845
0.007476702226850513
0.007471295677368606
0.007473515002946522
0.0074728782615561895
0.007473839354779616
0.007472472923141707
0.007468097327093296
0.007455301088455024
0.007435477569013407
0.007423420590303253
0.007420531910700439
0.007418468520317412
0.0074130032240631435
0.007407706429116277
0.007402323996886399
0.007398936698573522
0.007399548768779438
0.0074031806787920795
0.007392760196477395
0.007358382969348605
0.007331927811572096
0.007324738000585443
0.00732713584416416
0.0073263895768931175
0.00732716699970052
0.0073255292628482994
0.0073209179106069975
0.0073082264856973965
0.007290577069857736
0.0072779625723397605
0.007271951495651843
0.007269299273314805
0.0072636559620360116
0.007257259898704529
0.007250281884546474
0.007245148816045488
0.00724434265232934
0.007247708075138248
0.007237045586127672
0.007194844621318619
0.007160437361262539
0.0071516590515203985
0.0071544457150963196
0.007153508668563708
0.007153870576347311
0.007151733172757377
0.007146636484024216
0.007133552859341293
0.007117708466505851
0.007103414530215002
0.007092800334385419
0.0070892195562922596
0.007083286184667378
0.007075054089597781
0.007065291375347382
0.0070572917045833095
0.0070545694186670335
0.007057902725392504
0.007046017649632101
0.006992836621043803
0.006949540626225457
0.006939807851753756
0.0069432469121601306
0.006941959413621007
0.006941475063579835
0.0069385126878207595
0.006932673326564559
0.00691859514190172
0.006903909026988705
0.006886325052505847
0.006869311333120018
0.006864532256597622
0.0068582473915651055
0.0068470114087174115
0.006832493995058102
0.006819753098792263
0.0068143237225130986
0.006818137038420967
0.006803454583715048
0.0067353903467510835
0.006683184412565855
0.00667370139796326
0.006678045560933649
0.0066761619996687374
0.006674201720626673
0.006670171241627496
0.006663622031302845
0.006648115381757484
0.0066331015984159155
0.006610193719569644
0.006585741083703692
0.0065801102534657095
0.006573817886246685
0.0065582703336421735
0.006536609263685821
0.006516921368384192
0.00650804449648084
0.0065133104136352645
0.006493957756421037
0.00640677153936641
0.006346806128771124
0.006339283781660603
0.00634470347552651
0.006342097897875068
0.006338380034950265
0.006333761867078992
0.006327400246329104
0.006311095509586738
0.006292968106338354
0.006263729272733098
0.00623461265881854
0.006229878612768299
0.00622490282236252
0.006205431432949199
0.006176794838870844
0.006150780302697412
0.006139639488454422
0.006147709777097629
0.00612314071990541
0.006014260743844372
0.005948112503489227
0.005944178165031556
0.005950813710190809
0.005947955497444203
0.005943300905880628
0.005939118220654197
0.00593399020853422
0.005918821470280072
0.005897462214896453
0.005864990816780155
0.005837187673971509
0.005835120098336917
0.005832638255351853
0.005811859145233966
0.005780342210495251
0.005752551825445092
0.005742450436779675
0.005754295520423366
0.005726060279276527
0.005597132611447033
0.005526439178274544
0.005526604206365288
0.0055343624471987105
0.0055319875455232745
0.005527383343141148
0.005524092995549106
0.0055204661122088905
0.00550804828591836
0.005486232897730921
0.005455348561775415
0.0054331159930613
0.005433884160932009
0.0054335264803511175
0.0054135259267845135
0.005383087202284944
0.005357607705144271
0.005351011539678363
0.00536676007216946
0.005337233073308333
0.005194323986390114
0.0051220262420264735
0.005125817736283262
0.005134259000654206
0.005132800147335543
0.005128901113132265
0.0051267256354745275
0.005124642079970808
0.005115815482322158
0.005095291641181732
0.005069387316250408
0.005055321978041816
0.0050585745375704375
0.005059537524581116
0.0050418397416934135
0.005015627285281753
0.004995509439371687
0.004993832529172298
0.005012879913832503
0.004984918845187578
0.004836909346618008
0.004766573758979543
0.0047731177693929715
0.004781790319224391
0.004781507084163989
0.004778846225026116
0.00477781340253337
0.004776987056092096
0.004771997967261615
0.004754054646754146
0.004735631713963762
0.004731264801701896
0.004736430646225856
0.004737881299966874
0.004723923305616819
0.004704789677466278
0.004692605586048865
0.004696655486464316
0.00471777151675484
0.0046944328621472825
0.004551168758182998
0.004485696567570948
0.0044937969165374505
0.004502354876706432
0.004503340818369201
0.004502067211569679
0.004501574919340335
0.0045010004103256274
0.004499043684371535
0.004485794688797097
0.004475761504166283
0.004479172992445085
0.004484666474718204
0.004485170249623849
0.004474921480499838
0.004463284954729286
0.004458885428328566
0.00446762512209328
0.004489129630500562
0.0044719175263591
0.0043418709553312805
0.004283771287051033
0.004292217825362844
0.00430030756616539
0.00430221957057422
0.0043017789989456354
0.0043011447140326375
0.00430012842256393
0.004299522445747395
0.004290543733441421
0.004285660539673573
0.004291760188980914
0.0042959369571980615
0.004294314896356829
0.0042859684852325115
0.004279032381159767
0.0042790442120481924
0.004289666090164837
0.004310066074596852
0.004298151818537696
0.004185916729712098
0.004137491814739328
0.004145785351030875
0.0041531772741021065
0.004155491186078188
0.0041554083722511945
0.004154695916480452
0.004153477414057409
0.004153127144821386
0.004145440986182507
0.004141315909143362
0.004146766151986409
0.004149428111378062
0.004145958530740046
0.004138470593751239
0.004134013777113238
0.004135929452477302
0.0041465339330952365
0.004164910165472668
0.004156883265776327
0.004062956870089338
0.004024673941179723
0.0040328234279045075
0.004039540597340494
0.004041965749377681
0.004042050503169738
0.004041396420597436
0.004040208529551612
0.004039733082871828
0.004031675178549857
0.004026179594677523
0.004029868470657708
0.004031386679719962
0.004026766411706916
0.004019947071823601
0.004017020005931537
0.004019772917244427
0.004029575932215645
0.004045486561969655
0.004040123092641467
0.003962602929071967
0.0039332470988264374
0.003941207793690499
0.003947307456302156
0.003949713638255433
0.003949881387950663
0.003949322906982093
0.0039482444259064395
0.003947562550014349
0.003938746413398238
0.003931358457503153
0.003933110983233047
0.003933771680400492
0.0039284657813375284
0.003922310517725578
0.003920469382772183
0.003923593364939576
0.0039323043597101134
0.003945639799354072
0.003942000758747983
0.0038782299313371237
0.0038560556678596315
0.0038637067573393945
0.003869213994315732
0.0038715308922207888
0.0038717359627370895
0.0038712719467036017
0.003870319966944396
0.003869448046678179
0.0038599689303443125
0.0038507737727161706
0.003850708822143614
0.0038506863515021237
0.0038449642690465092
0.0038394862771563678
0.003838449523663141
0.003841692063477413
0.0038492169903381903
0.003860072480375151
0.0038574925995989977
0.00380486823589516
0.0037882245373158196
0.00379545778732741
0.0038003902528919086
0.003802576563737378
0.0038027902314906165
0.0038024076248694837
0.003801577452272401
0.0038005579954783343
0.0037906256086115246
0.0037798773607025677
0.0037781932892512965
0.0037776103509739624
0.003771645127389767
0.0037668665457541834
0.0037664128518334395
0.0037696091652656117
0.0037759404420524365
0.0037845240402448036
0.0037825566195062938
0.0037387817659768462
0.0037262876671034406
0.0037330350346016544
0.0037374178895833343
0.0037394521531099413
0.0037396559121387757
0.0037393394298087645
0.0037386187057358578
0.0037374974762250145
0.003727315710679156
0.0037152898790690043
0.0037122012002161527
0.0037111598499411703
0.0037050754895877197
0.003701027436098837
0.0037009668692948106
0.0037039994932772267
0.0037091747572030897
0.0037157495144718904
0.0037141050768869917
0.0036772150698615434
0.0036677609093563237
0.0036739907047218506
0.0036778584947934913
0.0036797343268112326
0.003679917509693067
0.003679653649336887
0.003679027963929352
0.0036778471358231597
0.0036675837558335905
0.0036545343069999525
0.003650253701627801
0.0036488457130353633
0.003642735240680946
0.003639442122913602
0.003639614390741111
0.003642401409767904
0.0036464891673836214
0.003651339549860155
0.003649836446650454
0.0036181713231805994
0.0036108809562535905
0.0036165894800684645
0.0036199843017204326
0.003621706723873817
0.0036218648625165046
0.0036216430944277147
0.0036210982213800962
0.0036198943162595583
0.003609680643477555
0.003595833488799052
0.0035905662470837657
0.0035888737413120185
0.0035828069405069263
0.003580253304993861
0.0035805428655264317
0.0035830377232105325
0.003586135842311554
0.0035895490847162696
0.0035880803004895052
0.003560277989558632
0.003554480973074905
0.0035596882786538084
0.0035626586945063134
0.003564240797308833
0.003564373888919491
0.0035641862471548795
0.003563708914167026
0.0035625118540250104
0.0035524524257257444
0.0035380138842997055
0.003531954589870276
0.0035300450053566707
0.0035240739463503583
0.00352216954755374
0.0035225271007124056
0.0035247212778301545
0.0035269594633733654
0.0035292135360805595
0.003527727087029388
0.0035027555280628185
0.003497978236743476
0.003502727898130974
0.003505329148101964
0.0035067885402408215
0.003506899148067963
0.0035067390765701977
0.003506317254939017
0.0035051493959262327
0.0034953327044178234
0.0034805026407852472
0.003473829759877391
0.003471748139715894
0.0034659134196543878
0.003464492666279069
0.003464941221193488
0.003466860832132176
0.0034683959807370428
0.00346974740382852
0.0034682335356343553
0.0034454283829509808
0.003441388035372641
0.0034457459056335244
0.0034480392770603508
0.003449394097464588
0.0034494854481490794
0.0034493467200952714
0.0034489699872946923
0.003447845211577526
0.003438348611374618
0.0034233268884345004
0.003416194188045305
0.0034139589503583757
0.003408296691213797
0.0034071651546050104
0.003407775976424883
0.003409468283869785
0.0034104665815345987
0.003411136834490545
0.0034096153444860915
0.003388666849256797
0.003385245093130074
0.0033892916644907385
0.00339134062655654
0.003392605761394653
0.003392680207938063
0.003392556562391064
0.0033922166710346536
0.0033911404058973925
0.0033820267419211168
0.003367005889641825
0.003359534512863888
0.0033571429223579795
0.003351690476107818
0.0033506807470072603
0.00335153197143801
0.0033530474204967963
0.0033536601981766488
0.003353825441397013
0.003352331546024717
0.0033332004983015052
0.0033303911726711944
0.003334208028814973
0.0033360717557049386
0.00333725650078826
