0.0
-0.0802054137448059
-0.1920319516123306
-0.20525817556555237
-0.17580785241373195
-0.14756951774292662
-0.13937733008561312
-0.14238711039164934
-0.15231292002272812
-0.16635298599639917
-0.18288958843983097
-0.2003966082957803
-0.2151243999009911
-0.214317492569811
-0.13956464248498332
0.16436488650749181
0.15925721882317914
0.17539796428612645
0.18901303908477113
0.20301770459490406
0.21593216460366024
0.22546039559156383
0.2259221453287379
0.20070202363027076
0.09765661680292519
-0.10609552097875377
-0.2047020215554504
-0.19794064353623314
-0.18043248505900872
-0.17720013723098954
-0.1858857631248162
-0.20090058346973882
-0.2151614170264713
-0.21428314520238004
-0.13944223244071532
0.16449896356134877
0.15923790433132162
0.17540059815046447
0.18901279854005998
0.2030177084697541
0.21593216545718943
0.22546039581332838
0.22592214546375766
0.20070202379967578
0.09765661713764445
-0.1060955206642695
-0.20470202150605896
-0.1979406435856054
-0.18043248509523568
-0.1772001372470515
-0.18588576312964533
-0.20090058347058512
-0.21516141702653324
-0.21428314520232183
-0.1394422324405079
0.16449896356157567
0.1592379043312889
0.17540059815046888
0.1890127985400596
0.20301770846975414
0.21593216545718943
0.22546039581332838
0.22592214546375766
0.20070202379967578
0.09765661713764445
-0.1060955206642695
-0.20470202150605896
-0.1979406435856054
-0.18043248509523568
-0.1772001372470515
-0.18588576312964533
-0.20090058347058512
-0.21516141702653324
-0.21428314520232183
-0.1394422324405079
0.16449896356157567
0.1592379043312889
0.17540059815046888
0.1890127985400596
0.20301770846975414
0.21593216545718943
0.22546039581332838
0.22592214546375766
0.20070202379967578
0.09765661713764445
-0.1060955206642695
-0.20470202150605896
-0.1979406435856054
-0.18043248509523568
-0.1772001372470515
-0.18588576312964533
-0.20090058347058512
-0.21516141702653324
-0.21428314520232183
-0.1394422324405079
0.16449896356157567
0.1592379043312889
0.17540059815046888
0.1890127985400596
0.20301770846975414
4.179809648855072E-4
-5.8972861943845634E-5
-0.002685310835100074
-0.011016784532281023
-0.03071691823260095
-0.0639425247933439
-0.08664548862713306
-0.09232678934533758
-0.08268695914323294
-0.06269949899044011
-0.036406446912620745
-0.006011916965342008
0.02755265328522513
0.06377605475589984
0.10156288586039916
0.1377361282010539
0.1490001079994153
0.14376660286077197
0.12776492779587548
0.10455494066057731
0.0759309526276234
0.04222599538696714
0.0027416017471188084
-0.04358625215969165
-0.09711319642562773
-0.15541034723311178
-0.19215160415334576
-0.21320219901834708
-0.22241249933603083
-0.22308929547795642
-0.21496995692418686
-0.19425724067793051
-0.15741947120292285
-0.1020386845738494
-0.027215177607922244
0.0638015055118074
0.145352665656305
0.20896760486842803
0.24601372363396964
0.2571303186385572
0.24846893503285628
0.22294014744743862
0.1800903157792664
0.11740007249979939
0.0331883572134243
-0.06684662297578138
-0.1501968028409043
-0.20914923979953953
-0.2395421177918306
-0.24599107155754152
-0.23628432238735916
-0.21310087083224938
-0.1748938228980168
-0.11749499841836394
-0.03732259326453172
0.05990818165611332
0.14268390502574638
0.20227020257638714
0.2344936645413758
0.2436029652502222
0.23732965216668644
0.21791392745703894
0.1827422805141475
0.12556523168325912
0.04037042798699352
-0.06450546008116263
-0.14896463332270765
-0.20492382684954813
-0.23221012103982208
-0.23767792203383545
-0.230537249233601
-0.21259436223396813
-0.18031847693380293
-0.12645564680647237
-0.043562813478660596
0.0599070367881927
0.14473655119974754
0.20195854485404888
0.23053714339845538
0.23708486409276838
0.2318940888307497
0.21653833830485295
0.18665566571001507
0.13318985654252585
0.04590739144134098
-0.06414177727638187
-0.14975809595410752
-0.20406362542183717
-0.22966575055750407
-0.23388906596036252
-0.2280817787348307
-0.21350139623637035
-0.18531996297089845
-0.13407444826868517
-0.04841094432881912
0.06090042805016581
0.14706279638741282
0.20236829181954719
0.2291027735038463
0.23375217676946333
0.22920253831918466
0.21657193476290743
0.19037692284505384
0.13966861249777857
0.05032907510649315
-0.06422651872235892
-0.15033845532925078
-0.20328236627496696
-0.22837356494049213
-0.23165786736557956
-0.2266903712146759
-0.2145032551535001
-0.1894186680431696
-0.14041424206417386
-0.05243712835550224
0.06191944654116364
0.14875519231997728
0.20228796065905225
0.2282978061472996
0.2316104957045116
0.22748063395789683
0.2168719490652024
0.19351488105217438
0.14512112871857885
0.05404507343816068
-0.06432121654760793
-0.150547937745343
-0.20229629347071235
-0.22745633646698435
-0.23009919119175926
-0.22569246686341668
-0.2153256769790837
-0.1927127525323707
-0.14571458094433712
-0.05590451031192401
0.0627483531802769
0.14989387947020227
0.20185597284039042
0.22765290135817998
0.23006892162668027
0.22621368140094164
0.2171869740000228
0.1961202777075509
0.14974650293287206
0.05724820614960122
-0.06434737690072398
-0.15050483486027227
-0.20123336697872043
-0.22666186482994446
-0.2289234117035817
-0.2248922083822504
-0.21595810721940173
-0.19536882497893668
-0.15017697401467808
-0.05893522426097835
0.06337965806894195
0.1506472367047909
0.20127249751131995
0.22702275515793094
0.228894239778672
0.22520926180636883
0.2174607697724173
0.19829398876588597
0.15370854035076026
0.060046513423009984
-0.06430657357144103
-0.15030803158382203
-0.2001885493954876
-0.22590156722394036
-0.22800059896077637
-0.22421463639716727
-0.21643347940299112
-0.19752833382703003
-0.15396244879061904
-0.06160650013304721
0.06384946415956767
0.15114774301620792
0.20065503470837995
0.22636825873760946
0.22797110050278768
0.2243776297756447
0.21768605876767644
0.20012644721823702
0.1571362136468606
0.06251248531466139
-0.06421450536205774
-0.15001865549829388
-0.19920223356080502
-0.22514799028250237
-0.227258738460136
-0.22362425234382335
-0.216786892910299
-0.19930152037501417
-0.15720026573818313
-0.06397776709762322
0.06419821707248838
0.15148914992228865
0.20006169269463867
0.2256918195674788
0.22723311780324604
0.22366984962844
0.21786907406706327
0.20169136919533232
0.16013268634108363
0.06470106227470827
-0.06408599168686444
-0.14967164324664092
-0.1982833840897943
-0.22439799115645281
-0.2266518038731849
-0.22310085465719848
-0.21704736625358267
-0.2007725397002694
-0.15999428186885262
-0.06609885822507061
0.06446164545509118
0.1517375772214325
0.19951935575556412
0.22500905688746914
0.2266375449651352
0.22305564467303288
0.2180189107278297
0.20304746866103499
0.16278135730052667
0.06665639209537508
-0.06393241166686836
-0.14928613301431765
-0.19742653597296328
-0.22365578183889182
-0.226147222203135
-0.22263082876015503
-0.21723679540252122
-0.20200479213007733
-0.16242720158543664
-0.06801245555825038
0.06466979673023737
0.15194141157767263
0.19904034395552336
0.22433600713488772
0.2261545129826091
0.22251426141289182
0.2181441555660353
0.2042412252117931
0.1651498152154746
0.06841437330802665
-0.06376241387338273
-0.14887233214674517
-0.19662076500346504
-0.222925509559925
-0.22572009738525134
-0.22220360361630453
-0.21737072665579482
-0.20304540934439674
-0.16456406721079636
-0.06975501121760962
0.06484849487995185
0.15213866851822433
0.19863108779888572
0.22368460573313448
0.22576199415505735
0.22203037526230798
0.21825210138564946
0.20530966113502247
0.1672929898087462
0.07000382066301858
-0.0635834350041476
-0.14843594748511799
-0.1958539572369682
-0.22220870831567138
-0.2253500864570281
-0.2218099629282985
-0.21745940884420892
-0.20392885401387317
-0.16645543514761213
-0.07135751378872096
0.06502153275875647
0.15236242436828362
0.19829653282859466
0.22306199950030858
0.22544316136284512
0.22159209261166965
0.21834890590386086
0.20628287609302953
0.16925594463286583
0.07144724355691699
-0.06340342443822207
-0.14798134403828608
-0.1951148796963
-0.22150391717056614
-0.22501937841633282
-0.22144095170924688
-0.21750856844756639
-0.20467962492354155
-0.16814018589719304
-0.07284639303926492
0.0652131408782017
0.15264504894531264
0.1980423967378422
0.22247111107748055
0.22518478070354192
0.22118988489413166
0.21844009524389202
0.2071862934828883
0.17107638961600555
0.0727614702964281
-0.06323279156761472
-0.14751434165539218
-0.19439451691738943
-0.22080708710458308
-0.22471112753010355
-0.2210868291100465
-0.217519676066664
-0.20531409161977687
-0.16964788237981404
-0.07424456805278742
0.06545073416487757
0.153021801745772
0.19787628121334272
0.22191119360323258
0.2249760580507988
0.22081603209800285
0.21853128028652555
0.20804273926155095
0.1727869872996033
0.07395814137393257
-0.06308681783209806
-0.14704539777370682
-0.19368755367278112
-0.22011222626340188
-0.22440801552588532
-0.22073573856066597
-0.21748954850284907
-0.20584150456265152
-0.17100072775806774
-0.07557270192844054
0.06576809436099658
0.1535341047825451
0.1978079282913952
0.22137778046657636
0.22480767311955333
0.22046452266265731
0.21862923720486568
0.20887465290012955
0.17441767650148404
0.07504413467645508
-0.06298885830938135
-0.14659388940487145
-0.19299465147502967
-0.21941216282284123
-0.2240906965988229
-0.22037175712321871
-0.21740906575211963
-0.2062642166397614
-0.1722153788999154
-0.07685098557127054
0.06620910577774387
0.15423242885305022
0.19784833414393116
0.22086164198411598
0.22467088291171838
0.22013165952608638
0.21874380047298175
0.2097069919451097
0.17599850464370734
0.07602217000952692
-0.06297467222446648
-0.14619425871089037
-0.19232612329516843
-0.2186994674931992
-0.22373578725875642
-0.2199717949294825
-0.21726058855095515
-0.2065771263697724
-0.17330520856089765
-0.07810229995190807
0.06683187239323268
0.15517807918128956
0.1980067851299476
0.22034635112352866
0.2245567515253149
0.21981808135221975
0.21889150471834973
0.21057185891111727
0.17756391915697914
0.07689215170048257
-0.06309819402156616
-0.14590489139597776
-0.19170763798197887
-0.21796751712968335
-0.22331269856497765
-0.21950032289952415
-0.21701323483606805
-0.20676630399661572
-0.17428422729437296
-0.07935860118629842
0.06771235304535074
0.15644207127055645
0.19828411451524625
0.21980412386170162
0.22445599797212876
0.2195337918894038
0.2191028078895146
0.21151670923452318
0.179160198382937
0.07765412904799113
-0.06343912158172432
-0.14582087945415223
-0.1911887062644059
-0.21721136539197622
-0.22277766911470934
-0.21889971229979205
-0.21661413123808784
-0.206806521146886
-0.17517491536619234
-0.08067404323429501
0.06894547516009643
0.15809779304644825
0.19865995251472063
0.21919025320587993
0.22436102430268234
0.21930948709884296
0.21943631495365706
0.21261932806090555
0.18085860697794343
0.07831358024996661
-0.06411335241663821
-0.14609296536825955
-0.19085548307393946
-0.216427680129295
-0.22206132550668778
-0.2180710903778801
-0.2159710073098745
-0.2066563109098132
-0.1760236337946328
-0.08215064505749353
0.07064043263580284
0.1602029642688456
0.19907260421027606
0.21843858443400097
0.22427380125510088
0.21922045551103414
0.22000599898408227
0.21401452127366277
0.18277738127984625
0.07888827016815254
-0.06528916282619703
-0.1469586445685109
-0.19085282842868684
-0.2156137362852679
-0.221042611039075
-0.2168341283655379
-0.21491449392770107
-0.20624555138448988
-0.1769287202100211
-0.08398454122030403
0.07290687540141955
0.16276694191872854
0.19939437291437384
0.21746502577078383
0.22422599267411875
0.21943339720745283
0.22103029450253486
0.2159379422977558
0.18511394277634552
0.07941529398123091
-0.06721109796416638
-0.14879717038391885
-0.19142950084500168
-0.21477161642737044
-0.2194997502033493
-0.21484361252099174
-0.21311474226162555
-0.2054426823891493
-0.17808679488275617
-0.08653897879546155
0.07583225100863232
0.1657019878601118
0.1994147261764236
0.216192646344643
0.22431518721963586
0.22028131164225326
0.22290003486448462
0.21877301104299415
0.18817217487993929
0.07997626151497707
-0.07019205309144388
-0.15219592718988292
-0.19302219571258297
-0.21394679177735476
-0.21705755561567888
-0.21146175260996447
-0.20993926535789076
-0.20399596868914097
-0.17985216247047647
-0.09040551131484265
0.07946789354196371
0.16876003715219248
0.19886187322260604
0.2146091404749903
0.22471352809726972
0.2222533364973152
0.22609583499041339
0.22290161541633427
0.19223791011275607
0.08084037713108032
-0.07428171373585464
-0.1577444062647771
-0.19624219055893372
-0.2133722696475578
-0.21338982451561758
-0.20594707709285318
-0.20461501112516706
-0.20166730427004262
-0.18271687249189236
-0.09611478805730281
0.08392366933075829
0.17148343358835555
0.19751909861170214
0.2127847621479397
0.22537598420166194
0.22518197730815367
0.23009780258980267
0.2275542434261408
0.19668475662824164
0.08247926183087151
-0.07816068562586641
-0.16462801964537255
-0.20098889324285024
-0.21353216170403516
-0.2093153625531715
-0.19925663854753856
-0.19816948033072382
-0.19938059922303716
-0.1869290526112732
-0.10290378544937694
0.0896074671215757
0.17341263571089804
0.19550447956204506
0.21073736519849115
0.22548120728703777
0.22703703185724994
0.23247101270308446
0.23028627994618614
0.19944453614216454
0.08420756464443031
-0.08000531064004618
-0.17017236001613234
-0.20543140157131323
-0.21421914217327606
-0.20641800775026697
-0.19423444403051443
-0.19377838807491232
-0.1990646683437213
-0.19202655835318308
-0.10911866193366102
0.09658350462011608
0.17463626388003237
0.1934182442391173
0.20865331938288173
0.22464825271196387
0.22701992597504075
0.23269152949128377
0.23078960921656447
0.2001635552318638
0.0851473715645469
-0.08022571838060644
-0.1735234809723123
-0.20836339439757426
-0.21453582792037787
-0.20447360777029788
-0.19117764132954249
-0.19182110111479356
-0.20051819435826523
-0.19718358409967643
-0.11439170306969787
0.10394892789455992
0.17537167807225665
0.191633794566045
0.20681007795921547
0.22344905460101477
0.2261798610431761
0.23199286953102327
0.2303340100710319
0.19998246178872142
0.0856276445318281
-0.07989689014975573
-0.17563087903479638
-0.2101637468908389
-0.21429510999054105
-0.20286250562845115
-0.18914331564494358
-0.19114977821751356
-0.2026630958188886
-0.20183453457030454
-0.11885213187199689
0.11090675831997349
0.1756159474342451
0.19010221264399527
0.20521743062244124
0.22221065082799024
0.22513749678942804
0.23105901602374507
0.22962497960555212
0.19959117527316494
0.08601805756614454
-0.07956005423119061
-0.17727699165504293
-0.21138199782863853
-0.21368516945141597
-0.20139852801354421
-0.18765087558841956
-0.19110003888254473
-0.20491090132569234
-0.2057745746695055
-0.12259638810499875
0.11713178143457234
0.17541443114348584
0.1887410104638735
0.20381748515865014
0.22102305421794044
0.22409480498143453
0.23011926169608715
0.22890521517055343
0.19922956637142664
0.0864544988969789
-0.07938887719690253
-0.17879212224597774
-0.21228982337528884
-0.21285172000564398
-0.2000491970650839
-0.18652742788365806
-0.19139769838316104
-0.2070305581198667
-0.20899496183681654
-0.12571850851720073
0.12256369654819614
0.17488402452955362
0.18752224068878848
0.202579382427235
0.21991767191212203
0.22312193775448677
0.22925045909939762
0.22825248966642686
0.198963645273318
0.08696289369542322
-0.07941903563113045
-0.1802868772808867
-0.21299365159048844
-0.2118720557961249
-0.19880643870639234
-0.18569913094659912
-0.1919161298247758
-0.20893769734648596
-0.2115634683178486
-0.12831537515751557
0.12724955652097358
0.17414532486009537
0.18643829247727475
0.20148776046776198
0.2189079724615901
0.22224525822004107
0.2284786308223322
0.22768989831880823
0.19880273511097302
0.08753438242776458
-0.0796445857514299
-0.18179410744178037
-0.2135371121562662
-0.2107903027099893
-0.197665358540846
-0.18511864917740953
-0.1925784508101787
-0.21060443909410903
-0.21357012952719673
-0.13047778631922086
0.131272562599013
0.17329306297460054
0.1854824664020188
0.20053054333697576
0.21799726554420237
0.22147197718430828
0.2278093484424586
0.22722031191912834
0.19873816993404256
0.08815238188782876
-0.08004881698540618
-0.18332160680726553
-0.21394272083723997
-0.20963640563359254
-0.19662529527993605
-0.18474411040677877
-0.1933258691161563
-0.212026343609989
-0.21510548186202738
-0.1322864442332541
0.13472428544288156
0.17239370369475807
0.1846452893484283
0.19969549898938602
0.21718242247691108
0.2207995248963964
0.2272384835173181
0.22683786841840714
0.19875570124295705
0.08880091369187217
-0.08061311567074024
-0.18486944434357158
-0.21422600759656457
-0.20843324415861822
-0.195692840265209
-0.18453319180816063
-0.19410805532488484
-0.2132098632271944
-0.2162524733078667
-0.13381235166137628
0.13769562891174467
0.17149124109369968
0.183915644215393
0.19897012617425253
0.21645648620688948
0.22022010557892713
0.22675679237984975
0.22653229571518166
0.1988395437373617
0.08946680496927546
-0.08131952928627488
-0.1864362421542692
-0.21440033631173205
-0.20719892864001582
-0.1948828547416946
-0.18444226333899086
-0.19488088503802387
-0.21416717778117572
-0.21708412623502335
-0.1351189230197709
0.14027511273302207
0.170613377302378
0.183282320215213
0.19834211853280023
0.21581029399480875
0.2197231180468072
0.22635216736275132
0.22629081332704137
0.19897373706214008
0.09013993252964209
-0.0821516218510319
-0.18802192940592244
-0.21447851519230623
-0.20594739320625438
-0.19421606726078253
-0.18442848375460158
-0.19560734087544726
-0.2149141757292806
-0.2176636428613483
-0.13626379102563618
0.1425488181958192
0.16977610650030894
0.18273491013548868
0.19779963127452138
0.2152333713406644
0.2192965249877696
0.22601097889261657
0.22609928144682434
0.19914272534179167
0.09081275843033045
-0.08309465457297217
-0.1896285019589002
-0.21447279941658526
-0.20468864068457981
-0.1937111427268397
-0.18445484360553646
-0.19626059807863688
-0.2154703204788575
-0.21804544533747483
-0.13729880004060308
0.14459866036368027
0.16898670562813112
0.182263924315058
0.1973312386807844
0.2147144981732549
0.21892778409091446
0.2257192168639346
0.225943356623812
0.19933192202232802
0.09147950574308701
-0.08413506048547946
-0.191258469635125
-0.21439363554773166
-0.20342943038922556
-0.19336812534728762
-0.1844988302212408
-0.1968293874013099
-0.2158601133022912
-0.21827629520768677
-0.13826679562404798
0.14649650367326153
0.16824558405688084
0.1818600971848532
0.1969256046257679
0.21424235326428057
0.21860474252089857
0.22546387011780342
0.2258101216782175
0.199528705694017
0.09213510356987005
-0.08525894007151959
-0.19291021360643493
-0.21424728046840102
-0.20217497385541724
-0.19314578304947128
-0.1845637292505626
-0.19732442725322402
-0.2161152653302483
-0.21839573406421992
-0.13919464654786562
0.14829296423278063
0.16754760395500776
0.18151296010409632
0.19657100804648484
0.2138065830599291
0.21831677314483075
0.2252347659318868
0.22569039878576555
0.1997241139631876
0.09277419501682566
-0.08644977984680835
-0.19457055643997612
-0.21403299044026203
-0.20093180162066585
-0.19295621789640766
-0.18468363630910667
-0.19777893520630152
-0.21627401336307778
-0.21843527004535562
-0.14008606354223097
0.15000506229774796
0.1668839271963821
0.18120953628680983
0.19625531126915113
0.2133993880687578
0.21805619444339416
0.22502650423235232
0.22558111046534732
0.1999148436515192
0.09339099781071199
-0.08768713832389068
-0.1962091675407078
-0.21374236985490083
-0.1997107976946676
-0.19270808507234935
-0.18490615639639346
-0.198232922556236
-0.21637309776333544
-0.21841701484982304
-0.14092350374121174
0.15161501517967774
0.16624545795145976
0.18093510429553925
0.1959672736933056
0.21301698402096517
0.21781940692142646
0.2248391439748172
0.2254857254750693
0.2001038857671346
0.09398076408052994
-0.0889490552139465
-0.19778370107215143
-0.21336458821008752
-0.1985278631482767
-0.19236737919793603
-0.1852568879317339
-0.1987075840255265
-0.21643624231781858
-0.21835408108960153
-0.14168314116189118
0.15308816492696684
0.16562690272538888
0.18067668052085661
0.19569884450822234
0.2126595982715813
0.21760662063544048
0.22467639048415625
0.22541130381729071
0.20029812245374493
0.09454178602522013
-0.09021753033661367
-0.1992565385619495
-0.2128958641871891
-0.19740060021705713
-0.1919616921290719
-0.18572103499821468
-0.1991952638871652
-0.21647084702282007
-0.21825369523982768
-0.14235083627451545
0.1543976063026628
0.1650283561055282
0.18042628029502553
0.19544623197071476
0.212329514013929
