NaN
NaN
NaN
NaN
NaN
NaN
NaN
NaN
NaN
NaN
NaN
NaN
NaN
NaN
NaN
NaN
NaN
NaN
NaN
NaN
NaN
NaN
NaN
NaN
NaN
NaN
NaN
NaN
NaN
NaN
NaN
NaN
NaN
NaN
NaN
NaN
NaN
NaN
NaN
NaN
NaN
NaN
NaN
NaN
NaN
NaN
NaN
NaN
NaN
NaN
NaN
NaN
NaN
NaN
NaN
NaN
NaN
NaN
NaN
NaN
NaN
NaN
NaN
NaN
NaN
NaN
NaN
NaN
NaN
NaN
NaN
NaN
NaN
NaN
NaN
NaN
NaN
NaN
NaN
NaN
NaN
NaN
NaN
NaN
NaN
NaN
NaN
NaN
NaN
NaN
NaN
NaN
NaN
NaN
NaN
NaN
NaN
NaN
NaN
NaN
0.19978169420036615
0.1999024430505451
0.20056511831246426
0.20250753810915578
0.20710133386620147
0.1981069684367575
0.18901008099240088
0.18119228007015112
0.17540996444798074
0.1720527154817104
0.17133052484066036
0.17334410582796766
0.17812230281900834
0.18562765736824968
0.19568780837906305
0.1900435441364812
0.1846997067023074
0.1798690665234723
0.1756879057576247
0.17233335542199726
0.17004249299649418
0.16912405021357785
0.16997883424744128
0.17310296190912494
0.17902442639289595
0.1758865891291531
0.17263606212817342
0.16952825274594957
0.16662230482511478
0.16388933645085837
0.1612567786839488
0.1587202309988943
0.15650297911144065
0.15521764157091586
0.15595971738311223
0.1553738685140747
0.15354212757678495
0.15150919142521294
0.14968375362985797
0.1480238614226125
0.14637778860411066
0.14466547117730705
0.143000806889624
0.1418736064384596
0.1423914076799863
0.1422220805751829
0.14087995743037096
0.13941501966046624
0.13811664793224698
0.13689514407136633
0.13564552084529513
0.13434710749033008
0.13312062729379914
0.13237290473338018
0.13301681869550538
0.1331365125727877
0.13218728987700828
0.1310428123311013
0.12999736758659047
0.12902545239790453
0.12804989819686527
0.12703331289501688
0.12603889699654772
0.12538751955437838
0.12596337228768484
0.12611752666831785
0.12532398134796888
0.12440120345044252
0.12356047527038999
0.12275872624835625
0.12194519332759349
0.12110456224717733
0.12029403871832903
0.11978479432613365
0.12035645566884415
0.12063344148796391
0.12001601661961124
0.11924425074126668
0.11853419485379604
0.11786227333989042
0.11718550483086008
0.11648295765696781
0.1157883854003673
0.11532566075340749
0.11584695407966189
0.11610072820172392
0.1155539656092402
0.11489672815858307
0.11429433456989327
0.11371405386491766
0.1131258521472762
0.11251843009460001
0.1119216215145129
0.11153039615962675
0.11203131362897338
0.11234541009040255
0.11189708552003336
0.11132481333763836
0.11079797781596304
0.11029353868246974
0.10850814348334228
0.1066612251113344
0.10473786760493281
0.10282445104581121
0.1014457786468977
0.10131796131306506
0.10071386808408889
0.10008865038367978
0.09941512992157046
0.09850071355947997
0.09716365769624125
0.09521627379610666
0.0924572104771315
0.08879060502927032
0.08474793207914208
0.08566397641042856
0.08570129895717891
0.08556043786684625
0.08536488526129853
0.0849816862094114
0.0842444870219401
0.08294147967235072
0.0807902830840826
0.07753250958815025
0.07349988919692699
0.07453231932063875
0.07466669804711493
0.07466546295587045
0.074690484509343
0.07470680411740234
0.07472926422009961
0.07474357172692245
0.0746040252360968
0.07406646260267939
0.07329570051531249
0.07337207801484937
0.0733321371593637
0.07333153706086346
0.07327803996135782
0.07315912902796104
0.0730663562882808
0.07305200922635734
0.07303030664116893
0.07277295016672258
0.07232700973511648
0.07234661276733897
0.07234446169635479
0.07233527955583538
0.07226362165616919
0.0721638485329479
0.07211175769152335
0.07211840848805955
0.07207346560631872
0.071754148081094
0.07126629268345651
0.07121459305104699
0.07115812322481459
0.07115810086874368
0.07113157111480999
0.07106374879688837
0.07101347349341829
0.07101167101852826
0.07099214681587522
0.07076585939464484
0.07036717965112804
0.07035953779939351
0.07034528448218498
0.07034282846559264
0.07031537373603917
0.07026865561810537
0.07024376735661829
0.07025252034622413
0.0702254275075934
0.06998427615953459
0.0695937549090921
0.06952837141777407
0.06948724614200817
0.06948720218595075
0.06947118246933587
0.06943055128493926
0.06940088642702079
0.06940298979873662
0.06939019981241137
0.06920805928914965
0.06886662184402548
0.06885479834899125
0.06884631647574704
0.06884457234028607
0.0688267214085637
0.0687969573297314
0.0687800867063225
0.0687879243491385
0.06877315262088272
0.06858701121879839
0.06825553784427034
0.0682023981900412
0.06817758008186854
0.068177545197615
0.06816402666352572
0.06813581331682968
0.06811480293014253
0.06811746155531836
0.06811034934876073
0.06796452946615007
0.06766834600726583
0.06766050882551763
0.06765779604787837
0.06765655559176759
0.06764148369124874
0.06761990187012189
0.06760651877019218
0.0676129283130114
0.06760578526456247
0.06745965550704094
0.06717203619349951
0.06713407494944995
0.06712080996655724
0.0671209616717234
0.06710795574758956
0.06708693434188183
0.06707065185163806
0.06707307928792498
0.0670698268254659
0.06695208335404104
0.06669240634360639
0.06668941621094915
0.06669046493293473
0.06668979597471832
0.06667571682402944
0.06665921034536369
0.06664792205696796
0.06665300408673369
0.06665047133717412
0.06653399774155784
0.06628175730090154
0.06625681871083312
0.06625131681103227
0.06625177332501589
0.06623885095748668
0.06622259624237188
0.0662093515324065
0.0662113690174448
0.06621060985897374
0.06611449766592839
0.06588492544294207
0.0658858929622037
0.06588913692739193
0.06588898902065377
0.06587544445546598
0.06586248287424858
0.06585268602652396
0.06585666573453888
0.06585690303331035
0.06576269689037882
0.06553976658181937
0.06552510768070646
0.06552486003012761
0.06552564322896035
0.06551286782646236
0.06550001657816218
0.0654889171917151
0.06549052035939787
0.06549133510704654
0.06541198180287618
0.06520745005016734
0.06521125641023208
0.0652156359013523
0.06521589837458919
0.06520287829431745
0.0651925578806592
0.06518391944243224
0.06518702508304565
0.06518891907862018
0.06511162002272412
0.06491319070006278
0.06490645753491178
0.06490985963552495
0.0649109417889423
0.06489850048584564
0.06488818573175015
0.06487868970425868
0.06487992432670994
0.06488171141163379
0.06481544736106645
0.06463179304243291
0.06463744643655331
0.06464223961947572
0.06464279674722641
0.06463041562202067
0.06462214263824193
0.06461444376761132
0.06461687224684666
0.06461975053747873
0.06455543068974691
0.06437757125324496
0.0643769388292235
0.06438297558544613
0.0643843166114261
0.0643723757500997
0.06436399921564197
0.06435574359914642
0.06435666262649127
0.06435903070916474
0.06430309351974298
0.06413686254363135
0.06414353566145718
0.06414821960854665
0.06414897105264503
0.06413733854327026
0.06413069634909198
0.06412377534125707
0.06412568544902521
0.06412914322160122
0.06407490268475909
0.06391439472322843
0.06391849733295085
0.06392653497271626
0.06392809995868716
0.06391676122636512
0.06390988619124921
0.06390261095318758
0.0639032595579238
0.0639059521902324
0.06385826040488567
0.0637065932627226
0.06371357184822916
0.0637177262615564
0.06371858948348201
0.06370777127851612
0.06370245587543544
0.06369618473884783
0.06369770057367155
0.06370149619167655
0.06365517676360757
0.06350940939382571
0.06351722788823098
0.0635268813031389
0.0635286465462976
0.06351794751585803
0.06351224102632178
0.06350575069783441
0.063506161990243
0.06350900766094875
0.06346798797362192
0.06332852485523266
0.06333513395448752
0.06333837353738903
0.06333927994330289
0.06332929753327732
0.06332508234821714
0.06331935577482913
0.06332057328208436
0.06332456574435487
0.06328454523608812
0.06315142765458966
0.06316217902632128
0.06317322553800561
0.06317517960325074
0.06316510876712375
0.06316030638494871
0.06315444796984644
0.06315464232561031
0.06315752205164861
0.06312197938373848
0.06299277273510448
0.06299829709302822
0.0630002198673239
0.06300110974299561
0.06299195240076927
0.06298866683722457
0.06298339582852798
0.06298438941064581
0.06298850116620826
0.06295354565057297
0.0628314311666378
0.0628444668506746
0.06285678581048353
0.06285892869076581
0.0628494414991637
0.06284532342715893
0.06283997177338825
0.06283995668659145
0.06284278293158423
0.0628118046913606
0.06269124108897256
0.06269483793183248
0.06269498033314028
0.06269579831941446
0.06268743551257513
0.06268495056138573
0.06268005785623347
0.06268088601911385
0.06268508114707809
0.0626542391652731
0.06254186315890722
0.0625565684420205
0.06257009174608591
0.06257243309424164
0.06256346467681484
0.06255983811363793
0.06255488473703705
0.06255465377528797
0.06255735629304814
0.06253024308535567
0.06241697727787076
0.062417572230549015
0.06241536462720254
0.06241605631135743
0.06240844644582423
0.06240666403629388
0.062402080332119275
0.062402790341535064
0.062407062226686606
0.06237958899234057
0.06227602298406241
0.06229170425963345
0.06230636545053282
0.06230892165383217
0.062300396021311176
0.062297081058425144
0.06229242420682562
0.062291954228201156
0.06229446987259842
0.06227068604639959
0.062163587316720774
0.06215974067611362
0.062154459491388224
0.0621549695352824
0.06214806388243355
0.06214690788678597
0.062142568614495644
0.06214320073111817
0.06214756605802792
0.062122868581604505
0.062027489809251865
0.06204323343634026
0.06205890317631055
0.06206169216982967
0.06205352915139946
0.06205034660975512
0.06204588093683106
0.06204512677457151
0.06204739133183626
0.06202652989000086
0.061924636547715996
0.06191436606134434
0.06190508220623434
0.0619053547924214
0.06189909587188039
0.06189850297061177
0.06189434594360432
0.06189493846335075
0.061899436352161476
0.061877032348368395
0.061789503485699226
0.06180398854892161
0.06182038272266611
0.06182341454881376
0.06181553601498799
0.06181229604191102
0.06180790024992325
0.06180678584121698
0.06180872667664434
0.06179048369428494
0.061692953351061494
0.061673503190325
0.06165903305960506
0.06165901606872124
0.061653328899223904
0.06165323742275895
0.06164920259238036
0.061649800149342744
0.061654497286126556
0.06163398162646085
0.0615542264183445
0.061565475310914254
0.0615820202533904
0.06158528046249265
0.06157761705335397
0.061574107037209086
0.06156962736587667
0.06156803190544729
0.06156956090600572
0.06155371408110793
0.061459740178053904
0.06142729998247003
0.0614061774790545
0.061405832315804564
0.061400605565929155
0.06140094052243139
0.06139697498206478
0.061397645086452395
0.06140265066125586
0.061383663009730347
0.061311808210978334
0.061316866475612575
0.06133250622088223
0.06133592874372029
0.0613284272169999
0.061324395929945916
0.06131962217126981
0.061317359263359045
0.06131836642253823
0.06130474997682789
0.06121338162381002
0.061162793333701296
0.061133300810438884
0.06113261908694986
0.06112767244384594
0.06112832644956495
0.061124401684189304
0.06112526933989031
0.061130768812661336
0.0611129556090172
0.061049190350146804
0.06104373967284852
0.061056675104490934
0.0610601022677557
0.06105273125275086
0.06104786164101968
0.06104248976924453
0.06103927632812638
0.061039625325562355
0.0610280886030968
0.06093783686423679
0.060862385074132774
0.06082270279753288
0.060821727123894935
0.060816764011032844
0.06081757910675346
0.06081373449428974
0.06081505357017266
0.06082137983564761
0.06080434548553686
0.06074864475046622
0.0607265540748351
0.060733910776063056
0.06073704159852721
0.06072979026516514
0.060723644398051564
0.06071721501244799
0.060712623778372846
0.060712151282638474
0.06070248157084727
0.060610530487171584
0.060501975516884646
0.06045051397055046
0.06044935163628528
0.060443907772838326
0.0604446747958169
0.06044111293352852
0.060443408861352306
0.060451187410644945
0.06043443933789482
0.06038614806027715
0.06033891863797006
0.06033633339710393
0.06033866591189421
0.06033152888354353
0.0603234365587678
0.06031523230233764
0.06030861684034589
0.060307135544099125
0.06029891964241909
0.06019971351335071
0.06004873899789808
0.059984675298329494
0.05998348633284247
0.05997690819902085
0.0599774181332021
0.059974697403833314
0.059979047908194874
0.05998948937776478
0.05997240975565172
0.059929797662425045
0.05984575545699113
0.05982683649174461
0.059827613653290625
0.05982056437591415
0.05980942481042631
0.05979831845024092
0.05978870389976132
0.05978600728348801
0.05977840664109858
0.05966139236267145
0.059458545358282294
0.05938248658882562
0.0593814406968562
0.05937295627268817
0.05937315436875617
0.059372564128991286
0.059381152076857735
0.05939663645937189
0.05937857899238803
0.059338454355580154
0.05920172348820355
0.05915739485690794
0.05915559202207159
0.05914858080458569
0.05913261644159982
0.059116979008335895
0.05910301447130091
0.059098903064476106
0.05909034135012233
0.05893690577301632
0.05867390653128483
0.0585885062714297
0.058587757431701824
0.05857670324747933
0.05857697229459935
0.058581203760190284
0.05859829063448444
0.058623367102631316
0.058604124264018925
0.05856073116354631
0.05835227054085301
0.058270934465839815
0.05826553638007306
0.058258636599436274
0.05823554469201926
0.058213953754733
0.058194633823726985
0.058189128329657704
0.05817703962964315
0.057958871863585844
0.05762955908129027
0.05753989010949732
0.05753968492757484
0.057525840043321
0.05752708834463788
0.057540621547328884
0.05757277287388305
0.05761415501564018
0.05759509281068974
0.057536424036182275
0.057247546929496046
0.05712062411078855
0.057112022124004055
0.05710591646057838
0.05707487294900324
0.057049444079603114
0.05702736259213892
0.057021392735712745
0.05700274775132694
0.05669234632696881
0.05629045410680938
0.05620378703329441
0.056204739522422796
0.05618840915161361
0.05619047269894276
0.056215608283955866
0.056264921516762455
0.056324102031123285
0.056308225715172286
0.05622163561974863
0.05588196668820548
0.05571699242399487
0.05570873645606121
0.05570484542591197
0.055669238703610006
0.05564719854992274
0.0556293810952104
0.055624301216382586
0.05559787217972989
0.055194934739542456
0.05471073825227204
0.05463456878881615
0.054637669444744644
0.05461960317355574
0.05461923694967003
0.05464989793943983
0.05470651950547109
0.0547730025997719
0.05476164875594694
0.05465548661423522
0.05431979977678548
0.054138499889635115
0.05413442296447216
0.05413314354073074
0.054097626915337337
0.05408384058030701
0.0540734360213346
0.05406933605217239
0.05403766442480648
0.05356753591092178
0.05300078972629374
0.052940208991905956
0.052946206051679885
0.052927879923876923
0.05292212480139473
0.052950560788658584
0.05300316769273399
0.0530651924524894
0.05305828274637228
0.05294820684000027
0.05266207055528742
0.05248638676829702
0.05248807871508124
0.052488291078522355
0.05245661830140124
0.05245310626063991
0.05245013683937218
0.05244743574613702
0.05241581983212635
0.05191405591259196
0.05128428722560408
0.051241975119071755
0.051251192286003604
0.051234276516809944
0.051221912902941244
0.05124246421665677
0.05128234925609699
0.05133060351757862
0.051328056999178674
0.051224147279945426
0.051022533482438834
0.05087270602226123
0.050880932697921245
0.05088129828663623
0.05085727579766981
0.05086556767765367
0.050870099256366486
0.050869888975470255
0.050844575234088904
0.05035737598104024
0.049696092503470145
0.04967226750681151
0.04968471979717817
0.04967039551954489
0.049650562702819805
0.04965721568395997
0.04967523727445048
0.04970014649110656
0.04970054004628701
0.04961503696823533
0.04951622908993318
0.049407832393324545
0.04942196785534672
0.049420892165536336
0.049406695646765905
0.0494244951359259
0.0494333040917377
0.049435883030725734
0.04942262206085276
0.04899603054667519
0.048341131867405095
0.04833310930105727
0.0483482096107401
0.04833709628511385
0.04831056726486088
0.04830036771650624
0.048293230553128536
0.04829192925388478
0.04829212960738099
0.048237032152728496
0.04821447639841714
0.048144996150320786
0.04816104935603371
0.048156459143135474
0.04814955661189698
0.04816888047192507
0.048174257769854886
0.04817927863543607
0.048180721734651606
0.04783018020420826
0.047224751587900876
0.047228677425534375
0.04724522935213436
0.0472375464459366
0.04720884769936325
0.04718868418143747
0.04716706936275192
0.04715070318025982
0.04714976331052288
0.047113038327083565
0.047114134504417815
0.047066761334172126
0.04708082566699534
0.04707215841428346
0.04706905150344291
0.04708530694309833
0.04708486879216013
0.047093202784159315
0.047107149060927285
0.04682222983115446
0.04629698243960759
0.046310365988288756
0.0463273710806294
0.04632262269684949
0.04629570268652825
0.04627352331318732
0.04624841900214772
0.0462281035715158
0.046226934165798636
0.04618990376458889
0.04618118532118212
0.04614340743251044
0.04615471922120327
0.046143397696416386
0.04614263779081705
0.04615552532682236
0.04615143193292062
0.0461633050715851
0.046184789626893936
0.04595310819120294
0.04551403886288143
0.04553494858133903
0.045551847882537265
0.045549269739664444
0.04552538203333734
0.04550454197550303
0.045480599728637064
0.04546110591595379
0.0454601910917967
0.04541496010386224
0.04538420278172376
0.04535083259334485
0.04535977444830216
0.045347395531589986
0.04534837293740504
0.045358270197655676
0.045352510664991255
0.04536689926490977
0.04539112399236461
0.04520215922452239
0.04484044011832284
0.044866747991627855
0.044883105038758454
0.044882085056568335
0.04486135843082087
0.04484285696390028
0.04482149699816258
0.04480425758311168
0.04480365146122987
0.04474938103095677
0.04469430516581798
0.044663747294503224
0.04467061983034765
0.044658294073905654
0.044660500784357224
0.044667797046409864
0.04466158937773549
0.044677063870711915
0.04470062005969186
0.044545174610511176
0.04424733770853868
0.044277040544133166
0.04429247638215222
0.044292548935972724
0.04427477080555028
0.044258766253968865
0.04424023364471562
0.04422545510198678
0.044225089674726034
0.04416337861987717
0.04408518778258717
0.044057105987680735
0.044062071066286346
0.04405052754463072
0.04405344961728881
0.04405857625663923
0.04405263851546904
0.044067896033422094
0.0440888056602458
0.04395901331263873
0.043711658609472244
0.04374314712991084
0.043757387021302295
0.04375818914789389
0.04374301735263752
0.043729342129472625
0.043713439741687475
0.043700891450399085
0.04370069194656296
0.04363360753322197
0.04353455926283707
0.04350900932737569
0.043512183376097066
0.043501912627297905
0.04350510383251177
0.043508460345934384
0.04350317374415654
0.043517247319256394
0.043534625296187415
0.04342405841901769
0.043215619297868685
0.04324774118205469
0.04326063676836987
0.04326189204630984
0.043248941564220655
0.04323730116762381
0.04322367159581087
0.04321298636307983
0.04321289683230485
0.043142362427969434
0.043025041885136034
0.04300221525163389
0.04300369237685727
0.04299502710318892
0.042998217987935836
