-5.551115123125783E-17
0.5515071635004519
0.5209651236785516
0.9809947626357574
0.5410256389500456
0.0
0.5637137046686954
0.0
1.104739343618741
1.104739343618741
0.43295067170106316
0.4782976408743255
0.0
0.4782976408743255
0.21830089676481115
0.19999999999999996
0.5511173881980651
0.5147102318886287
0.9556029672664572
0.526649411474211
0.0
0.5716380151673986
0.0
1.0982874266416096
1.0982874266416096
0.4335827669444194
0.47619850134353514
0.0
0.47619850134353514
0.21693012244722013
0.39999999999999997
0.5470246244030875
0.5070169145543091
0.8799823916225004
0.4813720372586289
0.0
0.5574429349616946
0.0
1.0388149722203235
1.0388149722203235
0.4350596414742455
0.4519464693722522
0.0
0.4519464693722522
0.20879087103835825
0.6
0.5393960517675597
0.4988534654243864
0.6377821141755528
0.3440171542742601
0.0
0.5172630571953671
0.0
0.8612802114696272
0.8612802114696272
0.4420047115353056
0.3806899114216996
0.0
0.3806899114216996
0.17919782695000278
0.8
0.5258759602137434
0.4900796866541485
-0.09179908492900346
-0.048274931933782676
0.0
0.4202787260363616
0.0
0.37200379410257894
0.37200379410257894
0.46750920818628217
0.17391519922318943
0.0
0.17391519922318943
0.08351616590754267
1.0
0.498211315026014
0.47772839534966605
-0.914284719653134
-0.45550699248657844
0.0
0.18556706671680048
0.0
-0.269939925769778
-0.269939925769778
0.5053107708302196
-0.13640355196857876
0.0
-0.13640355196857876
-0.06658474072137538
0.8
0.4673618873923419
0.4707889170719599
-0.990435219696402
-0.46289167361715927
0.0
-0.13265092613515833
0.0
-0.5955425997523176
-0.5955425997523176
0.5301372732507603
-0.31571932993736257
0.0
-0.31571932993736257
-0.15498905164785934
0.6000000000000001
0.45464274721656545
0.46976275781897214
-0.9955207715380999
-0.4526062984832366
0.0
-0.28132735697426386
0.0
-0.7339336554575004
-0.7339336554575004
0.5432904283760928
-0.3987391300731371
0.0
-0.3987391300731371
-0.19682354639831004
0.4000000000000001
0.4516194542310013
0.4721851122471419
-0.9947562917258916
-0.4492512935621019
0.0
-0.3476679355581372
0.0
-0.7969192291202392
-0.7969192291202392
0.5513497761762164
-0.4393812386059668
0.0
-0.4393812386059668
-0.2180874918817022
0.20000000000000007
0.4539355162125657
0.47515741392512073
-0.9911267685037636
-0.44990764129284805
0.0
-0.3806214186315347
0.0
-0.8305290599243828
-0.8305290599243828
0.5591286577127059
-0.46437259846691564
0.0
-0.46437259846691564
-0.22478611433057358
5.551115123125783E-17
0.45602295436415696
0.4786249048192492
-0.9813724514192576
-0.44752836462780493
0.0
-0.3986531538738486
0.0
-0.8461815185016535
-0.8461815185016535
0.564146356685069
-0.4773702207569471
0.0
-0.4773702207569471
-0.21838254014252018
-0.19999999999999996
0.45794700872407007
0.48192674513886136
-0.9557597675652201
-0.437687326615305
0.0
-0.4082141772640373
0.0
-0.8459015038793423
-0.8459015038793423
0.5652436017742696
-0.4781404127990307
0.0
-0.4781404127990307
-0.21869194608344
-0.39999999999999997
0.45948255813530836
0.4854396589277971
-0.8838318675781516
-0.40610532747631617
0.0
-0.41003222223838237
0.0
-0.8161375497146985
-0.8161375497146985
0.561738724813615
-0.458456066449243
0.0
-0.458456066449243
-0.21296429280242227
-0.6
0.4617988784067576
0.4904123074524445
-0.6615846125607959
-0.30551903205174485
0.0
-0.3990310726611755
0.0
-0.7045501047129203
-0.7045501047129203
0.5507858485141044
-0.38805622724500693
0.0
-0.38805622724500693
-0.18379914570364184
-0.8
0.4685029973769702
0.4990230764074526
0.0476772432925676
0.022336931389238972
0.0
-0.3501786029289348
0.0
-0.32784167153969584
-0.32784167153969584
0.5196272470312729
-0.17035546524430298
0.0
-0.17035546524430298
-0.08232900260553408
-1.0
0.4899671065423155
0.5164219439785017
0.9168164675327809
0.4492099118273834
0.0
-0.1770885594021839
0.0
0.2721213524251995
0.2721213524251995
0.4716376236078044
0.12834266799076294
0.0
0.12834266799076294
0.0631026623714861
-0.8
0.5215501261612834
0.528585965211112
0.9896616954397726
0.516158182113603
0.0
0.1483645430137229
0.0
0.6645227251273259
0.6645227251273259
0.44233641554882447
0.2939426002835581
0.0
0.2939426002835581
0.14543101214696616
-0.6000000000000001
0.5410664022587189
0.5333551556845006
0.994616855899653
0.5381537638475039
0.0
0.3570460086731171
0.0
0.895199772520621
0.895199772520621
0.4266805349437782
0.38196431782064716
0.0
0.38196431782064716
0.19012522355264602
-0.4000000000000001
0.5530811547953095
0.5334345886028209
0.9940795141238561
0.5498066456299825
0.0
0.4803533953210469
0.0
1.0301600409510294
1.0301600409510294
0.41932909723329503
0.4319760799778094
0.0
0.4319760799778094
0.21576171371726677
-0.20000000000000007
0.5611667735159539
0.5292981828368856
0.9906130092028854
0.5558991061773132
0.0
0.5477267679776797
0.0
1.103625874154993
1.103625874154993
0.416730880450661
0.4599149822247406
0.0
0.4599149822247406
0.222775850162203
-5.551115123125783E-17
0.5651855410144155
0.5242655636154971
0.9813718207017585
0.5546571634196255
0.0
0.5834776798490413
0.0
1.1381348432686669
1.1381348432686669
0.41607179677276684
0.4735458092084856
0.0
0.4735458092084856
0.2178145138842731
0.19999999999999996
0.5648481275862459
0.5172365840306996
0.9560644246967314
0.5400312001417701
0.0
0.5920649841083975
0.0
1.1320961842501676
1.1320961842501676
0.41661080816597684
0.47164350624208096
0.0
0.47164350624208096
0.2165121262882964
0.39999999999999997
0.5602264463177191
0.508610515162953
0.8800883732493582
0.4930487817910303
0.0
0.5766238423916666
0.0
1.0696726241826968
1.0696726241826968
0.4188917220591293
0.4480770075833977
0.0
0.4480770075833977
0.20861302050860453
0.6
0.5513180482094044
0.4993353835226023
0.6355675772132575
0.3503998761743931
0.0
0.5332724854469595
0.0
0.8836723616213527
0.8836723616213527
0.42849565104248505
0.37864976390119176
0.0
0.37864976390119176
0.17964476346523073
0.8
0.5348801563819944
0.48911170024307504
-0.09740802378773318
-0.05210161899644375
0.0
0.43030003860433325
0.0
0.37819841960788947
0.37819841960788947
0.46134980788787683
0.17448176822959843
0.0
0.17448176822959843
0.08446589627445093
1.0
0.5002930111020072
0.47433404714013816
-0.9163063611712624
-0.4584216685222942
0.0
0.18723146541570657
0.0
-0.27119020310658765
-0.27119020310658765
0.5084219449733557
-0.13787905052117067
0.0
-0.13787905052117067
-0.06786268790182301
0.8
0.46102690295085536
0.4657420098183453
-0.9911783273458736
-0.45695987452827724
0.0
-0.131917370948992
0.0
-0.5888772454772693
-0.5888772454772693
0.5376516399112334
-0.3166108167372638
0.0
-0.3166108167372638
-0.15673813276268236
0.6000000000000001
0.44501956585633234
0.4643622520880538
-0.9958899239509811
-0.44319050159736145
0.0
-0.27485146863591137
0.0
-0.7180419702332728
-0.7180419702332728
0.5523329302011861
-0.3965982254263764
0.0
-0.3965982254263764
-0.19742419758087645
0.4000000000000001
0.44109475141399423
0.46723589951568556
-0.9950340434379579
-0.43890429403872755
0.0
-0.33635587489058444
0.0
-0.7752601689293119
-0.7752601689293119
0.5609294405632205
-0.43486625284846675
0.0
-0.43486625284846675
-0.21770497613747677
0.20000000000000007
0.44342303394711463
0.4710322934716268
-0.991384411435876
-0.4396026835267707
0.0
-0.36702843911890404
0.0
-0.8066311226456747
-0.8066311226456747
0.5692103887133148
-0.45914281486940195
0.0
-0.45914281486940195
-0.22482338274718813
5.551115123125783E-17
0.44564600946153277
0.4753450378370965
-0.9815923701420223
-0.43744272267168005
0.0
-0.3842292497544787
0.0
-0.8216719724261587
-0.8216719724261587
0.5745980828768311
-0.47213114010969526
0.0
-0.47213114010969526
-0.21814762283455155
-0.19999999999999996
0.4479665393319795
0.4796088111793402
-0.9559745467161238
-0.42824460938187975
0.0
-0.3943199269383943
0.0
-0.822564536320274
-0.822564536320274
0.575897012779269
-0.4737124592850103
0.0
-0.4737124592850103
-0.2188727225941148
-0.39999999999999997
0.4501349159372308
0.48418111773220834
-0.8843755866784129
-0.39808833036642655
0.0
-0.397633926626131
0.0
-0.7957222569925575
-0.7957222569925575
0.5723152041583083
-0.4554039459640054
0.0
-0.4554039459640054
-0.2137533187811073
-0.6
0.45344748113057187
0.49033736959130203
-0.6636282850400743
-0.3009205742584229
0.0
-0.388984534481069
0.0
-0.6899051087394918
-0.6899051087394918
0.5603926965660653
-0.38661778426122834
0.0
-0.38661778426122834
-0.1850565439807436
-0.8
0.4621849253034989
0.500477866071109
0.0456661873188589
0.02110622337486239
0.0
-0.3438810842115571
0.0
-0.3227748608366947
-0.3227748608366947
0.5247504125175608
-0.16937624137435384
0.0
-0.16937624137435384
-0.08273314211574763
-1.0
0.4891749013253528
0.5205873132378649
0.9191684403316414
0.44963413110060907
0.0
-0.1758033629404675
0.0
0.27383076816014157
0.27383076816014157
0.46812936017827844
0.12818822229593357
0.0
0.12818822229593357
0.06371641919787312
-0.8
0.5285085261934033
0.5342879994248643
0.9901953784370386
0.5233267001012785
0.0
0.15072994726806618
0.0
0.6740566473693447
0.6740566473693447
0.43198379327751724
0.29118154741453534
0.0
0.29118154741453534
0.14566727534454343
-0.6000000000000001
0.5527609295520555
0.5394933958375921
0.9948396554601383
0.5499084927073926
0.0
0.3663275827204216
0.0
0.9162360754278143
0.9162360754278143
0.41179951261403536
0.37730556930057046
0.0
0.37730556930057046
0.18990970272729324
-0.4000000000000001
0.567562140769573
0.5393822201840127
0.9942337370788321
0.5642894282417947
0.0
0.49712852173216415
0.0
1.0614179499739589
1.0614179499739589
0.40149213360142705
0.4261509573778975
0.0
0.4261509573778975
0.21521952726591428
-0.20000000000000007
0.5772818122154544
0.5346371440780066
0.9907201067257226
0.5719246986089135
0.0
0.5700477814807283
0.0
1.1419724800896418
1.1419724800896418
0.39694678583028997
0.45330230547822814
0.0
0.45330230547822814
0.22225946652787712
-5.551115123125783E-17
0.5821415881347392
0.5288153042050284
0.9813534490527264
0.571286655353058
0.0
0.6092053873521917
0.0
1.1804920427052497
1.1804920427052497
0.39517264740603114
0.46649816575758707
0.0
0.46649816575758707
0.21715469336644685
0.19999999999999996
0.5819121610884346
0.5208183682678413
0.9556373003471251
0.556096966661713
0.0
0.6186636916260826
0.0
1.1747606582877956
1.1747606582877956
0.395604846013347
0.46474100932448154
0.0
0.46474100932448154
0.21589324332278134
0.39999999999999997
0.5766494821133428
0.5110112518787427
0.8781561583735055
0.5063882939407245
0.0
0.6014593914647468
0.0
1.1078476854054713
1.1078476854054713
0.39897155154219444
0.4419997099186498
0.0
0.4419997099186498
0.20825852448622553
0.6
0.566106273955301
0.5003007094695303
0.6292830279950792
0.3562410702416036
0.0
0.5535451209818546
0.0
0.9097861912234582
0.9097861912234582
0.41205164934898525
0.3748789006485572
0.0
0.3748789006485572
0.18002194288781428
0.8
0.5459081843853997
0.48815012016718984
-0.10576475739162089
-0.05773784667962204
0.0
0.4420756063992108
0.0
0.3843377597195887
0.3843377597195887
0.4540350899863261
0.17450282931942643
0.0
0.17450282931942643
0.08552707157513273
1.0
0.502673993129038
0.47010164903044865
-0.9175869929438336
-0.4612471177863433
0.0
0.188483024736169
0.0
-0.2727640930501743
-0.2727640930501743
0.5121190747985687
-0.13968769497112596
0.0
-0.13968769497112596
-0.06962904240040642
0.8
0.45323531337096046
0.4591852144032377
-0.9918114784438476
-0.4495239862374129
0.0
-0.13088872090143552
0.0
-0.5804127071388484
-0.5804127071388484
0.5461258461249194
-0.31697838078785867
0.0
-0.31697838078785867
-0.1589589042670107
0.6000000000000001
0.4336522196357728
0.4573529646590042
-0.9961807611868636
-0.4319959982471371
0.0
-0.26665475826614254
0.0
-0.6986507565132796
-0.6986507565132796
0.5622133166412506
-0.3927907589932497
0.0
-0.3927907589932497
-0.1980855171204279
0.4000000000000001
0.42903190787276807
0.46085837784075573
-0.995192073564475
-0.4269691540212229
0.0
-0.3225571929625499
0.0
-0.7495263469837727
-0.7495263469837727
0.5712518562721786
-0.4281683170393852
0.0
-0.4281683170393852
-0.21719134237840615
0.20000000000000007
0.4315653407871456
0.46572261283905314
-0.9914188388967679
-0.4278620090712798
0.0
-0.35076713530953246
0.0
-0.7786291443808122
-0.7786291443808122
0.5800045759862106
-0.4516084667370989
0.0
-0.4516084667370989
-0.22483151786241717
5.551115123125783E-17
0.4340466903020696
0.4711201060017292
-0.9813755447047305
-0.425962807122479
0.0
-0.36724826502615876
0.0
-0.7932110721486378
-0.7932110721486378
0.5858147179162602
-0.4646747204788086
0.0
-0.4646747204788086
-0.21798399899258025
-0.19999999999999996
0.4368739104862177
0.4766088969860472
-0.9553556020978038
-0.41736993779338255
0.0
-0.3781008533753832
0.0
-0.7954707911687657
-0.7954707911687657
0.5873809777500735
-0.46724441108833414
0.0
-0.46724441108833414
-0.21921796138326394
-0.39999999999999997
0.4397994837960069
0.4825341295106353
-0.8834359117009888
-0.3885346579329496
0.0
-0.383182978444214
0.0
-0.7717176363771636
-0.7717176363771636
0.583781838449018
-0.45051474052779134
0.0
-0.45051474052779134
-0.21477117978425375
-0.6
0.4442791539082163
0.4902105850248516
-0.6634453867255957
-0.29475495507875704
0.0
-0.37715709622545196
0.0
-0.671912051304209
-0.671912051304209
0.5708780624130532
-0.3835798499605268
0.0
-0.3835798499605268
-0.18650207802856467
-0.8
0.4553698615053541
0.5023324864767584
0.0448694184441769
0.020432180862750615
0.0
-0.3361334236155981
0.0
-0.3157012427528475
-0.3157012427528475
0.5303735059967022
-0.1674395749663437
0.0
-0.1674395749663437
-0.08308980999484164
-1.0
0.4887482317943194
0.5259660731030247
0.920967996814675
0.4501214799823288
0.0
-0.17382659105721754
0.0
0.2762948889251113
0.2762948889251113
0.46395279814091783
0.12818778682883947
0.0
0.12818778682883947
0.06474702569867662
-0.8
0.5370836574099096
0.5417785124919655
0.9906077275469649
0.5320392213694431
0.0
0.15403165000635904
0.0
0.6860708713758021
0.6860708713758021
0.4196541583401406
0.2879124940888991
0.0
0.2879124940888991
0.14639391896065307
-0.6000000000000001
0.5670253658851444
0.5477086533894185
0.9949850789054304
0.564181778416611
0.0
0.3785243199282735
0.0
0.9427060983448845
0.9427060983448845
0.3938682561795887
0.3713020070449635
0.0
0.3713020070449635
0.18996933320916104
-0.4000000000000001
0.5853025358041818
0.5474897473867101
0.9942736646872001
0.581950897224735
0.0
0.5191843150918637
0.0
1.1011352123165987
1.1011352123165987
0.3797906118493353
0.41820081601456877
0.0
0.41820081601456877
0.21467213227630427
-0.20000000000000007
0.5971343408545715
0.5420782118329462
0.9905930616137675
0.591517134901849
0.0
0.5996273093771646
0.0
1.1911444442790136
1.1911444442790136
0.37270206436101777
0.44394199333494566
0.0
0.44394199333494566
0.22152426486855797
-5.551115123125783E-17
0.6031194998350866
0.5353049225477508
0.9807927894450277
0.5915352566119445
0.0
0.643476399045468
0.0
1.2350116556574124
1.2350116556574124
0.36948850413178175
0.45632260923417245
0.0
0.45632260923417245
0.21619618954491304
0.19999999999999996
0.603095212291266
0.5260961462993197
0.9539223655215228
0.5753060115435894
0.0
0.6541735112111065
0.0
1.229479522754696
1.229479522754696
0.36981059014214657
0.4546745478775988
0.0
0.4546745478775988
0.21495317994772858
0.39999999999999997
0.5970671666866403
0.5147761346606999
0.8732114261721692
0.5213658721430174
0.0
0.6344855760444175
0.0
1.155851448187435
1.155851448187435
0.374665551676176
0.4330577204908522
0.0
0.4330577204908522
0.20767227196281665
0.6
0.584418857123461
0.5021710758648668
0.6172116525810839
0.3607101286047197
0.0
0.5799338258372105
0.0
0.9406439544419303
0.9406439544419303
0.3923154390202825
0.3690291459486605
0.0
0.3690291459486605
0.18039561891895767
0.8
0.5593197879399693
0.48737420400074394
-0.11735987545009673
-0.0656417006494093
0.0
0.4562662863314877
0.0
0.39062458568207836
0.39062458568207836
0.4454938741437995
0.17402086001132563
0.0
0.17402086001132563
0.0868510451672753
1.0
0.5053041706874947
0.46478496080927145
-0.9178849857971774
-0.4638111115347455
0.0
0.18929339230082695
0.0
-0.27451771923391854
-0.27451771923391854
0.5163920133584196
-0.14175875773776453
0.0
-0.14175875773776453
-0.07198516596482436
0.8
0.44371193189670965
0.45054562346683324
-0.9923291301796278
-0.4403082754293841
0.0
-0.12930697161183918
0.0
-0.5696152470412232
-0.5696152470412232
0.555299497493013
-0.3163070604463497
0.0
-0.3163070604463497
-0.16165343950345185
0.6000000000000001
0.4204635911290138
0.4481720038073538
-0.9963810342842947
-0.4189419478080156
0.0
-0.25625162159106857
0.0
-0.6751935693990841
-0.6751935693990841
0.5724761777905489
-0.38653223387834545
0.0
-0.38653223387834545
-0.19868475796313342
0.4000000000000001
0.41555694987486663
0.4526013575613197
-0.9951965234686136
-0.4135608318186882
0.0
-0.3058710677570825
0.0
-0.7194318995757707
-0.7194318995757707
0.581807644194333
-0.4185709786504331
0.0
-0.4185709786504331
-0.21646039832612143
0.20000000000000007
0.41857417831647603
0.45887069896932114
-0.991156245724189
-0.41487241113724566
0.0
-0.33160067930423326
0.0
-0.7464730904414789
-0.7464730904414789
0.5909935025647212
-0.4411607462903215
0.0
-0.4411607462903215
-0.224807258960695
5.551115123125783E-17
0.4214674199264749
0.46567457342299656
-0.9805781067691763
-0.4132817246963922
0.0
-0.3476236870657826
0.0
-0.7609054117621747
-0.7609054117621747
0.5973092680238208
-0.45449585453502855
0.0
-0.45449585453502855
-0.21800776244791015
-0.19999999999999996
0.4249243689911922
0.4727429250927858
-0.953648842627469
-0.40522863269265796
0.0
-0.3595714603617496
0.0
-0.7648000930544075
-0.7648000930544075
0.599247141574461
-0.4583042696387355
0.0
-0.4583042696387355
-0.21988647229292702
-0.39999999999999997
0.42874227276180926
0.48041957972351923
-0.8805968106663878
-0.3775490779919078
0.0
-0.36676208072149824
0.0
-0.744311158713406
-0.744311158713406
0.5957385088805267
-0.44341481983506154
0.0
-0.44341481983506154
-0.21619469128699467
-0.6
0.4345745561947703
0.49007635508179576
-0.6604051671096307
-0.2869952824054009
0.0
-0.36368268054456976
0.0
-0.6506779629499706
-0.6506779629499706
0.5819152446938312
-0.37863942602691575
0.0
-0.37863942602691575
-0.1882929052500203
-0.8
0.4483586245295351
0.504797345311601
0.045843363408302355
0.020554267361554066
0.0
-0.32708467002825115
0.0
-0.30653040266669707
-0.30653040266669707
0.5363451387211897
-0.16440609134053177
0.0
-0.16440609134053177
-0.08344945453274366
-1.0
0.48900520015435683
0.5330537325354106
0.9221717066632682
0.4509467599935563
0.0
-0.17121739934255173
0.0
0.2797293606510046
0.2797293606510046
0.4591280324197406
0.12843159096572776
0.0
0.12843159096572776
0.06636841593991702
-0.8
0.5476252756595243
0.551786734844435
0.9909066146355152
0.5426455079926201
0.0
0.1586457124356461
0.0
0.7012912204282662
0.7012912204282662
0.40526459936920123
0.2842085054879995
0.0
0.2842085054879995
0.147882938758007
-0.6000000000000001
0.5843497959261618
0.5589247157557657
0.9950570384894364
0.5814613773761931
0.0
0.39483548508111316
0.0
0.9762968624573063
0.9762968624573063
0.3726014864121852
0.3637696621311451
0.0
0.3637696621311451
0.1904737976125029
-0.4000000000000001
0.6069630973447414
0.5588184272861699
0.9941841743093766
0.6034331057699435
0.0
0.5488285894013901
0.0
1.1522616951713336
1.1522616951713336
0.35371601795234214
0.4075734184550196
0.0
0.4075734184550196
0.2141085513479424
-0.20000000000000007
0.6215631107890265
0.5527619471516784
0.9901555654122489
0.6154441734027049
0.0
0.639889840412297
0.0
1.255334013815002
1.255334013815002
0.34329808344997054
0.430953761032249
0.0
0.430953761032249
0.22041245899495787
-5.551115123125783E-17
0.6290892083726792
0.5448781252490907
0.9794326654945512
0.6161505201903104
0.0
0.6905380192686383
0.0
1.3066885394589487
1.3066885394589487
0.3382182505033682
0.441945911768607
0.0
0.441945911768607
0.2147061854622249
0.19999999999999996
0.6294586348789452
0.5341567177197117
0.950205142797547
0.598114832040297
0.0
0.7032016372507035
0.0
1.3013164692910006
1.3013164692910006
0.338431494472218
0.4404064774834635
0.0
0.4404064774834635
0.21347106127544313
0.39999999999999997
0.6225571301496164
0.5208694025437617
0.8635549899861518
0.5376123162921594
0.0
0.6800158210477837
0.0
1.2176281373399431
1.2176281373399431
0.3453398733618743
0.4204955467508309
0.0
0.4204955467508309
0.2067624346285338
0.6
0.6071840962655081
0.5056854967390293
0.596690868957879
0.3623012060180705
0.0
0.6155696646082381
0.0
0.9778708706263086
0.9778708706263086
0.3690076597284433
0.3608418414864295
0.0
0.3608418414864295
0.18090280876058645
0.8
0.5756141569314112
0.4871007047654659
-0.13254671658519376
-0.076295766521213
0.0
0.4739980152307124
0.0
0.3977022487094994
0.3977022487094994
0.4356414198073411
0.1732555722883786
0.0
0.1732555722883786
0.08871308087646669
1.0
0.5081808987476695
0.4580245172657767
-0.916831842464368
-0.46591642970402425
0.0
0.1897783688971277
0.0
-0.2761380608068965
-0.2761380608068965
0.5210713788554703
-0.14388764009912527
0.0
-0.14388764009912527
-0.07500775395402963
0.8
0.43221612856723296
0.4390127707052108
-0.9927195102609602
-0.4290693834781517
0.0
-0.12676966058154632
0.0
-0.5558390440596981
-0.5558390440596981
0.5646059121700882
-0.3138300104910757
0.0
-0.3138300104910757
-0.1647358738632376
0.6000000000000001
0.4055300654077635
0.4360874527098512
-0.9964690943285003
-0.40409817699985157
0.0
-0.2430897201015604
0.0
-0.647187897101412
-0.647187897101412
0.5823335972278768
-0.3768792562014102
0.0
-0.3768792562014102
-0.1990251867737227
0.4000000000000001
0.40098360788493914
0.441918406825515
-0.9949908119407497
-0.39897500558436677
0.0
-0.28598196628101136
0.0
-0.6849569718653781
-0.6849569718653781
0.5917972802867605
-0.4053556730633859
0.0
-0.4053556730633859
-0.21542790951445603
0.20000000000000007
0.40481979462742845
0.45006449327759795
-0.9904805407420979
-0.40096612908568036
0.0
-0.3094752428683666
0.0
-0.710441371954047
-0.710441371954047
0.6014046250820103
-0.4272627269427727
0.0
-0.4272627269427727
-0.22478211717677016
5.551115123125783E-17
0.4082869476891312
0.45871757110414985
-0.9789876064555983
-0.39970786166524463
0.0
-0.32548990344764805
0.0
-0.7251977651128927
-0.7251977651128927
0.6083550492685174
-0.4411777221246725
0.0
-0.4411777221246725
-0.218448076624732
-0.19999999999999996
0.412493632535248
0.4678618941806857
-0.9505017483839227
-0.39207591892198856
0.0
-0.33898235439729624
0.0
-0.7310582733192847
-0.7310582733192847
0.6108201171378326
-0.44654510014346716
0.0
-0.44654510014346716
-0.22115697500310105
-0.39999999999999997
0.4173357273430767
0.4778496029873453
-0.8753075224992466
-0.3652971015510896
0.0
-0.3487003928534594
0.0
-0.713997494404549
-0.713997494404549
0.6075751895676592
-0.43380716301367755
0.0
-0.43380716301367755
-0.2183094067516391
-0.6
0.4247052232574641
0.4901312265182743
-0.6536679927352396
-0.27761621079087834
0.0
-0.34895207263222217
0.0
-0.6265682834231006
-0.6265682834231006
0.59300310433846
-0.3715569371499187
0.0
-0.3715569371499187
-0.19066861947185473
-0.8
0.44152499271908946
0.5083032052094081
0.04954868245947656
0.02187698166216086
0.0
-0.3171242366893164
0.0
-0.29524725502715554
-0.29524725502715554
0.5424560250717766
-0.1601586523753839
0.0
-0.1601586523753839
-0.08388084849143487
-1.0
0.49029486356235824
0.5426380527814184
0.9228189908649878
0.4524534112189023
0.0
-0.16812647327052238
0.0
0.28432693794837993
0.28432693794837993
0.4538784190213734
0.1290498610811988
0.0
0.1290498610811988
0.06881841222659701
-0.8
0.5604713684987264
0.5653413614544899
0.9911096334169386
0.5554885725734626
0.0
0.16507095842224892
0.0
0.7205595309957116
0.7205595309957116
0.38903169617915306
0.2803204965413167
0.0
0.2803204965413167
0.15054929114932716
-0.6000000000000001
0.6052424359779032
0.5744412312920409
0.9950683907146298
0.6022576167607345
0.0
0.41694724927398463
0.0
1.0192048660347193
1.0192048660347193
0.34801853013034284
0.354702179379096
0.0
0.354702179379096
0.19170403394102792
-0.4000000000000001
0.633294007604611
0.5749148593888139
0.993952306678413
0.6294640396642195
0.0
0.5895224109781869
0.0
1.2189864506424064
1.2189864506424064
0.3230229806023334
0.3937606366003693
0.0
0.3937606366003693
0.2135191888368953
-0.20000000000000007
0.6515959890144877
0.5684222539940975
0.989290372681134
0.6446176388096746
0.0
0.6962633633595916
0.0
1.340881002169266
1.340881002169266
0.3082434201554585
0.4133177461301334
0.0
0.4133177461301334
0.21863965205477928
-5.551115123125783E-17
0.6613089499958512
0.5593339897853833
0.9768145840303631
0.6459762269057536
0.0
0.757395011827383
0.0
1.4033712387331367
1.4033712387331367
0.300725846361299
0.42203000352712716
0.0
0.42203000352712716
0.21224788988613563
0.19999999999999996
0.6624562936626336
0.5467539705796235
0.9431439836385312
0.624791667791393
0.0
0.773562706071255
0.0
1.3983543738626478
1.3983543738626478
0.30081620980765994
0.4206476627133252
0.0
0.4206476627133252
0.21102453166150517
0.39999999999999997
0.654667151971025
0.5308690170107004
0.8460743641870261
0.5538970943580162
0.0
0.7454440176243654
0.0
1.2993411119823817
1.2993411119823817
0.3105482559841154
0.4035081162545898
0.0
0.4035081162545898
0.2053555388680326
0.6
0.6357722032335429
0.5120359336445841
0.563557824902774
0.35829439998793977
0.0
0.6656830855449191
0.0
1.0239774855328587
1.0239774855328587
0.34208866300651725
0.350291088974711
0.0
0.350291088974711
0.18179175602740874
0.8
0.5955639527558075
0.4877846998921593
-0.1512872474848098
-0.09010123111359943
0.0
0.49704472973952263
0.0
0.4069434986259232
0.4069434986259232
0.42435574410359583
0.17268881116752427
0.0
0.17268881116752427
0.09156787502210469
1.0
0.5115133148943564
0.44928148040141896
-0.9138915791809044
-0.46746771112086255
0.0
0.19026978814887308
0.0
-0.2771979229719895
-0.2771979229719895
0.525700270854235
-0.14572302318660624
0.0
-0.14572302318660624
-0.07872973999023034
0.8
0.41867446066018515
0.42354002000710916
-0.9929677738566777
-0.4157302471723892
0.0
-0.12277502171254852
0.0
-0.5385052688849378
-0.5385052688849378
0.5730118897594932
-0.3085699217692022
0.0
-0.3085699217692022
-0.16799122902859673
0.6000000000000001
0.3892148981088939
0.4202967846004621
-0.9964109567527797
-0.38781798900711867
0.0
-0.22673737302160907
0.0
-0.6145553620287277
-0.6145553620287277
0.5905563429359192
-0.36292956713134533
0.0
-0.36292956713134533
-0.1988531637687816
0.4000000000000001
0.38588259232953454
0.4282970595882859
-0.9944854842583255
-0.3837546366996952
0.0
-0.26292283979270215
0.0
-0.6466774764923973
-0.6466774764923973
0.600061056352331
-0.3880459696632876
0.0
-0.3880459696632876
-0.21405850665266232
0.20000000000000007
0.3908485867336308
0.43898016045992133
-0.9892213768329636
-0.38663577710186026
0.0
-0.2847902916129443
0.0
-0.6714260687148046
-0.6714260687148046
0.6101470047496602
-0.4096686047371776
0.0
-0.4096686047371776
-0.22484961668735895
5.551115123125783E-17
0.3950265731832263
0.4501294250036461
-0.9763186985600124
-0.38567182982686904
0.0
-0.30148886763075
0.0
-0.687160697457619
-0.687160697457619
0.6178783524746502
-0.42458171963044516
0.0
-0.42458171963044516
-0.21968483835744027
-0.19999999999999996
0.40007347566207524
0.46208616445641937
-0.9454860332901621
-0.3782638835283437
0.0
-0.317135853270637
0.0
-0.6953997367989807
-0.6953997367989807
0.6210554144760759
-0.4318817717642451
0.0
-0.4318817717642451
-0.22344380467082225
-0.39999999999999997
0.40603138312900755
0.47519245762944967
-0.8669559391273431
-0.3520113190757828
0.0
-0.32991268203826263
0.0
-0.6819240011140455
-0.6819240011140455
0.6183032052571208
-0.42163579563057474
0.0
-0.42163579563057474
-0.22149472969133996
-0.6
0.4150682647650467
0.4909958238612518
-0.6423192684335707
-0.2666063441738764
0.0
-0.333954393971457
0.0
-0.6005607381453334
-0.6005607381453334
0.6032958401949118
-0.3623157951074653
0.0
-0.3623157951074653
-0.19392639232403971
-0.8
0.4351940364488067
0.5137376494060202
0.057243130834528144
0.024911869166845454
0.0
-0.30717987677260566
0.0
-0.2822680076057602
-0.2822680076057602
0.5483643560535314
-0.154785714225246
0.0
-0.154785714225246
-0.08450952855986077
-1.0
0.4927703583512417
0.5558666193500511
0.9230338352193879
0.4548437137513788
0.0
-0.1649648141326238
0.0
0.289878899618755
0.289878899618755
0.44883913981956614
0.13010899595672437
0.0
0.13010899595672437
0.07231403626024047
-0.8
0.5756299917532839
0.5835481648457297
0.9912461291365023
0.5705910011403195
0.0
0.17369281678077336
0.0
0.7442838179210929
0.7442838179210929
0.3719275334331971
0.2768196445736349
0.0
0.2768196445736349
0.15495327914005133
-0.6000000000000001
0.6298548423094225
0.5955550363830739
0.9950539499725831
0.6267395487493492
0.0
0.44654549838336216
0.0
1.0732850471327113
1.0732850471327113
0.3210957652763473
0.34462728356873845
0.0
0.34462728356873845
0.19411749853997814
-0.4000000000000001
0.6647050555987125
0.5973840746583169
0.9935947309199626
0.6604474408587415
0.0
0.6452520091944631
0.0
1.3056994500532046
1.3056994500532046
0.28856098356343024
0.3767739175455827
0.0
0.3767739175455827
0.21296273489896653
-0.20000000000000007
0.6879706545698085
0.5909869099783593
0.987869644341146
0.6796253258470222
0.0
0.7756695052837214
0.0
1.4552948311307436
1.4552948311307436
0.26824566414916207
0.390376528509509
0.0
0.390376528509509
0.2158029132032918
-5.551115123125783E-17
0.7008215821482002
0.5807779811546686
0.9722219027970248
0.6813540921173447
0.0
0.8535495042847338
0.0
1.5349035964020783
1.5349035964020783
0.2576368579427375
0.3954477398220391
0.0
0.3954477398220391
0.20811982285119635
0.19999999999999996
0.7034529697432503
0.5660097043252067
0.9304077118264777
0.654498067956358
0.0
0.8762641294194989
0.0
1.530762197375857
1.530762197375857
0.2575884424385054
0.39430665016579103
0.0
0.39430665016579103
0.20691011769135806
0.39999999999999997
0.6949938111221324
0.5466830715570353
0.8155780400002701
0.5668216902873067
0.0
0.8411381624931911
0.0
1.4079598527804977
1.4079598527804977
0.27112342362888375
0.3817308956178677
0.0
0.3817308956178677
0.2031794828277469
0.6
0.6716468912666764
0.5225266033555117
0.5128007698447143
0.3444210429053608
0.0
0.736841445282246
0.0
1.081262488187607
1.081262488187607
0.31259848488511616
0.33800101557055673
0.0
0.33800101557055673
0.18345720444555552
0.8
0.6200652885908169
0.489645094706519
-0.1719108371534279
-0.10659594285142919
0.0
0.5269212225873088
0.0
0.4203252797358796
0.4203252797358796
0.4117915342754721
0.17308639183720487
0.0
0.17308639183720487
0.0960076065920432
1.0
0.5159749338485982
0.4378040049787525
-0.9084317468809676
-0.4687280105028737
0.0
0.19115276562265304
0.0
-0.2775752448802207
-0.2775752448802207
0.5295480402841316
-0.14698942695770878
0.0
-0.14698942695770878
-0.0831505478448135
0.8
0.40354259678676385
0.40328669681404705
-0.993080275527032
-0.40075019320389343
0.0
-0.11704827212994562
0.0
-0.517798465333839
-0.517798465333839
0.5789683725528479
-0.29978893478469504
0.0
-0.29978893478469504
-0.1710366343846329
0.6000000000000001
0.37248495691392497
0.40055515603064934
-0.9961702500194951
-0.3710584326574455
0.0
-0.20755001625232825
0.0
-0.5786084489097737
-0.5786084489097737
0.5955084792363904
-0.344566237483586
0.0
-0.344566237483586
-0.19793274741310682
0.4000000000000001
0.37124474787906436
0.41186669086621513
-0.9935777310241206
-0.3688605142523025
0.0
-0.23784440136991294
0.0
-0.6067049156222154
-0.6067049156222154
0.6051083561518689
-0.36712221416141705
0.0
-0.36712221416141705
-0.21241609006675297
0.20000000000000007
0.377476678815068
0.42597892662932374
-0.9872145877748605
-0.37265048387104077
0.0
-0.25914711363254556
0.0
-0.6317975975035863
-0.6317975975035863
0.6157829187387802
-0.3890501686429075
0.0
-0.3890501686429075
-0.22511100163703535
5.551115123125783E-17
0.3824216897993188
0.4406682270622712
-0.9723771573852127
-0.3718581156495112
0.0
-0.2776100199630821
0.0
-0.6494681356125933
-0.6494681356125933
0.6243047136362042
-0.4054660184194595
0.0
-0.4054660184194595
-0.22202407043806505
-0.19999999999999996
0.38828846232960046
0.45656110092876445
-0.9384624158360416
-0.3643941283990987
0.0
-0.29629506534189815
0.0
-0.6606891937409969
-0.6606891937409969
0.6282737988482548
-0.41509370960964675
0.0
-0.41509370960964675
-0.22694966589020954
-0.39999999999999997
0.3952862608110906
0.47388048550259376
-0.8555653754696558
-0.338193238148837
0.0
-0.31281753581586075
0.0
-0.6510107739646978
-0.6510107739646978
0.6261812166059592
-0.4076507184648015
0.0
-0.4076507184648015
-0.2258035260254094
-0.6
0.405888430659947
0.4942696177282342
-0.62655133562715
-0.2543099383455977
0.0
-0.321126871781287
0.0
-0.5754368101268847
-0.5754368101268847
0.6111614542414963
-0.3516847977012346
0.0
-0.3516847977012346
-0.19807837350811866
-0.8
0.4292558414108018
0.5226704019217701
0.06891225228283981
0.029580986837183854
0.0
-0.2994092735014463
0.0
-0.26982828666426245
-0.26982828666426245
0.5532712931314057
-0.14928824508616811
0.0
-0.14928824508616811
-0.08564942738234174
-1.0
0.4956392999487585
0.5736832802847254
0.9228059965412038
0.4573789181141987
0.0
-0.16292044670519318
0.0
0.2944584714090055
0.2944584714090055
0.4450925116916865
0.13106126062832893
0.0
0.13106126062832893
0.0764792800636352
-0.8
0.5917197887910096
0.6060650958256301
0.9913287391320041
0.5865888321416474
0.0
0.18356025751097035
0.0
0.7701490896526177
0.7701490896526177
0.3564140461107913
0.27449195315163205
0.0
0.27449195315163205
0.16126433291396416
-0.6000000000000001
0.6566086602771303
0.6212943154207464
0.9950752311004247
0.6533750143678057
0.0
0.4821516899163309
0.0
1.1355267042841366
1.1355267042841366
0.29521362848825017
0.3352229586170242
0.0
0.3352229586170242
0.19811550332324965
-0.4000000000000001
0.6994680852392937
0.6250465187097277
0.9932259447670978
0.6947298497962304
0.0
0.714580380526237
0.0
1.4093102303224674
1.4093102303224674
0.25446029540479254
0.3586134975248513
0.0
0.3586134975248513
0.2127238508785941
-0.20000000000000007
0.7288329411749556
0.6193365047971395
0.9859991185782188
0.718628637589277
0.0
0.8776653919212126
0.0
1.5962940295104895
1.5962940295104895
0.22810755952526637
0.3641267353563913
0.0
0.3641267353563913
0.21187546143677294
-5.551115123125783E-17
0.7456896160904452
0.6081824877988083
0.9653213500765963
0.7198301069425272
0.0
0.9796522758971005
0.0
1.6994823828396277
1.6994823828396277
0.2142505201728055
0.3641149845479092
0.0
0.3641149845479092
0.2020194725021197
0.19999999999999996
0.7505982245941943
0.5909582245060205
0.9102112477418556
0.6832029465607031
0.0
1.0126029683195603
0.0
1.6958059148802636
1.6958059148802636
0.21427923425567352
0.36337599288678474
0.0
0.36337599288678474
0.20083464104227766
0.39999999999999997
0.7419096289762909
0.5672401967626648
0.7690492522284484
0.5705650453853022
0.0
0.9671812439357557
0.0
1.5377462893210578
1.5377462893210578
0.23254452560300534
0.3575944813479472
0.0
0.3575944813479472
0.20034315769030903
0.6
0.7134424988334833
0.5356698290956865
0.4477689474671361
0.3194573967809923
0.0
0.8254652254114444
0.0
1.1449226221924367
1.1449226221924367
0.2850054803826039
0.32630922193886597
0.0
0.32630922193886597
0.18634258684526261
0.8
0.6485346664184937
0.49091179981500854
-0.18721126848851066
-0.12141299755897932
0.0
0.5593485746441046
0.0
0.43793557708512526
0.43793557708512526
0.39979560663242836
0.17508471970667025
0.0
0.17508471970667025
0.10214838055647028
1.0
0.5226260945607756
0.422928546520501
-0.9004050673668961
-0.4705751838806929
0.0
0.191799223119638
0.0
-0.27877596076105493
-0.27877596076105493
0.5325396152681344
-0.14845924288969672
0.0
-0.14845924288969672
-0.08839401568545237
0.8
0.38838507159892266
0.37940813114682015
-0.9931726948849747
-0.3857334482129959
0.0
-0.11052467985054275
0.0
-0.49625812806353864
-0.49625812806353864
0.5813890995853085
-0.28851906623675144
0.0
-0.28851906623675144
-0.1733651192554891
0.6000000000000001
0.3572758652338537
0.3790162134300762
-0.9957788087027535
-0.3557677354608123
0.0
-0.18807560602993686
0.0
-0.5438433414907492
-0.5438433414907492
0.5962365575723835
-0.3242592817891065
0.0
-0.3242592817891065
-0.19620895335766037
0.4000000000000001
0.3585545117566128
0.3949090474605108
-0.992315571357736
-0.3557992251966573
0.0
-0.21428643949791334
0.0
-0.5700856646945707
-0.5700856646945707
0.6060318452401601
-0.34549006731981385
0.0
-0.34549006731981385
-0.21058300870952065
0.20000000000000007
0.36579573773298185
0.41338779568897627
-0.9846298988650711
-0.3601734202493
0.0
-0.23635258803799042
0.0
-0.5965260082872904
-0.5965260082872904
0.6172616996781939
-0.36821265777766127
0.0
-0.36821265777766127
-0.2252941533461999
5.551115123125783E-17
0.37129412511660936
0.4330384461489901
-0.9676659064930518
-0.3592886661565084
0.0
-0.2579117902327671
0.0
-0.6172004563892755
-0.6172004563892755
0.6262763397553298
-0.3865380427227945
0.0
-0.3865380427227945
-0.2246163254816537
-0.19999999999999996
0.37761671415479564
0.4541002498803945
-0.9305236681892197
-0.3513812900248805
0.0
-0.2805121781499128
0.0
-0.6318934681747933
-0.6318934681747933
0.6308056672235699
-0.3986019808062161
0.0
-0.3986019808062161
-0.23039749816935237
-0.39999999999999997
0.38517587052676144
0.4765536036484504
-0.8430607071667815
-0.32472664178987215
0.0
-0.3012743374551671
0.0
-0.6260009792450392
-0.6260009792450392
0.6292270134616936
-0.39389672659445163
0.0
-0.39389672659445163
-0.2297404671233234
-0.6
0.39677979407230607
0.5021329601957005
-0.6090291396321034
-0.2416504566072597
0.0
-0.3139367576094212
0.0
-0.5555872142166809
-0.5555872142166809
0.6144330007568024
-0.3413711192132676
0.0
-0.3413711192132676
-0.20183718681338064
-0.8
0.4227052547919902
0.5363136606352727
0.08272819501277497
0.0349696427513565
0.0
-0.29652272163921417
0.0
-0.26155307888785767
-0.26155307888785767
0.5555026281158312
-0.14529342271399226
0.0
-0.14529342271399226
-0.08733414277634005
-1.0
0.4966978996535543
0.594939023691847
0.9221650506612082
0.45803744379733563
0.0
-0.16343801290631865
0.0
0.294599430891017
0.294599430891017
0.4427358387447899
0.13042972612927217
0.0
0.13042972612927217
0.07964404470261492
-0.8
0.6053902810489016
0.6287551394647538
0.9913089047277714
0.6001287764394243
0.0
0.1913574279358
0.0
0.7914862043752243
0.7914862043752243
0.3451986293859565
0.2732199529282205
0.0
0.2732199529282205
0.16786720821689324
-0.6000000000000001
0.681261619280442
0.6453947121415697
0.9951557379503692
0.6779614094722918
0.0
0.514903618140616
0.0
1.1928650276129078
1.1928650276129078
0.2753987409093348
0.3285135266793737
0.0
0.3285135266793737
0.202936247913077
-0.4000000000000001
0.7322283877015027
0.6500374239641729
0.9930279103876065
0.7271232257657094
0.0
0.780858858102499
0.0
1.5079820838682085
1.5079820838682085
0.2279022697324199
0.3436725396293891
0.0
0.3436725396293891
0.21311183072341894
-0.20000000000000007
0.7675389802017102
0.6444883507584845
0.9843393013217
0.7555187835089215
0.0
0.9773213665431815
0.0
1.7328401500521031
1.7328401500521031
0.1969462886896751
0.34127643644522143
0.0
0.34127643644522143
0.20816868224429894
-5.551115123125783E-17
0.7880811398252039
0.6319342087810935
0.9580269837368306
0.7550029973266236
0.0
1.1031433413532408
0.0
1.8581463386798642
1.8581463386798642
0.18103619669949933
0.3363917460657024
0.0
0.3363917460657024
0.19588011926433221
0.19999999999999996
0.7951533317841831
0.6118288085177733
0.8877078061164492
0.7058638196843222
0.0
1.1446650706154549
0.0
1.8505288902997772
1.8505288902997772
0.18187414947699376
0.33656336800587705
0.0
0.33656336800587705
0.19496700400239167
0.39999999999999997
0.7863969816962774
0.5831328410686792
0.720666160210894
0.5667296932004929
0.0
1.0842190098274629
0.0
1.650948703027956
1.650948703027956
0.20495667544750962
0.3383729575069877
0.0
0.3383729575069877
0.1984676049653221
0.6
0.753337018842793
0.5433751274522457
0.3952823357494387
0.29778081641469817
0.0
0.8986646020834109
0.0
1.196445418498109
1.196445418498109
0.2665734422602358
0.31894057368552936
0.0
0.31894057368552936
0.19049304108334647
0.8
0.6768751051871198
0.4868810426217566
-0.1848747691023012
-0.1251371287825646
0.0
0.5794375593038898
0.0
0.45430043052132524
0.45430043052132524
0.3924014483855971
0.17826814693876836
0.0
0.17826814693876836
0.10868500134909556
1.0
0.5316240717758254
0.4053401283083816
-0.8912447814526385
-0.4738071796648073
0.0
0.18995060893136764
0.0
-0.2838565707334396
-0.2838565707334396
0.5367061271806501
-0.15234756075312467
0.0
-0.15234756075312467
-0.0948039751051363
0.8
0.3750989081022731
0.3563898488767355
-0.9934743299248201
-0.3726511363824374
0.0
-0.10546621181501922
0.0
-0.47811734819745666
-0.47811734819745666
0.5819181881128052
-0.27822518096836313
0.0
-0.27822518096836313
-0.17474962643758382
0.6000000000000001
0.34532204475158806
0.3604674442973795
-0.9954075639911663
-0.34373617535862677
0.0
-0.17228121554838158
0.0
-0.5160173909070084
-0.5160173909070084
0.5946903996037408
-0.30687058840096854
0.0
-0.30687058840096854
-0.19403246927571055
0.4000000000000001
0.3486992490280762
0.3814168462228208
-0.9910799560691161
-0.3455888364080795
0.0
-0.1964252887587119
0.0
-0.5420141251667914
-0.5420141251667914
0.6044650546511743
-0.32762859779065295
0.0
-0.32762859779065295
-0.20857657049212278
0.20000000000000007
0.3563014195665858
0.40451548904155826
-0.9821986973363691
-0.34995879015739967
0.0
-0.22002494571118716
0.0
-0.5699837358685869
-0.5699837358685869
0.615801950487931
-0.35099709629427345
0.0
-0.35099709629427345
-0.22472649408818432
5.551115123125783E-17
0.3617927011957786
0.4295505783078485
-0.9634110570175588
-0.34855508868026286
0.0
-0.24489199111313273
0.0
-0.5934470797933956
-0.5934470797933956
0.6248431338815216
-0.3708113331309427
0.0
-0.3708113331309427
-0.2256770226287871
-0.19999999999999996
0.36795716523126853
0.455904332927351
-0.9234464188997549
-0.3397887265413203
0.0
-0.27119077102964606
0.0
-0.6109794975709664
-0.6109794975709664
0.6294411418393959
-0.3845756325915295
0.0
-0.3845756325915295
-0.2318538057598667
-0.39999999999999997
0.3754416631520688
0.48339186480378593
-0.8317202008934301
-0.3122624155006022
0.0
-0.2957920123601146
0.0
-0.6080544278607167
-0.6080544278607167
0.627911632307865
-0.38180444833004756
0.0
-0.38180444833004756
-0.23146620035997562
-0.6
0.3873849663443215
0.5137831463610365
-0.592007590420365
-0.22933484049057598
0.0
-0.31215958243552877
0.0
-0.5414944229261047
-0.5414944229261047
0.6130989247891093
-0.33198964847529405
0.0
-0.33198964847529405
-0.2035626022783394
-0.8
0.4150632617253643
0.5527533858400461
0.09877950116731424
0.04099974194610988
0.0
-0.2977199035754458
0.0
-0.2567201616293359
-0.2567201616293359
0.5540514994455715
-0.14223619048864306
0.0
-0.14223619048864306
-0.08854402705270115
-1.0
0.49513723972117807
0.6161932655720572
0.9218824749369953
0.45645834398763196
0.0
-0.1655975382068024
0.0
0.29086080578082957
0.29086080578082957
0.43986146268792425
0.12793845946934396
0.0
0.12793845946934396
0.08083942206615144
-0.8
0.6150581702654525
0.6474353194205967
0.9911743773677414
0.6096298989578022
0.0
0.1955425893134871
0.0
0.8051724882712893
0.8051724882712893
0.33734897310353096
0.27162411208953424
0.0
0.27162411208953424
0.17261678756067078
-0.6000000000000001
0.7012930186594951
0.6627695041252136
0.9952338947250935
0.697950582304007
0.0
0.538072651446818
0.0
1.236023233750825
1.236023233750825
0.2619937111081226
0.32383031402624113
0.0
0.32383031402624113
0.20682689325846848
-0.4000000000000001
0.7593849585188476
0.6662889051061511
0.992980700480478
0.7540546080443841
0.0
0.8293341104574028
0.0
1.5833887185017868
1.5833887185017868
0.2104038501458688
0.3331510826503092
0.0
0.3331510826503092
0.21360879170375593
-0.20000000000000007
0.7993132909795126
0.6594793417117835
0.983279668173392
0.785948507520917
0.0
1.050215240510435
0.0
1.836163748031352
1.836163748031352
0.17718690061409598
0.32534416353363715
0.0
0.32534416353363715
0.20568060817061656
-5.551115123125783E-17
0.8221749109539446
0.6445474343828954
0.9525850955109532
0.7831915660777727
0.0
1.190360927406385
0.0
1.9735524934841577
1.9735524934841577
0.1609154794507158
0.31757514571015893
0.0
0.31757514571015893
0.1918067530640998
0.19999999999999996
0.8303733080840198
0.6210673116054071
0.8708517925705522
0.723132083847708
0.0
1.2324786375506869
0.0
1.9556107213983949
1.9556107213983949
0.16333818765624317
0.3194259109943321
0.0
0.3194259109943321
0.19169719230518956
0.39999999999999997
0.8213023929251588
0.5875490477080176
0.6890793800053032
0.5659425437137404
0.0
1.1534705358114143
0.0
1.7194130795251548
1.7194130795251548
0.1905165096147402
0.32757657849706423
0.0
0.32757657849706423
0.19882003430414216
0.6
0.7851797888967964
0.5410821880175916
0.37397687632527843
0.29363908480536544
0.0
0.9314915979601588
0.0
1.2251306827655242
1.2251306827655242
0.25815724365722786
0.3162763601826454
0.0
0.3162763601826454
0.19527662728979564
0.8
0.7014628500481168
0.4767581538541561
-0.16459589298518434
-0.11545790419960225
0.0
0.5807388896825907
0.0
0.46528098548298846
0.46528098548298846
0.39050834064022766
0.18169610557241167
0.0
0.18169610557241167
0.1144082300919202
1.0
0.5416020466833088
0.3876506712388615
-0.8822724756461919
-0.47784057854232725
0.0
0.18540178649685704
0.0
-0.2924387920454702
-0.2924387920454702
0.5432696258437454
-0.15887311313673946
0.0
-0.15887311313673946
-0.10210545277745421
0.8
0.363730611686837
0.3375047946095928
-0.9939904232586493
-0.3615447446627265
0.0
-0.10249214609294129
0.0
-0.4640368907556678
-0.4640368907556678
0.582956471187115
-0.27051330833556486
0.0
-0.27051330833556486
-0.17546919810162975
0.6000000000000001
0.3361798942065606
0.3469039132038639
-0.9951608539109654
-0.33455307058629885
0.0
-0.16089303512219058
0.0
-0.49544610570848946
-0.49544610570848946
0.5935927379057913
-0.2940932103722643
0.0
-0.2940932103722643
-0.19197186342589503
0.4000000000000001
0.3409301317581083
0.3723225119142725
-0.990148030297043
-0.3375712984292023
0.0
-0.18415651062845148
0.0
-0.5217278090576538
-0.5217278090576538
0.6028983645770302
-0.31454884283521656
0.0
-0.31454884283521656
-0.20663281154000346
0.20000000000000007
0.34836372448557956
0.39946833011799104
-0.9803558211022789
-0.3415204051603084
0.0
-0.2092233436339342
0.0
-0.5507437487942426
-0.5507437487942426
0.6137495885543125
-0.338018749221326
0.0
-0.338018749221326
-0.22352095571123035
5.551115123125783E-17
0.3534760975478289
0.42903470987736275
-0.96013052444807
-0.3393831909184541
0.0
-0.23656223678294472
0.0
-0.5759454277013988
-0.5759454277013988
0.6223806310738678
-0.35845727875690525
0.0
-0.35845727875690525
-0.22532569772098837
-0.19999999999999996
0.35917319837234674
0.4598390394616324
-0.9178022375268606
-0.3296499651258188
0.0
-0.2656472307456217
0.0
-0.5952971958714405
-0.5952971958714405
0.6266135266220166
-0.3730212752932007
0.0
-0.3730212752932007
-0.23170185096089904
-0.39999999999999997
0.3662968878278146
0.49157677091644125
-0.8222395648442142
-0.30118379365133224
0.0
-0.29323134055166444
0.0
-0.5944151342029966
-0.5944151342029966
0.6247300739159198
-0.37134901072737947
0.0
-0.37134901072737947
-0.23151381968538237
-0.6
0.3782788918609864
0.5259444257983072
-0.576695502058808
-0.21815173546002112
0.0
-0.3124537807457674
0.0
-0.5306055162057886
-0.5306055162057886
0.6095576862233882
-0.323434670755767
0.0
-0.323434670755767
-0.2037076218774139
-0.8
0.4072697871629048
0.5685623996275406
0.1151477831850626
0.04689621315006075
0.0
-0.2999900340606378
0.0
-0.253093820910577
-0.253093820910577
0.5504132078188788
-0.13930618184652752
0.0
-0.13930618184652752
-0.08901900475840169
-1.0
0.49240550034296554
0.634733216403365
0.9220487683120743
0.454021885101322
0.0
-0.16777958934335957
0.0
0.28624229575796245
0.28624229575796245
0.43588904783237514
0.12476988174729137
0.0
0.12476988174729137
0.08089199972036716
-0.8
0.6222651938911954
0.6617222416812945
0.9909959977617876
0.6166623166926374
0.0
0.1975086237256229
0.0
0.8141709404182602
0.8141709404182602
0.33073437205028433
0.26927431472082275
0.0
0.26927431472082275
0.17554422996604974
-0.6000000000000001
0.7179064736969205
0.6743856753182781
0.9952819890504464
0.714519383093263
0.0
0.5537442520923631
0.0
1.268263635185626
1.268263635185626
0.2519552917661824
0.31954573423963356
0.0
0.31954573423963356
0.2093050617290551
-0.4000000000000001
0.7818880416765513
0.6756087604402587
0.9929642749520756
0.776386892397055
0.0
0.8627498450483111
0.0
1.6391367374453663
1.6391367374453663
0.19816659616602858
0.3248221479102375
0.0
0.3248221479102375
0.21360138894084676
-0.20000000000000007
0.8250018867906788
0.6666595288257162
0.9825547366371895
0.8106095116007999
0.0
1.0994749235752035
0.0
1.9100844351760033
1.9100844351760033
0.16428549675150175
0.3137991702702014
0.0
0.3137991702702014
0.20387904063456405
-5.551115123125783E-17
0.8488679921480303
0.6487982896597766
0.9486978541956146
0.8053192426461762
0.0
1.2450270257255307
0.0
2.050346268371707
2.050346268371707
0.14871170179015367
0.30491048282864763
0.0
0.30491048282864763
0.18936204513213287
0.19999999999999996
0.8572135763711067
0.6218088009125384
0.8597037180178614
0.7369496987416284
0.0
1.2808515141899672
0.0
2.0178012129315954
2.0178012129315954
0.1531249989296999
0.3089758085704977
0.0
0.3089758085704977
0.19049262884683674
0.39999999999999997
0.8475672315369681
0.5840549455813575
0.6727628233385123
0.5702117236580173
0.0
1.1824374138037488
0.0
1.752649137461766
1.752649137461766
0.1837207439871636
0.3219980034829362
0.0
0.3219980034829362
0.2005899018541308
0.6
0.8096387481223596
0.5328378080336471
0.37334824660894306
0.30227720699814264
0.0
0.93475350916705
0.0
1.2370307161651928
1.2370307161651928
0.25524734046079484
0.31574880036947783
0.0
0.31574880036947783
0.19992664169283464
0.8
0.7219585233978026
0.4643372139493646
-0.13696178191126054
-0.09888072583058553
0.0
0.5709955395366675
0.0
0.47211481370608194
0.47211481370608194
0.39141828252978067
0.18479436953770195
0.0
0.18479436953770195
0.1192372054136227
1.0
0.5512140711294004
0.37209082696800116
-0.8738459846994158
-0.4816762027662447
0.0
0.1800486079266569
0.0
-0.3016275948395878
-0.3016275948395878
0.5507513398030836
-0.16612180197948462
0.0
-0.16612180197948462
-0.10940547777547188
0.8
0.3533967891450956
0.3228446473641962
-0.9945448002348216
-0.35146893906393645
0.0
-0.100707201538234
0.0
-0.45217614060217043
-0.45217614060217043
0.5845738014264025
-0.2643303254261302
0.0
-0.2643303254261302
-0.17569462599278
0.6000000000000001
0.3286362170524969
0.33724769458682397
-0.994993106834351
-0.326990770623352
0.0
-0.15240116910158313
0.0
-0.47939193972493516
-0.47939193972493516
0.5933442925835837
-0.28444447134636364
0.0
-0.28444447134636364
-0.19021302413020863
0.4000000000000001
0.33425174636132926
0.366218185528938
-0.9894719383178695
-0.33073272335827736
0.0
-0.17530940487149183
0.0
-0.5060421282297691
-0.5060421282297691
0.6019477671769368
-0.30461092918537463
0.0
-0.30461092918537463
-0.2049274289143177
0.20000000000000007
0.34132911589532805
0.3966324050520336
-0.9789877644534694
-0.3341570281132464
0.0
-0.2015077395317851
0.0
-0.5356647676450315
-0.5356647676450315
0.6120253162386186
-0.3278403988158365
0.0
-0.3278403988158365
-0.22215469641101684
5.551115123125783E-17
0.34601360726061886
0.42973854839488057
-0.9576162798919143
-0.3313482633768957
0.0
-0.23053777216007634
0.0
-0.561886035536972
-0.561886035536972
0.6200570005348364
-0.34840136983746534
0.0
-0.34840136983746534
-0.22445548235148088
-0.19999999999999996
0.35123916106862607
0.4640640571574034
-0.9133286508571271
-0.32079678910699744
0.0
-0.26160061342583985
0.0
-0.5823974025328373
-0.5823974025328373
0.6237590470019231
-0.363275648780278
0.0
-0.363275648780278
-0.23096017765355786
-0.39999999999999997
0.3580016342307357
0.4991979418998585
-0.8144908478913755
-0.29158905461109
0.0
-0.291389670085663
0.0
-0.582978724696753
-0.582978724696753
0.6213816096890878
-0.36225225836656
0.0
-0.36225225836656
-0.23093823896019564
-0.6
0.3699872688764286
0.5367081620912603
-0.5638241950011488
-0.20860777403492592
0.0
-0.3127562573319785
0.0
-0.5213640313669043
-0.5213640313669043
0.6057359661429433
-0.3158089452522116
0.0
-0.3158089452522116
-0.20327818446848347
-0.8
0.40010800941434815
0.5820435060943466
0.1290730113586743
0.05164314564383472
0.0
-0.3017259642850645
0.0
-0.2500828186412298
-0.2500828186412298
0.5464567348887139
-0.13665944052645282
0.0
-0.13665944052645282
-0.08921899116668879
-1.0
0.48969616878149486
0.6497450061314041
0.9221997861030434
0.45159770210577443
0.0
-0.16946502549491876
0.0
0.28213267661085567
0.28213267661085567
0.4317237435586956
0.12180337532667344
0.0
0.12180337532667344
0.08065901300451563
-0.8
0.6285863406154567
0.67249648082062
0.9908365989943893
0.6228263519097479
0.0
0.19845618017606173
0.0
0.8212825320858096
0.8212825320858096
0.32477531796451375
0.2667322954968698
0.0
0.2667322954968698
0.17758267263217178
-0.6000000000000001
0.7326919795096659
0.6822514018211381
0.9953222944586088
0.7292646621769806
0.0
0.5651523993484526
0.0
1.2944170615254333
1.2944170615254333
0.24360229039363304
0.3153229609121918
0.0
0.3153229609121918
0.21087718905438413
-0.4000000000000001
0.8013822014594101
0.6808132198187201
0.9929482684349761
0.7957310692937304
0.0
0.8870856908892115
0.0
1.6828167601829418
1.6828167601829418
0.18861816182200566
0.3174098039889694
0.0
0.3174098039889694
0.21310544956828478
-0.20000000000000007
0.8464395507234809
0.6694318628501941
0.9819590334073585
0.831168963066188
0.0
1.1340753457714654
0.0
1.9652443088376534
1.9652443088376534
0.15491037142726202
0.3044367258273537
0.0
0.3044367258273537
0.20230882835456587
-5.551115123125783E-17
0.8703274040851465
0.6485435535637187
0.9456207182966468
0.8229996250042523
0.0
1.2793973148253368
0.0
2.102396939829589
2.102396939829589
0.14052577672628067
0.29544096295650857
0.0
0.29544096295650857
0.18774117117721945
0.19999999999999996
0.8781734898088169
0.618228059560254
0.8519287388966204
0.7481412337052695
0.0
1.3050599302394088
0.0
2.0532011639446783
2.0532011639446783
0.14703795331893363
0.3018984968984778
0.0
0.3018984968984778
0.1903122734984072
0.39999999999999997
0.8678159389629619
0.5769499369568099
0.6649543774288924
0.577058007415986
0.0
1.1881622304819077
0.0
1.7652202378978936
1.7652202378978936
0.18052635490756985
0.31866877515678005
0.0
0.31866877515678005
0.2028230680936116
0.6
0.8288509332867277
0.5225791438148596
0.3814831781457861
0.3161926882393218
0.0
0.9231970024278247
0.0
1.2393896906671464
1.2393896906671464
0.2546415040592751
0.3156000549470419
0.0
0.3156000549470419
0.20402327237230036
0.8
0.7391156019555156
0.4522764533771724
-0.10923356089127675
-0.08073622911190048
0.0
0.5572085335289786
0.0
0.4764723044170781
0.4764723044170781
0.3930572438492409
0.18728089074467322
0.0
0.18728089074467322
0.12329363531748212
1.0
0.559876090105121
0.3593905041741909
-0.86610876824467
-0.48491359077058815
0.0
0.1750765806770673
0.0
-0.3098370100935208
-0.3098370100935208
0.5577043309347223
-0.17279744241302183
0.0
-0.17279744241302183
-0.11611064483065442
0.8
0.34360360069780155
0.31172343677757347
-0.9950377668035686
-0.34189855950400555
0.0
-0.09953404786660239
0.0
-0.44143260737060797
-0.44143260737060797
0.586146916776094
-0.25874436177471394
0.0
-0.25874436177471394
-0.1754616328324901
0.6000000000000001
0.32197910645770556
0.3304233555216034
-0.9948524488864865
-0.32032170254973114
0.0
-0.1457625851288421
0.0
-0.46608428767857324
-0.46608428767857324
0.5934889945171284
-0.27661589525458846
0.0
-0.27661589525458846
-0.1886864798208234
0.4000000000000001
0.3281472065745137
0.3620919202803265
-0.9889543047388122
-0.3245225925298816
0.0
-0.16855416660721848
0.0
-0.49307675913710003
-0.49307675913710003
0.60139346861739
-0.2965331424720819
0.0
-0.2965331424720819
-0.20344096889514438
0.20000000000000007
0.33486927034400016
0.39505559831379705
-0.9779236359427789
-0.32747657442031003
0.0
-0.19554851343239243
0.0
-0.5230250878527025
-0.5230250878527025
0.6106816982476683
-0.31940184887602424
0.0
-0.31940184887602424
-0.22082260711526758
5.551115123125783E-17
0.33921210417291153
0.4308613038772165
-0.9556245831455318
-0.3241594256481573
0.0
-0.22569770999918598
0.0
-0.5498571356473433
-0.5498571356473433
0.6181352960622641
-0.3398861033353191
0.0
-0.3398861033353191
-0.22347613589006302
-0.19999999999999996
0.34407436144310893
0.46789211747205994
-0.9097296177240861
-0.3130146373042985
0.0
-0.25811271277856007
0.0
-0.5711273500828586
-0.5711273500828586
0.6213283263632147
-0.35485760056724036
0.0
-0.35485760056724036
-0.23008815997294255
-0.39999999999999997
0.35057761050693437
0.5056509897240395
-0.8082145996528209
-0.28334194312310457
0.0
-0.2894686345815946
0.0
-0.5728105777046992
-0.5728105777046992
0.618486825809769
-0.35427579599483944
0.0
-0.35427579599483944
-0.23022181747998738
-0.6
0.3626276383775773
0.5455661526788983
-0.5535040334991126
-0.20071586050024662
0.0
-0.3124051718389499
0.0
-0.5131210323391965
-0.5131210323391965
0.6024166975989482
-0.30911267777034185
0.0
-0.30911267777034185
-0.20275764643982302
-0.8
0.39379668223399805
0.592874262288049
0.13951295830477395
0.05493974010907009
0.0
-0.30249570381419294
0.0
-0.24755596370512284
-0.24755596370512284
0.5430631392164157
-0.13443851878144908
0.0
-0.13443851878144908
-0.0894248006799706
-1.0
0.48742754373583813
0.6613741320123486
0.9220792817292062
0.44944683942297287
0.0
-0.17060634429579535
0.0
0.2788404951271775
0.2788404951271775
0.4280071141500583
0.11934571562755665
0.0
0.11934571562755665
0.08050994498981741
-0.8
0.6347198276929236
0.6804672462991456
0.9907199498935185
0.628829595888356
0.0
0.19890694040744308
0.0
0.827736536295799
0.827736536295799
0.3194382272006513
0.2644106917435376
0.0
0.2644106917435376
0.1793082683998965
-0.6000000000000001
0.7464339097346496
0.6875050598083191
0.9953713821267783
0.7429789523988731
0.0
0.5739673354829511
0.0
1.3169462878818243
1.3169462878818243
0.23634263619363577
0.3112505574034131
0.0
0.3112505574034131
0.21196878509006276
-0.4000000000000001
0.8187568022217254
0.6833780953040091
0.9929349151941459
0.812972215978659
0.0
0.9055799904086856
0.0
1.7185522063873446
1.7185522063873446
0.1807067156717016
0.3105539249266133
0.0
0.3105539249266133
0.21229894123269588
-0.20000000000000007
0.8647088405243353
0.6695173695632713
0.9814249982989247
0.8486468723406609
0.0
1.1589262169772985
0.0
2.0075730893179595
2.0075730893179595
0.14762795592883546
0.29637391155374776
0.0
0.29637391155374776
0.20085194706109563
-5.551115123125783E-17
0.887921957875473
0.6457122833083355
0.9430157436685656
0.837324385425588
0.0
1.3003806382984462
0.0
2.1377050237240343
2.1377050237240343
0.1346429563439342
0.28782692418548395
0.0
0.28782692418548395
0.1865838626986951
0.19999999999999996
0.8948898582896115
0.6124091261302439
0.8462424575435181
0.7572937929097715
0.0
1.3139588853670165
0.0
2.071252678276788
2.071252678276788
0.1432083916057791
0.29662076466518106
0.0
0.29662076466518106
0.19063090056759854
0.39999999999999997
0.8838003748903385
0.5683460816376799
0.6618664968059442
0.5849578580044485
0.0
1.1804802035195319
0.0
1.7654380615239804
1.7654380615239804
0.1791240395533802
0.31623239716146434
0.0
0.31623239716146434
0.20506117746566538
0.6
0.8443048512551763
0.5121018784933336
0.3927246567855369
0.3315793329315529
0.0
0.9047202438299393
0.0
1.2362995767614922
1.2362995767614922
0.25492350621195836
0.31516182283639976
0.0
0.31516182283639976
0.2074450633515466
0.8
0.7536550682352986
0.44155674507992204
-0.08415625749818076
-0.06342478998721877
0.0
0.5426700572048552
0.0
0.4792452672176364
0.4792452672176364
0.39456709554902586
0.18909441314167957
0.0
0.18909441314167957
0.1266754937022746
1.0
0.5675006877524084
0.34948470946285404
-0.8590863218766356
-0.4875320785036776
0.0
0.17088348620051966
0.0
-0.3166485923031579
-0.3166485923031579
0.5635840808628004
-0.17845810584967486
0.0
-0.17845810584967486
-0.12201732356522359
0.8
0.33420697915509184
0.30352862479093806
-0.9954461656613095
-0.3326850559371854
0.0
-0.09876792300145076
0.0
-0.43145297893863616
-0.43145297893863616
0.5874039104915147
-0.25343716702176805
0.0
-0.25343716702176805
-0.17486318793314495
0.6000000000000001
0.31587934747581825
0.3257852504917033
-0.9947173866494617
-0.3142106790176832
0.0
-0.14046791428322788
0.0
-0.4546785933009111
-0.4546785933009111
0.5937456209124168
-0.2699634236950337
0.0
-0.2699634236950337
-0.1873365162670101
0.4000000000000001
0.32239093213808956
0.3594361746585082
-0.9885388240066707
-0.31869595292620145
0.0
-0.16324963872209258
0.0
-0.48194559164829404
-0.48194559164829404
0.6010493563852337
-0.2896730876729078
0.0
-0.2896730876729078
-0.20213320054762104
0.20000000000000007
0.32882253826388613
0.3943287750027936
-0.977064046368256
-0.32128067977319325
0.0
-0.1907513362587583
0.0
-0.5120320160319516
-0.5120320160319516
0.6096426191884692
-0.3121565393620712
0.0
-0.3121565393620712
-0.21958053653833615
5.551115123125783E-17
0.3329381320992964
0.43212973915095004
-0.9540121973244637
-0.31762703897715233
0.0
-0.22158909438613578
0.0
-0.5392161333632881
-0.5392161333632881
0.6166204982975415
-0.3324917208445443
0.0
-0.3324917208445443
-0.22252608909521965
-0.19999999999999996
0.3375641249311185
0.4711651123966324
-0.9068165926259751
-0.30610874956280587
0.0
-0.2548635290458502
0.0
-0.5609722786086561
-0.5609722786086561
0.619393187211226
-0.3474624075845594
0.0
-0.3474624075845594
-0.22924153665159688
-0.39999999999999997
0.3439270051291145
0.510876718377641
-0.8031878592482671
-0.27623799498732127
0.0
-0.28726334575562135
0.0
-0.5635013407429426
-0.5635013407429426
0.6161752464245477
-0.34721557749284565
0.0
-0.34721557749284565
-0.22952840607232272
-0.6
0.3561209621922678
0.552561442789822
-0.5455349080481559
-0.1942764163635796
0.0
-0.311297212438012
0.0
-0.5055736288015916
-0.5055736288015916
0.5997822960636495
-0.30323411191184985
0.0
-0.30323411191184985
-0.20230441983466538
-0.8
0.38829026416503687
0.6012376521943924
0.1465176219637816
0.05689136613714976
0.0
-0.30229409515437367
0.0
-0.2454027290172239
-0.2454027290172239
0.5404469934732425
-0.1326271670874875
0.0
-0.1326271670874875
-0.08971970133940496
-1.0
0.48565376585480363
0.6700435902677188
0.9216236325156069
0.4475899878319881
0.0
-0.17124462641689184
0.0
0.27634536141509625
0.27634536141509625
0.4249119709130133
0.11742245217155753
0.0
0.11742245217155753
0.08055125650488305
-0.8
0.6408884998581899
0.6861360878840952
0.9906460110829686
0.6348936359334635
0.0
0.19907578659939376
0.0
0.8339694225328572
0.8339694225328572
0.3146642186051644
0.26242033668190173
0.0
0.26242033668190173
0.18094722325054516
-0.6000000000000001
0.7594410341068597
0.690748319777138
0.9954318009347233
0.7559717562847199
0.0
0.5809506688364269
0.0
1.3369224251211467
1.3369224251211467
0.22989638221848302
0.30735362884211237
0.0
0.30735362884211237
0.21277590027348903
-0.4000000000000001
0.8344377638378018
0.6840107235128513
0.992922815898304
0.8285322941617141
0.0
0.9197555704894431
0.0
1.7482878646511573
1.7482878646511573
0.17395472236867712
0.30412293011591945
0.0
0.30412293011591945
0.2113008104990657
-0.20000000000000007
0.8804275614277498
0.6677054743343838
0.9809256249773884
0.8636339559408336
0.0
1.1763411893921973
0.0
2.039975145333031
2.039975145333031
0.1417916993994172
0.28925154258934355
0.0
0.28925154258934355
0.19949816199037357
-5.551115123125783E-17
0.9024947660140556
0.641169324076055
0.9407423726461935
0.849015067480834
0.0
1.3113452692493497
0.0
2.1603603367301836
2.1603603367301836
0.13028947172272393
0.2814722070033016
0.0
0.2814722070033016
0.18574876086407227
0.19999999999999996
0.9083922626221398
0.605280912183227
0.8420469961196182
0.7649089760392761
0.0
1.3120452882049065
0.0
2.0769542642441827
2.0769542642441827
0.14079659599111022
0.2924280904348018
0.0
0.2924280904348018
0.19121719723016017
0.39999999999999997
0.8966242856362511
0.5591598805524813
0.6616628354746709
0.5932629671895331
0.0
1.1644169644692104
0.0
1.7576799316587435
1.7576799316587435
0.17870983605648733
0.3141146924265119
0.0
0.3141146924265119
0.2071222222654525
0.6
0.8569663025782994
0.502095918498293
0.40469852565740555
0.34681299919151587
0.0
0.8830878296997974
0.0
1.2299008288913131
1.2299008288913131
0.2555061474456782
0.31424722253026566
0.0
0.31424722253026566
0.21021214825280551
0.8
0.7661413582722596
0.4323950818840324
-0.06238023735448971
-0.047792079776114695
0.0
0.5287028555396768
0.0
0.48091077576356206
0.48091077576356206
0.3956838580232422
0.19028863111907654
0.0
0.19028863111907654
0.12948157596680665
1.0
0.5741927738409007
0.34205426514552484
-0.8527032235877838
-0.48961602921494735
0.0
0.16753211117855027
0.0
-0.3220839180363971
-0.3220839180363971
0.5683464319468878
-0.18305524560346015
0.0
-0.18305524560346015
-0.12712129206090567
0.8
0.3251815043763216
0.2977597758749685
-0.9957753558225909
-0.32380772822725706
0.0
-0.09833387414158143
0.0
-0.42214160236883846
-0.42214160236883846
0.5883259803777906
-0.24835687207189835
0.0
-0.24835687207189835
-0.1740257387465016
0.6000000000000001
0.3101667192862684
0.3229040743968209
-0.994581801308255
-0.3084861743736087
0.0
-0.13622633859855052
0.0
-0.4447125129721592
-0.4447125129721592
0.594013597727498
-0.2641652797850289
0.0
-0.2641652797850289
-0.18614417306671502
0.4000000000000001
0.31687441555293405
0.35795536458332333
-0.9881949303896093
-0.3131336910195798
0.0
-0.15903588277686043
0.0
-0.4721695737964402
-0.4721695737964402
0.6008310213233595
-0.28369412726193055
0.0
-0.28369412726193055
-0.20098352988276752
0.20000000000000007
0.32309306896798984
0.39425173181419104
-0.9763525780233976
-0.31545275082838825
0.0
-0.1868065677855614
0.0
-0.5022593186139497
-0.5022593186139497
0.6088465084771609
-0.3057988324882212
0.0
-0.3057988324882212
-0.21844858251624608
5.551115123125783E-17
0.32708783796283303
0.4334562156738568
-0.9526917745371617
-0.311613892778335
0.0
-0.21800005575832407
0.0
-0.5296139485366591
-0.5296139485366591
0.6154630790531319
-0.32595783147585916
0.0
-0.32595783147585916
-0.2216557350015287
-0.19999999999999996
0.3315929714068836
0.47390013159876976
-0.904459016542665
-0.29991225281113
0.0
-0.25174160411631974
0.0
-0.5516538569274497
-0.5516538569274497
0.6179124783527328
-0.3408738019268843
0.0
-0.3408738019268843
-0.22847308713342518
-0.39999999999999997
0.3379235235606926
0.5149894061300146
-0.7992140095718125
-0.270073214193576
0.0
-0.28475807398969133
0.0
-0.5548312881832673
-0.5548312881832673
0.6144111956414557
-0.34089455515197037
0.0
-0.34089455515197037
-0.228909506694607
-0.6
0.3503351686454099
0.5579053091876869
-0.5396034989208862
-0.18904208279610193
0.0
-0.3094989707867008
0.0
-0.49854105358280276
-0.49854105358280276
0.5977983531052622
-0.29802702078716176
0.0
-0.29802702078716176
-0.20195681361662327
-0.8
0.3834692461037446
0.6074567764685354
0.15052397325200764
0.05772131454348759
0.0
-0.3012344360536126
0.0
-0.24351312151012502
-0.24351312151012502
0.538565018484821
-0.13114764878739693
0.0
-0.13114764878739693
-0.0901079897229986
-1.0
0.4843182116681577
0.6762153534687859
0.9208444088102977
0.4459817172996253
0.0
-0.17142997062627982
0.0
0.2745517466733455
0.2745517466733455
0.42239882822396585
0.11597033608166424
0.0
0.11597033608166424
0.08079608939870415
-0.8
0.6471470990700744
0.689894812032878
0.9906066460787168
0.6410682173293775
0.0
0.1990663111598893
0.0
0.8401345284892667
0.8401345284892667
0.31034967766135607
0.2607354801088193
0.0
0.2607354801088193
0.18257371060001357
-0.6000000000000001
0.7718483464677179
0.692359298667377
0.9955001783483298
0.7683751665664766
0.0
0.5865065452712471
0.0
1.3548817118377237
1.3548817118377237
0.2240753111547397
0.30359554115790427
0.0
0.30359554115790427
0.21337978966094792
-0.4000000000000001
0.8486767141136462
0.683109169391912
0.9929069476640512
0.842657005764137
0.0
0.9304471593062218
0.0
1.7731041650703587
1.7731041650703587
0.1680841267422539
0.2980306652089045
0.0
0.2980306652089045
0.2101781354370628
-0.20000000000000007
0.8940355365809036
0.6644309138395655
0.980446144374324
0.8765536947743768
0.0
1.187659260523833
0.0
2.06421295529821
2.06421295529821
0.13704079372460956
0.28288138181068867
0.0
0.28288138181068867
0.1982620487278036
-5.551115123125783E-17
0.9146554339521246
0.6353702459553131
0.9387203277911053
0.858605648775454
0.0
1.314268337712663
0.0
2.172873986488117
2.172873986488117
0.1270378752607416
0.27603729445278774
0.0
0.27603729445278774
0.18516149116134528
0.19999999999999996
0.9194137950315888
0.5973210074617954
0.8389863527806655
0.771375626589783
0.0
1.3020166105214201
0.0
2.0733922371112032
2.0733922371112032
0.1393492275988656
0.28892560675093015
0.0
0.28892560675093015
0.19194950060355248
0.39999999999999997
0.9070595771977925
0.5498285569305471
0.6632908837994408
0.6016443486182709
0.0
1.1428904073162827
0.0
1.7445347559345534
1.7445347559345534
0.178868570979442
0.3120424388179832
0.0
0.3120424388179832
0.20893757509310704
0.6
0.86751961400819
0.4928086733993503
0.4163330432136317
0.36117708094754486
0.0
0.8602250948119511
0.0
1.221402175759496
1.221402175759496
0.2561295313695288
0.31283716689100255
0.0
0.31283716689100255
0.21239696203134725
0.8
0.7770238535515468
0.42472749388484715
-0.04379108849691529
-0.03402672033508993
0.0
0.5157904128531109
0.0
0.481763692518021
0.481763692518021
0.39636277903444844
0.19095319600434033
0.0
0.19095319600434033
0.13181112666057293
1.0
0.5801133335494048
0.3367305207683338
-0.8468369954713428
-0.49126143241584286
0.0
0.16496438421240614
0.0
-0.32629704820343675
-0.32629704820343675
0.5721201529368793
-0.18668111712100252
0.0
-0.18668111712100252
-0.13149978072228166
0.8
0.31651748327321017
0.29399905773956303
-0.9960377716499981
-0.31526336872771377
0.0
-0.09819004238379635
0.0
-0.4134534111115101
-0.4134534111115101
0.588970177087814
-0.24351172875990687
0.0
-0.24351172875990687
-0.17306114818020255
0.6000000000000001
0.3047346174798429
0.32145611096508425
-0.9944443862884335
-0.30304162966058285
0.0
-0.13283254484673582
0.0
-0.4358741745073187
-0.4358741745073187
0.5942616621624179
-0.259023311436391
0.0
-0.259023311436391
-0.1851009294195576
0.4000000000000001
0.3115339768698865
0.3574401777364579
-0.9879029089502547
-0.3077653219866022
0.0
-0.155669943930678
0.0
-0.46343526591728024
-0.46343526591728024
0.6006977316605594
-0.2783845130080184
0.0
-0.2783845130080184
-0.1999796000247553
0.20000000000000007
0.31761165298245475
0.3947007773479887
-0.9757517988169983
-0.30991014172287046
0.0
-0.18351668402808505
0.0
-0.49342682575095553
-0.49342682575095553
0.6082451122254613
-0.3001244550039431
0.0
-0.3001244550039431
-0.21743292086955346
5.551115123125783E-17
0.3215744692474112
0.434814091878079
-0.9516001893657511
-0.3060103258310274
0.0
-0.21480561196222328
0.0
-0.5208159377932506
-0.5208159377932506
0.6146038605460545
-0.3200954860016456
0.0
-0.3200954860016456
-0.220882486028295
-0.19999999999999996
0.3260550403551559
0.4761654728775316
-0.9025515571995525
-0.2942814844053089
0.0
-0.24870136888295766
0.0
-0.5429828532882666
-0.5429828532882666
0.6168166439085299
-0.33492086126514625
0.0
-0.33492086126514625
-0.22779815448118496
-0.39999999999999997
0.3324437029817354
0.5181481045133395
-0.7961115313882855
-0.2646622654811817
0.0
-0.2819877390914836
0.0
-0.5466500045726653
-0.5466500045726653
0.6131141403302494
-0.33515884761509657
0.0
-0.33515884761509657
-0.2283769412238215
-0.6
0.3451350197654089
0.5618449949239078
-0.5353719912009187
-0.1847756227649754
0.0
-0.30711466811397875
0.0
-0.49189029087895414
-0.49189029087895414
0.5963699118343134
-0.2933485694036367
0.0
-0.2933485694036367
-0.2017131009937381
-0.8
0.37920525936609856
0.611870231289274
0.1520470196822786
0.05765702953446075
0.0
-0.2994480508186055
0.0
-0.24179102128414473
-0.24179102128414473
0.5373037399709963
-0.12991522002737774
0.0
-0.12991522002737774
-0.09057167621632062
-1.0
0.4833406789939419
0.6803157425469903
0.9197735453406576
0.44456396992561864
0.0
-0.17120926044009932
0.0
0.2733547094855193
0.2733547094855193
0.4203707535362335
0.11491032520910595
0.0
0.11491032520910595
0.08123054887997713
-0.8
0.6535017135026704
0.6920670542007212
0.990592833424958
0.6473541140266754
0.0
0.19893585976406378
0.0
0.8462899737907392
0.8462899737907392
0.30638877495406364
0.2592937483256512
0.0
0.2592937483256512
0.18421070396494202
-0.6000000000000001
0.7837389015614651
0.692614493864858
0.9955723209806012
0.7802687572703347
0.0
0.5908943676306506
0.0
1.3711631249009852
1.3711631249009852
0.2187374045182624
0.29992466311199156
0.0
0.29992466311199156
0.21381990826042663
-0.4000000000000001
0.8616655010358308
0.6809393985840114
0.9928822642477959
0.8555323936926672
0.0
0.9382097765758045
0.0
1.7937421702684717
1.7937421702684717
0.16290406990181241
0.29220789989124385
0.0
0.29220789989124385
0.2089723040114355
-0.20000000000000007
0.9058977662607797
0.6599946091420757
0.979979775432872
0.8877614895453791
0.0
1.1938932845280572
0.0
2.0816547740734364
2.0816547740734364
0.13313494964681305
0.27714100352831494
0.0
0.27714100352831494
0.19716555318733225
-5.551115123125783E-17
0.9248897641991232
0.6286133626372019
0.9368870191262505
0.8665172142008972
0.0
1.3106057639127389
0.0
2.177122978113636
2.177122978113636
0.12460337456892487
0.2712768699245066
0.0
0.2712768699245066
0.18476465708258993
0.19999999999999996
0.9285179032144594
0.5888277109868048
0.8367841507706444
0.7769690651166508
0.0
1.2858177983356547
0.0
2.062786863452305
2.062786863452305
0.1385728284767581
0.2858462102132861
0.0
0.2858462102132861
0.19274705351939547
0.39999999999999997
0.915686420716369
0.5405901322500982
0.6660297509184747
0.6098743987091528
0.0
1.1178427555793096
0.0
1.7277171542884624
1.7277171542884624
0.17934931258385423
0.30986488396096856
0.0
0.30986488396096856
0.21048592158660304
0.6
0.8764840330068022
0.48430696879289326
0.4271033439640197
0.37434926142827546
0.0
0.8371963688093307
0.0
1.2115456302376062
1.2115456302376062
0.25666771944085737
0.31096465391162265
0.0
0.31096465391162265
0.21408584950447745
0.8
0.786673528686847
0.41839540455073404
-0.028021681407024355
-0.02204391499220246
0.0
0.5040565564667052
0.0
0.48201264147450273
0.48201264147450273
0.39662905907306584
0.19118022044935504
0.0
0.19118022044935504
0.13375828395492237
1.0
0.5854370135450689
0.3331644813071293
-0.8413506475160146
-0.49255781042598556
0.0
0.16308506470240433
0.0
-0.3294727457235812
-0.3294727457235812
0.5750707984416942
-0.18947015494803712
0.0
-0.18947015494803712
-0.13525955224870348
0.8
0.30819263202145675
0.29189520468562186
-0.9962462034483253
-0.30703573958212305
0.0
-0.09830216612387495
0.0
-0.405337905705998
-0.405337905705998
0.5893954383516371
-0.23890431261412123
0.0
-0.23890431261412123
-0.17205125986807868
0.6000000000000001
0.29950670672033863
0.3211825289527389
-0.9943048913883528
-0.29780098349564954
0.0
-0.130123942439842
0.0
-0.42792492593549153
-0.42792492593549153
0.5944764776908583
-0.25439130268625243
0.0
-0.25439130268625243
-0.18419761987742425
0.4000000000000001
0.3063238296067943
0.35772563248328026
-0.9876483037481136
-0.30254021070877657
0.0
-0.15296941634210365
0.0
-0.4555096270508802
-0.4555096270508802
0.6006217931108265
-0.27358900897854355
0.0
-0.27358900897854355
-0.19910983934296161
0.20000000000000007
0.31232075780613044
0.3955856957921452
-0.9752339579380466
-0.30458580878148267
0.0
-0.1807374858695853
0.0
-0.48532329465106794
-0.48532329465106794
0.6077957617779264
-0.29497744158101885
0.0
-0.29497744158101885
-0.2165310047947682
5.551115123125783E-17
0.31632172523301727
0.4361978078520345
-0.950687296966388
-0.30072304593352167
0.0
-0.21191712057913228
0.0
-0.512640166512654
-0.512640166512654
0.6139847124912305
-0.3147532252477284
0.0
-0.3147532252477284
-0.22020801150395147
-0.19999999999999996
0.3208543864372957
0.47804038768899854
-0.901004412011518
-0.289091217793252
0.0
-0.24571771650719593
0.0
-0.5348089343004478
-0.5348089343004478
0.6160337163575562
-0.329460335338329
0.0
-0.329460335338329
-0.22721568900392364
-0.39999999999999997
0.3273734887175797
0.5205138057848894
-0.7937155112585076
-0.259841415969955
0.0
-0.2789941171724499
0.0
-0.5388355331424048
-0.5388355331424048
0.6121983610611336
-0.3298742302712824
0.0
-0.3298742302712824
-0.22792659256810235
-0.6
0.34039399316232555
0.5646190625719317
-0.5325196698189584
-0.18126649684715837
0.0
-0.3042441753629409
0.0
-0.48551067221009925
-0.48551067221009925
0.5953949977457181
-0.2890706255860541
0.0
-0.2890706255860541
-0.2015584587000562
-0.8
0.37537664037038393
0.6147909355162682
0.1515702888620941
0.0568959458130215
0.0
-0.2970535904001901
0.0
-0.2401576445871686
-0.2401576445871686
0.5365451849823513
-0.12885542783994813
0.0
-0.12885542783994813
-0.09108997001469989
-1.0
0.4826397819474083
0.6827150872531247
0.9184447316274138
0.44327796500340094
0.0
-0.17062432862377755
0.0
0.27265363637962337
0.27265363637962337
0.4187307098702107
0.114168450709934
0.0
0.114168450709934
0.08183487288214546
-0.8
0.6599475872967536
0.692923015725782
0.9905970310893616
0.6537421206507514
0.0
0.198715873350058
0.0
0.8524579940008095
0.8524579940008095
0.30269133911938284
0.25803165174712783
0.0
0.25803165174712783
0.1858666336630967
-0.6000000000000001
0.7951833831498274
0.6917303097587238
0.995645009144441
0.7917203667877174
0.0
0.5942998956882835
0.0
1.3860202624760007
1.3860202624760007
0.21377262616787326
0.29629319143137967
0.0
0.29629319143137967
0.2141218040933276
-0.4000000000000001
0.8735722237382086
0.6776959573802979
0.9928451660679523
0.8673219595497121
0.0
0.943456472546678
0.0
1.8107784320963902
1.8107784320963902
0.15827247595678962
0.2865963858570491
0.0
0.2865963858570491
0.2077114951954234
-0.20000000000000007
0.916327462855955
0.6546332350918976
0.9795254055690772
0.8975660296880629
0.0
1.1959172835196068
0.0
2.0934833132076696
2.0934833132076696
0.12989694659770332
0.27193709013891965
0.0
0.27193709013891965
0.19623232889955083
-5.551115123125783E-17
0.9335934009997097
0.6211224970056279
0.9351865978945022
0.8730840364976762
0.0
1.301562674668745
0.0
2.174646711166421
2.174646711166421
0.12277492416917732
0.2669920850582082
0.0
0.2669920850582082
0.18450633647379672
0.19999999999999996
0.9361460120584367
0.580010678548124
0.835202849861262
0.7818718171574617
0.0
1.2649782618935026
0.0
2.046850079050964
2.046850079050964
0.1382562808003574
0.28298987928550384
0.0
0.28298987928550384
0.1935496609212943
0.39999999999999997
0.9229513534418764
0.5315818489176459
0.6693480538792493
0.6177756922515392
0.0
1.0906488447090579
0.0
1.708424536960597
1.708424536960597
0.17998541603426546
0.3074915010480004
0.0
0.3074915010480004
0.21176869758697564
0.6
0.884264406480959
0.4765749816763338
0.436759418397491
0.38621080788422624
0.0
0.8145984461113072
0.0
1.2008092539955335
1.2008092539955335
0.2570563708811238
0.3086756689525615
0.0
0.3086756689525615
0.21536377422238676
0.8
0.7954021971145381
0.4132146966513548
-0.01463769781594503
-0.011642857003501353
0.0
0.49346301844783064
0.0
0.48182016144432926
0.48182016144432926
0.3965252664220648
0.19105386788423495
0.0
0.19105386788423495
0.13540919175538152
1.0
0.5903401446053169
0.3310467009299935
-0.836107211517538
-0.49358765215281164
0.0
0.16179413361696887
0.0
-0.33179351853584277
-0.33179351853584277
0.5773564752830433
-0.1915631363836133
0.0
-0.1915631363836133
-0.13851495258755356
0.8
0.30016969672483984
0.2911528119919328
-0.9964120965953719
-0.2990927168479946
0.0
-0.09863864769637144
0.0
-0.39773136454436603
-0.39773136454436603
0.5896442004331114
-0.23451999243393307
0.0
-0.23451999243393307
-0.1710494905540149
0.6000000000000001
0.29442530798699096
0.32187153991484296
-0.9941631688675397
-0.2927067971831483
0.0
-0.12796587890000882
0.0
-0.4206726760831571
-0.4206726760831571
0.5946473904885481
-0.25015190908268364
0.0
-0.25015190908268364
-0.18342290747920828
0.4000000000000001
0.3012064900166243
0.35867564564658055
-0.9874202552632128
-0.2974173892591515
0.0
-0.1507905431874747
0.0
-0.4482079324466262
-0.4482079324466262
0.6005790048291539
-0.2691842740253274
0.0
-0.2691842740253274
-0.19836159302420384
0.20000000000000007
0.307169457936493
0.3968348990636345
-0.9747778519519498
-0.2994219843925794
0.0
-0.17835608388880483
0.0
-0.47777806828138425
-0.47777806828138425
0.6074591430954982
-0.2902306559480321
0.0
-0.2902306559480321
-0.21573445551748263
5.551115123125783E-17
0.3112610945622788
0.437609632091765
-0.9499126139824836
-0.2956708399667033
0.0
-0.2092649699569327
0.0
-0.504935809923636
-0.504935809923636
0.613551920306932
-0.3098043358103828
0.0
-0.3098043358103828
-0.21962557002872507
-0.19999999999999996
0.3159042296435086
0.4796018402080489
-0.899741530112993
-0.28423215494861676
0.0
-0.24277204785686654
0.0
-0.5270042028054833
-0.5270042028054833
0.6154972885915041
-0.3243696579031021
0.0
-0.3243696579031021
-0.22671656073870913
-0.39999999999999997
0.32260917810525525
0.5222353736626133
-0.7918812354609541
-0.2554681545290325
0.0
-0.27581361750616074
0.0
-0.5312817720351932
-0.5312817720351932
0.611585061445951
-0.3249239951952574
0.0
-0.3249239951952574
-0.2275472084528719
-0.6
0.3359964935089438
0.5664431949914016
-0.5307608148176619
-0.17833377267068426
0.0
-0.30097220326134405
0.0
-0.4793059759320283
-0.4793059759320283
0.5947808311493145
-0.2850820067396851
0.0
-0.2850820067396851
-0.2014742056985099
-0.8
0.37187116538963755
0.6164948486123598
0.14951530230046725
0.05560042971005871
0.0
-0.29415051592241714
0.0
-0.23855008621235843
-0.23855008621235843
0.5361855933705201
-0.12790711952436212
0.0
-0.12790711952436212
-0.09164472073727539
-1.0
0.4821376306573608
0.6837275061415357
0.9168888429190094
0.44206661430114025
0.0
-0.1697122445144044
0.0
0.2723543697867359
0.2723543697867359
0.41739700825603704
0.11367989913444196
0.0
0.11367989913444196
0.08258937694361906
-0.8
0.6664793575550357
0.6926881891432055
0.9906136648186581
0.6602235589135788
0.0
0.19842053631493578
0.0
0.8586440952285146
0.8586440952285146
0.29918526798161826
0.2568936637317773
0.0
0.2568936637317773
0.18754654386089117
-0.6000000000000001
0.8062493735459599
0.689880121648352
0.9957163138034887
0.8027956542335553
0.0
0.5968621666284221
0.0
1.3996578208619774
1.3996578208619774
0.20909461617361272
0.29266091482753037
0.0
0.29266091482753037
0.2143054947678366
-0.4000000000000001
0.8845485079166481
0.6735259749502115
0.9927936545959936
0.8781741458420022
0.0
0.946508814152531
0.0
1.8246829599945331
1.8246829599945331
0.15407940871054152
0.28114607156015836
0.0
0.28114607156015836
0.20641555234131545
-0.20000000000000007
0.9255808931736809
0.648533920631338
0.9790828038342412
0.9062203360638887
0.0
1.1944734421992527
0.0
2.1006937782631416
2.1006937782631416
0.1271881947158978
0.2671834493082075
0.0
0.2671834493082075
0.1954793932256396
-5.551115123125783E-17
0.9410809050112171
0.6130724766556982
0.933569610556422
0.8785645339934071
0.0
1.2881574955430326
0.0
2.1667220295364396
2.1667220295364396
0.12139177032506672
0.2630222229677499
0.0
0.2630222229677499
0.18434212635584102
0.19999999999999996
0.9426374702797862
0.5710210901558462
0.834044761650834
0.7862018442226494
0.0
1.2407121946744442
0.0
2.0269140388970937
2.0269140388970937
0.1382440979324089
0.2802089028938643
0.0
0.2802089028938643
0.1943142897722803
0.39999999999999997
0.9291931115161285
0.5228776167198587
0.6728640248217299
0.6252206168513688
0.0
1.0622816043561252
0.0
1.687502221207494
1.687502221207494
0.180664850922919
0.3048723372265466
0.0
0.3048723372265466
0.21280088096814492
0.6
0.89117182528616
0.4695544122888835
0.4452177139389095
0.3967654827806694
0.0
0.792743445006281
0.0
1.1895089277869504
1.1895089277869504
0.2572654873851022
0.3060195940560401
0.0
0.3060195940560401
0.21630854774754568
0.8
0.8034657226182002
0.4090013229826881
-0.0032102045736149116
-0.002579289337491756
0.0
0.4838976906812355
0.0
0.48131840134374376
0.48131840134374376
0.39609622138931255
0.19064840005740152
0.0
0.19064840005740152
0.13683990215487754
1.0
0.5949902093081668
0.3301080731483594
-0.8309803139316901
-0.4944251509171825
0.0
0.16099774266891248
0.0
-0.33342740824827
-0.33342740824827
0.5791170442467146
-0.19309349513558074
0.0
-0.19309349513558074
-0.14137637724274418
0.8
0.29240347410446577
0.2915222057209649
-0.9965452663745813
-0.29139329799028785
0.0
-0.09916955745759029
0.0
-0.39056285544787817
-0.39056285544787817
0.5897441239551218
-0.23033214903551977
0.0
-0.23033214903551977
-0.17008676168953354
0.6000000000000001
0.28944872425936125
0.3233465939879126
-0.9940190977025827
-0.2877175597194539
0.0
-0.12624505675145586
0.0
-0.41396261647090976
-0.41396261647090976
0.5947649176755859
-0.24621044150609078
0.0
-0.24621044150609078
-0.18276404073091093
0.4000000000000001
0.29615196735875066
0.36017460110513627
-0.98721094848927
-0.2923644645931956
0.0
-0.1490177850162078
0.0
-0.4413822496094034
-0.4413822496094034
0.6005477990731498
-0.2650711385528829
0.0
-0.2650711385528829
-0.1977211268620265
0.20000000000000007
0.3021149421542952
0.3983882693390451
-0.9743676328838923
-0.29437102104573465
0.0
-0.17628169382626152
0.0
-0.47065271487199617
-0.47065271487199617
0.6072001815261113
-0.2857804139060332
0.0
-0.2857804139060332
-0.21503134308623215
5.551115123125783E-17
0.3063342240454291
0.4390538679361695
-0.9492441728009643
-0.2907859771046286
0.0
-0.20679297795601986
0.0
-0.4975789550606485
-0.4975789550606485
0.613257948675403
-0.3051442492845438
0.0
-0.3051442492845438
-0.21912408779184822
-0.19999999999999996
0.3111300096500018
0.4809194273553679
-0.8987003029169098
-0.2796126339189977
0.0
-0.23984984030750284
0.0
-0.5194624742265006
-0.5194624742265006
0.6151490345124266
-0.31954683948586815
0.0
-0.31954683948586815
-0.22628793881809986
-0.39999999999999997
0.31806104333662666
0.5234449509772955
-0.7904860870412809
-0.2514228295874373
0.0
-0.2724773568983662
0.0
-0.5239001864858035
-0.5239001864858035
0.6112055485736467
-0.32021070087889136
0.0
-0.32021070087889136
-0.22722475654719576
-0.6
0.33184179199719305
0.5675067283245905
-0.5298503531313427
-0.1758264906734503
0.0
-0.29737046931075484
0.0
-0.47319695998420513
-0.47319695998420513
0.5944474418325432
-0.28129072234554703
0.0
-0.28129072234554703
-0.20144157092974976
-0.8
0.3685898573168772
0.6172207010365642
0.1462410106596822
0.05390295325292818
0.0
-0.2908233330142209
0.0
-0.23692037976129274
-0.23692037976129274
0.5361378255906611
-0.12702197724333317
0.0
-0.12702197724333317
-0.09222110730214168
-1.0
0.48176328064530183
0.6836184169478586
0.9151349319590159
0.4408784070536905
0.0
-0.16850763349237743
0.0
0.2723707735613131
0.2723707735613131
0.416303751409751
0.11338897480795047
0.0
0.11338897480795047
0.08347541292543817
-0.8
0.6730913559305044
0.6915524816968371
0.9906390073701508
0.6667905527084237
0.0
0.19805377685949255
0.0
0.8648443295679162
0.8648443295679162
0.29581412683072456
0.2558331701956365
0.0
0.2558331701956365
0.1892534228593138
-0.6000000000000001
0.8169960379381288
0.6872061860553703
0.9957853510834372
0.8135526864719969
0.0
0.5986888261799672
0.0
1.412241512651964
1.412241512651964
0.20463614862509164
0.28899566407757155
0.0
0.28899566407757155
0.2143866428283874
-0.4000000000000001
0.8947230262121387
0.6685447918567595
0.9927269833866628
0.8882156907781624
0.0
0.9476228769279559
0.0
1.8358385677061184
1.8358385677061184
0.15023983526473497
0.2758160839848142
0.0
0.2758160839848142
0.2050985634168772
-0.20000000000000007
0.933841285115195
0.641826512007578
0.9786446113233165
0.9138987415092265
0.0
1.1900945364103332
0.0
2.10399327791956
2.10399327791956
0.12489588488950176
0.26278010224732684
0.0
0.26278010224732684
0.19490132726474232
-5.551115123125783E-17
0.9475858409256471
0.6045964397244841
0.9319994068584254
0.8831494416901454
0.0
1.271221482181189
0.0
2.154370923871334
2.154370923871334
0.12033902090279049
0.25925488764011656
0.0
0.25925488764011656
0.18424342439428879
0.19999999999999996
0.9482376311713661
0.5619638771208427
0.8331702400921432
0.7900433748274522
0.0
1.2139551932608108
0.0
2.003998568088263
2.003998568088263
0.13842979372158903
0.277413108398818
0.0
0.277413108398818
0.19501808613651764
0.39999999999999997
0.9346525550923864
0.5145065776597789
0.6763392911607465
0.6321422465927652
0.0
1.0334074892684124
0.0
1.6655497358611777
1.6655497358611777
0.18132031329701695
0.30199799991811255
0.0
0.30199799991811255
0.21360794304036096
0.6
0.8974266604438274
0.46316423310181626
0.45251126664706726
0.40609567484028386
0.0
0.7717661274585709
0.0
1.1778618022988547
1.1778618022988547
0.257291442966954
0.30305376272912943
0.0
0.30305376272912943
0.21698883001797256
0.8
0.8110510842547362
0.4055805196755715
0.006646670431608809
0.00539078926024022
0.0
0.47521935913190494
0.0
0.48061014839214516
0.48061014839214516
0.3953901861282716
0.1900285360279065
0.0
0.1900285360279065
0.1381125633467662
1.0
0.5995235217425979
0.33011335321556995
-0.825871211211019
-0.49512921705105506
0.0
0.1606088905649805
0.0
-0.33452032648607455
-0.33452032648607455
0.5804735070625504
-0.19418018709908105
0.0
-0.19418018709908105
-0.1439399360694108
0.8
0.2848538233243153
0.292789895737086
-0.9966538384154584
-0.28390065640349765
0.0
-0.09986516748253475
0.0
-0.3837658238860324
-0.3837658238860324
0.5897168190082765
-0.22631316090616152
0.0
-0.22631316090616152
-0.16917720824677368
0.6000000000000001
0.2845538605122741
0.32545620757942134
-0.9938727734089554
-0.2828103345315589
0.0
-0.12486645632814163
0.0
-0.40767679085970054
-0.40767679085970054
0.5948245890456056
-0.2424961795865527
0.0
-0.2424961795865527
-0.18220719948108383
0.4000000000000001
0.2911434035099614
0.3621205125184471
-0.9870152751143473
-0.28736298651311193
0.0
-0.14755863443474412
0.0
-0.434921620947856
-0.434921620947856
0.600512253999575
-0.26117576290854577
0.0
-0.26117576290854577
-0.19717383862586765
0.20000000000000007
0.29713012123243354
0.40019170463414044
-0.9739922204341992
-0.2894024265370607
0.0
-0.17444261290774146
0.0
-0.46384503944480215
-0.46384503944480215
0.6069909650349035
-0.2815497481192533
0.0
-0.2815497481192533
-0.2144081628907932
5.551115123125783E-17
0.3015013499370764
0.44053259282537505
-0.9486579087361672
-0.2860216401124382
0.0
-0.20445866533427218
0.0
-0.4904803054467104
-0.4904803054467104
0.6130634902667517
-0.3006955679642627
0.0
-0.3006955679642627
-0.21869091904612245
-0.19999999999999996
0.3064785758091707
0.48205218553226514
-0.8978313022327891
-0.2751660588251983
0.0
-0.23694432059238552
0.0
-0.5121103794175839
-0.5121103794175839
0.6149401076155745
-0.3149172118301017
0.0
-0.3149172118301017
-0.22591643857235774
-0.39999999999999997
0.3136631530998364
0.5242559019336488
-0.7894300973911149
-0.24761513349960804
0.0
-0.26901808598379756
0.0
-0.5166332194834056
-0.5166332194834056
0.6110019748706035
-0.3156639173881187
0.0
-0.3156639173881187
-0.2269456773577458
-0.6
0.3278542441544293
0.5679723219911891
-0.5295842714739832
-0.17362645104017688
0.0
-0.29350746123344684
0.0
-0.4671339122736237
-0.4671339122736237
0.5943273779524705
-0.27763047323426215
0.0
-0.27763047323426215
-0.20144409986258555
-0.8
0.36545714003553736
0.6171730238936839
0.14205381798865022
0.051914582053260876
0.0
-0.28715273274562253
0.0
-0.23523815069236165
-0.23523815069236165
0.5363282513183687
-0.12616486600420124
0.0
-0.12616486600420124
-0.09280682438603721
-1.0
0.48146075498079277
0.6826141877418143
0.9132140909183905
0.4396767456726666
0.0
-0.16704775271730224
0.0
0.27262899295536436
0.27262899295536436
0.41539588540019146
0.11324896191445613
0.0
0.11324896191445613
0.08447430291374815
-0.8
0.679772715377319
0.6896805040714138
0.9906708818001434
0.6734310353665265
0.0
0.1976175396904166
0.0
0.8710485750569431
0.8710485750569431
0.2925346996191525
0.2548119332579737
0.0
0.2548119332579737
0.19098446860849538
-0.6000000000000001
0.8274578959647718
0.6838319861891348
0.9958517911674253
0.824025427812147
0.0
0.5998692710225636
0.0
1.4238946988347108
1.4238946988347108
0.2003490234006691
0.2852759123369241
0.0
0.2852759123369241
0.21437496858829871
-0.4000000000000001
0.9041859823140136
0.6628525219678801
0.992645154235475
0.8975358338716485
0.0
0.9470097759025836
0.0
1.844545609774232
1.844545609774232
0.14669274928111126
0.2705814666721859
0.0
0.2705814666721859
0.20377153135628737
-0.20000000000000007
0.9412048949723144
0.6345694258060975
0.9781880612426258
0.9206753914450375
0.0
1.183001429666184
0.0
2.1036768211112213
2.1036768211112213
0.12292786205032785
0.25860049406403246
0.0
0.25860049406403246
0.19445146874556543
-5.551115123125783E-17
0.9532597994892014
0.5957882878267544
0.9304653318227192
0.8869751956449785
0.0
1.2513831034656788
0.0
2.1383582991106573
2.1383582991106573
0.11955255037912331
0.2556461882830433
0.0
0.2556461882830433
0.18420799049625702
0.19999999999999996
0.9531023216781609
0.5529059256398522
0.8325225973591741
0.7934792203925616
0.0
1.185395086185768
0.0
1.9788743065783296
1.9788743065783296
0.13875744342909727
0.27458353964833665
0.0
0.27458353964833665
0.19566284026293976
0.39999999999999997
0.9394761133831521
0.5064664161298066
0.6796809731658049
0.6385440390102889
0.0
1.0044664089147644
0.0
1.6430104479250534
1.6430104479250534
0.18192748523859095
0.29890875901173586
0.0
0.29890875901173586
0.2142249461036116
0.6
0.9031530273422642
0.4573132521516617
0.45876137381412524
0.41433172358792336
0.0
0.7517012508856125
0.0
1.1660329744735358
1.1660329744735358
0.2571577529796879
0.29985441961583625
0.0
0.29985441961583625
0.2174631958993196
0.8
0.8182522994506967
0.40279097095692273
0.0152457741491972
0.012474889754486598
0.0
0.4672847156079043
0.0
0.4797596053623909
0.4797596053623909
0.39446734073598116
0.1892494957198461
0.0
0.1892494957198461
0.13926905700400874
1.0
0.604008361561456
0.33085435478159453
-0.8207357038956546
-0.49573122778500267
0.0
0.1605433954504281
0.0
-0.3351878323345746
-0.3351878323345746
0.5815285879232365
-0.1949213068265757
0.0
-0.1949213068265757
-0.14627505036669297
0.8
0.27750239023411327
0.2947720438540762
-0.9967440404401858
-0.27659885367375925
0.0
-0.10069382732632631
0.0
-0.37729268100008556
-0.37729268100008556
0.5895886902167464
-0.22244749761920518
0.0
-0.22244749761920518
-0.1683229050805486
0.6000000000000001
0.2797409343826515
0.32806611735242164
-0.9937247619095945
-0.2779854934157679
0.0
-0.123753152087841
0.0
-0.4017386455036089
-0.4017386455036089
0.5948327936413504
-0.23896732081860383
0.0
-0.23896732081860383
-0.18173692441986875
0.4000000000000001
0.2861863373354238
0.3644198720301281
-0.9868303992905426
-0.2824173775442142
0.0
-0.14634195384924634
0.0
-0.42875933139346056
-0.42875933139346056
0.6004669481968105
-0.25745580723273614
0.0
-0.25745580723273614
-0.19670433643522792
0.20000000000000007
0.2922149186026942
0.40219286188573
-0.9736448075121369
-0.28451353817509495
0.0
-0.17278714776087684
0.0
-0.4573006859359718
-0.4573006859359718
0.6068150321803877
-0.2774969304523501
0.0
-0.2774969304523501
-0.2138517518720457
5.551115123125783E-17
0.2967538141426003
0.4420419718004982
-0.9481370673165564
-0.28136329105616753
0.0
-0.20223711106049289
0.0
-0.48360040211666044
-0.48360040211666044
0.6129403499152908
-0.29641819969256117
0.0
-0.29641819969256117
-0.2183140603407595
-0.19999999999999996
0.30193190209863197
0.48304561916243466
-0.8970978541072459
-0.2708624614592018
0.0
-0.23406357067465078
0.0
-0.5049260321338526
-0.5049260321338526
0.6148329159699765
-0.3104451446860066
0.0
-0.3104451446860066
-0.22559091223130268
-0.39999999999999997
0.3093881663469527
0.5247607675119403
-0.7886360224167848
-0.24399465289068334
0.0
-0.2654806255673215
0.0
-0.5094752784580048
-0.5094752784580048
0.6109279873205103
-0.3112527064579054
0.0
-0.3112527064579054
-0.22670002270676617
-0.6
0.32399896477830564
0.5679753814596786
-0.529799050750927
-0.17165434398382937
0.0
-0.28946180941797095
0.0
-0.46111615340180034
-0.46111615340180034
0.5943647671666161
-0.2740711951534267
0.0
-0.2740711951534267
-0.2014700127158045
-0.8
0.3624369787610224
0.6165243800357064
0.13721798968265386
0.049732873612242205
0.0
-0.28322994343038493
0.0
-0.23349706981814272
-0.23349706981814272
0.5366923591456279
-0.12531609325429038
0.0
-0.12531609325429038
-0.09339110558311546
-1.0
0.48120240947174925
0.6809098195258855
0.9111642435372707
0.43845442941463836
0.0
-0.1653794248481538
0.0
0.2730750045664846
0.2730750045664846
0.4146225727472406
0.11322306094632033
0.0
0.11322306094632033
0.0855654691341127
-0.8
0.6865002132260772
0.6872206640608954
0.9907082848091553
0.6801214487663264
0.0
0.19712128080199975
0.0
0.8772427295683262
0.8772427295683262
0.28931596642368007
0.2538003280932073
0.0
0.2538003280932073
0.19272465792576962
-0.6000000000000001
0.8376231427141602
0.6798742365789654
0.9959152523549704
0.8342016635545362
0.0
0.6004867947459515
0.0
1.4346884583004877
1.4346884583004877
0.19620765189459208
0.2814968536034111
0.0
0.2814968536034111
0.21427214118058108
-0.4000000000000001
0.9129718797361521
0.6565519715103653
0.992548401592257
0.906168779930796
0.0
0.9448550894433707
0.0
1.8510238693741667
1.8510238693741667
0.14340418499255597
0.2654445693893698
0.0
0.2654445693893698
0.2024458117939394
-0.20000000000000007
0.9476932048655621
0.6267588733539234
0.9776771056790027
0.9265379496046209
0.0
1.1731127239852686
0.0
2.099650673589889
2.099650673589889
0.12121813547482459
0.2545157398010259
0.0
0.2545157398010259
0.19404403306391327
