0.0
-0.0802054137448059
-0.1920319516123306
-0.20525817556555237
-0.17580785241373195
-0.14756951774292662
-0.13937733008561312
-0.14238711039164934
-0.15231292002272812
-0.16635298599639917
-0.18288958843983097
-0.2003966082957803
-0.2151243999009911
-0.214317492569811
-0.13956464248498332
0.16436488650749181
0.15925721882317914
0.17539796428612645
0.18901303908477113
0.20301770459490406
0.21593216460366024
0.22546039559156383
0.2259221453287379
0.20070202363027076
0.09765661680292519
-0.10609552097875377
-0.2047020215554504
-0.19794064353623314
-0.18043248505900872
-0.17720013723098954
-0.1858857631248162
-0.20090058346973882
-0.2151614170264713
-0.21428314520238004
-0.13944223244071532
0.16449896356134877
0.15923790433132162
0.17540059815046447
0.18901279854005998
0.2030177084697541
0.21593216545718943
0.22546039581332838
0.22592214546375766
0.20070202379967578
0.09765661713764445
-0.1060955206642695
-0.20470202150605896
-0.1979406435856054
-0.18043248509523568
-0.1772001372470515
-0.18588576312964533
-0.20090058347058512
-0.21516141702653324
-0.21428314520232183
-0.1394422324405079
0.16449896356157567
0.1592379043312889
0.17540059815046888
0.1890127985400596
0.20301770846975414
0.21593216545718943
0.22546039581332838
0.22592214546375766
0.20070202379967578
0.09765661713764445
-0.1060955206642695
-0.20470202150605896
-0.1979406435856054
-0.18043248509523568
-0.1772001372470515
-0.18588576312964533
-0.20090058347058512
-0.21516141702653324
-0.21428314520232183
-0.1394422324405079
0.16449896356157567
0.1592379043312889
0.17540059815046888
0.1890127985400596
0.20301770846975414
0.21593216545718943
0.22546039581332838
0.22592214546375766
0.20070202379967578
0.09765661713764445
-0.1060955206642695
-0.20470202150605896
-0.1979406435856054
-0.18043248509523568
-0.1772001372470515
-0.18588576312964533
-0.20090058347058512
-0.21516141702653324
-0.21428314520232183
-0.1394422324405079
0.16449896356157567
0.1592379043312889
0.17540059815046888
0.1890127985400596
0.20301770846975414
2.183057996338633E-4
-2.3119007739289353E-5
-0.0018839433336031784
-0.008226107664352101
-0.024538639173026393
-0.055005471781120654
-0.07918837242192751
-0.08787746061169027
-0.080531335520078
-0.06178470273690007
-0.03606627217795096
-0.005880160365730823
0.027771955245883433
0.06447791707482023
0.10331336057396684
0.14118670673851486
0.15447078450777385
0.15086578070384268
0.13591642406946167
0.11329853830765989
0.08498813064022706
0.051469403756440324
0.01219766193001146
-0.033702280695647895
-0.0865176801029011
-0.1443693700373633
-0.1813379944905852
-0.20534123977542415
-0.2202875350184097
-0.22578093437618021
-0.21802139695378514
-0.19439942059156573
-0.15387575227721012
-0.09573816072253691
-0.020627153801809107
0.06674372812008159
0.14339224260962105
0.20308066071126396
0.23889067559207214
0.251368512633666
0.2451906499553415
0.2222576341549796
0.1816483238749955
0.120499271619533
0.036440239730715335
-0.06561828548796893
-0.15132656044358905
-0.21173272645833074
-0.24218913880869977
-0.2477473575188623
-0.23702769340579935
-0.21305685789119155
-0.17425471586753896
-0.1163264425291699
-0.03592247544171394
0.06043832256147471
0.14194999910300182
0.20058737105562663
0.2327251691482039
0.24236062796856944
0.23673309315651475
0.2178694754618311
0.18317906781598792
0.12648605706891722
0.04147491859138782
-0.06423737665302613
-0.14963031678608077
-0.20601002443797609
-0.233035463211987
-0.23798892633702107
-0.2305843353152207
-0.21264663254775248
-0.18042475937856392
-0.1263555528595211
-0.04301478681838512
0.06014744904007834
0.14421882677904
0.20095772365873873
0.22968414565695455
0.23664922272553574
0.2317270829384364
0.21646410856014567
0.18666008768525338
0.13348828449926117
0.04656189834054581
-0.06404899323296823
-0.1504021314329114
-0.2049159168318908
-0.23022632890019534
-0.2339911276726346
-0.22808865274283444
-0.21370465685082235
-0.18574319464218592
-0.13435732759502925
-0.04808655086206563
0.06101545054080031
0.1464299581894563
0.20144110809780186
0.22842566772962053
0.23351821277437035
0.22912006263014303
0.21640799020293733
0.1901246066562441
0.13964443557180878
0.05081746844228587
-0.06423645132269959
-0.15110374921925077
-0.20411521027474433
-0.22890975548567313
-0.23171308622518227
-0.2266992066585437
-0.21479033501699565
-0.1900119593374248
-0.1409056191726782
-0.05220609036441096
0.061907676752762125
0.14791844555442774
0.20132665282312487
0.2276444474508943
0.23145598498868689
0.22742973483515108
0.21663982227611078
0.19308644510558393
0.14487490385143892
0.05444331721304605
-0.06443430328674046
-0.1514903324669084
-0.20317568227017052
-0.2280231307979253
-0.23014078792700343
-0.22569835972040916
-0.21565965682013524
-0.19341570648816064
-0.14634777512429534
-0.05572075302086115
0.06260478241943537
0.14882882636652786
0.2008301839096426
0.226984549930732
0.2299570700393877
0.2261843647049204
0.21690459565790904
0.1955561698802072
0.149324319446725
0.057587917279184914
-0.06456717767262228
-0.15164734091017534
-0.20219314812474565
-0.22727192838672228
-0.22896225426416617
-0.22488988361618395
-0.21632195107684815
-0.1961555467853363
-0.15092254638166192
-0.05877640188259218
0.06310280913156285
0.14934601349046606
0.20016383405431468
0.22633335712125804
0.22881008820690696
0.22519965448497106
0.2171382168736313
0.19761407714945345
0.15313322670739282
0.06034502137497844
-0.06463401968342308
-0.1516620858890688
-0.20125186252064053
-0.22655500968815986
-0.2280424035692733
-0.2242010448980238
-0.21682003476185202
-0.19838897295197916
-0.15480786916285996
-0.06145925352101227
0.06343826679441399
0.1496032369579637
0.19944650408887454
0.22566205582254464
0.22790683304619075
0.22438783107100987
0.21732808372008777
0.19933896985787466
0.15641821073820958
0.06278169070924841
-0.06464919140177319
-0.15159388234690693
-0.200388692827735
-0.22584327518521524
-0.22730883663105303
-0.22359812202153842
-0.21719414181501326
-0.20023455117432168
-0.15814167834586723
-0.06383197924149643
0.06364908421793283
0.1496881716268475
0.19873464318334266
0.22497408190856308
0.22718314042913426
0.22370042687827174
0.21747687601694723
0.20079709515722158
0.1592746777552283
0.0649510966266107
-0.06462761926321957
-0.151480576124096
-0.1996129545656109
-0.2251367082847918
-0.22671705700615571
-0.2230623668806791
-0.2174763695750039
-0.20178145279157034
-0.16103286212184367
-0.0659448909940782
0.06376620451013233
0.14965718086658403
0.19805153272023793
0.22428247028646
0.2265966627372883
0.2231073233909578
0.21759108357787355
0.2020415103843945
0.16178016574819656
0.06689737887867528
-0.06458148135871103
-0.15134637027363687
-0.19892186469450346
-0.2244443969976426
-0.22623696026197782
-0.22258151360611145
-0.2176909236381451
-0.20309685149518036
-0.1635676814527462
-0.06783967822728999
0.06381294741250244
0.14954621557719153
0.19740420403813214
0.2235999296788965
0.22611730722245607
0.2225880207445766
0.21767713315570467
0.20311363122924933
0.16399695885595816
0.0686574661228179
-0.06452011793608733
-0.15120730585404377
-0.19830860666304823
-0.22377580455137966
-0.22584683709107423
-0.22214648868676248
-0.21785560313289548
-0.20423147342248466
-0.16581434556191943
-0.06955087276804017
0.06380633581348094
0.1493780592107364
0.19679208763903003
0.2229355341147462
0.22572262178878796
0.22212765027158501
0.21774025585346954
0.20404528660600435
0.16597451886461675
0.07026206830197311
-0.06445078132772354
-0.15107480932824657
-0.19776602630503587
-0.22313789630500547
-0.22553043113412882
-0.22175007263426685
-0.21798338398084902
-0.20522384477910785
-0.16782675297591165
-0.07110676928998233
0.06375868004539696
0.14916695422916543
0.19621120598157568
0.22229442189033902
0.22539526639646879
0.22171495619811343
0.2177843407306291
0.20486070644463342
0.16775179932889664
0.07173656042705483
-0.0643794912852937
-0.15095799408071767
-0.19728819059203362
-0.22253486386667676
-0.22527532643422793
-0.22138629904858298
-0.21808375153292275
-0.20610352933321668
-0.16964763118018356
-0.07253025939431827
0.06367894700339292
0.1489215378490456
0.195656135787805
0.22167851900712196
0.22512143816550953
0.22134113752834944
0.21781208065909266
0.20557819872439922
0.1693593062986394
0.07310186614634483
-0.06431181154005881
-0.15086522949458636
-0.1968710032208036
-0.221968726260121
-0.2250719567566618
-0.22105012460286147
-0.21816371445089622
-0.20689356054447225
-0.17131111353004827
-0.07383961743827809
0.06357385924920982
0.14864674625842242
0.19512090215936384
0.22108740138661942
0.2248897810313086
0.22099908950161112
0.2178251443398529
0.20621144797441054
0.17082080552813178
0.07437528877746495
-0.06425355826855018
-0.15080532636689864
-0.1965124567495486
-0.22144005820188858
-0.22491293664737605
-0.22073719675139822
-0.2182285377345306
-0.2076122505009891
-0.17284479774476155
-0.07504918597420222
0.06344880448066051
0.14834513273324357
0.1945993938481998
0.22051899469119718
0.2246905668704002
0.220682839073688
0.2178242795128828
0.2067704530260448
0.17215465378637593
0.07557123524972567
-0.06421151848055257
-0.15078857922275254
-0.19621279141751105
-0.22094858263206996
-0.22479257595782093
-0.22044365657712134
-0.2182822609784022
-0.20827453692093512
-0.17427136085806613
-0.07616991600172905
0.06330867394538434
0.14801791230108038
0.1940856103914348
0.21997006487438647
0.22451503578400528
0.22038706649045797
0.2178093112646013
0.20726214751955113
0.17337478022331324
0.07670180668467307
-0.06419428340766703
-0.15082784371986557
-0.1959746813477557
-0.22049356207694953
-0.224706500782257
-0.22016595338217465
-0.21832806681803735
-0.2088930044209378
-0.17560981948798476
-0.07720973910858163
0.06315876209003349
0.14766598228411898
0.1935739333420753
0.21943654568142865
0.224354825930165
0.22010663831395283
0.21777900909693637
0.2076907404385555
0.17449136133649126
0.07777725252602262
-0.06421332250054317
-0.15093979298864102
-0.1958034890861629
-0.2200739760124098
-0.22465132248719258
-0.21990066292201305
-0.21836856002906527
-0.20947869705094324
-0.1768765273083432
-0.07817376731219443
0.06300587503299429
0.14729115934733758
0.1930595837107614
0.21891378041834372
0.22420144415641396
0.2198360811892024
0.21773078299517434
0.20805779398661903
0.17551123718252298
0.07880630546601555
-0.06428444616589683
-0.1511464687898214
-0.19570756334540096
-0.2196884525895033
-0.22462429392616776
-0.21964431494191433
-0.21840602580637997
-0.21004183810741764
-0.17808601095952656
-0.07906434060239576
0.06285981637036148
0.14689790702412703
0.19253945065406688
0.21839677069817778
0.2240457397175721
0.21956891096123712
0.21766014074847553
0.2083620332405023
0.17643812850925436
0.07979645259321325
-0.06442981992133132
-0.15147718795906542
-0.19569845557385393
-0.21933485805523972
-0.2246228748881607
-0.21939326535088918
-0.21844277359872769
-0.2105926078271419
-0.1792517857019222
-0.07988099630506658
0.06273543313113376
0.14649588676191333
0.1920135301660937
0.21788053856084305
0.22387734317503602
0.21929669701826543
0.21755979682902862
0.20859886594359245
0.1772727648696422
0.08075429720767895
-0.06468066274733787
-0.1519707198350459
-0.19579074230520183
-0.21900933697843117
-0.22464410370217944
-0.2191437214933961
-0.2184817700998335
-0.21114223023399042
-0.18038740137896492
-0.08062056048112971
0.06265538025401621
0.1461037164202742
0.1914872651751513
0.21736070637005253
0.22368400081802464
0.21900767248370376
0.21741826166640255
0.2087595960638715
0.17801317424652466
0.0816864070570106
-0.06508060584839973
-0.15267730818009137
-0.19600079233002
-0.2187044450841796
-0.22468366293774977
-0.21889220031492618
-0.21852797482297612
-0.21170483843286117
-0.1815082056576076
-0.08127781145559525
0.06265364794604371
0.14575429755911118
0.1909750651979442
0.21683432625885027
0.2234506096318602
0.21868455401155845
0.21721763741619637
0.20883035861731844
0.17865569517391014
0.08260155640896029
-0.0656892639265636
-0.15365942536744628
-0.19634326858975426
-0.21840588654634804
-0.22473461174149126
-0.218637069931957
-0.21859119466063573
-0.21230098794442548
-0.1826347296101352
-0.081847534381763
0.06277966949352302
0.1455019048260091
0.19050511030682865
0.21630073910365152
0.22315739677613627
0.21830089676481115
0.21693012244722013
0.20879087103835825
0.17919782695000278
0.08351616590754267
-0.06658474072137538
-0.15498905164785934
-0.19682354639831004
-0.2180874918817022
-0.22478611433057358
-0.21838254014252018
-0.21869194608344
-0.21296429280242227
-0.18379914570364184
-0.08232900260553408
0.0631026623714861
0.14543101214696616
0.19012522355264602
0.21576171371726677
0.222775850162203
0.2178145138842731
0.2165121262882964
0.20861302050860453
0.17964476346523073
0.08446589627445093
-0.06786268790182301
-0.15673813276268236
-0.19742419758087645
-0.21770497613747677
-0.22482338274718813
-0.21814762283455155
-0.2188727225941148
-0.2137533187811073
-0.1850565439807436
-0.08273314211574763
0.06371641919787312
0.14566727534454343
0.18990970272729324
0.21521952726591428
0.22225946652787712
0.21715469336644685
0.21589324332278134
0.20825852448622553
0.18002194288781428
0.08552707157513273
-0.06962904240040642
-0.1589589042670107
-0.1980855171204279
-0.21719134237840615
-0.22483151786241717
-0.21798399899258025
-0.21921796138326394
-0.21477117978425375
-0.18650207802856467
-0.08308980999484164
0.06474702569867662
0.14639391896065307
0.18996933320916104
0.21467213227630427
0.22152426486855797
0.21619618954491304
0.21495317994772858
0.20767227196281665
0.18039561891895767
0.0868510451672753
-0.07198516596482436
-0.16165343950345185
-0.19868475796313342
-0.21646039832612143
-0.224807258960695
-0.21800776244791015
-0.21988647229292702
-0.21619469128699467
-0.1882929052500203
-0.08344945453274366
0.06636841593991702
0.147882938758007
0.1904737976125029
0.2141085513479424
0.22041245899495787
0.2147061854622249
0.21347106127544313
0.2067624346285338
0.18090280876058645
0.08871308087646669
-0.07500775395402963
-0.1647358738632376
-0.1990251867737227
-0.21542790951445603
-0.22478211717677016
-0.218448076624732
-0.22115697500310105
-0.2183094067516391
-0.19066861947185473
-0.08388084849143487
0.06881841222659701
0.15054929114932716
0.19170403394102792
0.2135191888368953
0.21863965205477928
0.21224788988613563
0.21102453166150517
0.2053555388680326
0.18179175602740874
0.09156787502210469
-0.07872973999023034
-0.16799122902859673
-0.1988531637687816
-0.21405850665266232
-0.22484961668735895
-0.21968483835744027
-0.22344380467082225
-0.22149472969133996
-0.19392639232403971
-0.08450952855986077
0.07231403626024047
0.15495327914005133
0.19411749853997814
0.21296273489896653
0.2158029132032918
0.20811982285119635
0.20691011769135806
0.2031794828277469
0.18345720444555552
0.0960076065920432
-0.0831505478448135
-0.1710366343846329
-0.19793274741310682
-0.21241609006675297
-0.22511100163703535
-0.22202407043806505
-0.22694966589020954
-0.2258035260254094
-0.19807837350811866
-0.08564942738234174
0.0764792800636352
0.16126433291396416
0.19811550332324965
0.2127238508785941
0.21187546143677294
0.2020194725021197
0.20083464104227766
0.20034315769030903
0.18634258684526261
0.10214838055647028
-0.08839401568545237
-0.1733651192554891
-0.19620895335766037
-0.21058300870952065
-0.2252941533461999
-0.2246163254816537
-0.23039749816935237
-0.2297404671233234
-0.20183718681338064
-0.08733414277634005
0.07964404470261492
0.16786720821689324
0.202936247913077
0.21311183072341894
0.20816868224429894
0.19588011926433221
0.19496700400239167
0.1984676049653221
0.19049304108334647
0.10868500134909556
-0.0948039751051363
-0.17474962643758382
-0.19403246927571055
-0.20857657049212278
-0.22472649408818432
-0.2256770226287871
-0.2318538057598667
-0.23146620035997562
-0.2035626022783394
-0.08854402705270115
0.08083942206615144
0.17261678756067078
0.20682689325846848
0.21360879170375593
0.20568060817061656
0.1918067530640998
0.19169719230518956
0.19882003430414216
0.19527662728979564
0.1144082300919202
-0.10210545277745421
-0.17546919810162975
-0.19197186342589503
-0.20663281154000346
-0.22352095571123035
-0.22532569772098837
-0.23170185096089904
-0.23151381968538237
-0.2037076218774139
-0.08901900475840169
0.08089199972036716
0.17554422996604974
0.2093050617290551
0.21360138894084676
0.20387904063456405
0.18936204513213287
0.19049262884683674
0.2005899018541308
0.19992664169283464
0.1192372054136227
-0.10940547777547188
-0.17569462599278
-0.19021302413020863
-0.2049274289143177
-0.22215469641101684
-0.22445548235148088
-0.23096017765355786
-0.23093823896019564
-0.20327818446848347
-0.08921899116668879
0.08065901300451563
0.17758267263217178
0.21087718905438413
0.21310544956828478
0.20230882835456587
0.18774117117721945
0.1903122734984072
0.2028230680936116
0.20402327237230036
0.12329363531748212
-0.11611064483065442
-0.1754616328324901
-0.1886864798208234
-0.20344096889514438
-0.22082260711526758
-0.22347613589006302
-0.23008815997294255
-0.23022181747998738
-0.20275764643982302
-0.0894248006799706
0.08050994498981741
0.1793082683998965
0.21196878509006276
0.21229894123269588
0.20085194706109563
0.1865838626986951
0.19063090056759854
0.20506117746566538
0.2074450633515466
0.1266754937022746
-0.12201732356522359
-0.17486318793314495
-0.1873365162670101
-0.20213320054762104
-0.21958053653833615
-0.22252608909521965
-0.22924153665159688
-0.22952840607232272
-0.20230441983466538
-0.08971970133940496
0.08055125650488305
0.18094722325054516
0.21277590027348903
0.2113008104990657
0.19949816199037357
0.18574876086407227
0.19121719723016017
0.2071222222654525
0.21021214825280551
0.12948157596680665
-0.12712129206090567
-0.1740257387465016
-0.18614417306671502
-0.20098352988276752
-0.21844858251624608
-0.2216557350015287
-0.22847308713342518
-0.228909506694607
-0.20195681361662327
-0.0901079897229986
0.08079608939870415
0.18257371060001357
0.21337978966094792
0.2101781354370628
0.1982620487278036
0.18516149116134528
0.19194950060355248
0.20893757509310704
0.21239696203134725
0.13181112666057293
-0.13149978072228166
-0.17306114818020255
-0.1851009294195576
-0.1999796000247553
-0.21743292086955346
-0.220882486028295
-0.22779815448118496
-0.2283769412238215
-0.2017131009937381
-0.09057167621632062
0.08123054887997713
0.18421070396494202
0.21381990826042663
0.2089723040114355
0.19716555318733225
0.18476465708258993
0.19274705351939547
0.21048592158660304
0.21408584950447745
0.13375828395492237
-0.13525955224870348
-0.17205125986807868
-0.18419761987742425
-0.19910983934296161
-0.2165310047947682
-0.22020801150395147
-0.22721568900392364
-0.22792659256810235
-0.2015584587000562
-0.09108997001469989
0.08183487288214546
0.1858666336630967
0.2141218040933276
0.2077114951954234
0.19623232889955083
0.18450633647379672
0.1935496609212943
0.21176869758697564
0.21536377422238676
0.13540919175538152
-0.13851495258755356
-0.1710494905540149
-0.18342290747920828
-0.19836159302420384
-0.21573445551748263
-0.21962557002872507
-0.22671656073870913
-0.2275472084528719
-0.2014742056985099
-0.09164472073727539
0.08258937694361906
0.18754654386089117
0.2143054947678366
0.20641555234131545
0.1954793932256396
0.18434212635584102
0.1943142897722803
0.21280088096814492
0.21630854774754568
0.13683990215487754
-0.14137637724274418
-0.17008676168953354
-0.18276404073091093
-0.1977211268620265
-0.21503134308623215
-0.21912408779184822
-0.22628793881809986
-0.22722475654719576
-0.20144157092974976
-0.09222110730214168
0.08347541292543817
0.1892534228593138
0.2143866428283874
0.2050985634168772
0.19490132726474232
0.18424342439428879
0.19501808613651764
0.21360794304036096
0.21698883001797256
0.1381125633467662
-0.1439399360694108
-0.16917720824677368
-0.18220719948108383
-0.19717383862586765
-0.2144081628907932
-0.21869091904612245
-0.22591643857235774
-0.2269456773577458
-0.20144409986258555
-0.09280682438603721
0.08447430291374815
0.19098446860849538
0.21437496858829871
0.20377153135628737
0.19445146874556543
0.18420799049625702
0.19566284026293976
0.2142249461036116
0.2174631958993196
0.13926905700400874
-0.14627505036669297
-0.1683229050805486
-0.18173692441986875
-0.19670433643522792
-0.2138517518720457
-0.2183140603407595
-0.22559091223130268
-0.22670002270676617
-0.2014700127158045
-0.09339110558311546
0.0855654691341127
0.19272465792576962
0.21427214118058108
0.2024458117939394
0.19404403306391327
