0.004414516671115704
0.009019995377331334
0.013701750155629593
0.018091256981817808
0.022262353579667396
0.026155722270907643
0.02988730183783897
0.03354136154759977
0.03691227362478327
0.04015838153287371
0.04319129283830502
0.04627308941903534
0.04900252501491816
0.05171871094300179
0.0541690527684644
0.056768596176504295
0.05894707455220308
0.06120442969260965
0.06314638929002858
0.06531781402783947
0.06701133928053175
0.06886131739419216
0.07035259592594927
0.0721346935802038
0.07340040614493917
0.0748861949377556
0.07597845583082653
0.07740843639012276
0.0783010070641226
0.07946241778698789
0.08020558687022442
0.08131965242479425
0.08189330637756365
0.08276722565659501
0.08321070616206697
0.08404508788911164
0.08435344551169528
0.0849696282537462
0.08516198826594078
0.08575262358396296
0.0858475307846642
0.08624359629545189
0.08623165109725281
0.08661348640757542
0.086543595815314
0.08675523265980081
0.08658293172201365
0.08678892482936636
0.08659834955181006
0.08665819658710204
0.08636562491686753
0.0864259101129456
0.08615322062576532
0.08609011350127835
0.08571275080091029
0.08565408923785764
0.0853317596175481
0.08517039499672574
0.084738692010177
0.08458422654372287
0.0842385387695842
0.0839995048061488
0.08353877679742422
0.08330804971953829
0.08295939224777195
0.08265946330447412
0.08219005905177562
0.08189922456522833
0.08156267818096662
0.0812152634367696
0.0807529441338135
0.08041510412545641
0.08010119529045676
0.0797168481623807
0.07927330310915622
0.07889890440105125
0.07861441787287618
0.07820030192339568
0.07778373077195821
0.07738005490437859
0.07712881831165745
0.07669102259594963
0.07630673286525295
0.07587325626133395
0.07565684089586612
0.07520041542893283
0.0748513814894339
0.07439384429796453
0.0742121931520421
0.07374093420781308
0.0734283305913935
0.072951264811603
0.07280318924372384
0.07231992564983629
0.07204357661692534
0.07155053511749421
0.07143410573809687
0.07094093186640223
0.07069968932074637
0.07019344165743772
0.06873535718784442
0.06709066437769283
0.06511945920370493
0.06347494345307676
0.0616792733431203
0.06015633240383736
0.05831988924283426
0.05678870795602097
0.05512705723926494
0.053722912170504594
0.052029858825367786
0.0506118718912391
0.049098787815503406
0.04781574718449784
0.04627807927085683
0.0449760582171303
0.043626406741968486
0.04246775961424661
0.04109686410120182
0.039919443267722766
0.03873800502808413
0.03770517842629244
0.03650883227881958
0.03546185718427889
0.03445521865443104
0.033546385048394495
0.032527217656086654
0.03160766445259827
0.030775681686158074
0.029985873395395525
0.02914109362828876
0.028341926410368493
0.02767791290501925
0.02700053865818199
0.026322438836474303
0.02563375577351691
0.025125596545185633
0.024556111907606256
0.024032951372251237
0.023443203782433655
0.0230747660604703
0.022600025681044845
0.022217049385314627
0.021714370580786246
0.0214669883637129
0.021073972360385076
0.02081443125653429
0.02038742482130364
0.020241303041539833
0.019917831444539916
0.019763956466456827
0.019402145688006155
0.01933760055811025
0.019072700027099064
0.019006593496743367
0.01870060053802898
0.018699067460492377
0.018483084286446474
0.01848749106420552
0.018229039692568363
0.01827380403765463
0.018098365406008277
0.018157287587865646
0.017939116606948916
0.018015755237715883
0.017873661010649675
0.01797279261619022
0.017788543408115958
0.01788509977970175
0.01777019689416713
0.01789717516659165
0.017741288548385428
0.01784823138693797
0.017755295358384555
0.01789978542479685
0.017767419536859553
0.01787744845031599
0.017802579516451297
0.01795622336293185
0.017843628644189983
0.017951388903428747
0.017891002715859472
0.018047270299878924
0.017954094026194786
0.018055853247392353
0.018006786355430803
0.018160765197017485
0.01808346346999038
0.018176795152004085
0.018136499721304024
0.01828465755820372
0.018220235007168083
0.018303725365717644
0.018270172832880377
0.01841011555513659
0.018356071029257463
0.018429065164821287
0.018400657366248085
0.018530900360724353
0.01848516911597932
0.01854756069459906
0.01852305053992508
0.018642813839648515
0.01860370907025752
0.018655772165507383
0.018634194844037662
0.01874322706807972
0.01870938342438033
0.018751642117226165
0.018732256915658423
0.018830689076851124
0.0188010102171758
0.018834140251854866
0.018816382395087733
0.01890461009878296
0.01887822159246784
0.018902978198705803
0.01888641971155866
0.01896501080474373
0.0189412190156711
0.018962198299432475
0.01894651608809654
0.019016138540112245
0.018994394572800888
0.0190120180171199
0.01899697024484322
0.019058341412335252
0.019038213575189367
0.019052782606709076
0.01903818909670148
0.019092038033124304
0.019073187349502915
0.019085003563927772
0.01907073068070593
0.01911777188142436
0.019099932294027087
0.019109285898721403
0.019095234986038313
0.01913615096762402
0.019119113535472444
0.019126276364878125
0.01911237495380124
0.019147664367439688
0.01913126476393857
0.019136486605190472
0.01912268176471792
0.01915294876730453
0.019137057423966514
0.01914056437629411
0.01912681769272984
0.019152505081110733
0.0191370195006151
0.019139013982009262
0.019125297797591305
0.01914645591010306
0.01913129468225642
0.019131956524016676
0.019118251122461218
0.0191353643694053
0.01912046249606354
0.019119950105530307
0.019106241600766287
0.01911974328753815
0.01910504858524238
0.019103500715964054
0.01908977948934485
0.019100055680883143
0.019085525996425393
0.019083063642630942
0.019069323182104955
0.019076716778008925
0.019062317834389105
0.01905904612983323
0.01904528217008568
0.019050096985310787
0.019035800714911958
0.019031810759673674
0.019018020647089698
0.01902052536213866
0.019006308615567045
0.01900167918511787
0.018987861410324873
0.018988293305423128
0.01897413684955571
0.018968935961761624
0.018955089816834192
0.018953658241003174
0.018939545979515263
0.01893383230975486
0.018919957637975337
0.018916847189635808
0.018902765554672664
0.01889658969884979
0.018882686713050992
0.018878060126507258
0.018863997602098427
0.01885740319341931
0.018843472345036395
0.018837473089014983
0.018823419836037008
0.018816444525047858
0.018802486410575324
0.01879524101252118
0.018781188572091042
0.0187738648813927
0.0187598801763562
0.01875150029064494
0.018737441348248573
0.01872979741406972
0.018715786827170185
0.018706371067683185
0.01869229926448833
0.01868435947730153
0.01867032371928782
0.018659959277592137
0.018645869058559455
0.018637654614444832
0.01862359437768504
0.018612358447854374
0.01859824493867333
0.018589774312369235
0.01857569025814247
0.018563651288405935
0.018549510195121407
0.01854079954478582
0.018526692296097262
0.01851391108626395
0.018499738612862134
0.018490802125592766
0.018476672263895738
0.018463202926053884
0.018448995706345787
0.018439845892532985
0.018425693957171817
0.018411584755626695
0.018397339796584807
0.018387987740235843
0.01837381422974242
0.018359108314618525
0.018344822948947622
0.01833527852024769
0.018321083894860913
0.01830595693545656
0.018291628781840142
0.018281900728576925
0.01826768541323067
0.018252159468394168
0.018237786397521896
0.018227882593135885
0.01821364698154725
0.018197847757224078
0.01818342786316166
0.018173355365718156
0.01815909982410081
0.018143481374039972
0.01812901295015971
0.018118777890401096
0.018104502760844396
0.01808904716101067
0.018074528678183512
0.018064136656902572
0.01804984226228053
0.01803453362270697
0.018019963711045413
0.018009419874744845
0.017995106522451867
0.017979930726099776
0.01796530815916249
0.017954617263939588
0.017940285249438328
0.01792522972632894
0.017910553407409456
0.017899719872901308
0.017885369483054345
0.0178704230148289
0.017855691965016594
0.01784471991996577
0.017830351436136302
0.017815503986877833
0.01780071733463284
0.017789610655396224
0.017775224356313214
0.017760466926042197
0.01774562389806786
0.01773438624118908
0.017719982405577858
0.017705306903331375
0.017690406816562455
0.017679041646354077
0.01766462055533929
0.017650019689168798
0.017635061943721542
0.017623572555656455
0.017609134494945666
0.017594601676535794
0.017579585749488976
0.01756797529007368
0.017553520551932763
0.017539031420044416
0.017523956859905057
0.017512228356840485
0.0174977572418911
0.017483300479970404
0.017468166901819415
0.01745632326978828
0.0174418360885844
0.017427407057944114
0.01741221413910988
0.01740025818775772
0.01738575526219896
0.017371349749810593
0.01735609722599842
0.017344031670568437
0.017329513335158888
0.017315127505523057
0.017299815167349356
0.017287642637856128
0.01727310924081245
0.01725873959413483
0.017243367284011296
0.017231090333188162
0.01721654223740695
0.017202185573227738
0.017186753182547945
0.017174374292762907
0.0171598118766575
0.017145465262197453
0.0171299727287839
0.017117494318087484
0.017102917976302826
0.017088578718888886
0.017073026024663922
0.01706045045210451
0.017045860596118588
0.017031526219137557
0.017015913387986
0.017003242958305485
0.016988640016924947
0.016974308238828794
0.016958635334623773
0.01694587230242737
0.016931256722184512
0.01691692543813409
0.0169011925629014
0.016888339136379417
0.016873711381837072
0.01685937864762746
0.0168435859398265
0.016830644284092807
0.016816004838062823
0.016801668856021225
0.016785816488923154
0.016772788729023356
0.016758138092704735
0.016743797199292955
0.016727885379439384
0.016714773603073572
0.016700112296114705
0.016685764951004975
0.016669793916732376
0.01665660017672866
0.016641928737218856
0.016627573513642066
0.016611543533658818
0.01659826985022828
0.016583588834622603
0.016569224410815507
0.01655313578282067
0.01653978414561875
0.016525094128600273
0.016510719280201272
0.016494572329535027
0.016481144699550383
0.016466446273833556
0.0164520598670969
0.01643585494541432
0.016422353256702393
0.016407647032781036
0.01639324801849676
0.016376985502457777
0.016363411663733837
0.016348698269576876
0.016334285677598977
0.01631796596756841
0.016304321863671846
0.01628960194437
0.016275174878668686
0.01625879839742091
0.016245085890661533
0.016230360108027725
0.0162159177421924
0.016199484933616656
0.016185705865011425
0.016170974897137626
0.01615651647026809
0.01614002779807074
0.016126183988478492
0.01611144852925161
0.01609699104535757
0.016080446991782234
0.016066540227525787
0.016051800986102233
0.01603734946720367
0.016020750531701832
0.016006782575648134
0.01599204027589769
0.01597759383805806
0.01596094053595942
0.015946913133513735
0.015932168513427606
0.01591772633144962
0.01590101919263018
0.015886934072523652
0.01587218788358975
0.01585774918913107
0.015840988756669613
0.015826847631670346
0.015812100638218644
0.01579766471787691
0.015780851546699958
0.01576665611425169
0.01575190909277194
0.01573747528614393
0.01572060994165893
0.015706361884451056
0.015691615622884368
0.015677183320603437
0.015660266377320927
0.01564596736379326
0.01563122266079979
0.01561679130255488
0.015599823342700013
0.015585475027486046
0.015570732691690048
0.015556301764230047
0.015539283376344675
0.015524887400656025
0.015510148249870324
0.015495717284996335
0.015478649062532508
0.015464207054488383
0.015449471914919544
0.015435040487468155
0.015417923027374542
0.015403436602278626
0.015388706307714349
0.015374274033534373
0.015357107934837164
0.015342578695405203
0.015327854086385482
0.015313420620310618
0.015296206482690023
0.015281636019230938
0.015266917942204123
0.01525248297602405
0.015235221398388765
0.015220611288941827
0.015205900595406972
0.01519146385583905
0.01517415543489965
0.015159507245330751
0.015144804790967172
0.015130366037630951
0.015113011366474815
0.015098326650534037
0.015083633294319358
0.015069192317716126
0.01505179198438516
0.015037072283728343
0.015022388887045738
0.015007945506545342
0.014990500092618628
0.014975746936795147
0.014961074362530784
0.014946628424367612
0.014929138503550855
0.014914353409959898
0.014899692521591311
0.014885243896871654
0.014867710033595242
0.014852894507412695
0.014838246168088591
0.014823794750811496
0.014806217498839062
0.014791373032916888
0.014776738104529043
0.01476228380962253
0.014744663710671846
0.01472979178541198
0.01471517112765949
0.014700713889034336
0.014683051471412361
0.014668153554616361
0.014653548024062858
0.014639087792685704
0.014621383569939628
0.014606461116636042
0.014591871565759605
0.014577408307747706
0.014559662777333398
0.014544717229583897
0.0145301445058202
0.014515678200559455
0.01449789184252942
0.014482924629214834
0.014468369573993105
0.014453900212281729
0.014436073487993716
0.0144210860245811
0.014406549472353092
0.014392077054572183
0.014374210405420513
0.014359204093711785
0.01434468687097316
0.014330211405286954
0.014312305251457633
0.014297281479320427
0.01428278440362438
0.014268305904211583
0.014250360643462735
0.014235320784543976
0.014220844663506593
0.014206363148824569
0.014188379155293872
0.014173324568715895
0.01415887019901253
0.014144385690096906
0.014126363313136936
0.014111295343176414
0.014096863509528483
0.014082376028329301
0.014064315591372452
0.014049235567121551
0.014034827041272853
0.014020336609029753
0.014002238408483697
0.013987147643493207
0.01397276318317487
0.013958269818832983
0.013940134123008088
0.013925033914911567
0.013910674262794626
0.013896177981463108
0.013878005029532776
0.013862896659651035
0.013848562542285375
0.01383406335374057
0.013815853354735888
0.013800738087660353
0.013786430214398977
0.013771928121634214
0.013753681253473838
0.013738560336627481
0.013724279398534728
0.01370977439635865
0.013691490804915012
0.01367636546808953
0.013662112136831706
0.013647604210517366
0.01362928400872051
0.01361415546358735
0.013599930390304504
0.013585419514291043
0.01356706278127093
0.013551932220864616
0.013537736035021819
0.013523222171671144
0.01350482895193964
0.013489697550110898
0.013475530858327289
0.013461013956737806
0.013442584259411486
0.013427453170247614
0.013413316555101768
0.01339879654998143
0.013380330348046204
0.013365200705256269
0.013351094724065857
0.013336571534666896
0.013318068764285736
0.013302941680547384
0.0132888668641216
0.013274340393239445
0.013255800953104302
0.013240677519369297
0.013226634370732045
0.013212104503770843
0.013193528254499917
0.01317840953925518
0.013164398532337182
0.013149865136444581
0.013131251900026364
0.013116138948506866
0.01310216052680485
0.013087623450078715
0.01306897300936404
0.013053866842714075
0.013039921417915157
0.013025380488685076
0.013006692586928407
0.012991594201307537
0.01297768215187675
0.01296313717806327
0.012944411518514885
0.01292932188414442
0.0129154435538737
0.012900894322428216
0.012882130567978635
0.012867050628124932
0.012853206324641361
0.012838652601070054
0.012819850373948193
0.012804781043838387
0.012790971037070302
0.012776412565045008
0.012757571446571837
0.01274251361223793
0.012728738132836545
0.01271417463389626
0.012695294164295634
0.012680248681342597
0.012666507919057792
0.012651939092404176
0.012633018770672457
0.012617986462966066
0.012604280564974542
0.012589706087364832
0.012570745371201196
0.012555727029471315
0.012542056098655392
0.012527475624396607
0.01250847393019614
0.01249347031055106
0.01247983440372678
0.012465247564774835
0.012446204267685992
0.012431216090033741
0.012417615216126837
0.01240302162229434
0.012383936056343161
0.012368964002715485
0.012355398120884016
0.01234079736016055
0.012321668818443545
0.012306713531218798
0.01229318254892129
0.012278574187910113
0.012259401922857958
0.012244464002878833
0.012230967773887234
0.012216351358362154
0.012197134582076411
0.0121822145866593
0.01216875290901578
0.012154127964601991
0.012134865849267191
0.012119964290099625
0.012106536904017095
0.012091902936999783
0.012072594615372856
0.012057711956296348
0.012044318542002254
0.012029675040266323
0.012010319606246126
0.011995456260921912
0.011982096436445438
0.011967442870550264
0.011948039379828976
0.01193319570928464
0.011919869028187913
0.011905204852579763
0.011885752323378922
0.011870928633434676
0.011857634582488485
0.011842959236854052
0.011823456650747294
0.01180865318932113
0.011795391186126323
0.011780704096889852
0.011761150399714745
0.011746367354006486
0.011733136744562733
0.011718437326528924
0.01169883142939016
0.011684068922945394
0.01167086897916914
0.011656156637313812
0.011636497417680016
0.01162175550733563
0.011608585424529734
0.011593859555939352
0.011574145858835818
0.011559424531550032
0.011546283425828212
0.011531543421789048
0.011511774061088484
0.011497073230659476
0.011483960136328835
0.01146920538456587
0.011449379144379246
0.011434698648057476
0.011421612514963687
0.011406842402028113
0.011386958038197946
0.011372297633198874
0.01135923732403846
0.011344451237842524
0.01132450747954038
0.011309866839465752
0.011296831127071185
0.011282028459567557
0.011262024010997884
0.011247402722175039
0.011234390286778972
0.011219570436780919
0.011199503978993242
0.011184901536743985
0.011171910963229613
0.011157073339367374
0.011136943532178624
0.011122359337030718
0.011109389112176182
0.011094533135983308
0.011074338620012345
0.011059771973868735
0.01104682048359455
0.011031945592716964
0.011011684991533023
0.010997135093815827
0.010984200620444952
0.010969306271963854
0.010948978194351104
0.010934444138139448
0.010921524857680893
0.010906610531539278
0.0108862135738791
0.010871694342062234
0.010858788321530121
0.010843853524050952
0.010823386272824276
0.010808880734293447
0.010795985929074247
0.010781030196556969
0.010760491230968526
0.01074599813687331
0.010733112388155703
0.010718135290535566
0.010697523185262507
0.010683041165360042
0.01067016219764237
0.010655163342195954
0.0106344766702631
0.010620004229390335
0.010607129648082343
0.010592108683160245
0.010571346018944659
0.010556881533646716
0.01054400882278342
0.010528965441549727
0.010508125363917445
0.010493667079266885
0.010480793599353493
0.01046572754350982
0.010444808639087805
0.010430354665732423
0.010417477651740732
0.010402388715210485
0.010381389581797523
0.010366937893275672
0.010354054452813663
0.010338942485361111
0.010317861735481146
0.01030341016584638
0.010290517277523982
0.010275382188280457
0.010254218452882845
0.010239764694680815
0.01022685920669596
0.010211700967564592
0.010190452899875867
0.010175994502518408
0.01016307313148896
0.010147891780397444
0.010126558059929647
0.01011209242851222
0.010099151758580458
0.010083947402550529
0.01006252673927165
0.0100480511338814
0.010035087616118663
0.010019860434119758
0.00999835157279242
0.009983863108354807
0.009970873060495182
0.009955623306048964
0.00993402503074368
0.009919520677456033
0.009906500283988585
0.009891228287490738
0.009869539426280589
0.009855016010680893
0.009841961323330812
0.009826667494055908
0.009804886923899848
0.009790341130618479
0.009777248069247995
0.009761932897003719
0.009740059548826025
0.00972548792306709
0.009712352277027327
0.009697016333424452
0.009675049197397924
0.009660448148195456
0.009647265578160395
0.009631909517466158
0.0096098476485067
0.00959521345279862
0.009581979493112307
0.00956660405265564
0.009544446576135983
0.009529775383695972
0.009516485445263529
0.009501091445362597
0.009478837563052383
0.009464125402316632
0.009450774776068623
0.009435363119453147
0.009413012115692265
0.009398254900513736
0.00938483876147258
0.009369410432175906
0.009346961680287308
0.009332155217645655
0.00931866862962077
0.009303224691319866
0.009280677660267007
0.009265817658956838
0.009252255579893625
0.009236797173678406
0.009214151434971373
0.009199233515285567
0.009185590803290416
0.0091701191448481
0.009147374379700826
0.009132394084118808
0.009118665504179876
0.009103181880384033
0.00908033788712325
0.009065290692007205
0.009051470923426935
0.00903597668832609
0.00901303339005046
0.00899791471834416
0.008983998362896005
0.008968494933101541
0.008945452385586835
0.00893025762050376
0.008916239211321182
0.008900728060799867
0.008877586460643332
0.008862310960321897
0.008848184971522873
0.008832667625805285
0.008809427318799003
0.008794066431893285
0.008779827288938608
0.00876430531876064
0.008740966808480369
0.00872551589064549
0.008711157981423577
0.008695632995824532
0.008672196952416389
0.008656651383637916
0.0086421690702629
0.00862664270916997
0.008603109978313695
0.00858746518102067
0.008572852812324429
0.008557326738659938
0.008533698350682612
0.00851794980857395
0.008503201733266458
0.008487677624620415
0.008463954803730434
0.00844809808123512
0.008433208661700902
0.008417688201617701
0.008393872375224033
0.008377903137505837
0.008362866764197594
0.008347351633131921
0.008323444441208736
0.008307358474617707
0.008292169581001891
0.008276661447004416
0.008252664751456749
0.008236457984321023
0.008221111062323443
0.008205611571522303
0.008181527465503605
0.008165195989147752
0.008149685605041108
0.00813419637199021
0.008110027189118078
0.008093567278987237
0.008077888089656602
0.008062410687625934
0.008038159011038054
0.008021567147801329
0.00800571391731809
0.007990249868604967
0.007965918539793415
0.007949191430295361
0.007933159046725074
0.007917709813068332
0.007893301940426568
0.007876436538351966
0.007860220030717287
0.007844787003898446
0.007820305970912461
0.007803299497027458
0.007786894052343801
0.007771478545060753
0.00774692801807305
0.007729777979904916
0.00771317896020344
0.00769778219730256
0.00767316613277589
0.007655870343594241
0.007639073302845004
0.007623696412997184
0.007599019064203541
0.007581575661168194
0.007564576362015309
0.0075492203699199165
0.007524486292979936
0.007506893754324001
0.007489688184544608
0.007474354003743141
0.007449568062941121
0.007431825224063532
0.007414409612663345
0.007399098039041129
0.007374265411342329
0.00735637147969019
0.00733874231255078
0.0073234540186006445
0.0072985801972989765
0.007280534765928951
0.007262688800924597
0.007247424330841663
0.007222515128269064
0.00720431818798597
0.007186252469492507
0.007171012235162734
0.007146073784394862
0.0071277257343769305
0.007109437607099619
0.007094221885038307
0.007069260640535717
0.007050762297367524
0.007032249419421569
0.007017058348710148
0.006992081085839189
0.006973433690886572
0.0069546940460702
0.006939527627331693
0.006914541440715178
0.006895746665790004
0.006876778574997939
0.006861636670442567
0.0068366489710968825
0.006817708922373968
0.006798511054107111
0.0067833933886704174
0.006758411899892684
0.006739329120056058
0.006719900499991875
0.006704806663578264
0.006679839415554662
0.006660616884165315
0.006640956903762468
0.006625886354597267
0.006600941677711583
0.006581582809803834
0.006561691233923509
0.006546643303007038
0.006521729819836552
0.006502238462765097
0.006482115436300945
0.006467089332948193
0.006442215948942274
0.006422596377516045
0.006402242431033478
0.006387237249473404
0.006362413142318695
0.006342670052271587
0.0063220861066658005
0.006307100833665123
0.006282335441349203
0.006262473941210124
0.006241661311400737
0.0062266948348679045
0.006201997842461639
0.006182023443898324
0.0061609838415858705
0.006146034960102785
0.006121416285289199
0.006101334892010432
0.006080070427526919
0.00606513786074775
0.006040607638132886
0.006020425533442876
0.005998938716734638
0.005984021116584348
0.005959589680832444
0.00593931351393844
0.005917607254724379
0.005902703217322736
0.005878381085164673
0.005858017856345021
0.005836095463497231
0.005821203541728694
0.0057970013928985535
0.005776558437642212
0.005754423617838765
0.005739542334483821
0.005715470991643633
0.005694955963874901
0.00567261281957584
0.005657740680915373
0.0056338110886330825
0.005613231943135775
0.005590684969933818
0.0055758204797352
0.005552043682584655
0.005531408656739099
0.005508662740135406
0.005493804413926812
0.005470191533782112
0.005449509128725814
0.00542656954037881
0.005411715919917068
0.00538827813251655
0.005367557093835029
0.005344429487327052
0.005329579155164047
0.00530632766602116
0.0052855769640702275
0.005262267370232006
0.005247418964284961
0.0052243649840252706
0.005203593793979044
0.0051801086158066
0.005165260843839024
0.005142415563043691
0.0051216332447550795
0.005097979251947029
0.00508313090586884
0.005060505469505823
0.005039721547257439
0.005015905870393613
0.005001055840291863
0.004978661321816694
0.004957885464031019
0.004933915588405312
0.004919062876219836
0.0048969102514282
0.00487615225039616
0.004852036009508419
0.004837179742270755
0.0048152798629851525
0.004794549614662542
0.004770295183365698
0.004755434625923477
0.004733798193596737
0.004713105677508183
0.0046887215647983226
0.004673856131952124
0.004652493671270276
0.004631848930551244
0.004607343971979766
0.004592473239964001
0.00457139507253174
0.004550808194130143
0.004526191543809254
0.0045113152610537334
0.004490531479245747
0.004470012574296911
0.004445293696461929
0.004430411793575866
0.004409932234638174
0.004389491419019684
0.00436468007910492
0.004349792678030323
0.004329626898516472
0.004309274273583771
0.004284380528762671
0.004269487951049325
0.004249645201677333
0.004229390835176096
0.00420442502431162
0.004189527798471007
0.004170016999488236
0.00414987090663652
0.00412484363958386
0.004109942507484485
0.004090772224629055
0.004070744349360302
0.004045666495561887
0.0040307624178336195
0.004011940838982448
0.0039920410353402516
0.0039669237116519585
0.003952017872071785
0.0039335527846669945
0.003913790798343664
0.003888645356032004
0.003873739164868496
0.0038556379342154033
0.0038360233842290262
0.003810861395081169
0.003795956491379678
0.003778226039910994
0.003758768400419725
0.003733601641912182
0.0037186998947072985
0.0037013466823091657
0.0036820552645666954
0.0036568957040440326
0.003641999212490359
0.0036250292179866826
0.0036059131524491545
0.0035807729302710528
0.0035658840226878573
0.003549302726579275
0.0035303709451811995
0.0035052623568049145
0.0034903835886344998
0.003474195957187979
0.003455457175812618
0.0034303926527878086
0.0034155268034718124
0.0033997372742553796
0.0033811999754334186
0.003356192065297704
0.0033413421340799886
0.0033259546030347488
0.003307627018913898
0.003282688363989824
0.0032678575646588846
0.003252875374797193
0.003234765470433743
0.003209908785541377
0.003195100540129755
0.0031805264719438676
0.003162641928975744
0.00313787997808914
0.0031230979095518037
0.003108934173211626
0.0030912823739802303
0.0030666279458707807
0.0030518758697689707
0.0030381240991806135
0.00302071211137582
0.0029961779943003847
0.0029814599095222593
0.0029681211583109583
0.002950955720219667
0.002926554675726495
0.002911874754280496
0.002898949493751995
0.00288203700019562
0.0028577817361357728
0.002843144312057616
0.0028306324311815957
0.0028139789202312982
0.0027898820630777284
0.0027752916204967525
0.0027631924279441855
0.002746803568504771
0.002722877635094802
0.0027083387955102733
0.002696651023764007
0.0026805321041178816
0.002656789472947506
0.002642306981770451
0.0026310287933146988
0.0026151847107159765
0.00259163759292601
0.0025772163053468826
0.0025663453009272803
0.0025507805523333183
0.00252744096253748
0.0025130858287847075
0.0025026190577158314
0.0024873377317388124
0.002464217458852499
0.0024499335089114495
0.002439867481393683
0.0024248732515487247
0.002401983829784065
0.002387776157650236
0.002378106859042899
0.002363402978361304
0.0023407556585591876
0.002326629406103381
0.0023173523130859057
0.0023029416101531097
0.0022805473316259493
0.002266507672152773
0.00225761777069124
0.002243502647158387
0.002221372010218551
0.002207424131802692
0.0021989159368247828
0.002185098366431441
0.0021632416057793774
0.0021493277443423043
0.0021411953215177935
0.0021276772758455896
0.0021061042354508165
0.002092204850609548
0.0020844418387211674
0.0020712250350204873
0.002049945143351526
0.002036070959645562
0.0020286705944181005
0.0020157562935199215
0.0019947785402650007
0.001980940156467798
0.0019738952958610486
0.0019612843060969635
0.0019406172206457683
0.0019268250801691195
0.00192012823071771
0.0019077717628816788
0.0018874233947187827
0.0018736881342873214
0.0018673314786407172
0.0018551937225566315
0.0018351716229942272
0.0018215039631129285
0.001815479387833589
0.0018035652105194602
0.0017838764162402827
0.0017702868247363199
0.001764585948516742
0.0017528996857583137
0.0017335507046205838
0.001720049369496639
0.0017146635720520491
0.0017032090299969299
0.0016842058289201203
0.0016708026328093577
0.0016657230839819584
0.0016545035430364482
0.0016358515380359877
0.0016225560343764095
0.0016177737232810224
0.0016067919442238827
0.0015884959926457704
0.0015753173836781037
0.0015708231477222095
0.0015600813799318536
0.0015421457749206751
0.0015290928915995797
0.0015245957528959011
0.001514097708483081
0.001496526175819096
0.001483609893999532
0.001478874757160224
0.0014686252025998936
0.0014514208989621577
0.0014386537326928116
0.001433695869568716
0.001423698862213175
0.0014068643760326708
0.0013942583113108339
0.001389092554214019
0.001379351455106295
0.0013628888100529705
0.001350455278793707
0.001345096006075404
0.0013356134954854847
0.001319524156103947
0.001307274012991466
0.0013017351373250947
0.0012925132327951511
0.001276798112218947
0.0012647416145133538
0.001259036573756314
0.0012500766504300674
0.001234736120089823
0.0012228829104389014
0.0012170246609358047
0.0012083274739393501
0.0011933613751664764
0.001181720467448735
0.0011757214796304335
0.0011672871882670271
0.0011526948456825733
0.0011412746138844561
0.0011351468700115165
0.0011269750635309519
0.0011127553000983064
0.0011015634702058585
0.0010953184641016918
0.0010874081888058444
0.0010735593424167128
0.0010626029872800027
0.001056251725897695
0.0010486015133472585
0.0010351214548025563
0.0010244069919102855
0.0010179599985778868
0.0010105678946710959
9.974540469122539E-4
9.870298238948546E-4
9.804971430220064E-4
9.733604496478375E-4
9.606098083737358E-4
9.504972175459385E-4
9.438884208130301E-4
9.370039108165825E-4
9.246130656388853E-4
9.14812303867675E-4
9.081364976279219E-4
9.015005864168214E-4
8.894657427959185E-4
8.799764927432546E-4
8.732423264870634E-4
8.668511014995302E-4
8.5516810344625E-4
8.459895505161792E-4
8.392052263006181E-4
8.330873582565148E-4
8.217517117858079E-4
8.128822174869008E-4
8.060555001481517E-4
8.002301993327753E-4
7.892370959492081E-4
7.806743080754264E-4
7.738125362225641E-4
7.682712612314952E-4
7.576156014445189E-4
7.493567640496888E-4
7.424668617117638E-4
7.372009854016633E-4
7.268774025118185E-4
7.189193782228775E-4
7.120078669696843E-4
7.07008705922775E-4
6.970115897411812E-4
6.893508825764748E-4
6.824238940634789E-4
6.776827365421995E-4
6.680062569194494E-4
6.606390354605656E-4
6.537023243121531E-4
6.492104566533627E-4
6.398485867021257E-4
6.32770707474208E-4
6.258296644264404E-4
6.215783958401917E-4
6.125249347446615E-4
6.05731965667494E-4
5.989768520713446E-4
5.949563870995348E-4
5.862049838411995E-4
5.796902043452057E-4
5.732733392171403E-4
5.694730932015544E-4
5.610172677565946E-4
5.547721068470086E-4
5.486807558717099E-4
5.450904298827739E-4
5.369235928025268E-4
5.309394744483812E-4
5.251610568849422E-4
5.217706477845191E-4
5.138861203988387E-4
5.081544884307743E-4
5.02676603145133E-4
4.994764116830146E-4
4.918674455123097E-4
4.8637978689778906E-4
4.8119023577460995E-4
4.781708728297517E-4
4.708306681569194E-4
4.655785346260618E-4
4.606653434420765E-4
4.5781773452334494E-4
4.507394580859919E-4
4.4571448609601175E-4
4.4106592294845413E-4
4.383813110719887E-4
4.315581128441699E-4
4.267520418839951E-4
4.223566332772728E-4
4.19826580338568E-4
4.132516093796654E-4
4.086562986287736E-4
4.0450284332995106E-4
4.021192300886692E-4
3.9578564944497377E-4
3.913930928116934E-4
3.8747067359094366E-4
3.852256983853223E-4
3.7912669903726875E-4
3.749290386117865E-4
3.712270319878253E-4
3.6911320829352464E-4
3.632420221483652E-4
3.5923156011442604E-4
3.557396442272457E-4
3.537497971726861E-4
3.4809970910864847E-4
3.442689181654971E-4
3.4097707889963537E-4
3.3910434084644705E-4
3.336686998200514E-4
3.3001023217254344E-4
3.269087676538318E-4
3.2514657294706236E-4
3.199188021803243E-4
3.164254971603917E-4
3.135050207477548E-4
3.1184709973607007E-4
3.068207060047481E-4
3.034855963915968E-4
3.007370382832237E-4
2.991774107045913E-4
2.9434599275249897E-4
2.911623098621325E-4
2.8857691743228506E-4
2.8710988525560994E-4
2.824671413632905E-4
2.794283189802096E-4
2.769976559592904E-4
2.7561779576729226E-4
2.7115753050609945E-4
2.682572077314708E-4
2.6597315233777344E-4
2.6467530733108384E-4
2.6039143753592677E-4
2.5762346062716066E-4
2.554782027541756E-4
2.5425747445127176E-4
2.5014403444703756E-4
2.4750245772367843E-4
2.4548849528192645E-4
2.443402349841683E-4
2.4039138110211748E-4
2.3787046699229067E-4
2.3598060149960138E-4
2.3490040158531553E-4
2.3111041600663555E-4
2.2870463430710194E-4
2.269319658160177E-4
2.259156509223581E-4
2.2227894488655714E-4
2.199829713077546E-4
2.1832089275347971E-4
2.1736451089966608E-4
2.1387562731567015E-4
2.1168434138105544E-4
2.1012653242808197E-4
2.0922634612867893E-4
2.058799616263544E-4
2.037884439929533E-4
2.0232886445326222E-4
2.014813418653567E-4
1.9827226832478274E-4
1.9627579758917435E-4
1.9490868047976622E-4
1.9411048662330393E-4
1.9103367221850535E-4
1.8912772126958004E-4
1.8784756557206625E-4
1.8709555365822275E-4
1.8414608345122504E-4
1.823263154279741E-4
1.8112787860808183E-4
1.8041908150635805E-4
1.7759217762645778E-4
1.7585444153588536E-4
1.7473273187603559E-4
1.7406435374682E-4
1.713553751888235E-4
1.6969570123578898E-4
1.6864597002939574E-4
1.680153781450169E-4
1.6541982021895608E-4
1.6383441489646846E-4
1.6285214854829588E-4
1.6225686532210537E-4
1.59770358785619E-4
1.5825559977077915E-4
1.5733651184360312E-4
1.5677420708337536E-4
1.5439251698654664E-4
1.5294494788405282E-4
1.5208497112798744E-4
1.5155345452691507E-4
1.492724787979208E-4
1.4788880376980114E-4
1.4708408216699358E-4
1.4658129604276646E-4
1.4439706384123004E-4
1.4307414215829998E-4
1.4232102301225217E-4
1.418450353021603E-4
1.397537051656189E-4
1.384885457130695E-4
1.377835718086184E-4
1.3733256932628237E-4
1.3533042713370923E-4
1.3412018290024814E-4
1.3346008475722388E-4
1.330323667144398E-4
1.3111582348930133E-4
1.2995778606639868E-4
1.293394743071722E-4
1.2893344610244737E-4
1.2709903567633432E-4
1.2599062979138276E-4
1.254111876399102E-4
1.2502535491356153E-4
1.2326973147003072E-4
1.2220850957461051E-4
1.2166518550216981E-4
1.2129814845632849E-4
1.196180839732257E-4
1.186017209051956E-4
1.1809192143578763E-4
1.1774236941632373E-4
1.1613475102353318E-4
1.1516103875933133E-4
1.1468232144567167E-4
1.1434902778188186E-4
1.1281085505017835E-4
1.1187769756152312E-4
1.1142776414067369E-4
1.1110958123756494E-4
1.0963796341302084E-4
1.0874337164016047E-4
1.0832006137613634E-4
1.0801591605328901E-4
1.0660806925051993E-4
1.057501562022663E-4
1.0535143942139034E-4
1.0506032849166352E-4
1.0371357285809069E-4
1.028905488471179E-4
1.0251452067047836E-4
1.0223550675123331E-4
1.009472636134801E-4
1.0015743163373446E-4
9.980230590981541E-5
9.953451345886546E-5
9.830230246141278E-5
9.754405371299545E-5
9.720815715239622E-5
9.695076872053246E-5
9.57722049658132E-5
9.504401453132901E-5
9.472578104444971E-5
9.447803373613126E-5
9.335082493436113E-5
9.265124760949933E-5
9.234921284714009E-5
9.211039498076553E-5
9.103233861697579E-5
9.036000489696529E-5
9.007280099296725E-5
8.984224895205415E-5
8.881122947701388E-5
8.816484169959772E-5
8.789119221391842E-5
8.766828748049319E-5
8.668227353148419E-5
8.606060217616382E-5
8.579931723614348E-5
8.55834835976919E-5
8.464052525442165E-5
8.404240539693064E-5
8.379237703394356E-5
8.358307795536191E-5
8.268130403567065E-5
8.210563195594534E-5
8.186582963414436E-5
8.166256578628006E-5
8.080018118571838E-5
8.024591112702352E-5
8.001537746047378E-5
7.981768439702232E-5
7.899296747583183E-5
7.84591085521842E-5
7.823695520632508E-5
7.80444011810711E-5
7.72557012016066E-5
7.674131445019364E-5
7.652671822327189E-5
7.633890213990422E-5
7.55846367570724E-5
7.508883233199155E-5
7.488103141186889E-5
7.469758089886262E-5
7.39762337057354E-5
7.349816820907546E-5
7.329645860061388E-5
7.311702820395924E-5
7.242714633432929E-5
7.196602028036938E-5
7.176975239844522E-5
7.15940218852967E-5
7.093421367458934E-5
7.048926908269991E-5
7.029784450578528E-5
7.012551727240573E-5
6.949444997803877E-5
6.906496808972846E-5
6.887783646889686E-5
6.870863804658083E-5
6.810503562856901E-5
6.769033474402336E-5
6.750699086218814E-5
6.734066751515847E-5
6.676330847749422E-5
6.63627419068962E-5
6.618272288307072E-5
6.60190402926527E-5
6.546675558574733E-5
6.507970971064711E-5
6.490259234401915E-5
6.474133437369526E-5
6.421300535795327E-5
6.383889779796199E-5
6.366429604659989E-5
6.350526358285512E-5
6.299982005325337E-5
6.263809793337611E-5
6.246566052242947E-5
6.23086703865847E-5
6.182508865795257E-5
6.147522697192914E-5
6.130463512624932E-5
6.114951905276528E-5
6.068682010530662E-5
6.0348320170415766E-5
6.0179285466595066E-5
6.002588914360334E-5
5.9583136828060027E-5
5.925552482693196E-5
5.90877871598512E-5
5.89359693279317E-5
5.851226862966495E-5
5.819509423476489E-5
5.802841989383619E-5
5.787805149931335E-5
5.747254686047013E-5
5.7165381937032984E-5
5.6999561787433455E-5
5.685052518670409E-5
5.6462398885544226E-5
5.61648362688759E-5
5.599968403318135E-5
5.5851872244813735E-5
5.548034283118681E-5
5.519199517438562E-5
5.502734581013726E-5
5.488066181170166E-5
5.4524982597595197E-5
5.424548128588977E-5
5.4081189454748506E-5
5.393554552153866E-5
5.359500312555959E-5
5.332399725361159E-5
5.315993587788829E-5
5.301525296089295E-5
5.2689165905492804E-5
5.242632131415925E-5
5.226238021663717E-5
5.211858735729437E-5
5.1806304717509714E-5
5.1551303086713626E-5
5.1387387709815365E-5
5.1244421489258994E-5
5.0945321591704046E-5
5.0697859586212125E-5
5.053388978669657E-5
5.039169380735844E-5
5.0105182978183226E-5
4.9864586404081145E-5
4.970049532551873E-5
4.955902127454839E-5
4.928453265367466E-5
4.9049384309805866E-5
4.888511732826557E-5
4.87443276270933E-5
4.8481320046222236E-5
4.8251433692104984E-5
4.808694739636549E-5
4.7946809905163556E-5
4.7694766715109066E-5
4.7469965040811656E-5
4.730522629391066E-5
4.71657139117424E-5
4.692414191319668E-5
4.670425603859909E-5
4.653924109783879E-5
4.640033138551918E-5
4.616875980219492E-5
4.595362880683072E-5
4.5788322499215514E-5
4.564999732360995E-5
4.5427976816437745E-5
4.5217447297981604E-5
4.5051842248189445E-5
4.4914087446761106E-5
4.470118916783344E-5
4.4495114827412444E-5
4.4329210735524546E-5
4.419201580002309E-5
4.39878304849878E-5
4.378607173760654E-5
4.361987470393932E-5
4.34832324821936E-5
4.328736957981581E-5
4.308979318828848E-5
4.292331508278767E-5
4.2787221497632975E-5
4.25993083352641E-5
4.240578706614869E-5
4.2239044939919224E-5
4.2103498724353156E-5
4.1923179708066263E-5
4.1733592008188126E-5
4.156660754484368E-5
4.1431609992559085E-5
4.125854584073103E-5
4.1072775532975406E-5
4.090557453759668E-5
4.077112926809295E-5
4.060499627723873E-5
4.04229322743751E-5
4.025554419797006E-5
4.0121656935494445E-5
3.996214627718466E-5
3.978368231256531E-5
3.9616139810024155E-5
3.9482818175634196E-5
3.932963522335265E-5
3.915466959740637E-5
3.898700811703852E-5
3.8854261433123425E-5
3.8707125117949523E-5
3.853556045945831E-5
3.83678178622935E-5
3.823565696892467E-5
3.809429916295232E-5
3.792604220416918E-5
3.775825841129135E-5
3.7626695493810365E-5
3.749086042024483E-5
3.732582178497221E-5
3.7158038451242826E-5
3.702708687852468E-5
3.689653054742748E-5
3.673462455123295E-5
3.656688476384083E-5
3.643655893670312E-5
3.6311048605384385E-5
3.615219306719031E-5
3.5984541067545104E-5
3.585485627679757E-5
3.5734169933882924E-5
3.5578285998210775E-5
3.541076692577235E-5
3.528173921942916E-5
3.516566509166125E-5
3.501267706086725E-5
3.4845336717576276E-5
3.471698277677724E-5
3.4605318857636344E-5
3.445515403351467E-5
3.42880386675583E-5
3.4160375690765733E-5
3.405292929002727E-5
3.390551782420109E-5
3.373867393191507E-5
3.3611719526974176E-5
3.350830684034792E-5
3.33638856314848E-5
3.31973597737251E-5
3.307113038688707E-5
3.2971576072578054E-5
3.283098321109222E-5
3.2664821843463195E-5
3.253932971884554E-5
3.2443466481360187E-5
3.230658210689097E-5
3.2140831437827536E-5
3.2016089143497895E-5
3.1923757398445786E-5
3.179046603559525E-5
3.1625171889933686E-5
3.150119223595123E-5
3.141223975184076E-5
3.12824301265823E-5
3.111763782217454E-5
3.0994433784733335E-5
3.0908715340995385E-5
3.0782280205876694E-5
3.0618034442389056E-5
3.0495619093729856E-5
3.0412996154278345E-5
3.0289832121934533E-5
3.0126176881018603E-5
3.0004563324792432E-5
2.9924903726458285E-5
2.9804911110981614E-5
2.9641889567051636E-5
2.9521090878834288E-5
2.9444268534030944E-5
2.932735119976983E-5
2.9165005640662734E-5
2.9045034813333484E-5
2.897092942633892E-5
2.8856994643726268E-5
2.869536640056246E-5
2.8576236294275358E-5
2.8504733090537883E-5
2.839369139857199E-5
2.8232820784174158E-5
2.811454408066188E-5
2.8045533548560798E-5
2.79372986235873E-5
2.7777224878850708E-5
2.765981403981381E-5
2.7593191684327284E-5
2.7487680214787775E-5
2.7328441462432274E-5
2.7211908691779826E-5
2.7147574799535127E-5
2.7044706366372797E-5
2.6886339571537982E-5
2.6770696781255404E-5
2.6708556196457105E-5
