[1.0001994090316868, 3.452925873052015E-4]
[-0.01236413848221879, -0.9953075255811183]
[-0.9995276589492788, -4.046501308958561E-4]
[-0.005861947504116838, 0.9984459256869641]
[1.0001994090316868, 3.452925873052015E-4]
[-0.01236413848221879, -0.9953075255811183]
[-0.9995276589492788, -4.046501308958561E-4]
[-0.005861947504116838, 0.9984459256869641]
[1.0001994090316868, 3.452925873052015E-4]
[-0.01236413848221879, -0.9953075255811183]
[-0.9995276589492788, -4.046501308958561E-4]
[-0.005861947504116838, 0.9984459256869641]
[1.0001994090316868, 3.452925873052015E-4]
[-0.01236413848221879, -0.9953075255811183]
[-0.9995276589492788, -4.046501308958561E-4]
[-0.005861947504116838, 0.9984459256869641]
[1.0001994090316868, 3.452925873052015E-4]
[-0.01236413848221879, -0.9953075255811183]
[-0.9995276589492788, -4.046501308958561E-4]
[-0.005861947504116838, 0.9984459256869641]
[1.0001994090316868, 3.452925873052015E-4]
[-0.01236413848221879, -0.9953075255811183]
[-0.9995276589492788, -4.046501308958561E-4]
[-0.005861947504116838, 0.9984459256869641]
[1.0001994090316868, 3.452925873052015E-4]
[-0.01236413848221879, -0.9953075255811183]
[-0.9995276589492788, -4.046501308958561E-4]
[-0.005861947504116838, 0.9984459256869641]
[1.0001994090316868, 3.452925873052015E-4]
[-0.01236413848221879, -0.9953075255811183]
[-0.9995276589492788, -4.046501308958561E-4]
[-0.005861947504116838, 0.9984459256869641]
[1.0001994090316868, 3.452925873052015E-4]
[-0.01236413848221879, -0.9953075255811183]
[-0.9995276589492788, -4.046501308958561E-4]
[-0.005861947504116838, 0.9984459256869641]
[1.0001994090316868, 3.452925873052015E-4]
[-0.01236413848221879, -0.9953075255811183]
[-0.9995276589492788, -4.046501308958561E-4]
[-0.005861947504116838, 0.9984459256869641]
[1.0001994090316868, 3.452925873052015E-4]
[-0.01236413848221879, -0.9953075255811183]
[-0.9995276589492788, -4.046501308958561E-4]
[-0.005861947504116838, 0.9984459256869641]
[1.0001994090316868, 3.452925873052015E-4]
[-0.01236413848221879, -0.9953075255811183]
[-0.9995276589492788, -4.046501308958561E-4]
[-0.005861947504116838, 0.9984459256869641]
[1.0001994090316868, 3.452925873052015E-4]
[-0.01236413848221879, -0.9953075255811183]
[-0.9995276589492788, -4.046501308958561E-4]
[-0.005861947504116838, 0.9984459256869641]
[1.0001994090316868, 3.452925873052015E-4]
[-0.01236413848221879, -0.9953075255811183]
[-0.9995276589492788, -4.046501308958561E-4]
[-0.005861947504116838, 0.9984459256869641]
[1.0001994090316868, 3.452925873052015E-4]
[-0.01236413848221879, -0.9953075255811183]
[-0.9995276589492788, -4.046501308958561E-4]
[-0.005861947504116838, 0.9984459256869641]
[1.0001994090316868, 3.452925873052015E-4]
[-0.01236413848221879, -0.9953075255811183]
[-0.9995276589492788, -4.046501308958561E-4]
[-0.005861947504116838, 0.9984459256869641]
[1.0001994090316868, 3.452925873052015E-4]
[-0.01236413848221879, -0.9953075255811183]
[-0.9995276589492788, -4.046501308958561E-4]
[-0.005861947504116838, 0.9984459256869641]
[1.0001994090316868, 3.452925873052015E-4]
[-0.01236413848221879, -0.9953075255811183]
[-0.9995276589492788, -4.046501308958561E-4]
[-0.005861947504116838, 0.9984459256869641]
[1.0001994090316868, 3.452925873052015E-4]
[-0.01236413848221879, -0.9953075255811183]
[-0.9995276589492788, -4.046501308958561E-4]
[-0.005861947504116838, 0.9984459256869641]
[1.0001994090316868, 3.452925873052015E-4]
[-0.01236413848221879, -0.9953075255811183]
[-0.9995276589492788, -4.046501308958561E-4]
[-0.005861947504116838, 0.9984459256869641]
[1.0001994090316868, 3.452925873052015E-4]
[-0.01236413848221879, -0.9953075255811183]
[-0.9995276589492788, -4.046501308958561E-4]
[-0.005861947504116838, 0.9984459256869641]
[1.0001994090316868, 3.452925873052015E-4]
[-0.01236413848221879, -0.9953075255811183]
[-0.9995276589492788, -4.046501308958561E-4]
[-0.005861947504116838, 0.9984459256869641]
[1.0001994090316868, 3.452925873052015E-4]
[-0.01236413848221879, -0.9953075255811183]
[-0.9995276589492788, -4.046501308958561E-4]
[-0.005861947504116838, 0.9984459256869641]
[1.0001994090316868, 3.452925873052015E-4]
[-0.01236413848221879, -0.9953075255811183]
[-0.9995276589492788, -4.046501308958561E-4]
[-0.005861947504116838, 0.9984459256869641]
[1.0001994090316868, 3.452925873052015E-4]
[-0.01236413848221879, -0.9953075255811183]
[-0.9995276589492788, -4.046501308958561E-4]
[-0.005861947504116838, 0.9984459256869641]
