0.055828517870015325
0.07807876011262348
0.09456290052191348
0.10797063271909202
0.11935530069764734
0.12926203198762776
0.138017000269536
0.14583393510545187
0.1528620376790742
0.15921059055835177
0.1649628790784572
0.1701846767494533
0.17492973093151853
0.17924347211781302
0.18316559847196254
0.18673189914738045
0.18997552829606137
0.19292786069625462
0.1956190175720801
0.19807813039546052
0.20033340123959784
0.2024120142349869
0.20433994976465816
0.20614174882769215
0.2078402685140071
0.20945646090616893
0.21100919784113753
0.2125151540370793
0.21398875226642125
0.21544216735306354
0.21688538115804903
0.21832627833937338
0.21977077216571728
0.22122295050945875
0.22268523379534902
0.22415853866032
0.22564244302562914
0.22713534995900286
0.22838485337839687
0.22953395560995205
0.23061154295474154
0.23164067021855614
0.23264015006084593
0.23362575235273006
0.23461110663719564
0.23560838225766456
0.23662880311605056
0.23768303891661774
0.2387815024528849
0.23993457272612764
0.24115275599272326
0.24244679080445508
0.24382769844662616
0.24530677678566942
0.24689553348574492
0.24860555407452717
0.25044830175594723
0.25243484948247824
0.2545755507201794
0.2568796632816619
0.25935494970734946
0.26200728643840926
0.2648403204214343
0.2678552136615683
0.27105051192383306
0.2744221627417978
0.27796369119249165
0.2816665221819433
0.28552041891074487
0.2895139924325454
0.29363522944568926
0.2978719856241534
0.3022123990320229
0.30664519024575876
0.31115982992088537
0.31574656808527324
0.32039633057777656
0.3251004959027208
0.329850570348275
0.3346377811736298
0.3394526080226539
0.3442842726185828
0.3491202073609831
0.35394552569041343
0.3587425218137821
0.36349023507180067
0.368164124818681
0.3727359142927374
0.37676040444826164
0.38033246636829665
0.38346867565565596
0.3862007998297957
0.3885617629243496
0.3905852187808184
0.39230499319696704
0.3937544680221254
0.39496597326368044
0.39597024070645587
0.39679595676672746
0.3974694357643005
0.3940795031473149
0.39072714452469354
0.3874271549405474
0.38419292396583565
0.3810364730880585
0.377968527966674
0.37499860085642694
0.37213506187495465
0.3693851826514089
0.3667551418349391
0.36424998859638646
0.36187356721922176
0.359628412635266
0.3575156326629745
0.35553479698818014
0.3536838548346126
0.351959102242337
0.35035521573983636
0.3488653623368984
0.34748138712453863
0.3461940707139722
0.3449934407866909
0.3438691164548105
0.3428106617163297
0.34180792512459046
0.34085134632125863
0.33993221531495366
0.33904287618563045
0.33817687225659904
0.33732903402632736
0.3364955140060592
0.33567377412392274
0.334862531811441
0.33406167064817416
0.33320403967881346
0.3323236552306711
0.3314270556641695
0.33051990021383376
0.32978057313985426
0.3291161409142876
0.32851016950403555
0.32794942030892993
0.3274230595288918
0.32692203531334585
0.3264385929300312
0.32596589765956063
0.3254977386605275
0.3250282918857729
0.32455192499089236
0.3240630316081483
0.3235558863052973
0.32302451510160757
0.32246257967545516
0.3218632764037769
0.3212192540439092
0.32052255598939855
0.3197645942637215
0.3189361623408109
0.31802749209618786
0.3170283564543616
0.31592821369462787
0.3147163824765029
0.31338222955304196
0.31191534639032475
0.3103056881657268
0.30854365020932073
0.3066200634164865
0.3045261009299249
0.3022531018191259
0.299792331220635
0.2971347079893375
0.2942705384156676
0.2911892969846969
0.2878794925170707
0.28432865120911005
0.2805234384705397
0.2764499306448461
0.2720940372994582
0.2674420663140098
0.2624814188556957
0.25720140064724933
0.251594140379383
0.2456556155458763
0.23938679892878936
0.2326088292625428
0.22545666906850395
0.21796301149103658
0.21019167577142747
0.20297801489305217
0.19625546684067738
0.1900834561193562
0.18448340043197603
0.17946308771746391
0.17501704986167355
0.1711275581289472
0.16776623978039493
0.16489619695553215
0.16247442689553598
0.1604543090943529
0.1587879393110114
0.15742814064184965
0.15633005008099735
0.15545224747249037
0.15475744965300967
0.15421282975777723
0.15379003989201087
0.15346501823476202
0.15321765424004197
0.15303137284782717
0.15289268432952427
0.15279073302332397
0.15271686700906942
0.1526642420913975
0.15262746712979486
0.15260229335066383
0.15258534732253948
0.15257390535381155
0.15256570587017598
0.15255879563951819
0.15255140541010162
0.15254185054048117
0.15252845247764754
0.15250947744013604
0.1524830893360294
0.15244731473097206
0.15240001850218107
0.15233888957752245
0.15226143675546383
0.1521649949187117
0.15204674189651599
0.1518516652396167
0.15161502779131403
0.15133272922090002
0.15099994591769975
0.1507620165040444
0.1505423374180652
0.15032704991869258
0.1501060685020038
0.14987190320767152
0.1496188276946396
0.14934228717937587
0.14903847008179807
0.14870398988607136
0.14833564036776958
0.14793019938633012
0.14748426517867202
0.14699411551940156
0.14645558494780211
0.14586395896603696
0.14521388695555776
0.14449931766404886
0.1437134625095477
0.14284879260205763
0.14189707525007117
0.14084945477420555
0.13969658071924163
0.1384287841436028
0.1370362997688834
0.13550952868217475
0.13383933336730486
0.13201735450148333
0.13003633757263805
0.12789045723464262
0.12557562853366036
0.12308979658414972
0.12043319955879814
0.11760860334987189
0.1146215091562893
0.11148033669449703
0.1081965849585333
0.10478496894751696
0.10126352440470877
0.0976536637401979
0.09398015589585122
0.09027099255348625
0.08655709503379992
0.0828718133320511
0.07925017426461665
0.07572785296654194
0.07233987350064235
0.06889942770618362
0.06558082489872469
0.062455821372866274
0.059583211317629184
0.05775623974458197
0.0565108430911786
0.0557933443427405
0.05545273184464479
0.055376776270432616
0.05548412303727296
0.05571654329627931
0.05603247978567017
0.056402124243752357
0.05680385297298867
0.057221726637152366
0.057643771923544126
0.058060817962093184
0.05846571955141524
0.058852848311413505
0.059217769305661236
0.05955704602317815
0.05986813340954108
0.0601493292537162
0.060399760606610224
0.06061938560299345
0.0608089934107996
0.06097018719455152
0.06110533788993444
0.061217500826632
0.06131029286076705
0.06138773411560901
0.06145406457322509
0.06151355028715967
0.06157029582046093
0.06162807824289052
0.061690214072637126
0.06175946502795968
0.061837982743006746
0.06192728789816267
0.06202827622690432
0.06214124273286913
0.06226591589001829
0.06240149509458198
0.06254668666485615
0.06269973583177313
0.06285845416946328
0.06288330262275206
0.06285466151680207
0.06278581532075989
0.06268351898342117
0.06267605119449328
0.06266897193463834
0.06266058412449306
0.0626490403742407
0.06263229457838267
0.06260810964882561
0.06257409288089526
0.06252774386871075
0.062466506842612055
0.062387822860819814
0.06228917909746833
0.06216815340704553
0.062022452873656105
0.06184994541389373
0.06164868382172118
0.06141692199419244
0.06115312350387242
0.060855963218081975
0.06052432331911865
0.06015728583554068
0.059754124589070826
0.05931430017544985
0.05883746205888383
0.058323461867869006
0.057772381350394794
0.05718457706898265
0.056560741812925856
0.05590198006557314
0.0552098920392909
0.054486658239573396
0.053735114719793184
0.05295880852641133
0.05216202351525043
0.05134976871254732
0.05052772444049935
0.049702145096193015
0.048879721261206904
0.04806740725529331
0.04727222298164158
0.04650104076461573
0.04576036884309335
0.04505614335979641
0.04439354022129396
0.04377681719464265
0.043209195072220805
0.04269278462874731
0.04200171500885605
0.041345113825910995
0.04069882065190461
0.04010022803941222
0.03994983173984416
0.03996815079791968
0.040066555472123434
0.04017884960202723
0.04026772228436222
0.04031337926347085
0.04030632952092756
0.04024300849315072
0.04012320630094334
0.03994860206039847
0.03972196152281348
0.039446726802606934
0.03912683437019696
0.03876666224610454
0.03837104531217997
0.03794531932338309
0.037495366146290135
0.03702763909622141
0.036549150683314144
0.03606740751897004
0.035590280081522194
0.035125799728393706
0.034681882659888516
0.03426599076549113
0.033884751721707004
0.033543573413479334
0.0332462975984646
0.032994941109089994
0.03278956695968623
0.032628311918498513
0.03250757399871929
0.0324223382905851
0.03236659901579718
0.032333824711744716
0.03231741394390139
0.03231109923244783
0.03230927282831059
0.032307224816771236
0.03230129797440382
0.03228897283344139
0.03226890018257972
0.0322408975186814
0.031977273772635394
0.03164459682851146
0.03125767683622042
0.030826020240209834
0.030638074385670455
0.030532306754638
0.03047759208238861
0.030452979109446596
0.030444840572125657
0.03044478786353476
0.03044818112948804
0.030453073599366096
0.030459458396317137
0.030468718067285037
0.030483204762122556
0.030505901006417528
0.030540128051987758
0.03058928202842521
0.03065658856822076
0.030744874870678684
0.030856364552375674
0.03099250505005056
0.031153839584378503
0.03133993556338279
0.031549378782518366
0.03177983813355432
0.032028199351347014
0.032290759443807326
0.03256346682404073
0.03284218672002596
0.033122967937310115
0.03340228600721893
0.03367723939559458
0.03394567971159152
0.03420626339109656
0.03445842050635875
0.034702245295888764
0.03493832165899905
0.03516750409850889
0.035390679412500285
0.035608536121580256
0.035821366928005485
0.03602892474174162
0.03623034578693251
0.03642414516787007
0.03660828225574907
0.0367802864044206
0.036937428491807166
0.037076920853765453
0.03719612719550135
0.036985405246969145
0.036701094254831215
0.036376242295280733
0.03605779162109763
0.03603868373541351
0.036082764672031226
0.036222158165869066
0.03641342273343726
0.03663243763871534
0.036865311253212796
0.03710361812129889
0.0373419068263989
0.0375763889361405
0.03780424468120953
0.0380232545496352
0.038231606232212265
0.03842779810527032
0.03861059727760404
0.038779029234815375
0.03893238592482088
0.039070244129636646
0.039192488414305886
0.03929933402215241
0.03939134546168439
0.039469446624272264
0.03953491839525827
0.03958938013467629
0.03963475231709428
0.03967319915674475
0.039707052187621564
0.03973871831781248
0.0397705784440504
0.03980488477960226
0.0398436660975687
0.03988864976204704
0.039941207646394895
0.04000233010561851
0.04007262865248364
0.040152364588321644
0.04024149819546099
0.040339751611814335
0.040446678272430966
0.04056173262255376
0.04068433529198912
0.04081393060594498
0.04095003475481419
0.04088813526507602
0.04076933209804941
0.04061055100141205
0.04042196505579542
0.04039110542366517
0.0403878105851987
0.04040122397473519
0.04042359120835299
0.0404492908863789
0.040474199101361893
0.04049527562905759
0.04051029499620387
0.04051767033832529
0.04051633482617746
0.040505656824419166
0.04048537266795771
0.04045552629399219
0.04041640883766207
0.040368494277556045
0.040312369682275855
0.040248660777870184
0.04017795551380359
0.040100730024245655
0.04001728273857324
0.039927683199881686
0.039831742190446946
0.03972900886325179
0.039618798666651966
0.03950025301106869
0.039372428132948736
0.03923440690065626
0.0390854239229454
0.038924991814211204
0.03875301529184789
0.038569880187477965
0.03837650646023505
0.03817435767922009
0.037965403772706866
0.03775203858928686
0.037536958422929555
0.0373230116169875
0.03711303228773265
0.03690967283682353
0.036715250130878896
0.03653161901550805
0.03636008431000514
0.03620135880531343
0.03605557036347954
0.035922316382556455
0.035800759113940865
0.035407000488293636
0.03498826553849382
0.034540124863938426
0.034103803711733036
0.03403826013897508
0.0340734679492001
0.03417497382576016
0.03429215422478277
0.03439649171287625
0.03447267260734668
0.034513113174232175
0.034514695734052116
0.0344768625862971
0.034400524153017316
0.03428744930854828
0.03413993904091003
0.03396066499221056
0.03375260191781263
0.0335190108154064
0.0332634455196796
0.03298976481065837
0.032702137456370614
0.032405030869006694
0.0321031763084169
0.03180150555254194
0.03150505617425262
0.031218845339709856
0.030947715502145434
0.030696159392326654
0.0304681359005577
0.030266892117531898
0.030094809076463273
0.02995328876047044
0.029842697159842325
0.029762372620421015
0.02971070117192047
0.02968525233090255
0.029682961668315
0.029700341635284438
0.029733700547275477
0.029779351216396133
0.02983379475499256
0.029893870394163025
0.029956867561490592
0.030020600975957365
0.030083452556952824
0.029894941914299623
0.02963041568198277
0.02930724643151526
0.028936167732086144
0.028815136224187736
0.028751086432577146
0.02872152551019628
0.0287115128561451
0.028711317777588598
0.02871480673668117
0.02871834710191322
0.028720064968713797
0.02871934001783233
0.02871645574336542
0.02871234916985661
0.028708422425885175
0.028706391363399242
0.02870815551881697
0.028715680338423484
0.028730887553961422
0.02875555337865922
0.02879121702927686
0.028839104013345013
0.02890006958788088
0.0289745676950258
0.029062649451403588
0.029163992964949256
0.029277963092148942
0.02940369612315439
0.02954020082945364
0.02968646443508745
0.029841550448779064
0.03000467534462516
0.03017525298496466
0.03035289932320429
0.030537394884284034
0.03072860811994763
0.030926388149285867
0.031130439789457426
0.03134019647357839
0.031554707244181635
0.03177255246859989
0.0319917995788352
0.03221000560208854
0.03242426825528383
0.03263132262163453
0.032827676424654346
0.03300977393468504
0.03317417662414278
0.033317747717487564
0.033099965911289705
0.03280321079365863
0.0324516660685097
0.0320902113121785
0.03206056420960314
0.032099504590165376
0.03221687601172098
0.03236950684522288
0.03253464674105257
0.03270016964162754
0.03285953008217345
0.03300915976725917
0.03314711246943163
0.03327235262742426
0.033384380467609845
0.03348303587355107
0.03356839860174058
0.03364074087888958
0.03370050828846901
0.03374831528099109
0.03378494719389044
0.033811363665212896
0.033828699972995945
0.03383826376962635
0.03384152526591834
0.03384009937060714
0.03383571875296755
0.03383019737175475
0.03382538476636791
0.033823112351579865
0.03382513404832582
0.03383306470146156
0.03384832069811909
0.03387206778941
0.033905181132613066
0.03394822188904133
0.03400143334643022
0.03406475765223453
0.034137872147565314
0.03422024234889499
0.03431118717803093
0.03440995131728236
0.03451577962221347
0.03462798923470389
0.034746036134963215
0.03486957400052645
0.03475375312679921
0.03457598404167397
0.03435325767759072
0.034095811027175495
0.03403012698019818
0.034003998642117526
0.03400188446610618
0.034012921446275574
0.03402954026054687
0.03404652280275347
0.03406036530087607
0.03406884737210327
0.03407073655979907
0.03406557929931837
0.034053544441303686
0.03403529613677802
0.03401188049552145
0.03398461605135404
0.03395498246856182
0.033924505599036266
0.033894640220443174
0.033866654626606964
0.03384152360910919
0.0338198380430771
0.03380173998442043
0.03378689163492305
0.03377448458729814
0.03376329247833531
0.03375176585635418
0.03373816324515645
0.03372070775258054
0.03369775485073066
0.03366795476152689
0.03363039260442688
0.033584691200615455
0.033531064982036965
0.033470318382453304
0.03340378779081734
0.03333323196250166
0.03326068107526756
0.03318825884132836
0.03311799483757944
0.033051645244695636
0.0329905394105139
0.03293546715717579
0.03288661777403014
0.032843576555894996
0.03280537904317743
0.032770617347300225
0.0327375876709044
0.032374167755798364
0.0319592070907791
0.03149657263958149
0.031029582272466452
0.0309476650316583
0.030959763467197136
0.03104288973807888
0.031150517732404726
0.031255915929103595
0.03134433450123934
0.03140814493809217
0.03144390144123139
0.03145059593246068
0.03142863687893504
0.031379261627928916
0.03130420635989801
0.03120552776914214
0.031085512574506206
0.030946635955925814
0.03079154488428244
0.030623051219006225
0.0304441248665258
0.030257880693651495
0.030067555151322853
0.029876470216066514
0.029687983622297374
0.029505425631984758
0.02933202387176675
0.02917081908801601
0.02902457598234578
0.02889569447922863
0.028786127671835863
0.028697313089775592
0.028630123646291566
0.02858484353865428
0.028561172507361423
0.02855825937988038
0.028574763055466836
0.028608936445511286
0.028658726787898364
0.02872188452549867
0.028796072725533185
0.028878969762467985
0.02896835945841068
0.02906220472533549
0.029158702605974557
0.0289875029580069
0.02873868103408955
0.028429865819424048
0.028071688829732818
0.027976709452095055
0.02793075411019524
0.02791414628107142
0.027913994272450154
0.027921940284642854
0.02793267324311954
0.027942950285235656
0.027950952043979283
0.027955854365583795
0.027957538638376044
0.027956389546441217
0.027953146891445537
0.027948790126529996
0.027944442452239968
0.027941287067919443
0.027940492286953233
0.027943145198453596
0.02795019564042486
0.02796241352975073
0.02798036306868427
0.02800439697993542
0.028034672704479062
0.02807119050048699
0.028113850800592994
0.028162525342635965
0.028217133922008353
0.028277716613197734
0.028344490438119502
0.028417880061737687
0.02849851430613848
0.02858718396324382
0.028684761148332225
0.02879208563257455
0.028909828446564055
0.029038346781877767
0.029177546211056758
0.029326766162915307
0.029484702459700127
0.029649376932312427
0.029818159326386783
0.02998784164155914
0.030154760379882847
0.030314958380239388
0.0304643751851372
0.030599053196658125
0.03071534606783858
0.030444793967834477
0.03008737531856231
0.029668288493185313
0.029230298000710638
0.029170347536780074
0.029189466994171027
0.029288237951128754
0.029421481914817287
0.029565161977538154
0.029706500884819652
0.029838783183049944
0.029958605641530554
0.030064405929759574
0.030155665615408535
0.030232474405520276
0.030295291089279724
0.030344813058482967
0.03038190616996584
0.030407567921997312
0.03042290843119019
0.030429140093425365
0.03042757045509664
0.030419594950385275
0.03040668743994398
0.030390387280855493
0.030372282176519636
0.030353986428039145
0.0303371145243971
0.030323250332062523
0.030313912520723744
0.03031051731209218
0.030314340153479488
0.030326478450214394
0.030347817957241487
0.030379005721254633
0.030420432469170484
0.03047222697521273
0.03053426418787386
0.030606187822723587
0.030687446872369763
0.030777344250879843
0.03087509478431955
0.03097988914203041
0.031090960141740405
0.03120764810584665
0.03132946243483574
0.031180405012960287
0.0309644240029312
0.030698504533713908
0.030392621994659925
0.030311568177625384
0.030275584871557196
0.030266824948159368
0.030272910567901108
0.030285339465131997
0.030298383103123567
0.03030833141361691
0.030312974373853503
0.030311241204120234
0.030302941437423087
0.0302885692459743
0.03026914467690758
0.03024607427912835
0.03022102013799071
0.030195771401670627
0.030172116521639487
0.0301517179267743
0.030135993776298345
0.030126013683686864
0.03012241664505893
0.030125359576336014
0.030134503660098528
0.030149043083282104
0.030167776901054415
0.03018922013088586
0.03021174540456134
0.030233742316516404
0.030253778688277243
0.030270746825570762
0.03028397871282281
0.03029331690682982
0.030299132324727397
0.030302285637803888
0.03030403493707961
0.030305898059545925
0.03030948283682062
0.030316302040722137
0.030327591594290756
0.03034415051441484
0.0303662190726006
0.030393408017759693
0.03042468678411172
0.030458432916089434
0.030492539046060755
0.03052456821587025
0.030551943633351623
0.030210568982902686
0.029801502307583324
0.029331774211052583
0.02884401555123128
0.02875453797298139
0.028756630459831397
0.028827036304202566
0.028922805231697945
0.02901916978856517
0.029102428298910424
0.029165488754470857
0.029205155842057448
0.029220507930196933
0.029211939343556845
0.029180603504436072
0.02912809558738639
0.029056276955493347
0.02896718217872754
0.02886297261495947
0.0287459144975694
0.028618367948806903
0.028482778552289062
0.028341666391829817
0.0281976095796757
0.028053220721154015
0.02791111577502665
0.02777387554028839
0.027644000635265828
0.027523861395119913
0.02741564462879624
0.02732129964807796
0.027242486385594875
0.027180528707623552
0.027136376136040623
0.02711057705150714
0.027103265999719364
0.027114166941907023
0.02714261321080386
0.02718758364777325
0.027247753055159352
0.027321553881168633
0.027407245137382776
0.027502984059010013
0.027606896003840933
0.02771713850402544
0.027831956108636997
0.027655711313661294
0.027399931684210763
0.027082276831397877
0.02671316991530927
0.026624403157089558
0.026582515789939174
0.026568387558791342
0.02656964101182642
0.0265783168966679
0.026589377592625252
0.02659974246989106
0.026607662832450453
0.02661231226593524
0.026613512425728156
0.02661154287973151
0.02660700218668523
0.026600699618677365
0.026593565169566145
0.026586571190970732
0.026580663044530488
0.026576699048322158
0.026575401965510857
0.02657732540868934
0.02658283879792582
0.026592133876625127
0.026605254262336026
0.02662214719346122
0.026642733765082773
0.026666990903740292
0.026695035593786515
0.02672719995749536
0.026764085176662428
0.026806583247702194
0.026855858280943366
0.026913283308439798
0.026980333894158923
0.02705844555326526
0.02714884725277133
0.02725238725244321
0.027369369578352024
0.02749941913226347
0.02764139085752494
0.027793333939622883
0.02795251645651276
0.02811551007629195
0.028278329114960536
0.028436614058077177
0.02858584674304395
0.028721582735021147
0.02883968577933047
0.02854604721361974
0.028154858931741758
0.02769541909542924
0.027208464828633705
0.027127585742414275
0.02712876453809904
0.027208912430596168
0.02732365147010188
0.027448984259373376
0.02757202618971765
0.027686014219598543
0.027787600985741963
0.027875370100113355
0.0279490110244586
0.028008855621454137
0.028055616124787883
0.028090236705625292
0.028113809520681116
0.028127527214709604
0.028132655591380767
0.028130516859014715
0.02812247776643462
0.02810993928170759
0.028094325892658444
0.028077073489135584
0.02805961533266413
0.028043365955580817
0.028029703041685353
0.02801994748398526
0.028015341939610312
0.02801702834456111
0.028026025036345194
0.02804320436827579
0.028069271970820448
0.028104749084483727
0.0281499595964401
0.02820502349075522
0.028269858307766
0.028344189866798482
0.028427572945511233
0.02851942188570463
0.028619050307734976
0.02872571838085576
0.02883868551884923
0.028957266007463497
0.0290808849114799
0.028908089901212953
0.028664349354230404
0.028366677846350084
0.028024748474014018
0.027937678804195575
0.027898163491012772
0.027887228637565868
0.02789183001808176
0.027903113336767323
0.027915210862919947
0.027924414494858392
0.027928605325438824
0.02792685363612823
0.027919129149988838
0.027906080266966095
0.027888854539824287
0.027868942391430875
0.027848033258026657
0.027827878842287334
0.027810162524153168
0.027796377481142335
0.027787718763444182
0.027784996338643404
0.027788576766233336
0.02779836049230569
0.02781379968996413
0.02783395822581322
0.027857611056662148
0.02788337571534712
0.02790986422133126
0.027935840445981824
0.027960366243072597
0.027982919861802142
0.028003472351551876
0.028022511627797782
0.028041009153076318
0.02806033019844656
0.028082094718742946
0.02810800132911958
0.02813963110751865
0.028178250490071843
0.02822463307597639
0.028278918640112134
0.028340524234893225
0.02840811734570186
0.028479655214442862
0.028552488305814732
0.028623520072566862
0.028689410176444448
0.028746804486675052
0.028409008009335508
0.02799225364843906
0.027506490788977964
0.026992418326475344
0.02689471764917071
0.026890750880597992
0.026952843952824906
0.02704041991693948
0.027130019160362773
0.02720866388102178
0.02726966434334244
0.02731004511716029
0.027328994618266853
0.027326944518108593
0.027305031338678773
0.02726478772659855
0.027207970366828614
0.027136467891670242
0.027052254248706598
0.02695736642975854
0.026853893683421552
0.026743970415462382
0.026629768165953912
0.026513484080097124
0.026397324605034352
0.026283484016424122
0.02617411797173974
0.0260713127064396
0.025977050801270777
0.025893174696869668
0.025821349341005363
0.02576302553518293
0.02571940569796853
0.025691413865975055
0.025679671781824186
0.02568448283593722
0.025705825400212275
0.02574335669178541
0.025796427731679138
0.025864109244995735
0.025945227548995788
0.026038408682589272
0.026142128346093103
0.02625476473285669
0.026374651099962777
0.026500124949370717
0.026311221218859794
0.026040797255022806
0.025706413688928988
0.02531815792127801
0.025230166690179488
0.02518890466834713
0.025174944652179673
0.025175847529430175
0.02518369022505494
0.025193503382780553
0.025202278936277658
0.02520833427411662
0.02521089887056949
0.025209838774116314
0.025205465493829456
0.025198395651773422
0.02518944063924613
0.025179514100681012
0.025169550988091417
0.025160436127093264
0.02515294322506084
0.025147687261618895
0.0251450942823182
0.02514539272792309
0.025148629524071216
0.025154712244042043
0.02516347588188933
0.025174769434480146
0.025188554042756196
0.025205001443284854
0.02522457950998386
0.025248111220052424
0.02527679477419878
0.02531217589947255
0.02535606832810291
0.025410424550429737
0.025477165413712907
0.02555798306222983
0.02565413615871772
0.025766258524381535
0.02589420184786192
0.026036929963111924
0.026192476885791027
0.026357974213291908
0.026529746689784913
0.02670346867945742
0.026874369636315624
0.027037473657064843
0.027187856733569778
0.027320905036857877
0.02702164923081764
0.02661522615904671
0.026135275116278736
0.025620318642810964
0.025528165892831994
0.02551808479153516
0.025583407580699043
0.025681973261679654
0.02579070810594159
0.025897145111513753
0.025994760760604148
0.02608039497427443
0.02615280789053209
0.026211863219757464
0.026258061766855002
0.026292273394460455
0.026315582701577148
0.026329200225112575
0.026334411261159752
0.026332545904509855
0.026324960568752324
0.026313025197483225
0.026298112767379974
0.026281589158141452
0.02626480238466271
0.026249070761913088
0.026235669926641475
0.026225818849418187
0.0262206650875457
0.02622126959253297
0.02622859142622744
0.02624347278307161
0.02626662478185057
0.02629861458938654
0.026339854569306608
0.02639059429489122
0.02645091639512731
0.026520737275998973
0.0265998137312994
0.026687756294803303
0.026784049875241012
0.02688808177194699
0.026999176634646415
0.027116637365584638
0.027239790425919227
0.027368033539347178
0.02717671515506198
0.026910823091373343
0.026587520258386156
0.02621626015209788
0.026126174459951024
0.026084842598934604
0.026072645899027646
0.026076237182036083
0.026086668071122986
0.02609810430166935
0.026106946485090956
0.026111223833204317
0.026110167654582586
0.026103900466479167
0.026093197350453717
0.026079290921297314
0.026063701832763072
0.026048084491593494
0.02603408352941983
0.026023201149052606
0.02601667897042382
0.026015400471799174
0.026019821423678053
0.02602993566520022
0.026045282054158122
0.02606499547065233
0.026087900636685472
0.026112642730187777
0.026137843999160137
0.026162271561136225
0.026184998975670646
0.02620554348251974
0.026223962217008165
0.02624089416889797
0.02625753980265812
0.026275576563599853
0.026297015281641842
0.026324009014501857
0.02635863140908215
0.026402645539909703
0.02645728589496227
0.026523075448823107
0.02659969662886689
0.026685929818523045
0.026779666521280217
0.02687799726715071
0.02697736761410889
0.02707378984934369
0.027163093635598233
0.027241196020210183
0.026904361350052367
0.026479072759883905
0.025979054538621683
0.025442663738034884
0.02533852308734067
0.025330751993839516
0.025386641120928262
0.02546779436727422
0.025551966805518557
0.025626859536921762
0.02568616068246425
0.02572709736963998
0.025748952315898226
0.025752179148187317
0.025737883475454953
0.02570752495508041
0.025662751401350867
0.025605310485313088
0.02553700571400271
0.025459676321135664
0.025375188665342906
0.02528543167171971
0.02519231194673797
0.02509774615530749
0.02500364950158102
0.024911919964480066
0.02482441846727731
0.024742945509703622
0.024669215025450483
0.024604826388650167
0.024551235605767458
0.024509726809788693
0.024481385229374288
0.024467072837921322
0.02446740789123765
0.024482749526780284
0.024513188506217212
0.024558545018057546
0.024618374201918546
0.024691979702390555
0.02477843511442156
0.024876612668111465
0.02498521796149335
0.02510282904039182
0.025227937701144475
0.02535899059860126
0.025155517990085564
0.024868915995632297
0.024516493067627286
0.02410788602611193
0.02401938503843339
0.02397815010923298
0.023964177476845885
0.02396478191235967
0.023971961120393397
0.023980751898905306
0.02398819662758435
0.023992686032286895
0.023993533705511966
0.02399069256795906
0.023984557237633992
0.02397581747773016
0.02396534152493172
0.023954077147159615
0.02394296451396775
0.023932859395545705
0.023924468365379148
0.02391829978164135
0.02391463538545583
0.0239135273114459
0.023914824092940615
0.023918226887766764
0.02392337383573006
0.023929946558617764
0.02393778887012009
0.023947024420854165
0.023958157906881147
0.02397214414883893
0.023990411118516467
0.02401482688204334
0.02404760616152798
0.02409115920183171
0.02414789301793941
0.02421998186996862
0.024309128910063035
0.0244163434604696
0.024541757765176055
0.024684503290455975
0.024842660310011647
0.025013286670777887
0.025192523605078426
0.025375769442566466
0.02555790689716071
0.025733566540723878
0.025897407917907397
0.02604439999993801
0.025744308182043332
0.025329574936956617
0.024837866558185952
0.024305337878383064
0.024207218101590353
0.0241912983847498
0.02424615224875577
0.02433209876406761
0.02442725296973502
0.024519768527865037
0.0246034939117494
0.024675528668763897
0.024734836220680876
0.024781449089782363
0.02481601033328198
0.0248395080982739
0.02485312215342712
0.024858135612643866
0.02485588444157988
0.024847728468370606
0.024835034140959052
0.02481916317254865
0.024801463596548928
0.024783261234307595
0.024765850518611583
0.02475048422007192
0.024738362013903763
0.02473061807420728
0.024728308036427515
0.02473239575519914
0.024743740324976997
0.02476308384163161
0.02479104037984747
0.02482808665760001
0.024874554866260924
0.0249306281686246
0.024996339404767174
0.025071573584526746
0.025156074763342945
0.02524945786696009
0.025351225922065877
0.025460792944208402
0.025577512425622916
0.02570071096514194
0.025829726114852
0.02596394701220384
0.025757814564848634
0.02547395083614904
0.025129663345000303
0.02473421123786135
0.024642572555742686
0.024600143828431856
0.024586919879753776
0.02458943654345774
0.024598778505445913
0.02460922719623099
0.024617341255090068
0.024621324107805525
0.02462057860303597
0.0246153809473328
0.024606628802309665
0.024595634253106496
0.024583943625058703
0.02457317436454773
0.024564865415085867
0.02456034227951459
0.02456060149394133
0.02456622153568849
0.024577308095612413
0.02459348099628922
0.024613907767471258
0.024637385138655363
0.024662464868859202
0.024687615032541507
0.024711402890033957
0.02473268157556761
0.024750760694413253
0.024765540956729455
0.024777595323622028
0.02478818364468937
0.02479919401855574
0.024813011505115865
0.024832322615372174
0.02485987136511417
0.024898188731354545
0.0249493212754786
0.025014585850494427
0.025094375374303254
0.025188035765365942
0.025293826938473936
0.025408972286706098
0.025529792546988204
0.02565191246299629
0.025770522965082514
0.02588067796406086
0.02597760318350546
0.02564474930332178
0.0252151322651971
0.024706885349297176
0.02415595441112411
0.024048406767178464
0.02403902691707323
0.02409026348623018
0.024165969789348218
0.024245202919996003
0.02431641453431366
0.024373718481024934
0.024414570812940954
0.024438358862050424
0.024445558210776375
0.024437238319819605
0.024414779613769932
0.024379717232247997
0.02433365930931592
0.02427824778409572
0.024215142146396192
0.024146014183221105
0.024072546556375713
0.02399643102679546
0.023919364027189607
0.023843038486088895
0.023769131579007355
0.023699288584820014
0.023635103356244178
0.023578096133155823
0.02352968957265066
0.0234911839609435
0.02346373262049247
0.023448318536964656
0.023445733208307565
0.02345655866501819
0.02348115352911601
0.023519643870700532
0.02357191948448447
0.023637636040515848
0.023716223357059314
0.023806899792613606
0.023908692455114025
0.02402046258408654
0.024140935091121786
0.024268730871185702
0.02440240015378615
0.02418504032978663
0.023883452349259468
0.023514562173798825
0.023087486821857257
0.022998446122509605
0.022957274421710142
0.022943411343053242
0.022943921460765616
0.022950717323293374
0.022958842056020237
0.02296539664141246
0.022968860668333643
0.022968653197808945
0.022964839365759118
0.022957924352626273
0.022948698760200274
0.022938113764111166
0.022927173907455
0.02291684196342241
0.022907954986610083
0.022901154028815
0.022896832209627394
0.02289510689368046
0.02289582153478575
0.02289858122363874
0.022902823161863182
0.022907919413582393
0.022913304804485262
0.02291861837748069
0.02292384309915432
0.022929426244900606
0.022936362630452803
0.022946224918488915
0.022961129624146714
0.022983633863527628
0.023016565713089722
0.02306279937629942
0.023124994079588637
0.023205321550531007
0.02330520998605206
0.02342513187838497
0.023564458815049295
0.023721399018142627
0.02389302419606443
0.024075382849338214
0.024263689015329448
0.024452569585889487
0.02463635013253777
0.024809358332477778
0.02496622492094507
0.024666497477329182
0.024246574772342187
0.023747850308764355
0.023204106928809812
0.023103057904499336
0.0230849909032115
0.023132870155887823
0.023209396672408945
0.023293919675077594
0.023375283821198578
0.023447763814505918
0.02350874770103738
0.023557407903064626
0.023593933767928517
0.02361908655947111
0.023633941509228453
0.023639739223944228
0.023637801180709107
0.0236294825457378
0.023616146285629674
0.023599148876524905
0.02357983172853566
0.023559514782465252
0.02353949020366742
0.023521015041771627
0.023505302348789964
0.023493510671943805
0.023486732131656998
0.023485979499642626
0.02349217282882842
0.0235061262677871
0.023528535724486647
0.02355996803398423
0.023600852240376544
0.023651473535784433
0.023711970321133986
0.023782334777202107
0.023862417268104345
0.023951934844142375
0.02405048405843437
0.0241575582448385
0.02427256930043257
0.024394873850978417
0.024523803434671785
0.024658698009971818
0.024798941679184647
0.024581102454389478
0.024283094933575358
0.02392225751484498
0.023507621439999137
0.023415741048638947
0.023372945340757928
0.023359046255182342
0.023360594254379835
0.023368789185667767
0.023378076281064968
0.02338519728101383
0.02338853979823127
0.023387679006405936
0.02338304093773652
0.023375640886178328
0.023366867186414668
0.023358292495032556
0.023351503344139043
0.023347945235219825
0.023348785468334503
0.023354799466135424
0.02336628850918816
0.02338303737872745
0.02340431924712211
0.023428952249862744
0.02345540774032105
0.023481964766735693
0.02350689954454877
0.023528693467571568
0.023546239321210697
0.023559023477844377
0.023567262357926097
0.023571974426651314
0.02357497428263038
0.02357878256211476
0.023586453813717344
0.02360133340772643
0.023626762992156925
0.023665760943594145
0.02372070862477129
0.02379307417349772
0.023883202560519345
0.023990193972041704
0.024111883129472468
0.024244921458974604
0.0243849537691412
0.02452687273146374
0.024665128821516454
0.024794070587780975
0.024908289723055404
0.02458208921631773
0.024152056981936693
0.02364096025998125
0.02308241155646733
0.022974005703600607
0.02296481822675014
0.023012712873590493
0.023083775202762315
0.02315840725377264
0.023225862734564076
0.02328072332558308
0.02332070325984369
0.023345312883564607
0.023355060790070638
0.02335098749471764
0.023334400515249258
0.023306730138527555
0.02326945609949472
0.02322407456515383
0.023172086660286518
0.023114997109305844
0.02305431613789348
0.022991560641019922
0.022928252429958936
0.022865912519568165
0.022806051156435404
0.022750153773213055
0.022699663380464054
0.022655960132258342
0.02262033895779809
0.022593986253893698
0.02257795668713741
0.022573151159927356
0.02258029695005252
0.02259993094079038
0.022632386723138498
0.022677786184015294
0.02273603600674928
0.02280682931516843
0.022889652498436455
0.022983797062483786
0.023088376160920247
0.023202345255020553
0.023324526130395224
0.023453633254215046
0.023588301196880834
0.02335884014336438
0.02304459396411524
0.022662000698776125
0.0222196199308203
0.0221305416556363
0.022089685578442268
0.022076088547658818
0.02207664223453371
0.022083215777187973
0.02209088430900044
0.022096826187968925
0.022099625915137436
0.02209882312778411
0.02209460996247373
0.022087616676370034
0.022078748716944707
0.022069053302736875
0.022059603451487185
0.022051394250762257
0.02204525110616756
0.022041753254230113
0.02204117815819412
0.022043473467499148
0.022048262884247376
0.022054890452441134
0.02206250452845189
0.02207017828733228
0.02207705859116362
0.022082530103403532
0.02208637747167516
0.02208892596643421
0.022091140726461102
0.02209466703225991
0.022101798804451383
0.022115369488040153
0.022138568009981784
0.022174691674149226
0.02222685652519643
0.022297692562856405
0.02238905495762776
0.022501782179382968
0.022635527426441156
0.022788681520136883
0.02295839491893299
0.023140695606638652
0.023330690179271977
0.02352282879373651
0.02371121120086198
0.023889910507368436
0.02405329273011071
0.023754797176819394
0.02333208349509239
0.022829987314321638
0.022280033089180452
0.02217812797857781
0.02216037056573563
0.022203823083476053
0.022273396882146766
0.022349661788694384
0.022422180479960977
0.022485678822886136
0.022537844303165914
0.02257805488487718
0.022606642043557692
0.022624463039804744
0.022632653763743137
0.0226324876677487
0.02262529707866726
0.022612430881042964
0.02259523289605996
0.022575031412291106
0.022553134027132757
0.022530824238218842
0.02250935766159263
0.02248995668660317
0.022473803006581715
0.022462027907911842
0.022455700527049434
0.022455814533103684
0.022463273880602038
0.022478878408606715
0.022503310137526742
0.022537121131199305
0.022580723748800918
0.022634384013723467
0.022698218685919067
0.022772196457220048
0.022856143515442403
0.022949753560797356
0.023052602218929647
0.023164165680020738
0.023283843292038326
0.02341098372705056
0.023544914195156082
0.02368497197358114
0.02383053722690482
0.02360369680545473
0.0232951205611491
0.02292201849863772
0.02249313740491135
0.022402306278281145
0.0223599369686568
0.02234584257354181
0.022346696758239235
0.022353876340549757
0.022362022546864323
0.022368073622227837
0.02237060320890785
0.022369354202876765
0.02236489524673234
0.022358352449471385
0.02235118640029899
0.02234499684553908
0.022341346351390075
0.0223416009940256
0.022346791179810494
0.022357499286430348
0.022373782856769543
0.022395142384195477
0.02242054115174305
0.0224484811560927
0.022477134155319347
0.022504520906460636
0.02252872550265439
0.02254812626702538
0.02256162073661873
0.022568820507766627
0.022570192479794624
0.022567126408923846
0.022561914495225273
0.02255763658413304
0.0225579538884134
0.022566824139590443
0.022588160739795964
0.022625466561325816
0.022681478176510294
0.02275785729249547
0.022854962343751808
0.022971724776436202
0.023105642782523136
0.023252892144650348
0.023408541713555293
0.02356685171189336
0.023721627482816244
0.023866599403100593
0.023995800636583887
0.023677554559680545
0.023249699212505116
0.022739531859380678
0.02217847839714374
0.02207094368090377
0.022063187059828317
0.02210876918370553
0.02217588806741489
0.02224626446789343
0.022309962309777134
0.02236204835471773
0.02240051206294299
0.02242500133656457
0.022436070235835107
0.022434741956546597
0.022422263223330713
0.022399973176389733
0.0223692392713636
0.022331430983506147
0.022287913417193685
0.02224004993661974
0.022189207302336506
0.022136759532158056
0.022084088424842184
0.02203257977544369
0.021983615012759174
0.021938558452972413
0.021898740683369333
0.021865438821646366
0.021839854569456595
0.02182309110478623
0.02181612993595842
0.021819808863613416
0.021834802157923727
0.021861603952209593
0.021900515683856165
0.021951638190687857
0.022014868815462208
0.02208990360732857
0.022176244460828557
0.02227321081788586
0.022379955383127204
0.02249548316248125
0.02261867301405111
0.022748300779005713
0.022883062921445752
0.02264362492022546
0.02231938082209758
0.0219261991773334
0.021472065388114834
0.02138370851052254
0.021343542652175473
0.021330402685544186
0.021331114482863983
0.021337562739636103
0.021344888357408554
0.021350367316881304
0.021352701833842993
0.02135156070584997
0.0213472692167659
0.02134058745339213
0.02133253973147759
0.0213242730638729
0.02131693275779739
0.02131155033104985
0.021308944095336377
0.021309636484229146
0.021313794638476092
0.021321201816962423
0.021331266717225846
0.021343075668076035
0.02135548898222604
0.02136727786489028
0.021377292758005054
0.0213846486414255
0.021388908461085872
0.021390243282129556
0.02138954754408125
