0.0031168234075626207
0.008131256900606423
0.012776606298383375
0.016961190541654736
0.02073215429305124
0.024126860977197788
0.027175793045362443
0.029904893586826284
0.03233704410664118
0.034493049195567345
0.03639233992872536
0.038053503033836165
0.03949468789729719
0.04073391453157999
0.04178929056007497
0.04267913847569876
0.043422033149393864
0.044036752133969605
0.044542146325112865
0.04495694457282268
0.045299511428410544
0.045587581069272416
0.045837991668903
0.04606644275898151
0.04628729378044301
0.04651341587462791
0.04675610213461437
0.04694595530864672
0.04706954869641483
0.04713697346369308
0.047157034704209594
0.04713726371041422
0.04708397044979039
0.04700232466468526
0.04689645561655456
0.04676956246884542
0.046624029299198844
0.046461540519612196
0.046259886612336744
0.04599421127560685
0.04569856397291744
0.04538168349572258
0.045049673697840895
0.044706826929769745
0.04435622366377868
0.04400016648961658
0.043640494329077635
0.04327881129895941
0.04291665512338901
0.042555622446443335
0.04219746254994452
0.041844146477306554
0.041497915083760176
0.04116130685689326
0.04083716437799173
0.04052861703896711
0.04023903720235499
0.03997196755658544
0.039731019121379704
0.039519742230254756
0.03934147666889032
0.03919919148525481
0.03909532899950913
0.03903167020608634
0.03900923907345364
0.039028260540035636
0.039088181238565806
0.039187753890746586
0.039325177306435644
0.039498275727631434
0.03970469545140095
0.03994209423056675
0.040208300051276374
0.04050141991557639
0.04081988510626719
0.04116242583763654
0.04152797415070898
0.04191549874491314
0.04232377895571516
0.04275112750004492
0.043195073424045105
0.04365201858459261
0.04411688373475882
0.044582764597334484
0.04504062478612048
0.0454790613196886
0.04588418938330275
0.04623970453850619
0.046364705897751976
0.046218058781644346
0.04585153420880232
0.04529338348115858
0.04457491808438654
0.043727907063275014
0.042783578160656976
0.041771695821859176
0.040719780290326274
0.03965251092868262
0.03859133375861897
0.03755427160385239
0.03730198161967996
0.03681476233553368
0.036486198399821174
0.036310347316216914
0.036279844749653026
0.03638622386964338
0.03662020953833665
0.03697197398714569
0.03743134670472384
0.037987976619746726
0.038631449227711244
0.039351365089830975
0.040137389114529694
0.04097928212727054
0.04186460826769357
0.04274749077886617
0.043619244918789
0.04447106125949781
0.045294129317115045
0.04607979366545493
0.04681973456735386
0.04750616126977644
0.04811290682662129
0.04861767906197676
0.04901463915644963
0.04929870530231781
0.049465697714739854
0.04963983756134256
0.04984964465824076
0.050084122394724664
0.05033355312684506
0.05058953159706881
0.050844966214722606
0.05109405202222159
0.05142046884660237
0.05177158548064305
0.05214470673307656
0.052533447513142414
0.052913836397556514
0.05330615123486622
0.05369319972928273
0.05407139493478174
0.05443848042659827
0.05479303959738991
0.05513415346027472
0.05546116731755645
0.05577353425909418
0.05607071063395304
0.05635208467501168
0.056616924284991495
0.056864333837563494
0.05709321301711941
0.0573022135020947
0.057489691897301506
0.057653659835943935
0.05779173456343977
0.05790109540279929
0.05797845297763485
0.058020038547744596
0.058021619921312856
0.05797854792184984
0.05788583337827384
0.057738249556961385
0.05753044978077898
0.05725708589842562
0.05691291150824144
0.05649285527218181
0.055992054448559044
0.05540584624923788
0.05472972338385871
0.053959268424053984
0.053090087752631104
0.052117768729684745
0.051037882921036566
0.049846054126108534
0.04853810337916756
0.04711027523377326
0.04555954169104572
0.04388397320377701
0.04208316113902644
0.04015867338508512
0.038114524375506435
0.03595764190692793
0.033698314203840035
0.03135973193540047
0.028929330948452462
0.026479134933564956
0.024031226132020408
0.02184093931013136
0.019980373608852738
0.018411639425447383
0.017116128612221025
0.016070144778085035
0.015248632177856247
0.014624970237296584
0.01415196373350248
0.013804958040939251
0.013563049185964515
0.013408831298640608
0.013325904180927725
0.013299264682022624
0.013315545347857878
0.013363126383300134
0.013432145926998698
0.013514431839519775
0.013603376013036999
0.013693769763915908
0.013781616233384992
0.013863932986112057
0.013938555292058423
0.014003948040583768
0.014059031972209035
0.014103027975015786
0.01413532158254316
0.014156338505667323
0.01418090271106457
0.014208079091386501
0.0142369005049275
0.014263939324061246
0.014286437557316504
0.014304277727421863
0.014317314294435916
0.014333795920089105
0.014360692476088866
0.014398117335285782
0.014446264748696374
0.014501543451555526
0.0145602368487327
0.014620894024254793
0.014682037097728189
0.014787168634950387
0.01489620694699786
0.015010862905454553
0.015128850541780321
0.01523261033729944
0.015340308345060725
0.01544295279316145
0.015538487080700034
0.015625625193662035
0.015703581665852274
0.015771889480739053
0.015830275770839203
0.01587857450572873
0.015916662026742884
0.01594440600359166
0.01596162174750758
0.015968032261943436
0.015963230256689078
0.015946641796936736
0.015917492422620215
0.015874777508392054
0.01581723934743537
0.015743353908544075
0.015651330394891375
0.015539126582135623
0.015404482402987404
0.015244973371412618
0.015058084236963348
0.014841301809461386
0.014592224325202246
0.014308683205670282
0.013988871774249505
0.01363147461754685
0.013235790925593474
0.012801845351726243
0.012330480622483587
0.011823427120851236
0.011283345715014577
0.010713840956745505
0.010117654660912887
0.00949851691593931
0.008863368650153637
0.008219828708929362
0.007575981797584941
0.006940127386691668
0.0063204949943430015
0.0057249356884689385
0.00516060515663978
0.0046336593921747354
0.004148988578965892
0.003708634922849072
0.0033123119486203477
0.0029681586641876405
0.002660164357182843
0.0024512118453739124
0.0023314361258194053
0.002263055848369389
0.0022305484015605072
0.0022191779694434813
0.0022191053459672465
0.0022238078456991934
0.002228995726324081
0.002231880672491427
0.0022306873011010285
0.002224650538534134
0.0022204457735418904
0.002218394927779031
0.0022180865257156583
0.0022184335590908423
0.0022185987057355286
0.0022179508820890205
0.002216038443386504
0.0022125729638919223
0.0022074190440826767
0.002200586550962568
0.0021922223910593457
0.002182599553370011
0.002172101881578933
0.002161203901204405
0.00215044600503999
0.0021404062666041408
0.0021316709258131254
0.0021248059960919025
0.0021203323725350483
0.002116320230306062
0.002107729471405969
0.0020953506346064244
0.002079953698112694
0.002063242397129141
0.002046570930546172
0.0020301298311996624
0.002014017797609409
0.0019982465580387922
0.001982745704854367
0.0019673670369229714
0.0019518883087732925
0.0019454995076164205
0.0019439271355535532
0.001950029892545332
0.0019595982194347394
0.001959740737475341
0.0019619530650179253
0.0019637783541084004
0.001965580325537654
0.0019676517163471925
0.00197022960759464
0.001973509856293786
0.0019776593154220323
0.0019820151266706863
0.0019862207441584657
0.001990584111402378
0.0019953683373202255
0.0020007933319966687
0.002007034496615189
0.002014218925511123
0.0020224196461617987
0.0020316485181935576
0.0020365208479298973
0.0020364411208238734
0.0020312307952180435
0.0020207475969585887
0.002004884717905736
0.0019835708301780964
0.0019567715456043954
0.0019244928262722848
0.0018867866064303102
0.0018437585277797752
0.0017955772576044473
0.0017424844177785345
0.0016848037855012566
0.0016229482170561588
0.0015574227574449862
0.001488822656975192
0.001417825498610493
0.0013451772789031988
0.0012716729797675897
0.001198132806478839
0.0011253757505789814
0.0010541923995544993
9.860769473807758E-4
9.224370562512721E-4
8.635822628736049E-4
8.097039289689841E-4
7.608781728660995E-4
7.170730823445434E-4
6.781595047983955E-4
6.418942121972796E-4
6.076974906383191E-4
5.808841999676572E-4
5.544663552518353E-4
5.450690828112939E-4
5.415936690716602E-4
5.370436825802677E-4
5.370432276938881E-4
5.406081838641477E-4
5.448528407255467E-4
5.481015685811502E-4
5.494181465943548E-4
5.483241270288399E-4
5.446291734637188E-4
5.383289475511623E-4
5.295440341192617E-4
5.184836888601576E-4
5.054242945503588E-4
4.906960977435685E-4
4.746740565466036E-4
4.5777004181786284E-4
4.4042455264722017E-4
4.230967529676578E-4
4.062521479636193E-4
3.903476800010321E-4
3.7581447649457576E-4
3.630389342789092E-4
3.523432538385898E-4
3.439668942958575E-4
3.3805064389169143E-4
3.3462502988143E-4
3.3360458586737245E-4
3.3478904985485467E-4
3.3787192327581437E-4
3.3983681493886177E-4
3.404085462909033E-4
3.392826713446401E-4
3.361533816347226E-4
3.319975793886446E-4
3.294326986553213E-4
3.280463280260569E-4
3.2748894241632935E-4
3.274846161982835E-4
3.278376524044726E-4
3.284358835186149E-4
3.2925142679688323E-4
3.2856053506541346E-4
3.2672497896199895E-4
3.255836751434636E-4
3.249554604018873E-4
3.274247090689042E-4
3.30231660523365E-4
3.305593109553764E-4
3.3000678933009677E-4
3.2998180208482317E-4
3.299160681179299E-4
3.295027359136728E-4
3.2861751245047514E-4
3.272634688507086E-4
3.255309642557493E-4
3.2356721082661737E-4
3.2155196170804615E-4
3.2007238773898493E-4
3.1955724105203157E-4
3.200879513766683E-4
3.210661938365872E-4
3.2143714847417045E-4
3.2112019647920215E-4
3.200060523519169E-4
3.179518774670165E-4
3.147809785753025E-4
3.130361801787146E-4
3.128347609667625E-4
3.140592671605035E-4
3.165606391890101E-4
3.2017165807486794E-4
3.247215604095894E-4
3.300504970112736E-4
3.360223513786381E-4
3.425344580194771E-4
3.495230046417101E-4
3.569633593671155E-4
3.648651786879227E-4
3.7326282757740793E-4
3.8220226480150386E-4
3.9172600769884233E-4
4.0185801918643494E-4
4.1259033196576397E-4
4.2387296633646007E-4
4.3560827037639074E-4
4.476502924206127E-4
4.598092601784188E-4
4.7186074606319023E-4
4.8355868069367686E-4
4.946510543136564E-4
5.048969266379592E-4
5.061316089213989E-4
5.030436327459216E-4
5.028391855103192E-4
4.988117569607874E-4
4.989450217254331E-4
5.013635828861325E-4
5.010384004421823E-4
5.040977513983789E-4
5.08455078674413E-4
5.129814524731693E-4
5.170420151284907E-4
5.219807630286092E-4
5.276599592019446E-4
5.336835780797756E-4
5.397509479039011E-4
5.456269603480427E-4
5.511252955810512E-4
5.560992699865718E-4
5.604372228083088E-4
5.640605914685765E-4
5.669234915324594E-4
5.690129789375102E-4
5.703493700982663E-4
5.709861097598554E-4
5.710087562487992E-4
5.705327322888172E-4
5.696995901143081E-4
5.686716764862327E-4
5.676252596597129E-4
5.667423860299526E-4
5.662019442865715E-4
5.66170593163222E-4
5.667943152880854E-4
5.681913617744319E-4
5.704472364913927E-4
5.723718616990473E-4
5.713109679733357E-4
5.674892095213242E-4
5.643532164756607E-4
5.619586860078262E-4
5.603330419477536E-4
5.594853157350508E-4
5.594122505981608E-4
5.6010414897386E-4
5.615501782593075E-4
5.637429766646298E-4
5.663271289055516E-4
5.690868489685976E-4
5.741241704247969E-4
5.794666602086761E-4
5.80920932181693E-4
5.808150620048919E-4
5.774299679710212E-4
5.711223871760057E-4
5.649004229708496E-4
5.609431926254835E-4
5.592578674501134E-4
5.594244786707027E-4
5.611292038524457E-4
5.64142867086103E-4
5.683049672509336E-4
5.735110089447003E-4
5.79396854584021E-4
5.857570084516622E-4
5.925671327753869E-4
5.99803077074993E-4
6.074326418974109E-4
6.135372243384571E-4
6.170396569896031E-4
6.187364669559527E-4
6.199841977821064E-4
6.208060106039853E-4
6.211992239249308E-4
6.211354719134848E-4
6.205638444673095E-4
6.194169127545236E-4
6.176192020810812E-4
6.150973426207668E-4
6.117908604971441E-4
6.076624164982372E-4
6.027062931210213E-4
5.96954085608675E-4
5.90476854431518E-4
5.833834041930113E-4
5.758148073160361E-4
5.679357233768738E-4
5.59923416406573E-4
5.519556002189133E-4
5.441983267350232E-4
5.367950786460292E-4
5.298580578896663E-4
5.234624073484452E-4
5.176437984514677E-4
5.123994914066329E-4
5.076926511754071E-4
5.034594006362573E-4
4.938354848252965E-4
4.8011563631520255E-4
4.7018925654548563E-4
4.574893721859424E-4
4.5375649355485187E-4
4.5507546203169024E-4
4.543396491238331E-4
4.563101684537418E-4
4.5817121372950924E-4
4.5996418037337795E-4
4.616832858077423E-4
4.6261025006535917E-4
4.62338835288895E-4
4.6066211778439723E-4
4.575044650806676E-4
4.528802803760014E-4
4.4686884974838977E-4
4.395988003435933E-4
4.3123813020353564E-4
4.219872444223213E-4
4.1207334193359916E-4
4.017450799112447E-4
3.9126683724018135E-4
3.8091218640584477E-4
3.709564118268852E-4
3.6166810797128783E-4
3.533000640846011E-4
3.460797954857533E-4
3.402002084740782E-4
3.35810976731847E-4
3.330112497832493E-4
3.318442980553958E-4
3.3229461826516385E-4
3.3428787794988023E-4
3.3686667197475444E-4
3.3832152620672786E-4
3.3856584249273495E-4
3.3749411363564704E-4
3.3499564917177546E-4
3.318925136999013E-4
3.300929885780343E-4
3.2937439676323274E-4
3.2953517570434717E-4
3.304020018275815E-4
3.318349550652711E-4
3.3373084957136846E-4
3.3308189355522747E-4
3.305916910767518E-4
3.2846174809203764E-4
3.2596868303503364E-4
3.2650756168561753E-4
3.287975930311624E-4
3.301345097552607E-4
3.3034243154274573E-4
3.30840283265272E-4
3.3124381670089257E-4
3.3134250568438774E-4
3.310428604495878E-4
3.3033038828529605E-4
3.2924338708251817E-4
3.278542449072134E-4
3.2625547465618866E-4
3.2454871663404E-4
3.228356094372563E-4
3.2120988743738875E-4
3.197503869991426E-4
3.1873118391023E-4
3.17416612118906E-4
3.149375995657684E-4
3.1126639935686044E-4
3.0637856290452003E-4
3.015999371669398E-4
2.976630768727735E-4
2.9458002864711204E-4
2.9234613595057737E-4
2.9094555505637036E-4
2.9035726504784813E-4
2.9056086984229643E-4
2.915414469618129E-4
2.932927523458796E-4
2.958182495980162E-4
2.991296828359202E-4
3.0324322247512363E-4
3.0817353660239383E-4
3.139264268032149E-4
3.204908733338126E-4
3.2783143363615433E-4
3.358819240554125E-4
3.445411994416192E-4
3.5367165334033274E-4
3.6310082069682445E-4
3.7262620023831674E-4
3.820231431656536E-4
3.910553906265824E-4
3.9948759432346514E-4
4.0709893441985204E-4
4.045433021980624E-4
3.9676250280434096E-4
3.9187476327530365E-4
3.8299287755768886E-4
3.8022416900753526E-4
3.82299910859144E-4
3.820227384908205E-4
3.845619847851277E-4
3.8799347467964487E-4
3.9130136944717645E-4
3.940195607968637E-4
3.9712227100379007E-4
4.0025626152209525E-4
4.031937262253443E-4
4.0578623947465185E-4
4.079385726862043E-4
4.095936433625006E-4
4.107238021021536E-4
4.1132573759996557E-4
4.114174025511174E-4
4.110359883182887E-4
4.102363347296768E-4
4.0908937489117546E-4
4.0768034894968366E-4
4.061066119191533E-4
4.04474930289223E-4
4.0289822312845593E-4
4.01491763625966E-4
4.0036892048296227E-4
3.9963658556875834E-4
3.9939050121181056E-4
3.997107600469546E-4
4.006577922630562E-4
4.0226916827869287E-4
4.0455752019043966E-4
4.0750981879625304E-4
4.0925779084748483E-4
4.089166170304015E-4
4.075185990243161E-4
4.069286730198781E-4
4.071334889386767E-4
4.081118809835779E-4
4.098403935847452E-4
4.1229882031723896E-4
4.154755316945308E-4
4.193724387659337E-4
4.2088539037087334E-4
4.2133729149355323E-4
4.230647437998233E-4
4.256625812879769E-4
4.272735573887572E-4
4.2859809463412126E-4
4.276006786755227E-4
4.2514491857923413E-4
4.2321847905224953E-4
4.2144049542252107E-4
4.195664618808299E-4
4.188334875221461E-4
4.193462054936897E-4
4.2091889885441977E-4
4.2344043299240926E-4
4.2685893522392907E-4
4.311687571472453E-4
4.361677768942037E-4
4.4171662666096735E-4
4.478265236395233E-4
4.5382899735472456E-4
4.582551006271104E-4
4.610602872788178E-4
4.6220585324212527E-4
4.6165355930707143E-4
4.6041704801732066E-4
4.5949306570118516E-4
4.588585975075949E-4
4.5846128438697237E-4
4.582266871180858E-4
4.580677642245336E-4
4.578956617206795E-4
4.5763069687164047E-4
4.5721232678700325E-4
4.5660695287272275E-4
4.5581262749516525E-4
4.54860076284747E-4
4.538098808649643E-4
4.52746119756963E-4
4.5176717459387386E-4
4.5097471995403675E-4
4.504620937808865E-4
4.503032814528617E-4
4.505436518672229E-4
4.511933846750978E-4
4.5222425559000303E-4
4.535701304715293E-4
4.5513118119531543E-4
4.567814941991389E-4
4.5837941236466777E-4
4.513794683964121E-4
4.377806035191813E-4
4.273252038616349E-4
4.1404664829196953E-4
4.0963914086537297E-4
4.1071688846860055E-4
4.0926860411729353E-4
4.1182941063794927E-4
4.151386528928204E-4
4.177190863636889E-4
4.1950267487437425E-4
4.2101027669470283E-4
4.218598020391016E-4
4.218402861849463E-4
4.2085310655513874E-4
4.18875854637731E-4
4.159399319518382E-4
4.1211644832253347E-4
4.0750706905037093E-4
4.022377066478955E-4
3.964537262073348E-4
3.9031582587758487E-4
3.839960776410493E-4
3.776738340152334E-4
3.7153136179210125E-4
3.6574917699149894E-4
3.605011391193658E-4
3.559494254579896E-4
3.522395521465497E-4
3.4949564090344936E-4
3.478161496345444E-4
3.47270291908005E-4
3.478953633581159E-4
3.4969517074453593E-4
3.5263971970007213E-4
3.5501348149084405E-4
3.563204786760806E-4
3.5654045893199524E-4
3.5564405559023306E-4
3.5359953644372263E-4
3.519253445553909E-4
3.513064460220018E-4
3.516115614740295E-4
3.527145729395354E-4
3.5449910160215175E-4
3.5686215182052143E-4
3.55723289105256E-4
3.5211415104061903E-4
3.486357360977196E-4
3.449585438567442E-4
3.4473987296534893E-4
3.464977798730338E-4
3.4719724580415897E-4
3.468977492583899E-4
3.475345579645572E-4
3.481801026102841E-4
3.486471346459095E-4
3.488458990419207E-4
3.4874999363265703E-4
3.483733880580604E-4
3.4775443559113334E-4
3.469442649406126E-4
3.459979200855421E-4
3.4496725481703196E-4
3.4389501708413596E-4
3.4280985356837046E-4
3.417221718444014E-4
3.408106084339585E-4
3.3923662099715596E-4
3.363217981891941E-4
3.3259746987071836E-4
3.2925868863864743E-4
3.2632563775577487E-4
3.238078792850145E-4
3.2170879223336385E-4
3.2003062705079455E-4
3.187795830119343E-4
3.179702345140783E-4
3.176286353013201E-4
3.177935296690001E-4
3.1851529349826953E-4
3.198524933866827E-4
3.218662512514868E-4
3.2461288857131E-4
3.281355551800623E-4
3.3245569067153933E-4
3.375652087198216E-4
3.434202413972496E-4
3.499371510578343E-4
3.569913363366246E-4
3.6441914865091926E-4
3.720230111659051E-4
3.7957960032001186E-4
3.8685071288819964E-4
3.9359620254919033E-4
3.9958813934251754E-4
3.9453353508123054E-4
3.826630204237154E-4
3.7263633246209234E-4
3.5938212932630183E-4
3.5442541207883466E-4
3.5588367714781973E-4
3.553217498682764E-4
3.575813434295436E-4
3.6107851055366903E-4
3.6473872032517416E-4
3.6797143804428263E-4
3.7045096714506654E-4
3.726917849028861E-4
3.74604155318271E-4
3.76082533293481E-4
3.770730549691872E-4
3.775575640978486E-4
3.7754395245816327E-4
3.7706015804204573E-4
3.7615026040937615E-4
3.7487173568141117E-4
3.7329329922527977E-4
3.714929853434094E-4
3.69556251289503E-4
3.6757398155448575E-4
3.656403271021025E-4
3.638503549607532E-4
3.6229751407306025E-4
3.610709489740692E-4
3.602527174184609E-4
3.5991499356561576E-4
3.6011736493895635E-4
3.6090435718639553E-4
3.6230334174443523E-4
3.643229924738444E-4
3.669524525401125E-4
3.699887343924195E-4
3.7143265466417166E-4
3.713255123150044E-4
3.7148324155668083E-4
3.7241198825269177E-4
3.7408963507406563E-4
3.7649074406507057E-4
3.795910533210252E-4
3.833721144077526E-4
3.8782590346122414E-4
3.882201402705681E-4
3.864183658658865E-4
3.8517193937452295E-4
3.845789226624095E-4
3.852024998792376E-4
3.8659655897100014E-4
3.862269662254927E-4
3.8437179757669983E-4
3.8321914612208E-4
3.8235940629573374E-4
3.8153685425087596E-4
3.806079322657152E-4
3.799691568298598E-4
3.800954339105736E-4
3.808940751719638E-4
3.823297963166866E-4
3.844113619181229E-4
3.871797080761033E-4
3.9069694325655907E-4
3.950359742034343E-4
3.9922538603328944E-4
4.0266065527777415E-4
4.0511224542068866E-4
4.063245273610799E-4
4.062675056115093E-4
4.049060446849133E-4
4.0323807043973184E-4
4.019412146958169E-4
4.009761704513455E-4
4.002892180512827E-4
3.9982118785762433E-4
3.9951688168294496E-4
3.993339014570002E-4
3.9924983752624813E-4
3.992669109386915E-4
3.994134334585666E-4
3.997418120630584E-4
4.0032322996867063E-4
4.012395253396733E-4
4.025731082942516E-4
4.0439596871316605E-4
4.067589150635144E-4
4.0968215239586283E-4
4.1314817553665044E-4
4.170977474137896E-4
4.214294764983931E-4
4.260032183826193E-4
4.306472141186351E-4
4.351685492014156E-4
4.3936618414028734E-4
4.332880582201816E-4
4.1892515317034073E-4
4.0619864418489215E-4
3.914207693389623E-4
3.8563684666416826E-4
3.8606060443317525E-4
3.8435544714707725E-4
3.8553279586539914E-4
3.8822807845032936E-4
3.911473631325553E-4
3.93562013336081E-4
3.953338153145495E-4
3.965962281452394E-4
3.9716398717573625E-4
3.969491658478039E-4
3.95929063970697E-4
3.941262225222589E-4
3.9159581541002483E-4
3.884174828260184E-4
3.84689773111117E-4
3.805260451126444E-4
3.760511182720879E-4
3.7139823996336255E-4
3.6670612575854687E-4
3.6211595218881113E-4
3.57768263805936E-4
3.53799809954838E-4
3.5034036035989506E-4
3.4750956868965415E-4
3.4541396450177834E-4
3.4414416009133727E-4
3.437723623941235E-4
3.443502825983588E-4
3.4590753742156884E-4
3.4845063459245366E-4
3.5139269065276833E-4
3.5347877626868833E-4
3.5471173124853954E-4
3.5508506307413206E-4
3.5458653907898213E-4
3.533571699174545E-4
3.5313593607617965E-4
3.53831730560229E-4
3.553500858445307E-4
3.575967922261266E-4
3.6048114329999254E-4
3.5870277014836085E-4
3.5375386123632813E-4
3.4866296343247146E-4
3.436207010774114E-4
3.427829613453063E-4
3.4435955950874015E-4
3.4497363452772533E-4
3.4432036058405704E-4
3.447303237339729E-4
3.455396588560393E-4
3.4630525294476397E-4
3.4694443448846915E-4
3.47433033617652E-4
3.477833098096182E-4
3.4802869419859933E-4
3.482127441081237E-4
3.483807099403222E-4
3.485727590229054E-4
3.4881832978944725E-4
3.491313840223477E-4
3.49506530708864E-4
3.4991613648329854E-4
3.495890238869994E-4
3.477611924555906E-4
3.452735379231572E-4
3.426444827776745E-4
3.4005835715900546E-4
3.3771734624396467E-4
3.3562060107940913E-4
3.337718440925106E-4
3.321848493067071E-4
3.3088793389246063E-4
3.2992674309428145E-4
3.293647509229188E-4
3.292811369053147E-4
3.2976600415343183E-4
3.309132305269193E-4
3.328115420172799E-4
3.355346215128562E-4
3.3913118912343344E-4
3.4361600585352E-4
3.4896267373744954E-4
3.550989578325829E-4
3.619051661368747E-4
3.6921591355728087E-4
3.7682537584111475E-4
3.844959097294682E-4
3.919696733463692E-4
3.989826262790274E-4
4.0528003228665636E-4
3.9972115252695625E-4
3.856976955341463E-4
3.723957717309427E-4
3.566014914984637E-4
3.5001953112771627E-4
3.509571235426309E-4
3.5058919208198975E-4
3.523561818228786E-4
3.558612322876614E-4
3.597889061602128E-4
3.6353622969771834E-4
3.6676382853121774E-4
3.6928284103753407E-4
3.709918021503583E-4
3.7184064751051517E-4
3.722104260405157E-4
3.72119134423107E-4
3.715869904076206E-4
3.7065119810619204E-4
3.6936181751212415E-4
3.677788732012223E-4
3.6597015319645153E-4
3.6400936574664704E-4
3.619744565541427E-4
3.5994597377460725E-4
3.5800542147247335E-4
3.562335754710707E-4
3.5470875609834693E-4
3.535050654615325E-4
3.5269060657293496E-4
3.523257109202654E-4
3.5246121198163877E-4
3.5313681562242397E-4
3.5437963380753704E-4
3.5620296370500904E-4
3.586054068796405E-4
3.6157042900820084E-4
3.640782629398914E-4
3.6537239751670264E-4
3.660739039813822E-4
3.674929580518883E-4
3.696148362797929E-4
3.7242025252488516E-4
3.7588859004501236E-4
3.800014900036334E-4
3.8474666699360644E-4
3.8425845366250573E-4
3.805776498631688E-4
3.7693722462198766E-4
3.7347050422217783E-4
3.731696145731403E-4
3.745455226498471E-4
3.745207770137702E-4
3.727830702580083E-4
3.716555612550971E-4
3.7087604340399277E-4
3.7018207927555025E-4
3.6942848302283894E-4
3.685560671468299E-4
3.679540288715977E-4
3.678205327019213E-4
3.681242255749921E-4
3.688733609596495E-4
3.7010404362778927E-4
3.718696188687909E-4
3.7423101135136005E-4
3.760593255407592E-4
3.771465273104638E-4
3.7754995162481565E-4
3.7733644280671814E-4
3.7657988329247404E-4
3.7536108541653235E-4
3.740019833991245E-4
3.728934827272719E-4
3.719937021712709E-4
3.7125692780844345E-4
3.7064258261965697E-4
3.701237470221041E-4
3.696941996591947E-4
3.693730526277181E-4
3.6920629097329696E-4
3.6926486554539686E-4
3.6963938387648805E-4
3.7043183770091336E-4
3.717451419448393E-4
3.736714960653907E-4
3.7628069347612374E-4
3.796095002860045E-4
3.836531203642644E-4
3.88359587966159E-4
3.9362770815915693E-4
3.993089161247882E-4
4.0521315473259124E-4
4.1111857378220434E-4
4.167845331336493E-4
4.2196705538636523E-4
4.159937635289966E-4
4.0053029274940443E-4
3.856536056342716E-4
3.6906628483316143E-4
3.619020005620286E-4
3.618086978839463E-4
3.601931273773101E-4
3.603404512507871E-4
3.62023373732175E-4
3.640685921754236E-4
3.658169821303499E-4
3.669222669849096E-4
3.676683850834833E-4
3.6815966685246627E-4
3.683540748377498E-4
3.679154024191282E-4
3.6679902377292775E-4
3.650515661246969E-4
3.6273998879355376E-4
3.5994670056463624E-4
3.567660542439849E-4
3.53301578998651E-4
3.4966356598939175E-4
3.45966788734758E-4
3.4232824749630994E-4
3.3886489590706997E-4
3.356913504099393E-4
3.3291760718918035E-4
3.306468032053603E-4
3.289730623141938E-4
3.2797946793339174E-4
3.277362031741031E-4
3.2829889977123954E-4
3.2970723953063225E-4
3.319838562320056E-4
3.3513359069648423E-4
3.377618561790604E-4
3.39733936993741E-4
3.4105059771060835E-4
3.417057730162754E-4
3.4168933364304733E-4
3.418994421035373E-4
3.4298629525100646E-4
3.4487801086110576E-4
3.474985163474735E-4
3.507701581130645E-4
3.4836247862675114E-4
3.4217747946921513E-4
3.355969585962914E-4
3.2882436756330566E-4
3.275115808529419E-4
3.2904855869759586E-4
3.297587294905447E-4
3.2932503295554015E-4
3.294499432761896E-4
3.3024644297297923E-4
3.3110450507879723E-4
3.3194816400845746E-4
3.3275872886594443E-4
3.3355283965079495E-4
3.3436730672264383E-4
3.3524809396076133E-4
3.3624184254651355E-4
3.373889916963813E-4
3.3871798902173575E-4
3.402403829192853E-4
3.419468003092196E-4
3.4380395933637895E-4
3.446024418785941E-4
3.4418604069525794E-4
3.4355214992028295E-4
3.428612454529182E-4
3.420263064505764E-4
3.4094544501544035E-4
3.39508821228226E-4
3.376061157598209E-4
3.356060718274559E-4
3.338121056044146E-4
3.322849613080717E-4
3.3110803442924184E-4
3.303843902715968E-4
3.302307999040087E-4
3.3076918878308E-4
3.321162079635985E-4
3.343718594678485E-4
3.37608211539021E-4
3.4185922685871055E-4
3.4711261912755446E-4
3.533044833105936E-4
3.6031724360065487E-4
3.6798125115218566E-4
3.760801468990065E-4
3.8435987804238915E-4
3.9254101137243034E-4
4.0033371948179473E-4
4.0745453728166E-4
4.0219636908296033E-4
3.8710440811084735E-4
3.718444130926946E-4
3.5452582670883123E-4
3.4670822342378874E-4
3.472064960804714E-4
3.4683153652502284E-4
3.4779703556449395E-4
3.5081831799808715E-4
3.547503178536701E-4
3.5866842445347674E-4
3.622387517544091E-4
3.652730278681716E-4
3.676678104647197E-4
3.6936927800031746E-4
3.7035261401808297E-4
3.706099260415316E-4
3.701432338757457E-4
3.689604806682149E-4
3.6741792209088816E-4
3.656363936131389E-4
3.636811459739121E-4
3.616214786058402E-4
3.5952930951927163E-4
3.5747783847063806E-4
3.5554024415792364E-4
3.537883878935112E-4
3.522915151311081E-4
3.5111495702967564E-4
3.503188403383052E-4
3.4995681792660867E-4
3.500748363312513E-4
3.5070996223316304E-4
3.518892976330938E-4
3.536290236382619E-4
3.5593362425831475E-4
3.5879535257345234E-4
3.620183894072302E-4
3.643055002007927E-4
3.6566827415272763E-4
3.67556290641244E-4
3.701087244873211E-4
3.7331115830542896E-4
3.771469258257473E-4
3.815998071597973E-4
3.866570491587713E-4
3.85535072288462E-4
3.8030346030675617E-4
3.74700755075227E-4
3.688983453505314E-4
3.6776164582528553E-4
3.6912102728683125E-4
3.6936380696949925E-4
3.6813854084191884E-4
3.669838781255565E-4
3.662023245637084E-4
3.655326867819112E-4
3.648327228290456E-4
3.640462348516E-4
3.632074782830127E-4
3.6269974112979346E-4
3.6249446083418883E-4
3.625978974735907E-4
3.6303944301550325E-4
3.638612587520667E-4
3.6490942660118283E-4
3.6516802955805476E-4
3.6467046701093653E-4
3.634609254023046E-4
3.6159162944393114E-4
3.591225105852348E-4
3.5612336955061647E-4
3.5387081424188144E-4
3.525472400724759E-4
3.5195542120406467E-4
3.513815386386362E-4
3.5079407890845516E-4
3.501848986657795E-4
3.4957517811108374E-4
3.490181959177811E-4
3.485983819928478E-4
3.484265232715628E-4
3.4863144248816586E-4
3.4934887303148253E-4
3.5070855757873067E-4
3.528207698804445E-4
3.5576349172143423E-4
3.595713900123372E-4
3.6422756704499864E-4
3.696588372439417E-4
3.757350434378635E-4
3.82272675454692E-4
3.8904278905159845E-4
3.9578293196764017E-4
4.022124591900652E-4
4.080502706014681E-4
4.0224618608679266E-4
3.859711818336661E-4
3.6950336443823467E-4
3.514396381363012E-4
3.431024207941683E-4
3.426099796365082E-4
3.410863932643485E-4
3.405724489737613E-4
3.4158497276031775E-4
3.430491910884325E-4
3.4436209776048907E-4
3.452075090799062E-4
3.4544361030293484E-4
3.4507512772473083E-4
3.4441874872150513E-4
3.435079662763645E-4
3.4241426313545443E-4
3.412331761010344E-4
3.395530148364688E-4
3.374433235413928E-4
3.3498377350162334E-4
3.322618984332859E-4
3.2937116351539704E-4
3.264091667357093E-4
3.2347586887722347E-4
3.2067181037102025E-4
3.180963108427616E-4
3.158456682140695E-4
3.140113841273381E-4
3.126784452748947E-4
3.119236890517485E-4
3.118142792834096E-4
3.1240631551457876E-4
3.1374359881014406E-4
3.1585657888126583E-4
3.187615115048124E-4
3.217517410778017E-4
3.24238023080275E-4
3.262233715795464E-4
3.2770374224397043E-4
3.2866990671056125E-4
3.2927435341759023E-4
3.306920633619543E-4
3.328674334565368E-4
3.3573863992337143E-4
3.392395931442925E-4
3.3627971683615823E-4
3.2904285235787345E-4
3.211969444357244E-4
3.129489361803554E-4
3.112281890134933E-4
3.1276231504613015E-4
3.136038093436738E-4
3.134159826617947E-4
3.133535032037766E-4
3.139373169945583E-4
3.1471565556693025E-4
3.1556359839823584E-4
3.1646874997088876E-4
3.1745383338227176E-4
3.185613681113399E-4
3.1984246649179434E-4
3.212887504666443E-4
3.2283345398245657E-4
3.24509723356285E-4
3.26348132044433E-4
3.283728113830098E-4
3.298685292480705E-4
3.304666755903035E-4
3.303655251566613E-4
3.305633946989022E-4
3.310994041425078E-4
3.3167456681533155E-4
3.3206041357533285E-4
3.3213539025152977E-4
3.3177962199603945E-4
3.3088315044542383E-4
3.293528599014207E-4
3.273929126985009E-4
3.257144854816353E-4
3.2444008176817253E-4
3.237094897091829E-4
3.23669900365055E-4
3.2446400782097125E-4
3.2621715793365325E-4
3.290246980410281E-4
3.329406343723234E-4
3.379685590833284E-4
3.440556072311768E-4
3.5108998319112824E-4
3.5890237756727104E-4
3.672713819196776E-4
3.759327879722601E-4
3.845924152605477E-4
3.929418392200683E-4
4.0067609956094666E-4
3.9582606452739867E-4
3.801876772190364E-4
3.637386752952907E-4
3.4545214993214043E-4
3.3674125874381554E-4
3.3691579592291495E-4
3.3649376521055117E-4
3.3690032151920726E-4
3.3920774615357925E-4
3.4238807873885273E-4
3.458537442212575E-4
3.492740763291803E-4
3.5247232475026086E-4
3.5517106622756005E-4
3.5730718474268487E-4
3.5885355216945893E-4
3.5979802431318866E-4
3.601367045992376E-4
3.598701644892473E-4
3.590014208631924E-4
3.5753492044172166E-4
3.55478146389847E-4
3.5334876632804634E-4
3.5121417998084715E-4
3.4914254020713286E-4
3.472016881757705E-4
3.454580877125694E-4
3.439757503168088E-4
3.428151542257713E-4
3.4203216762995433E-4
3.416769897856027E-4
3.4179312596111275E-4
3.4241641420359564E-4
3.4357412484245254E-4
3.452841581193992E-4
3.475543715330391E-4
3.503820759989529E-4
3.5375374768578264E-4
3.567327474535995E-4
3.5900954056465546E-4
3.6131712071277354E-4
3.6426275623774264E-4
3.6783427352643895E-4
3.7201727706182936E-4
3.76797248129979E-4
3.821619584574741E-4
3.8059562981623753E-4
3.741733625319043E-4
3.670621575582969E-4
3.5946460040247187E-4
3.5766857752967426E-4
3.590306045204664E-4
3.59494607230401E-4
3.58688019113775E-4
3.575473070642902E-4
3.567854266825064E-4
3.5614929899362304E-4
3.5550407203788843E-4
3.547993925912294E-4
3.5404519427902466E-4
3.5347170815830777E-4
3.5311029241351643E-4
3.52965789294983E-4
3.5306168657081984E-4
3.5342992841928193E-4
3.533852241420518E-4
3.5260403145371584E-4
3.512217365189865E-4
3.4926561167141824E-4
3.4675318620117323E-4
3.436931330563176E-4
3.408399293486542E-4
3.385840799084967E-4
3.3691935493419383E-4
3.358340368862409E-4
3.3531989181078136E-4
3.3474435534004807E-4
3.3403563235835426E-4
3.332361089594306E-4
3.3242700338989345E-4
3.317254828062233E-4
3.31277484419604E-4
3.312467904996271E-4
3.318013319589614E-4
3.330979833692146E-4
3.3526723452082365E-4
3.3839908699597235E-4
3.4253136466175677E-4
3.4764139457658905E-4
3.536417557653244E-4
3.6038053564971056E-4
3.676462816562279E-4
3.7476207014249424E-4
3.815042279248123E-4
3.8765912308273226E-4
3.930158555229472E-4
3.8646099046589044E-4
3.698517784189015E-4
3.524732964048773E-4
3.3350072579930746E-4
3.243434622471419E-4
3.235638432169479E-4
3.220971349057434E-4
3.21177696565104E-4
3.217352711055077E-4
3.227892508045601E-4
3.2379068150234405E-4
3.2445261265721037E-4
3.246466202116428E-4
3.2433926916815623E-4
3.23553099579238E-4
3.223428211316371E-4
3.2078096936340324E-4
3.191414172795697E-4
3.175465378772514E-4
3.1594317516737107E-4
3.140220488205874E-4
3.118578701693726E-4
3.095308956822632E-4
3.071254954860031E-4
3.0472872573122966E-4
3.0242886542928134E-4
3.0031391322934997E-4
2.984700594782314E-4
2.969801586739174E-4
2.9592223055080653E-4
2.95368017086054E-4
2.953816196773771E-4
2.9601823718714693E-4
2.9732302271361343E-4
2.9933007573064733E-4
3.0206158711418394E-4
3.052725125910725E-4
3.080976356619143E-4
3.105398902779066E-4
3.125951544717598E-4
3.142536633334487E-4
3.1550185477946844E-4
3.1719455198672095E-4
3.195832251746721E-4
3.2261651857506984E-4
3.2623766327638125E-4
3.2282915845629237E-4
3.1477744552817883E-4
3.059538988362338E-4
2.965609081033591E-4
2.9452655808790047E-4
2.960673730325659E-4
2.970296042630023E-4
2.9706078212160303E-4
2.968632794146294E-4
2.972606339746354E-4
2.978528003412475E-4
2.985774163138977E-4
2.994293750423729E-4
3.0043852580108327E-4
3.015167824261499E-4
3.0264648678872543E-4
3.0385528115079065E-4
3.051769581647385E-4
3.0664555045055284E-4
3.08290345736872E-4
3.095797484734768E-4
3.1005294809204764E-4
3.0971746819487565E-4
3.092567022624547E-4
3.090759970717843E-4
3.092012955067655E-4
3.096514567421913E-4
3.104438307044605E-4
3.1160066068733366E-4
3.123748937884541E-4
3.126193078756541E-4
3.122357072608229E-4
3.1115173059427834E-4
3.0932277037237733E-4
3.076385178350287E-4
3.064366387809806E-4
3.058847137504539E-4
3.06147539275719E-4
3.073729669263378E-4
3.0967802394420434E-4
3.1313650861814575E-4
3.1776906883849065E-4
3.235365346421306E-4
3.3033703091643786E-4
3.380071691891184E-4
3.4632740710931783E-4
3.5503145265481777E-4
3.6361731976451055E-4
3.715414945923669E-4
3.785670014880957E-4
3.731922283583319E-4
3.5816379032160763E-4
3.4212981599315536E-4
3.2445250646009346E-4
3.1631743630044866E-4
3.162944311517768E-4
3.1583962586487007E-4
3.1586643267706853E-4
3.1762357289813963E-4
3.201667991674562E-4
3.2295837683407396E-4
3.2569917042271065E-4
3.282332486977332E-4
3.30491966616288E-4
3.324603826148944E-4
3.341567232266974E-4
3.3547822355785615E-4
3.362924711797341E-4
3.365941658394251E-4
3.3637950857600194E-4
3.356454359731856E-4
3.3438935710305756E-4
3.326091023403233E-4
3.3047511512832094E-4
3.284159169110486E-4
3.2649498475926484E-4
3.2477469124681137E-4
3.233153614233021E-4
3.221742997772047E-4
3.214048012014364E-4
3.2105516485376627E-4
3.2116773243647564E-4
3.217779737586248E-4
3.229136433120626E-4
3.245940326968741E-4
3.2682934561510343E-4
3.296202250855735E-4
3.329574663969184E-4
3.363595230106163E-4
3.392400257232705E-4
3.4185445167140703E-4
3.4508647774155084E-4
3.4892470787775963E-4
3.533558806663178E-4
3.5836661777542445E-4
3.639454286524144E-4
3.6203200599345766E-4
3.5483131342856344E-4
3.467384391123793E-4
3.379697671955737E-4
3.358444889503483E-4
3.372611732129394E-4
3.3792311499948146E-4
3.3745719345810527E-4
3.3636398106625125E-4
3.3563816180662954E-4
3.3504091754385957E-4
3.3444852030356645E-4
3.3381865560082395E-4
3.3317265039113446E-4
3.327001769672138E-4
3.3237874660663815E-4
3.3221193857007296E-4
3.322179106827782E-4
3.3234002491023753E-4
3.318661526763821E-4
3.308290279005173E-4
3.2925466519576513E-4
3.27159151943483E-4
3.2454800718248163E-4
3.219823885339908E-4
3.19938579553868E-4
3.184057243052681E-4
3.1736339292671653E-4
3.1679118778152755E-4
3.166785481945065E-4
3.170336545050593E-4
3.1687603020452704E-4
3.158842983665139E-4
3.1479523984808175E-4
3.137824513204007E-4
3.130215955465325E-4
3.12706684395802E-4
3.1303419860738397E-4
3.1418587665099174E-4
3.163117245905162E-4
3.19514702865337E-4
3.2383832297231004E-4
3.2925810236202687E-4
3.3566661665921505E-4
3.4230225263367283E-4
3.490142775107486E-4
3.556070441664473E-4
3.618537067357707E-4
3.6751317906120724E-4
3.7234900522294096E-4
3.652436415957936E-4
3.489160079564477E-4
3.318302286601241E-4
3.1339879851639845E-4
3.049041872474156E-4
3.039270785431609E-4
3.0248548585967103E-4
3.013297911200651E-4
3.0157024997267383E-4
3.023167945065184E-4
3.0307321805995974E-4
3.035816644486838E-4
3.0372763671636464E-4
3.034817190047805E-4
3.02863918800244E-4
3.01922063038689E-4
3.007189375937516E-4
2.993248332326632E-4
2.978133839207692E-4
2.9625935414940343E-4
2.947302612549441E-4
2.929754236983442E-4
2.910646305250894E-4
2.89071887539174E-4
2.8707424692324694E-4
2.8515057069772006E-4
2.8338022468549435E-4
2.818417186712161E-4
2.806113184068757E-4
2.7976165904086415E-4
2.7936038956245E-4
2.794688755138721E-4
2.8014098372504116E-4
2.8142196913875684E-4
2.83347480712837E-4
2.8594270152614416E-4
2.8922163795570214E-4
2.922486181306849E-4
2.949862641266507E-4
2.9742933057218403E-4
2.9956666426084574E-4
3.0138277414692625E-4
3.033071723512822E-4
3.05863391539872E-4
3.090071305488199E-4
3.1268846252499566E-4
3.0894785411329973E-4
3.0031816722723395E-4
2.90800757509053E-4
2.805872669798795E-4
2.783319835313483E-4
2.798801724244222E-4
2.809388171748558E-4
2.8114722251802184E-4
2.808580638696228E-4
2.809750459141532E-4
2.8132445326442334E-4
2.818524540894465E-4
2.8256208897473793E-4
2.834152387793065E-4
2.84313923680248E-4
2.852790378690087E-4
2.863431693013677E-4
2.8754332126285385E-4
2.889147416593773E-4
2.900482603550122E-4
2.9043337261614176E-4
2.900731750319903E-4
2.8918258892650004E-4
2.8853699760070435E-4
2.881612892750037E-4
2.880678030690479E-4
2.882612481103316E-4
2.887450873374395E-4
2.895288261307074E-4
2.9063542687317404E-4
2.917468397061753E-4
2.9222641020107783E-4
2.9199888022682705E-4
2.910210979693709E-4
2.8928013730835966E-4
2.877391230375178E-4
2.86786115648339E-4
2.866039068291909E-4
2.8735941656825656E-4
2.891887340633571E-4
2.9218376816993945E-4
2.9638156420959654E-4
3.017570691609754E-4
3.082198562794028E-4
3.1561508176420326E-4
3.234807666887759E-4
3.3122601034525656E-4
3.3863069304811984E-4
3.4603784225842386E-4
3.531355573739166E-4
3.480728221446414E-4
3.3425442151543185E-4
3.1913613479681366E-4
3.0233641371851154E-4
2.949211471618675E-4
2.9477511162375456E-4
2.9429931281314207E-4
2.9409433834523454E-4
2.954535652745567E-4
2.975137439851857E-4
2.997860069313457E-4
3.020018822209778E-4
3.040250496327604E-4
3.057992959698432E-4
3.0731716441979943E-4
3.0860080022183126E-4
3.0969015545360897E-4
3.1063570738767667E-4
3.112857535929279E-4
3.1149011271722167E-4
3.1123983335497286E-4
3.105261874871473E-4
3.093408031800284E-4
3.076757984955191E-4
3.056655775589604E-4
3.0379355724581043E-4
3.0211864926107495E-4
3.006982427693926E-4
2.995872950465805E-4
2.988373806089457E-4
2.984957222081845E-4
2.986042309131257E-4
2.991985844751171E-4
3.0030737381909887E-4
3.019513473249269E-4
3.041427820646606E-4
3.068850107912907E-4
3.101721335358623E-4
3.138021020419686E-4
3.1705618914042134E-4
3.1992405317869503E-4
3.2335390355558736E-4
3.2737433210282545E-4
3.319725859731389E-4
3.371359799930521E-4
3.428536570531494E-4
3.406937007135043E-4
3.330163020582481E-4
3.2432430523214123E-4
3.148353198427059E-4
3.125739663400088E-4
3.1406589803463595E-4
3.148958443293517E-4
3.147010204483048E-4
3.1367868536135346E-4
3.1300125903232704E-4
3.124465520776146E-4
3.11903202036283E-4
3.1133756697336156E-4
3.1092498115295485E-4
3.106400731068418E-4
3.1046319611474567E-4
3.103971239851272E-4
3.1053228894551126E-4
3.102625112302193E-4
3.094508527695831E-4
3.0812382976353934E-4
3.06299018090962E-4
3.0398258679783125E-4
3.0161381552080475E-4
2.9971818163786104E-4
2.982846025331565E-4
2.9728641083505544E-4
2.9669076897888036E-4
2.964691658777161E-4
2.966079543294251E-4
2.971177408133383E-4
2.9795639380722456E-4
2.9798438974416505E-4
2.971528256436773E-4
2.9582177617660274E-4
2.947346009179446E-4
2.9411025280060997E-4
2.941692477772037E-4
2.9511479733453197E-4
2.9711442190091147E-4
3.0028359239277994E-4
3.0467266897975416E-4
3.1004657494973926E-4
3.1583052547527567E-4
3.219178108122597E-4
3.281423979886688E-4
3.342899120588411E-4
3.4011301603846056E-4
3.453500459769714E-4
3.500012039246452E-4
3.4339804617355816E-4
3.285033395242029E-4
3.1252466674677195E-4
2.9504084560049224E-4
2.8724193415459475E-4
2.8612270904369825E-4
2.8468284327568677E-4
2.83406348290315E-4
2.834293087959508E-4
2.839447396049125E-4
2.8450560994900754E-4
2.8488175127578606E-4
2.849724763840859E-4
2.847531043104495E-4
2.842424118868864E-4
2.8348308844593353E-4
2.8253026652259395E-4
2.8144502656566765E-4
2.8029090898511357E-4
2.7913218456306575E-4
2.7803309361946685E-4
2.7671330789563015E-4
2.7510597017261026E-4
2.7341567611853594E-4
2.717115672108314E-4
2.700650835279622E-4
2.685488036080181E-4
2.6723520265763123E-4
2.6619535516503404E-4
2.654976126514048E-4
2.652062884644448E-4
2.6538038039063057E-4
2.6607235929030715E-4
2.673270485949386E-4
2.6918061590379E-4
2.7165969458396434E-4
2.7478065066100356E-4
2.779051782368968E-4
2.808164731142786E-4
2.835078964763486E-4
2.8596665299099577E-4
2.8817523035610566E-4
2.9029609572137896E-4
2.9298902569101795E-4
2.962140715267898E-4
2.9992593105127166E-4
2.959677557754455E-4
2.869641796089746E-4
2.7699520767362915E-4
2.662374619626637E-4
2.638309509458309E-4
2.653840510598973E-4
2.6651313338502916E-4
2.668565550804676E-4
2.662945429637761E-4
2.661215851174553E-4
2.6620399152360856E-4
2.6649737962534915E-4
2.6701339088135476E-4
2.677277435249015E-4
2.6849968433540855E-4
2.6935656950741524E-4
2.7033597679987007E-4
2.7147821728736396E-4
2.725283755271336E-4
2.7288645109510725E-4
2.7255323240772916E-4
2.71533452326502E-4
2.7057594329744027E-4
2.6987113614221765E-4
2.694323120734659E-4
2.6925892660745947E-4
2.693421098991246E-4
2.696717520757778E-4
2.702445730142481E-4
2.710723398761097E-4
2.7218923578638824E-4
2.7333530336826577E-4
