0.20331085836610632
0.19504446538513326
0.20000000000000007
0.20064067142480357
0.19983532255237232
0.20156381319778355
0.14246446957986947
0.19999999999797333
0.19934532687260165
0.17850694676146292
0.19882417521326523
0.19117587435429703
0.19771172381781377
0.20000000000002513
0.1999999999999931
0.20000000011223046
0.1996387920478304
0.19014809753860584
0.19007863585707593
0.20106512942561033
0.19899647068123238
0.1999428083907602
0.20002924912058856
0.1986504213274533
0.20000810916503003
0.20000000000000007
0.20000000006669735
0.19962513209059793
0.20153900066539027
0.20002328270109113
0.14561848712572917
0.20003763328377916
0.20142141362763724
0.1897899601044162
0.20000558743288344
0.19104957530803468
0.20074146237363433
0.1543750446399912
0.15039310462093045
0.19507505109145343
0.14319670009158797
0.20000313643054218
0.19932605742753917
0.1954337652314113
0.15842647921326866
0.22303835790864412
0.1794216385086998
0.03747400706301777
0.19723437384520626
0.20540599142391844
0.16081850010109278
0.13920574826512688
0.2024481160338813
0.20099700577539154
0.19953153971689358
0.2022748243510236
0.20054631182563712
0.1997502950643917
0.19341297320902598
0.20000000000000007
0.2006406714248028
0.1951271385594271
0.2008997418838432
0.19999517180393797
0.19899647429568804
0.18414997687739781
0.19999993717445128
0.20000000000197002
0.20044083082705613
0.1550951405019417
0.19385224886580438
0.19822097625926977
0.1875092445136491
0.08172162331635312
0.19990114210296694
0.18453494677184637
0.19503273471552438
0.191530097649641
0.20000000001449666
0.20000000004903806
0.20159293092978472
0.1994364049264012
0.19757406502201383
0.1999999999999875
0.19959026164465224
0.1928126999519819
0.1600393891739254
0.14956384327569147
0.07309058463598683
0.19879751983704375
0.19999999885813854
0.1993236710853864
0.16376901910235955
0.20000000000341292
0.1997365797084816
0.16978008956112145
0.20012137356831203
0.13115569064142252
0.16254451213202856
0.1989964714365873
0.19949909680670241
NaN
0.19539104574848126
0.20047109589713133
0.18879469160739765
0.1493514243917066
0.2000000000000305
0.1996178279687446
0.20000000000000007
0.19665569972726354
0.13026635098497502
0.20272905183654363
0.18149331299622437
0.19504553323017546
0.19994249250615082
0.1956370136931151
0.19714423512987836
0.16280938847816778
0.20000000000000007
0.20045352851455264
0.19976030144439927
0.18053783456030695
0.20000000000222573
0.19768088567722508
0.20064594605127825
0.19928436820293216
0.20023268661349053
0.19892953969119695
0.20064067110205727
0.19999999999469315
0.18073077309382551
0.19999999998324253
0.18121141485180697
0.20240598748021982
0.20000000000000007
0.13193285375961797
0.20156235541269907
0.20000000187707545
0.13775584355459944
0.20000021594528905
0.15517710956681616
0.19946161849481742
0.19717978327530133
0.1986729209703339
0.1966109139978035
0.20000000000000007
0.19999813223532992
0.20033496643266238
0.2006406714248028
0.19007928042465108
0.19429199133077202
0.19439932089335726
0.20000000000000007
0.1870764081118951
0.11325109064309133
0.19542634030422223
0.20139666408083984
0.19987125579517043
0.1998717486026185
0.19496313466550838
0.20000000000000007
0.19928030721649456
0.1996257798721988
0.1822916764236151
0.19727221498508093
0.20014228625401437
0.2012339603451854
0.19634074545270577
0.1993268679875635
0.20000000000000007
0.13134501308888324
0.19999986407976508
0.20154792063296387
0.11964141001177114
0.19529335977654372
0.19996809425874337
0.18373683486082928
0.16922519578025716
0.18277231137164143
0.18692094745085852
0.19999999999854914
0.1992331225889595
0.12310028653834473
0.18885482867764847
0.20000000000002618
0.11062666272548558
0.20000000554080918
0.10904114405708358
0.19546730748279112
0.18407375043420338
0.18135705134356908
0.2007648218270683
0.191704310437673
0.19197815751736708
NaN
0.1564287866002046
0.1914322228201745
0.14130979394320742
0.20029495696069918
0.20000000000000007
0.2000930057986881
0.18794003402084994
0.19884471357150915
0.1999999999999964
0.08059572422975729
0.1999996687835544
0.19592791878899035
0.1915339998280904
0.20000000000000007
0.2011806010218777
0.19023174242463495
0.195280681599948
0.2019891890924087
0.19493574291705276
0.18541902709647423
0.19622492274256031
0.15532001164949383
0.1987338121229163
0.2003005078037789
0.20169988132602226
0.19496581245083683
0.19995893261583175
0.1147113606958214
0.19591182517105454
0.12115633001905919
0.19927819528431118
0.17332776873605307
0.19899647143475077
0.19303591562495914
0.20009850792894013
0.1995785878568869
0.1986172469103208
0.18368584553681003
0.20000000004014978
0.19982432774599132
0.19872366085832985
0.1949358868913026
0.20000006524462086
0.19871638472975225
0.19999999999996704
0.1991237619104764
0.19899640991291373
0.20000000000000626
0.19428316286747463
0.19369427353697447
0.18392777304313487
0.19903520673239986
0.1951899101054995
0.16318743987422182
0.1977656446090476
0.20000000000000007
0.1829330425993387
0.20139450034957032
0.1986153151254051
0.19277233432858634
0.20123663141028061
0.1998961151980488
0.19967437692120724
0.19493612751441725
0.19971649232392483
0.20000000000759013
0.19999999966430715
0.18993548086341394
0.17916684596198199
0.17384269988544962
0.1999971957275752
0.19552102086812792
0.1998327169967542
0.1972832377927833
0.18321843601602306
0.19728865103591983
0.19744564596118172
0.1995000800210211
0.20336757754037035
0.19764859054945685
0.1492600570246222
0.16333593794268245
0.20000000000000007
0.1726631927411683
NaN
0.19981487511476584
0.16797384896923734
0.16036010362369926
0.1996505470906262
0.08959554103927309
0.17358301104075682
0.1997865152089864
0.19670584708672914
0.2000001598345632
0.19997362449712233
0.1432460912721886
0.19999999998637757
0.19899329185457856
0.16617441355961382
0.19664943726604153
0.1999993941275137
0.1901273177260134
0.19495250374521403
0.19702293438158186
0.10791703375192101
0.19977655806251884
0.18117388080751243
0.16945864649703873
0.2
0.2004628956639134
0.19974567839520724
0.20013328357389065
0.19844462647375893
0.21939320453366712
0.18922110867470143
0.2071382979746621
0.18170038935105925
0.19441198279699493
0.16827269093808633
0.14432884095146062
0.19896675843263623
0.19885116737853423
0.19495154294607217
0.19999999999868626
0.054887109345066076
0.19943956027293952
0.1843120866422352
0.20014343135207213
0.1958724225409596
0.1980507261472637
0.15457620607123518
0.17296491873396488
0.19498087356892174
0.18364237770804492
0.1905733322024838
0.17898268611841614
0.16487523678034782
0.16184166290879476
0.18536130791434638
0.16470347720950412
0.180539009813319
0.1999801544591549
0.19873078298537614
0.047826817902801105
0.19969201328484557
0.20000000000000007
0.19975341721111467
0.1987930992975438
0.20033277682277958
0.19999885657025104
0.17890460288524423
0.20000000004197171
0.15036580934708624
0.1999547920796368
0.13612462877195625
0.19999999999549495
0.20000000002029517
0.19998315592975058
0.20067290775261112
0.19363203166424
0.19999978218695946
0.19153641121891252
0.12404829278108276
0.19917978800836464
0.19991553711789647
0.17030691303919548
0.20014784977973565
0.20161863657566884
0.19019338743622427
0.19907312695760396
0.19677949136362793
0.1926247383648881
0.1619688414766029
0.20000000013958388
0.19031811937138088
0.1806454258217118
0.19715415891996543
0.17782388273580207
0.19999999999019563
0.1664544773403992
0.19693249444049232
0.19909591903067136
0.19891785284877642
0.13983882631592323
0.20000000000000007
0.1399832558667775
0.19713113867052304
0.20052914259109145
0.19489790790335854
0.19997013772088512
0.18918763608182937
0.19826274702539537
0.20001141049320234
NaN
0.15024112936923184
0.15684914989290416
0.1999465252841417
NaN
0.16847986140105844
0.1768912963166388
0.19860737093883757
0.20000000000000007
0.19999999999992205
0.13353406610234966
0.19941976660520977
0.1220983862704004
0.19999859142996068
0.2002756500663174
0.19920872317226043
0.0345206193628359
0.19986037425847533
0.1954251053399307
0.18772499270058396
0.19999999995867287
0.20000000000000007
0.20225082574789624
0.1343281244351655
0.13380361271309404
0.20003381145343999
0.16085594321316482
0.20013092748466024
0.19909353592320425
0.1998278682077201
0.1939337099732522
0.18018186074392387
0.19937250582286037
0.19233006308673187
0.20000017472357898
0.1967403264423535
0.2031194686706801
0.1994201417718727
0.19994197996315283
0.20169859900890863
0.19876775414966363
0.19511523156063854
0.1614831507091712
0.1565904054434639
0.1989964714365869
0.20088321362819953
0.19269506643670659
0.16795134062223133
0.18535572294386965
0.08309893251900365
0.1971640468159591
0.18029145686494616
0.20000000000000007
0.2000000102675537
0.20013710498457385
0.1958844902270273
0.1951832370708949
0.1949534213524167
0.1991749764546674
0.20071725833114884
0.20000000000015403
0.1973053468097745
0.18468469577413688
0.19528369599769901
0.20000000024384018
0.19632841764523123
0.19995171059137629
0.20272869423778744
0.19905048959249583
0.2006406714247971
0.17887572812351518
0.20000000000000007
0.1980195492562818
0.1988501607913355
0.20003242838341742
0.20000000000000007
0.19937612553926212
0.19996344867577945
0.19999999992327083
0.18828326723304875
0.18957974908628186
0.03369549729943268
0.19157932513321171
0.20000036738853966
0.12867218082888685
0.18556762668188168
0.19898144234079532
0.1995881613020854
0.19899647143658727
0.11378947326479143
0.19923016922883108
0.198996470245959
0.14400182755900845
0.19703490243857064
0.2000000000000157
0.1992487542981586
0.20823035818898797
0.19767013847413883
0.18655179085446025
0.20051304311630383
0.19999999999937404
0.19230029321208547
0.16031329283049411
0.12542077431977375
0.17611146751762885
0.20000000424115302
0.19178301368993197
0.20013931916407018
0.21841048638107846
0.199982104775506
0.1989964714365845
0.199193799612933
0.20019710003143265
0.19988382596867574
0.15357128089873373
0.20023452169294909
0.18615987998434383
0.18779723443175034
0.20269186671979153
0.19015979275416597
0.20056244476640916
0.19822168416651237
0.19956246492088142
0.19768431771253908
0.16328983200362232
0.20096650837188043
0.17530999248535983
0.19999999784913425
0.19900371843439557
0.19785420518837782
0.10990984749273945
0.19592978319889096
0.1630543301633265
0.19019070561475487
0.17938439197008804
0.199500807056079
0.1879036516160714
0.19838313778213318
NaN
0.1747860274680086
0.19999999999917192
0.20000000000101467
0.18914447539107115
0.19899647143659416
0.19002497089263384
0.15652481435839982
0.20094603525150143
0.19992500210345499
0.19979883890762407
0.20141566518955617
0.19458175541442213
0.19402046186882763
0.20000000000000007
0.16106510699532814
0.1994335420381971
0.17862867083278436
0.19518149589517586
0.20175096070534304
0.19899646937593637
0.19880272945209104
0.18254991558112593
0.1934173887615866
0.19555704547714595
0.20000000000100476
0.19999998889839607
0.17428193212618504
0.19992763534389565
0.1866383666410658
0.2000000000208706
0.18207363982704275
0.19967911899584115
0.1998083346504341
0.1964820472598091
0.18851346012095485
0.20144183823433406
0.10562690648084182
0.1992188930778538
0.20035811551083388
0.19836243344015694
0.197484162470152
0.20000000000000007
0.19970103636805386
0.12988604376823218
0.20033363289870917
0.1675217292322978
0.20000000000000007
0.19810599720972902
0.19233735178039385
0.1989278600212101
0.12474481767893102
0.19899647143658727
0.15781190885671215
0.19815001033075763
0.20000000022745126
0.20000001957811436
0.15212642550655686
0.1994147319972649
0.1989448674080645
0.19328228202871053
0.19728405236495744
0.20080504078059927
0.1960226989952131
0.19181681199070413
0.20159851165772566
0.19999998430159383
0.19732470432985605
0.20034371975985624
0.19692355861627645
0.18395628281670742
0.1898539583046033
0.1996469150674785
0.19733531524933165
0.2015312443677343
0.19911844465515402
0.19836639864752953
0.14180528722526226
0.1953105082763561
0.20000000000000007
0.20000261372653225
0.20000000000000007
0.19990901091325286
0.20167695618330697
0.19899647143658722
0.200010398286936
0.18898092514207923
0.19729782739231552
0.1911487165294738
0.19062893187505686
0.19992673314047668
0.15636341671655507
0.20063340350955122
0.19999406030612893
0.19863786887511542
0.20024015280589721
0.17211696757812017
0.17673120514575782
0.19913319819621497
0.19727718712269582
0.034782385600054706
0.19824217703549346
0.0770830143185554
0.19292121833601136
0.19498087356890853
0.11046630094720458
0.19112425574643715
0.141437389035985
0.2003694769447038
0.1985915205331257
0.19994432376659066
0.1979352640072422
0.19423328951539115
0.1865424923566798
0.20026230446505452
0.14598580049060902
0.2007853240259426
0.20000000000008433
0.19973439671728987
0.19598215810660657
0.19870584582748665
0.2000868550070443
0.06006781493353751
0.19972269561048442
0.14967951917356628
0.1888849507967076
0.19992514563263017
0.20109501507532593
0.19899648535818923
0.1949371431123217
0.04054865985417942
0.20000000008317903
0.19999999999210993
0.1967567946570241
0.15068807992196417
0.20000000000000007
0.19714730363426594
0.20000745323286998
0.20000000000000007
0.2025502481114917
0.060006528365480274
0.20137193745344176
0.20000000000000007
0.20081445905899398
0.09938996007304202
0.038106715447783615
0.20217222547590508
0.1491602811730452
0.1998908266388264
0.046146850489022506
0.1878891808492494
0.19504885626684934
0.19360144480497724
0.1369467288519619
0.19602613920052195
0.13864970283757577
0.19848043167690893
0.20000000001279056
0.1533278466041898
0.19866811041801358
0.19999999992719
0.15329080977459908
0.1795359565837237
0.19126928687049663
0.1791460018033262
0.19999605465203388
0.19075454718160928
0.17317623805618512
0.19863898360558094
0.20002726620654315
0.20052908345166148
766.0186983148157
0.20000171463564836
0.19994228234255385
0.20000070115821375
0.190915063258118
0.20029964803317782
0.1999999999880503
0.20086583370604744
0.20015970609270736
0.20219173763959544
0.1970664425258552
0.1999999999991667
0.2061062751272096
0.2000009991486921
0.19542554641700624
0.19510982302059096
0.18603028026476817
0.20002955708042428
0.19926094767408178
0.20000000000000007
0.20000000182603467
0.1995026040498337
0.19753384888647682
0.19945323771035076
0.12701456381406875
0.1993048444750587
0.1970026937071344
0.1908613695617976
0.15818418148778268
0.19999998761091944
0.11956721552132506
0.19547536218629374
0.1735648748091912
0.19899647143658375
0.1989766438205391
0.1383346941548975
0.18808232228474836
0.18185501676162633
0.1902243235649767
0.20000000000000007
0.18418128730034833
0.19175967805062014
0.19797938738162063
0.15151066536329616
0.19984240483931565
0.19945487469777104
0.19835910703914944
0.19999999999997128
0.19694774770204712
0.19991503067139918
0.20000000000974674
0.19525344753310742
0.20021706470666223
0.20000000000000007
0.20000000069501053
0.2003538298196418
0.19409169745917937
0.20000000000000007
0.19602147799446287
0.15424765266676382
NaN
0.20000000000000653
0.19999996186265956
0.20098471186516118
0.20006935250328484
0.19684678228149377
0.2082084343738678
0.1990410903569683
0.20069353494041067
0.19861113514556253
0.1866358136754558
0.18864412695406194
0.2000000000003109
0.19959556262955902
0.190626821354021
0.20000000002620316
0.2000000574622527
0.18912619136816367
0.1565032461148642
0.1952659915177173
0.18505966111843247
0.20123777181997896
0.19899647143659055
0.19955968181544698
0.1970718241634259
0.20007303976961466
0.1802970079909344
0.19895437561459453
0.1903506326055678
0.19405307024558804
0.19899647143658722
0.19842590019603754
0.19999999999644696
0.20000001476128562
0.18589493744940988
0.19899647143658777
0.20095044797905454
0.1999999955206301
0.17632090266533051
0.19627990390561173
0.20040021482756085
0.20203728270632026
0.20000000000000004
0.19945709202593281
0.1994029023971534
0.1995193337065731
0.20000052612260907
0.16506683040558517
0.1955716890059667
0.19899689352697647
0.1996008273106729
0.20241155004315622
0.13926048156246282
0.2006001667725138
0.19648582076547552
0.20062952448317878
0.20000000000000007
0.20000000000000237
0.20260562671575114
0.19999999995609832
0.07757898686064743
0.18101926687269188
0.1948776260828631
0.12889957764560572
0.19706307913522333
0.1920336359362152
0.19575960842653226
0.19999999999981324
0.08448779544870993
0.1312028648101007
0.18880595746230622
0.1816942132486972
0.1989701709347896
0.19878616474910246
0.19899647143623564
0.1993778749829745
0.19087544793630148
0.20500145662074626
0.17530508071713463
0.17428412383129485
0.20329614117006792
0.20264319849122275
0.1983153410693833
0.20008730072870098
0.16633696978398954
0.18485293660281138
0.1995866466024488
0.18715996062935522
0.20001235861193487
0.20232881910749012
0.19977133629857308
0.18597198207321347
0.19999999999417056
0.20000000000000007
0.19997454277352367
0.20000000000000007
0.20000000000347962
0.19801662784970261
0.1999999999800176
0.19991549730412694
0.19648978701959566
0.2000478914544627
0.19664495267282223
0.20025265466702485
0.19999406080498416
0.20013461133310026
0.20006395413485614
0.20002727767808348
0.17972333259378356
0.20000000000000007
0.19999974459323283
0.2000000000000082
0.17209903387450468
0.17387089847364953
0.19349453722741006
0.11804179801101951
0.20000000000063206
0.1976636713400935
0.2000511673953536
0.18088127316138788
0.20228162095625604
0.19976826656414134
0.19643473692371682
0.1949028026874233
0.06272176586389232
0.19999999999951742
0.08308055885111161
0.19928204574614772
0.1850399230820637
0.19999999998609724
0.1672536908325572
0.1960321206499011
0.19999440244480685
0.19059578165125093
0.19695833569068377
0.19948839479347935
0.19988374150137905
0.19999999999563206
0.20002005287580402
0.20045431101289207
0.19999998890897572
0.19499669210212292
0.03622032256744106
0.19530245396563836
0.2017655948816513
0.20071279563843902
0.1427884906701893
0.19943292146116734
0.20228008448781346
0.19999999820048148
0.20021049122871876
0.20000000000000007
0.19503232378630564
0.2014129596012983
0.18611486508094183
0.1998479783053821
0.19998181253872147
0.1998973638974543
0.194452163814293
0.16427878146866284
0.053791175540185525
0.20000000000382917
0.050695520737617204
0.1835438336437514
0.19652812807692716
0.19739265399392622
0.19851595292876975
0.19570039458358873
0.19996462347932392
0.19937857477651805
0.19695161074444584
0.18882415877194955
0.18359631815577676
0.18749796360732468
0.18827971171381455
0.2613481384117168
0.1952338249430288
0.08429057803808165
0.20000000000000007
0.20904764620601016
0.19915584699443786
0.17201906212197177
0.19999930210943875
0.19999999999828533
0.19614470321128794
0.2006422026749914
0.19899647143658594
0.03555627080212391
0.15349049791015718
0.1923112684643755
0.18158633758505827
0.14868083608727956
0.19308322797161767
0.1990388613935893
0.20000128787209656
0.17621178782439564
0.15497979186351446
0.19999875247363524
0.19739263333736257
0.19755239602124253
0.18555955649357597
0.196978161651945
0.20000000000082047
0.20260749800755543
0.19895956566840212
0.18002452917672052
0.19493588689964578
0.20140098112692326
0.20000000071435645
0.1843908891458578
0.1959267102433311
0.19581343191671144
0.20001346445354623
0.16228873189084347
0.19997759588706
0.1990542386254189
0.20000000000887472
0.2004161529821681
0.1924022693282648
0.20018703440389088
0.2022016093365884
0.19704421106825465
0.20026124774003395
0.19898733735414093
0.19941861792923646
0.16895050801770245
0.20024342420065924
0.17972931671698794
0.15449814900331937
0.19573141343505837
0.17489557037936898
0.19956528054858794
0.20000000000190382
0.20000000002082816
0.2003762376840259
0.19920899576988838
0.19974394838882556
0.2006406714248306
0.17071173608287415
0.1802451423724095
0.17317128332021434
0.2003440826602116
0.19508013279920774
