NaN
NaN
NaN
NaN
NaN
NaN
NaN
NaN
NaN
NaN
NaN
NaN
NaN
NaN
NaN
NaN
NaN
NaN
NaN
NaN
NaN
NaN
NaN
NaN
NaN
NaN
NaN
NaN
NaN
NaN
NaN
NaN
NaN
NaN
NaN
NaN
NaN
NaN
NaN
NaN
NaN
NaN
NaN
NaN
NaN
NaN
NaN
NaN
NaN
NaN
NaN
NaN
NaN
NaN
NaN
NaN
NaN
NaN
NaN
NaN
NaN
NaN
NaN
NaN
NaN
NaN
NaN
NaN
NaN
NaN
NaN
NaN
NaN
NaN
NaN
NaN
NaN
NaN
NaN
NaN
NaN
NaN
NaN
NaN
NaN
NaN
NaN
NaN
NaN
NaN
NaN
NaN
NaN
NaN
NaN
NaN
NaN
NaN
NaN
NaN
NaN
0.1602111461461708
0.1601091920646476
0.16006436054230885
0.1600452590714985
0.13336661187269727
0.11430883349286251
0.10001255395947375
0.08888899836504081
0.0799844472599832
0.07269288410481017
0.06661571101807207
0.06149650240884804
0.057215245839187336
0.05384832442575807
0.05768634558794267
0.05828382707551528
0.058504475997966945
0.05902447032226665
0.06020767574821726
0.06229440780441585
0.06550295042576398
0.07008701192851122
0.07636798335065306
0.08472595625409854
0.08481506500773311
0.08118070004667834
0.07781546431546427
0.07461170863013296
0.07150924502352154
0.06850894462392867
0.06565364613462067
0.06301839179963686
0.060726131261767395
0.05900789432891202
0.060007353410758975
0.05896553681612899
0.05724890720850447
0.055421352560126154
0.05372574088729687
0.052231786196989226
0.05101073923248478
0.05023012495142638
0.05020362538384505
0.05141606631758677
0.05050954178971025
0.04947066759295764
0.04848234799990261
0.04770007824096746
0.04707229589519787
0.04646125506089852
0.04572598123850803
0.04477516865335206
0.04363193948017576
0.04254475328530266
0.04328289224378879
0.04312728343580814
0.04234947484694586
0.04144746594454841
0.04059423471404922
0.03981736698814543
0.0391443300400831
0.03865674031960536
0.0385443574261942
0.03918336209861771
0.038708385900835265
0.038226978837632514
0.03770993102042662
0.037298556104729215
0.03696084609121896
0.03661749648000082
0.03619604161281475
0.03564652578168724
0.034976385213231466
0.03435221599235408
0.03494089689021959
0.03492789497518657
0.034486394092972786
0.03395206124131093
0.03343594606401816
0.03295558342736043
0.03252794580530714
0.03220252296579055
0.032109385099078465
0.032552549896305544
0.032275103863879155
0.032000240952097
0.031672342339788224
0.03140720764660716
0.031182011732480332
0.03095017773782555
0.03067102167646512
0.030310107347248868
0.02986216579255946
0.02944473885495598
0.02991971234266629
0.029949842021578542
0.029653978689342272
0.029288351230893482
0.028934160792003664
0.027856698410169436
0.02656820644210651
0.025353539220330023
0.024310171691831684
0.02369979932523447
0.02347548398132682
0.02324215533306317
0.022940833356515755
0.02266566125379727
0.02239786419900583
0.02210646132745559
0.02176289239417877
0.021330753947092083
0.020770866481213637
0.020116556336438326
0.01979616492226287
0.019688144276349004
0.01932743013005384
0.018850314381447394
0.018255875639585823
0.01748722727239056
0.016492217461147048
0.015231288285588361
0.013708907958697837
0.012086747153035766
0.011442619678909537
0.011574594165532446
0.011625533668398566
0.011710730474479349
0.011820562370192808
0.011921711566471196
0.011973062673737126
0.011915913028121885
0.011680094227964882
0.011257275760595393
0.01110458185689823
0.01122790102386056
0.01126295342748428
0.011273472432479838
0.011272306640379313
0.011262239944995818
0.011237639980102751
0.011158297505204836
0.010961021304149025
0.010674530305982923
0.010547388228418815
0.010564219941962289
0.01056093778482023
0.010552757776242235
0.010518522189695859
0.010475825633801086
0.010457028198684689
0.010469389351885365
0.010471653783436199
0.010412907841772005
0.010359976459467702
0.010360953402256354
0.010375600827589199
0.010385534554905405
0.01038689356489577
0.010381571776186139
0.010369024023393061
0.010328959097800097
0.010220307023653133
0.010064212804396759
0.00998756093868167
0.009981874234322462
0.009973993105676262
0.009963599348300165
0.009934848591127062
0.009904382843885862
0.009895706015694738
0.009911052884045158
0.009914105373811518
0.009857200282390816
0.009802688280735493
0.009796210926192254
0.009800637027416608
0.009805382835866447
0.009808785422034895
0.009807474252345166
0.009798748702934054
0.009769750057754338
0.009689781402876642
0.009573546442654126
0.009513869981743663
0.009505977478494066
0.009498307135293798
0.00949020663136153
0.009470792015783167
0.00945136540351077
0.009448015943146513
0.009462408108305388
0.009466871758571473
0.009419582189580777
0.009370990212777318
0.009363953302197315
0.009367534540430997
0.009370718194058492
0.00937335893350832
0.009373036254818494
0.009366588089077641
0.009344961174070982
0.009283159892507265
0.009189659343168856
0.009140677591882713
0.0091342973747529
0.00912734519373321
0.009119881150461315
0.009105352308639882
0.009091373470707808
0.009089721971679749
0.009102232638623997
0.009107616166387989
0.009068465719263766
0.009025663848526136
0.009018900705536886
0.009022185351505613
0.009024984515685546
0.009026842346479403
0.009027010437118404
0.00902207519425411
0.009005407631339194
0.008956233952481591
0.008878777646196642
0.008837810586093129
0.008833185506943762
0.008827129502534309
0.008819744255185053
0.008808046265033107
0.008797147920982663
0.008796029217133385
0.008806688804246341
0.008812509130678017
0.008779682946640794
0.00874130016577172
0.008734144082863908
0.008736684071909827
0.008739466202169891
0.008740672747190452
0.008741132243041518
0.008737215768673067
0.008723935492040787
0.00868383192226193
0.008618579138133242
0.008583877685245555
0.00858057513752451
0.008575386381371734
0.008567951580355577
0.008558029125822457
0.008549024155783192
0.008547982494766902
0.008556986712244512
0.008562922099067456
0.008534984380460608
0.00849950197713656
0.008491015216252935
0.008492438208834881
0.008495315737335677
0.008496008275940542
0.008496643765412313
0.008493411088849347
0.008482470960847217
0.008448988707677022
0.008393338038355229
0.00836356151220642
0.008361010631640606
0.008356537887673874
0.008349051099930897
0.008340247650016631
0.008332397747258444
0.008331184661404414
0.008338724672581201
0.008344583476385652
0.008320404159800803
0.008286266604136127
0.008275418713633203
0.008275460518414175
0.00827846315413873
0.008278760749783598
0.008279489826843572
0.008276696783765075
0.008267367088741647
0.00823874472105866
0.008190816837622421
0.008164848843434413
0.008162409948554064
0.008158442686989403
0.00815091430640975
0.008142730791463538
0.00813546343440328
0.008133860378295069
0.008140072761793148
0.008145755778094116
0.008124407395994905
0.008089956612889306
0.008075611203032258
0.008074075945131497
0.008077227936550059
0.008077218174976648
0.008077963958947476
0.008075411625684079
0.008067151591797635
0.008042064380318322
0.00800045391503399
0.007977282202261526
0.007974202883360614
0.007970493366294146
0.007962907595897734
0.007954884679058059
0.007947644028326727
0.00794536695705126
0.007950309810664264
0.007955788281282438
0.00793644787316396
0.007899812106676167
0.007880715012617208
0.007877482532342512
0.007880843068988097
0.007880571771275206
0.007881235709661417
0.007878733821258452
0.007871106634084794
0.007848495219926503
0.0078121088979903495
0.007790710882551542
0.007786040352814387
0.007782298359561704
0.007774602163014597
0.007766233653206729
0.0077583533268211335
0.0077549599878454925
0.007758590379859459
0.007763906252607523
0.0077457378705468
0.007704698038779811
0.007679536629979639
0.007674628884326221
0.007678313621810388
0.007677771877809761
0.007678195306213556
0.0076755262460632655
0.007668139407435552
0.007647077430414754
0.0076149956320673215
0.007594205688861963
0.007586688643707924
0.00758256915723784
0.00757466967024719
0.007565296660438445
0.007555829284441318
0.007550578085540442
0.007552713539109993
0.007558010687009129
0.007540002215947401
0.007491843204149863
0.007459429071666063
0.007453131691066031
0.007457317450932865
0.00745641848758152
0.007456324452547548
0.007453210992895733
0.00744568919077307
0.0074252855464762065
0.007396613387175324
0.007374963912149893
0.0073629596540333506
0.007358086126547539
0.007349864603610618
0.007338521116438829
0.007325974936959041
0.007317588476551534
0.007317832506303591
0.007323432985938071
0.0073041834758117916
0.007245544049719706
0.007205145494971144
0.007198155870666514
0.007203055323599026
0.007201602224327805
0.007200534916230033
0.007196663688633723
0.007188726933756932
0.007168134078470842
0.007141734018226016
0.007117313248407538
0.007099012634207322
0.007093176047963415
0.007084606690157261
0.007069913772855394
0.007052023097187276
0.007038474278355484
0.007036159483354416
0.007042692097546219
0.007020304408401282
0.006947133962704034
0.0068988552315886464
0.006892369100019575
0.006898159595665213
0.006895873628409464
0.00689330986836171
0.006888617863131092
0.006880462389884121
0.0068592725129830515
0.006833113005162741
0.006803809969551005
0.00677875130422126
0.00677257803632659
0.006764197668761604
0.0067449999957617975
0.006719637905172998
0.006699080198835497
0.00669379066871983
0.006702271426920724
0.006675048036515858
0.006583224723757996
0.006527894342606172
0.006523438000724096
0.006530216289993178
0.006527082367370169
0.006523106439390326
0.006518313722148838
0.006510978443647919
0.006490174235385735
0.006461897748084747
0.0064274195532505705
0.0063991727622642195
0.006394594341074053
0.006387927779671375
0.006365294475606309
0.0063337284499194145
0.006307747049033093
0.006300968038547327
0.006312479187179437
0.006280667842293396
0.006168120467456493
0.006106350937456586
0.006105084433492359
0.006112899862547435
0.006109578719302558
0.006105137277712941
0.006101084915182187
0.006095397580888569
0.006076999838371375
0.006047549300864248
0.006011500246638067
0.005985590888179986
0.005984028982661113
0.005980097014379116
0.005956786513717024
0.0059233548766257135
0.005896417119812417
0.005890923107920283
0.005906031067764651
0.0058717081383628635
0.005740480746246046
0.005673257811611745
0.005675272408141626
0.005683899272806533
0.005681140101114558
0.005677066482533681
0.0056740566413711144
0.005670170286594955
0.005655613745397062
0.005627504526753162
0.005594287122082202
0.005574496450840307
0.005575905247416193
0.005574324434939432
0.005552425221818037
0.005520968428971328
0.0054968008504298295
0.0054945047702735315
0.005513085734110124
0.0054789183372074115
0.005335087516893053
0.0052650145241755885
0.005269735822211938
0.005278712587531079
0.005276953681495503
0.005273809689999026
0.005271972777709594
0.005269815754278977
0.005259758919579585
0.005234500723520741
0.0052073325684562875
0.005196156373082832
0.005200115311154725
0.005200168115105699
0.005181384330350595
0.005155160502941766
0.005136746420334869
0.005138774066780583
0.005160065199450371
0.005129135872697615
0.004981303395310705
0.004911628198043066
0.004918220979774636
0.004927145963931994
0.004926674008497303
0.004924848434952878
0.004924002672338769
0.0049230392650773
0.00491742178406047
0.004896459402799588
0.004877738460631703
0.004876212514194724
0.004881908839632476
0.004882666197092669
0.004868333051943896
0.004849915438803443
0.004839444036844299
0.004846251629071995
0.004868952853031756
0.004844070457447529
0.004701579479611987
0.004635288619142
0.00464271703330642
0.004651293253913153
0.004652132248950662
0.004651496130989149
0.004650889201514657
0.004650006828193047
0.0046475574029776505
0.004632387121005252
0.0046222234603798765
0.004627607308771279
0.004633235964455584
0.004633119522058394
0.004622668147517397
0.004611537474973929
0.004608031405784186
0.0046182868231688145
0.004640877493905046
0.004622681017519136
0.004493207545605858
0.0044335216851381695
0.004440954272743252
0.004448895323184817
0.0044505820434586245
0.004450554736688754
0.004449758000495196
0.004448504308535271
0.00444738982856133
0.004436434606717478
0.004431084225976982
0.0044386147164899884
0.0044427755955291056
0.004440767624791686
0.004432369816300112
0.00442561924126417
0.0044258540811532975
0.004437173561154479
0.0044584062025935685
0.004445608605142794
0.004333070467869718
0.004282677640471448
0.004289964936560844
0.004297165655589614
0.004299192352383786
0.00429942609223923
0.00429860061444352
0.0042972314667113765
0.004296393047283862
0.004286814117366155
0.0042823417178930205
0.004289198364261329
0.004291868634245261
0.004288278163970374
0.00428101034256687
0.004276668851483551
0.004278544889443579
0.004289450103778106
0.004308523391733387
0.004299641107069295
0.004204333411416821
0.0041637609655247295
0.00417100827159463
0.004177551391418621
0.004179668668994952
0.0041800186572402195
0.004179281690839398
0.0041779774722845615
0.004177037374798842
0.0041673886042215115
0.00416191612265242
0.004167120833244468
0.00416868447264837
0.004164107248241815
0.004157717840257681
0.004154895480329312
0.00415750115774711
0.004167387328692179
0.00418391145748604
0.004177728008728368
0.004097923585062489
0.004066096988902125
0.004073273902446929
0.004079234629800635
0.00408133568873182
0.00408173124070327
0.004081107576188851
0.004079924823572748
0.004078793600633129
0.0040686873886058034
0.004061668931334472
0.004065022635931982
0.004065757500341032
0.004060587707639133
0.004054973277401105
0.004053227715578403
0.004056158870764476
0.004064829731563051
0.004078724915202978
0.004074324776718951
0.004007671737992539
0.003983023671362662
0.003990021272177919
0.003995436471709787
0.003997467443618951
0.003997868854742886
0.003997350621383647
0.00399629767077455
0.003994985096243204
0.0039844452845222205
0.003975865723002513
0.003977432993530681
0.003977504365596053
0.0039719703708738585
0.003967048505219625
0.003966108285233936
0.003969154902112985
0.003976585514331714
0.003987965464494881
0.003984703834779218
0.0039289162713267356
0.00390995289332012
0.003916674041591333
0.003921569553013489
0.00392350103357288
0.00392388336299565
0.003923453081853243
0.003922521807284382
0.0039210662969386524
0.00391022960836611
0.00390024485492263
0.003900172746827599
0.0038996901101021205
0.003893936292099196
0.0038896399832734872
0.0038893104715504168
0.003892343723443419
0.0038985810265291954
0.0039076625504806135
0.0039051063496150494
0.003858192869793373
0.0038436611931790643
0.0038500450017625453
0.0038544496237482634
0.0038562669647015002
0.0038566143693394457
0.0038562534830228565
0.0038554308537573734
0.0038538756415778795
0.0038428892240228215
0.0038316975761119015
0.003830156551850094
0.003829204529898334
0.00382333372251264
0.0038196200076409254
0.003819745635118733
0.003822675275120157
0.0038277949048356992
0.0038348390611606786
0.0038327060630357155
0.003792991133678621
0.003781882711870046
0.0037878986946586406
0.0037918458366766015
0.0037935441489337783
0.0037938476148347135
0.003793540052804473
0.0037928126513338345
0.003791198373374086
0.0037801902471956274
0.0037679893112686474
0.0037651537277008955
0.0037638054375056574
0.003757896829285669
0.003754751285667477
0.0037551958291297265
0.003757952251319806
0.0037620385154973966
0.0037673160392739913
0.0037654248478362668
0.003731495283714837
0.003723001062071454
0.003728637746297982
0.003732163059098375
0.0037337440973707957
0.0037340000357926743
0.003733733449073628
0.0037330890822233702
0.0037314517593288175
0.0037205246797214443
0.0037074966329033133
0.0037035379875451748
0.003701861042960025
0.0036959774392664436
0.003693411510156316
0.0036940483839075604
0.003696575351765155
0.0036997128032273383
0.003703486222890175
0.0037017198018211477
0.0036723575925077952
0.0036658188640830247
0.0036710752247253414
0.0036742142844281888
0.003675684589989931
0.003675893679410166
0.0036756594331267293
0.003675087391323017
0.0036734580907597596
0.003662690877911514
0.003648998023910818
0.003644082765031438
0.0036421417725271167
0.003636332595793243
0.003634370253709934
0.0036350838120245785
0.00363733797402676
0.0036396111526138
0.0036421278447224116
0.0036404097744641116
0.0036145440353644287
0.003609417171126516
0.0036142987698073153
0.0036170862483036396
0.003618456101921236
0.003618622233430065
0.003618414724144667
0.0036179054556395047
0.003616310364788307
0.003605762668252076
0.0035915493385028515
0.0035858384138780152
0.0035836944709473394
0.0035779975168757664
0.0035766465064549073
0.0035773470780777017
0.0035793031562758714
0.0035808034264255112
0.003582295001213752
0.0035805769303425216
0.003557277355340695
0.003553120187848814
0.0035576400612661444
0.0035601107829247285
0.003561393366025353
0.003561522586360219
0.003561338174534138
0.003560882838394797
0.003559343221628743
0.003549062944585278
0.003534463774416269
0.003528111978036379
0.0035258185309307317
0.0035202623023893546
0.003519474017676259
0.0035201232878904554
0.0035217823585976886
0.0035226186793596193
0.0035233018841391516
0.0035215598486334314
0.0035000809844934117
0.003496561415092656
0.003500744627013199
0.0035029361695899123
0.0035041462151742
0.0035042455504354854
0.0035040813189430547
0.0035036715478020852
0.0035022032720250632
0.003492234979530463
0.0034773876783791946
0.003470540289484243
0.003468135586493872
0.0034627432224709574
0.0034623898329936387
0.0034630181741316596
0.003464411909700324
0.0034647165084324555
0.003464790377891352
0.0034630251065895638
0.003442877494744843
0.0034397915034871007
0.003443679754644435
0.0034456348263884346
0.0034467862869474947
0.003446862420567928
0.0034467151106206445
0.003446343210236495
0.00344495583723691
0.0034353455371366605
0.0034204000898350522
0.003413185061340929
0.0034106852210438795
0.0034054797086428635
0.0034053802775818156
0.0034060737443541967
0.0034072571865874568
0.0034071763209730897
0.0034068134687635803
0.003405048042631711
0.0033860364214946346
0.0033833106292581773
0.0033869612543320927
0.0033887270333575327
0.0033898301825846877
0.0033898882109219108
0.0033897538060943845
0.0033894133930106275
0.0033881095036929474
0.003378901436194282
0.003364015896808231
0.0033565343297169226
0.003353934161739975
0.003348942847001887
0.0033489196582754347
0.003349780550261726
0.0033508154364080265
0.0033504877381981234
0.0033498243745528813
0.0033480963345590637
0.003330281431974625
0.0033279451143777418
0.0033314222064321354
0.003333045786377045
0.0033341050756988066
0.0033341477926847924
0.0033340219088308183
0.0033337086420947852
0.003332484387442037
0.003323712087533617
0.0033090358091171
0.00330135715313172
0.00329864085638905
0.0032938968091367226
0.0032938208636038666
0.003294925787467812
0.003295863327593599
0.003295398099745969
0.003294529088385218
0.003292879303708801
0.003276474649191824
0.0032746091731482518
0.003277970848165517
0.00327949314049711
0.0032805069160955535
0.0032805349288338352
0.00328041365604382
0.003280125565027831
0.0032789726764048993
0.0032706508751456694
0.003256305541459731
0.003248470593080316
0.003245626324866354
0.0032411657216924327
0.003240984332960773
0.0032423536930652635
0.00324322255530093
0.0032426860034335866
0.003241667108835972
0.0032401283904446025
0.00322536794871342
0.003224050128649557
0.003227337169839036
0.0032287878663668466
0.0032297500207949374
0.0032297625555262636
0.00322964326417876
0.0032293803883193034
0.003228288943644529
0.0032204098792533078
0.0032064757310687293
0.0031985056454680388
0.003195537752664893
0.0031913944334518753
0.00319113567919725
0.003192723520607888
0.0031935264054779714
0.0031929398543301653
0.003191797061003705
0.0031903856294896566
0.0031774019747835306
0.0031766576751050025
0.0031798871203537736
0.0031812822747105435
0.003182185196647845
0.0031821812042691056
0.0031820629539138757
0.003181826364238247
0.0031807874686155834
0.0031733230531480207
0.0031598349838348637
0.003151743875235306
0.0031486791990421536
0.003144878451982977
0.003144616359937577
0.0031463301320173707
0.0031470512560442
0.003146404410874921
0.0031451485273191627
0.0031438624634044484
0.003132624107217586
0.0031324100719073685
0.0031355767756773927
0.003136920381401124
0.0031377581612971528
0.0031377373304815027
0.0031376206755431646
0.0031374112670596614
0.003136418905095221
0.003129329523814827
0.0031162872689672917
0.003108094621890525
0.0031049793199346577
0.0031015332305540156
0.0031013366061797836
0.00310307504810806
0.0031036938206534252
0.003102966552903243
0.0031016070454725677
0.003100432027821223
0.003090761681849069
0.0030909808904620445
0.0030940666997851256
0.0030953558797091633
0.003096126479990179
0.0030960898052333086
0.0030959761226630137
0.0030957937192346947
0.0030948451550111816
0.0030880909808449503
0.0030754782589196587
0.0030672151371034444
0.0030641028999040727
0.0030610091451418325
0.0030609159129338275
0.00306259790513608
0.0030630996649751285
0.0030622786651442226
0.0030608306900227356
0.0030597478296067633
0.003051387829136247
0.003051921265009981
0.003054906105901857
0.0030561368162776636
0.003056842472260651
0.0030567922061253113
0.0030566829694593507
0.003056526063843894
0.0030556208764361214
0.0030491688608685957
0.0030369686152086827
0.003028675405491591
0.0030256148063064164
0.0030228589696159364
0.003022878726225803
0.003024452383948705
0.003024832276022561
0.0030239166210900784
0.003022401177187954
0.0030213924070619427
0.0030140687527981306
0.0030148026502696923
0.0030176719732568046
0.0030188425062271235
0.0030194887443189488
0.0030194279080549783
0.0030193242266823446
0.0030191902488110726
0.003018328865365179
0.0030121535063939715
0.003000353230504873
0.0029920728590468394
0.00298910031976003
0.0029866600097413587
0.002986785327284138
0.002988224409481702
0.0029884863578226654
0.002987485542344419
0.0029859264368460505
0.0029849767805989864
0.002978439445528143
0.002979279910013479
0.0029820273434599657
0.002983139346739732
0.0029837335394108603
0.0029836653388206945
0.0029835677952683754
0.002983453588185447
0.0029826361323657086
0.0029767169655953445
0.002965307382042372
0.002957078944175809
0.0029542176528903957
0.0029520665469403625
0.002952282115507156
0.002953578587692754
0.0029537324358136913
0.0029526620257677018
0.002951082667130739
0.0029501805834159685
0.0029442211060054786
0.0029450982047085346
0.0029477250234111346
0.0029487830528470323
0.0029493331656683347
0.0029492605507499096
0.0029491692291251275
0.0029490714896355874
0.002948297223914564
0.002942616088309914
0.002931588131372386
0.0029234431442210352
0.002920705210220917
0.002918816074364636
0.002919104104213732
0.002920261247048678
0.0029203199126021724
0.0029191976440060704
0.0029176188525353564
0.0029167557776757485
0.0029112104292019388
0.002912076373853866
0.002914589590127283
0.002915600138776322
0.002916113884293142
0.0029160393135199015
0.002915953913463976
0.0029158695044391118
0.0029151367538502045
0.002909676078597555
0.0028990187277772427
0.002890979928265964
0.002888369420585722
0.0028867159884451493
0.002887059032897315
0.0028880862994633927
0.002888063613659669
0.002886906744708664
0.002885345666670419
0.0028845153584440304
0.0028792610852282053
0.002880086034466357
0.0028824962357171225
0.0028834667516419686
0.002883951114397297
0.0028838764839211758
0.0028837964540449385
0.0028837225862493546
0.0028830289261138698
0.0028777710570974686
0.002867470506735539
0.002859552320705305
0.0028570680225679735
0.0028556259811849294
0.0028560083023636373
0.002856917859846939
0.0028568271609522074
0.002855650989170509
0.002854120825372579
0.0028533187522322033
0.0028482663665186825
0.0028490338218138795
0.0028513532781363933
0.0028522913706163005
0.002852752396018339
0.002852679070302091
0.0028526037279998032
0.0028525380409127016
0.0028518805746261065
0.002846807768392538
0.002836847586408776
0.002829057434804624
0.0028266949570931055
0.002825442342474867
0.002825850482630006
0.002826655060717777
0.0028265084018936053
0.002825325623350244
0.002823835854392869
0.0028230587028835437
0.0028181456848178467
0.002818848381950953
0.0028210896003711128
0.0028220024786235177
0.002822445227021643
0.0028223741185865636
0.0028223027432981197
0.0028222433174784657
0.0028216189438136025
0.0028167136749787337
0.0028070754848175073
0.0027994153622094044
0.002797168625068043
0.00279608586934809
0.0027965087757045237
0.0027972204481598252
0.0027970282457137623
0.0027958488502598322
0.002794405716275578
0.0027936510216405924
0.0027888350212540857
0.0027894716301358684
0.002791646365311276
0.0027925404905833583
0.002792969086028782
0.002792900750386407
0.002792832648275745
0.002792777975897432
0.0027921836018863578
0.0027874289514728907
0.002778093288419139
0.0027705612941085565
0.0027684235015049386
0.002767493295531131
0.002767922187984069
0.0027685517862462428
0.0027683227574463965
0.0027671542304954673
0.0027657613061147883
0.002765027188361398
0.002760280625423625
0.002760853284231668
0.0027629719451179816
0.0027638528559431074
0.0027642705840487175
0.0027642053109754356
0.002764139854269249
0.0027640887873468813
0.0027635214762867615
0.002758901476867837
0.002749848610271656
0.002742440278356271
0.0027404045219825706
0.002739611594407263
0.0027400396933165328
0.0027405966223424173
0.002740337896226455
0.0027391855703000597
0.0027378443394650578
0.002737129321822811
0.0027324351307683897
0.0027329477150742033
0.0027350190830791733
0.002735891349507737
0.002736300776085162
0.0027362386683957257
0.0027361753147111785
0.0027361270044911545
0.002735584065076394
0.0027310839507007738
0.0027222945684638755
0.0027150039423443654
0.002713063549516237
0.0027123944204541744
0.0027128166156131783
0.0027133089024560563
0.002713026219038972
0.002711893674107307
0.0027106040529551933
0.0027099069407561156
0.002705255345124023
0.0027057123288460804
0.002707743500998447
0.002708610766570026
0.0027090138597125335
0.0027089548966106524
0.00270889319393185
0.0027088470302261795
0.0027083260591149673
0.0027039324098593167
0.002695388128355216
0.0026882085796807826
0.0026863572924470643
0.0026858000326338382
0.002686212549589631
0.002686647006109776
0.002686344946390963
0.002685234398354531
0.002683995182486344
0.0026833149839764576
0.0026787011240237786
0.002679106885906925
0.0026811033655862355
0.002681968441978584
0.0026823666872554668
0.00268231077256145
0.002682250354935325
0.002682205910634865
0.0026817048017048835
0.0026774055943743
0.0026690892959413282
0.0026620141152884787
0.002660246163535193
0.0026597901737877216
0.0026601902723487492
0.0026605726956342906
0.002660254906517927
0.0026591675514599385
0.0026579767812388994
0.00265731265602806
0.0026527348863359733
0.0026530933322906473
0.002655059204452749
0.0026559241913911786
0.0026563186944663516
0.0026562656915857623
0.0026562062696029566
0.0026561632530114443
0.002655680184997344
0.002651464770647836
0.00264336079121769
0.002636383588965771
0.0026346937008221915
0.0026343295175229823
0.0026347152393564515
0.0026350506061679547
0.002634720000848871
0.0026336563017159554
0.0026325115493017032
0.0026318627742025515
0.0026273214673782274
0.0026276358637015128
0.0026295740075727714
0.0026304404184391856
0.0026308319926140276
0.0026307817486920394
0.0026307230977182083
0.0026306813135425727
0.002630214725265822
0.002626073755953192
0.0026181679537773043
0.0026112829114636905
0.0026096662896417373
0.002609385417153092
0.002609755386201745
0.0026100480207973675
0.0026097069466215622
0.002608666860902056
0.002607565447952443
0.002606931393366216
0.0026024281150953173
0.002602701053391983
0.0026046133606582645
0.0026054822412973798
0.00260587147962992
0.0026058238413564703
0.0026057657894788273
0.002605725108160726
0.002605273668007142
0.002601198992860265
0.002593478730191835
0.0025866807393535225
0.0025851330214700674
0.0025849277900146855
0.002585281061410677
0.0025855347705313948
0.0025851851435260247
0.0025841682971318304
0.00258310745419727
0.002582487566784649
0.0025780245174597234
0.002578257955109525
0.0025801455341253254
0.0025810175680002424
0.0025814049010009265
0.002581359724261206
0.0025813021411106906
0.0025812624755500346
0.0025808250496307922
0.0025768095962615868
0.002569263662505543
0.0025625483823836716
0.002561065596013345
0.0025609290425232497
0.002561264991911265
0.0025614831685117074
0.002561126577688011
0.002560132393235201
0.0025591093720410307
0.002558503161197216
0.002554082805760277
0.0025542781443513773
0.0025561415002680206
0.0025570170971923045
0.0025574028378237113
0.0025573599929987396
0.0025573027800234027
0.002557264068482856
0.0025568396901794565
0.0025528773430115157
0.0025454958425985465
0.0025388597018262855
0.002537438220222252
0.002537363989320045
0.0025376822336545877
0.002537867934346894
0.002537505720543797
0.002536533508919204
0.0025355456578261635
0.0025349526846071345
0.002530577513584391
0.0025307356916134355
0.002532574878725755
0.002533454247037443
0.002533838625024139
0.00253379799934202
0.0025337410817199385
0.0025337032756781335
0.002533291118021236
0.0025293766011454015
0.0025221508237577824
0.002515590985267219
0.0025142274866732945
0.0025142097489607
0.0025145100906157373
0.0025146660925952752
0.00251429940693019
0.0025133484304435223
0.0025123932419663492
0.002511813109769179
0.002507485490783472
0.0025076070766683195
0.002509421823242512
0.002510305026789247
0.0025106882142309295
0.0025106497122066723
0.002510593032355046
0.002510556088188911
0.002510155439683223
0.002506284208676318
0.002499206494334857
0.0024927207976836517
0.002491412229375769
0.0024914456143822093
0.002491728001860051
0.002491856844602479
0.002491486691173983
0.0024905562054204035
0.002489631343130917
0.00248906368977855
0.0024847857808319705
0.002484871058758579
0.0024866608667731705
0.0024875478687796885
0.002487929998881813
0.002487893541585542
0.0024878370541016716
0.0024878009276493515
0.0024874111716364448
0.002483579316463525
0.002476642923770985
0.002470229815046172
0.0024689733622543187
0.0024690529036493943
0.002469317403733039
0.0024694214197867855
0.002469048686551201
0.002468137966771588
0.0024672412774250844
0.0024666857684699462
0.0024624594729143034
0.002462508518119308
0.00246427274131312
0.002465163437390948
0.002465544617872874
0.002465510141535984
0.0024654538093567737
0.0024654184525950123
0.0024650390499512224
0.002461243209511527
0.0024544421921191073
0.0024481006484731683
0.002446893707840875
0.002447014798791088
0.002447261576372181
0.00244734291454231
0.0024469683955048185
0.002446076751960797
0.0024452062673687193
0.0024446625904942366
0.002440489539706827
0.0024405022822244957
0.002442240186061516
0.0024431344285149635
0.0024435147509842495
0.002443482205283017
0.002443425996843518
0.0024433913560815766
0.002443021830903588
0.002439259118816691
0.0024325882128457834
0.002426317666419917
0.0024251578234525065
0.0024253161802790524
0.0024255454832141643
0.0024256061265317138
0.002425230537675192
0.0024243573234572313
0.0024235112555242595
0.002422979115940837
0.0024188606699994107
0.0024188369472441327
0.002420547754204572
0.002421445369535781
0.0024218249158617002
0.0024217942620968873
0.0024217381492850822
0.002421704164420324
0.0024213440922999673
0.0024176120329980288
0.002411066556548135
0.0024048668208766903
0.0024037518307817173
0.0024039434633392064
0.0024041556105370344
0.0024041973906910987
0.0024038213814609535
0.0024029659952509563
0.002402142726701227
0.0024016218434325933
0.0023975591030706276
0.0023974987022893517
0.002399181625495872
0.002400082426708716
0.002400461273204032
0.0024004324825112806
0.0024003764392431055
0.002400343043739024
0.002399992042231749
0.002396288516187015
0.0023898642810199614
0.0023837354818351955
0.0023826632531899505
0.002382884440628483
0.0023830798121876433
0.0023831044215615006
0.002382728583241251
0.0023818904688474576
0.0023810885414628983
0.0023805786444144688
0.002376572469624518
0.002376475161512324
0.0023781294292327107
0.0023790332242342575
0.0023794114442667377
0.0023793844959363185
0.0023793284972041468
0.0023792956185419143
0.0023789533394646656
0.002375276536330036
0.002368969771186447
0.0023629122827261424
0.0023618808634729422
0.002362128134264437
0.00236230716291435
0.0023623161649829784
0.0023619410369226128
0.0023611196808686927
0.002360337782524129
0.002359838610223475
0.0023558896423374405
0.0023557552071407804
0.0023573800802484473
0.0023582866773745677
0.0023586643428777417
0.002358639222825081
0.0023585832441009175
0.002358550804524258
0.0023582169277617097
0.0023545653062593454
0.0023483725909116417
0.002342386978273024
0.0023413945436183883
0.0023416646589216514
0.002341827822313792
0.0023418226608938647
0.0023414487352730923
0.0023406436633245245
0.0023398806146996574
0.002339391912601849
0.0023355005977033477
0.0023353288450499677
0.0023369236291085568
0.0023378328405681036
0.002338210022800507
0.002338186722205198
0.0023381307391043375
0.002338098656529122
0.0023377728850734114
0.0023341451385789362
0.002328063347561623
0.0023221503152681734
0.0023211951571350535
0.0023214850967428102
0.002321632910334206
0.002321614917998209
0.002321242643600848
0.0023204534168209047
0.0023197081583707754
0.0023192296776280937
0.0023153962898752817
0.0023151870734326135
0.002316751126715769
0.0023176627705570464
0.0023180395403658034
0.002318018054481954
0.0023179620426137296
0.0023179302316116727
0.002317612287604715
0.002314007314509578
0.0023080335694243962
0.0023021939161227693
0.0023012744338701497
0.0023015813841266823
0.0023017143945219657
0.002301684800369934
0.002301314585696805
0.002300540796416091
0.0022998123759654975
0.002299343872570455
0.002295568536517882
0.002295321764430088
0.002296854502893851
0.002297768403944939
0.0022981448317181
0.0022981251588499963
0.0022980690937991198
0.0022980374665929667
0.0022977270881798066
0.0022941439662513634
0.002288275595574587
0.002282510174617944
0.0022816248667978283
0.002281946209999539
0.002282064988693603
0.0022820249256005074
0.0022816571415420605
0.002280898409479054
0.002280185970652737
0.002279727204874408
0.0022760099162421315
0.0022757255581492826
0.0022772264581380716
0.002278142448253645
0.0022785186036918016
0.002278500744323816
0.0022784446017194548
0.0022784130691473545
0.0022781100079830607
0.0022745479720699445
0.002268782477459765
0.002263092163034121
0.0022622396200022545
0.0022625729248975848
0.002262678062404281
0.00226262857381401
0.0022622635560293662
0.002261519524698366
0.002260822296291906
0.002260373032337093
0.0022567136769273185
0.002256391768237664
0.0022578603675179505
0.0022587782853740234
0.0022591542371714723
0.0022591381932386607
0.0022590819488791077
0.0022590504213005126
0.002258754440581899
0.0022552128631260016
0.00224954789131885
0.002243933549711529
0.002243112446946093
0.0022434554600379375
0.0022435475604120365
0.0022434896067208498
0.002243127657818271
0.0022423979912928856
0.0022417152776168818
0.002241275283458857
0.0022376736540952297
0.0022373142980663375
0.0022387501956366716
0.0022396698862456924
0.0022400457017419757
0.002240031476026791
0.002239975106035849
0.0022399434941619677
0.0022396543670793337
0.0022361327409932655
0.0022305660604757423
0.002225028526056603
0.0022242376180697824
0.002224588255494833
0.0022246679312629795
0.002224602395819138
0.002224243787397683
0.0022235281674533687
0.0022228593396360005
0.002222428386964003
0.0022188841984475925
0.0022184875665344204
0.002219890421548656
0.0022208117356160417
0.00222118748045708
0.0022211750760976366
0.0022211185570953783
0.0022210867727346945
0.002220804281258465
0.0022173022048092546
0.00221183168654938
0.0022063717420268874
0.0022056098567787064
0.0022059661965963396
0.002206034064112786
0.002205961758850654
0.0022056067334391403
0.002204904857070014
0.0022042493452735694
0.0022038272095255625
0.0022003401116802105
0.0021999064425264844
0.002201275972582041
0.002202198765787377
0.0022025745036201323
0.0022025639237160818
0.0022025072329914775
0.002202475189706309
0.002202199123639591
0.002198716287046571
0.002193339888659557
0.0021879582491789867
0.0021872242829224387
0.0021875845576923925
0.002187641232930978
0.0021875629036538433
0.0021872116765677637
0.0021865232538561315
0.0021858805403460377
0.002185467000795242
0.0021820365897242708
0.0021815661871058974
0.0021829021660846955
0.0021838262983434257
0.0021842020905571964
0.0021841933378601505
0.0021841364535368584
0.0021841040672106464
0.0021838342234518832
0.002180370396961471
0.002175086149769198
0.0021697834504344916
0.002169076362936334
0.0021694389525015417
0.0021694850472887715
0.002169401378613286
0.0021690541397404216
0.0021683788920483765
0.002167748505044893
0.00216734334491752
0.0021639691726220668
0.0021634624025955516
0.002164764658197307
0.0021656899929391174
0.002166065898459168
0.0021660589751356686
0.002166001876325114
0.0021659690656428295
0.002165705247613412
0.0021622602708571484
0.0021570662693756603
0.002151843055796893
0.0021511618658905983
0.002151525290310511
0.002151561408997321
0.0021514730289724573
0.0021511299444918323
0.002150467602940375
0.0021498491111804946
0.0021494521177876967
0.0021461337003103875
0.0021455909877733047
0.002146859398845142
0.0021477858023313512
0.002148161877465644
0.002148156784921853
0.0021480994518598417
0.002148066138705555
0.002147808155906026
0.0021443819283832816
0.002139276321839383
0.002134133043331943
0.002133476824768745
0.002133839737370629
0.0021338664739334956
0.0021337739583474373
0.0021334351723828584
0.0021327854765832424
0.0021321784845215242
0.002131789449393218
0.0021285262736537784
0.0021279480984866535
0.002129182592226598
0.002130109932919384
0.0021304862312560026
0.002130482970014423
0.0021304253841791226
0.002130391493956019
0.0021301391616215535
0.002126731634175788
0.002121712619712036
0.0021166496248001283
0.002116017502371288
0.00211637868290372
0.0021163966184595674
0.002116300494848765
0.0021159661310562626
0.0021153288280596834
0.0021147329716401358
0.0021143516906519744
0.002111143220137223
0.002110530113065081
0.0021117306621575016
0.0021126588101472595
0.0021130353824982628
0.002113033952117878
0.0021129760963281984
0.0021129415582069556
0.002112694697038634
0.0021093058642178797
0.0021043716814961146
0.00209938921540062
0.002098780361309558
0.0020991387091944536
0.002099148409908775
0.0020990491612839905
0.002098719324371764
0.0020980941678059757
0.0020975091107419386
0.00209713538422961
0.002093981063691514
0.002093333601977683
0.0020945002217044604
0.0020954290481973153
0.002095805942583783
0.002095806341616049
0.0020957482001102913
0.0020957129472121104
0.002095471383165175
0.0020921012763744414
0.0020872502033317704
0.0020823484071502353
0.0020817620376173385
0.0020821165653054003
0.002082118580669078
0.0020820166489736707
0.002081691426153084
0.0020810781755175585
0.0020805036060218586
0.0020801372388790317
0.002077036498182883
0.002076355301246402
0.0020774880466070244
0.002078417423471845
0.002078794685144447
0.0020787969111185655
0.0020787384696138254
0.002078702439134506
0.0020784660032486923
0.002075114684615495
0.0020703450341645795
0.0020655239454783468
0.002064959317564253
0.002065309144004351
0.0020653040054519223
0.0020651997947678906
0.002064879257134252
0.002064277677228742
0.002063713305141938
0.0020633541068999033
0.0020603063641516455
0.0020595920891820396
0.0020606910520480554
0.002061620851420652
0.002061998522910159
0.002062002572341885
0.0020619438180751546
0.0020619069513565704
0.0020616754796166947
0.0020583430365014037
0.002053653153999257
0.002048912708669236
0.0020483691173046655
0.0020487134615410365
0.0020487016813814135
0.002048595560898605
0.0020482797647410223
0.0020476896252055697
0.002047135179475546
0.0020467829643637347
0.0020437876284318418
0.0020430409660602738
0.002044106272383734
0.00204503636632501
0.0020454144875173925
0.0020454203559364804
0.0020453612776886432
0.0020453235202437703
0.0020450968534613608
0.0020417833935525566
0.0020371716548899586
0.0020325116898276614
0.0020319884650393753
0.002032326639952263
0.0020323087105821288
0.002032201017345827
0.002031890005385914
0.0020313110803333225
0.002030766306804604
0.002030420893792064
0.002027477366325927
0.0020266990363995456
0.0020277308434906776
0.0020286611036951074
0.0020290397119263263
0.0020290473939183953
0.0020289879820225374
0.0020289492835199176
0.002028727267228749
0.0020254329141704934
0.002020897724357921
0.0020163179810823093
0.0020158144854058786
0.0020161458916114765
0.0020161222849816333
0.002016013326433264
0.0020157071289930786
0.0020151391967176075
0.0020146038561934666
0.002014265069011986
0.002011372746045774
0.0020105634935418414
0.002011561987427874
0.0020124922849785033
0.0020128714151445653
0.0020128809044038377
0.0020128211507393677
0.002012781464952586
0.0020125639493126656
0.002009288838816095
0.0020048286309623992
0.002000328759775344
0.0019998443858460883
0.0020001685057711924
0.0020001396730766684
0.002000029729401866
0.0019997283655019435
0.0019991712082504096
0.001998645074795169
0.001998312741945088
0.0019954710151640397
0.001994631606271813
0.0019955969991462754
0.001996527204312553
0.0019969068889909565
0.0019969181783808508
0.001996858076354994
0.00199681736108235
0.001996604200788296
0.001993348477184447
0.0019889617117818713
0.0019845412764157118
0.0019840754447296425
0.0019843918368750734
0.001984358208440998
0.001984247534738585
0.0019839510131274053
0.001983404416921037
0.001982887276373781
0.001982561231113786
0.0019797694888487516
0.0019789007072399684
0.0019798332350096383
0.00198076321708449
0.0019811434866636784
