0.0
2.2885004876149108E-4
5.714419350980847E-4
9.711517681791408E-4
0.0013998870522092797
0.001843563983429545
0.0018718704809535473
0.0016612269802426065
0.001321464975980818
9.128820343519645E-4
4.6836108492388095E-4
5.707809989982804E-6
-4.6549806906661463E-4
-9.401248735114625E-4
-0.0014154235226200467
-0.0018899089068335332
-0.0018701055473147822
-0.001625660962262416
-0.0012733754969552796
-8.685956973273109E-4
-4.377877932174621E-4
6.248383987308759E-6
4.57232541027185E-4
9.120214518168878E-4
0.0013689948579269915
0.0018272786220106967
0.0018632059806398876
0.0016566543202873071
0.0013190727321479945
9.116418380328223E-4
4.677241141722795E-4
5.383753829579789E-6
-4.656613509634681E-4
-9.402063491045839E-4
-0.0014154637802983733
-0.001889928602215851
-0.0018701151101705356
-0.0016256656456212306
-0.0012733778115702572
-8.685968519243146E-4
-4.377883745597322E-4
6.248088543793158E-6
4.572323894841943E-4
9.120213733679178E-4
0.0013689948169446702
0.0018272786004069012
0.0018632059691459672
0.0016566543142214902
0.0013190727289746037
9.116418363876654E-4
4.677241133273204E-4
5.383753399710692E-6
-4.6566135118006574E-4
-9.402063492126632E-4
-0.0014154637803517759
-0.0018899286022419767
-0.0018701151101832207
-0.001625665645627443
-0.0012733778115733279
-8.685968519258464E-4
-4.3778837456050364E-4
6.248088543401142E-6
4.5723238948399325E-4
9.12021373367814E-4
0.0013689948169446158
0.0018272786004068725
0.0018632059691459524
0.0016566543142214826
0.0013190727289745993
9.116418363876633E-4
4.6772411332731935E-4
5.3837533997101635E-6
-4.65661351180066E-4
-9.402063492126634E-4
-0.0014154637803517759
-0.0018899286022419767
-0.0018701151101832207
-0.001625665645627443
-0.0012733778115733279
-8.685968519258464E-4
-4.3778837456050364E-4
6.248088543401142E-6
4.5723238948399325E-4
9.12021373367814E-4
0.0013689948169446158
0.0018272786004068725
0.0018632059691459524
0.0016566543142214826
0.0013190727289745993
9.116418363876633E-4
4.6772411332731935E-4
5.3837533997101635E-6
-4.65661351180066E-4
-9.402063492126634E-4
-0.0014154637803517759
-0.0018899286022419767
-0.0018701151101832207
-0.001625665645627443
-0.0012733778115733279
-8.685968519258464E-4
-1.7621325444174582E-4
9.680420591219354E-7
2.880236783461968E-5
2.0047392590726275E-5
1.665425210953674E-6
-3.1810759206248835E-5
-9.203294761210093E-5
-1.9905258759911129E-4
-3.778040202675838E-4
-6.223984554077443E-4
-7.618137674754855E-4
-3.161307291579293E-5
0.003979129626307522
0.016664150945363648
0.04420565585284549
0.08383520094722008
0.10367218617863663
0.10358192005014873
0.08963223365617631
0.06742255812077755
0.04013342904171183
0.009015299646717245
-0.025810946004396308
-0.06459994495625983
-0.10697364377062071
-0.15011254412005426
-0.17142968597732583
-0.1758624619117639
-0.16822640921440563
-0.1524311635066563
-0.13095563160196347
-0.10454318654658828
-0.07224389355040363
-0.031166770843094636
0.024261370216655437
0.10054809383951255
0.16910524931574003
0.22134394965449714
0.2491262392162375
0.2523823975310607
0.2353957734397575
0.20204446947828314
0.15387331057115278
0.09106373524322883
0.015150524869539663
-0.06806419239964927
-0.13949066695929457
-0.19518623533002738
-0.22998238595147866
-0.24421459229280604
-0.24108443671179075
-0.22142479729612782
-0.18369291936522036
-0.12441265798429046
-0.04020430988727903
0.06469037278800921
0.15295317056759886
0.21422292529858514
0.24400991136679093
0.24825980751597176
0.236621146721873
0.21236592923630113
0.17364137984969086
0.11572238421963317
0.03520871678170949
-0.06036125350948245
-0.14070432349697792
-0.19844124826862625
-0.2305151773185019
-0.24071734493257696
-0.23594518757274024
-0.2179885901048984
-0.1841368301050363
-0.1280411856540178
-0.0428039188507881
0.0643398951196117
0.1507124598984075
0.20714360346703167
0.23348778144648222
0.23767461734101433
0.23011651332550412
0.21256223529161364
0.18088321932435783
0.12698358193004292
0.04308836171097963
-0.060187231568998974
-0.14364639293652795
-0.19985150188570006
-0.2286853622716257
-0.23602595192269665
-0.2314911291085877
-0.21655400431752345
-0.18706499335659107
-0.13425266941823835
-0.04735472087322412
0.06414726404091249
0.15120191656991328
0.2057139939237502
0.23057238379220046
0.23374648593395053
0.2278618498867818
0.2139812691565416
0.18663945957113054
0.13542701526829795
0.048333478569841604
-0.061191125969615
-0.14593887184412419
-0.20044158886299865
-0.2276142054632856
-0.23310959190946512
-0.22895542237233724
-0.2163392964245212
-0.1901414211036523
-0.13994022352268526
-0.051394046409632375
0.06425500126544968
0.15182478140560907
0.20478856539487048
0.22926110548152892
0.23152334372890582
0.2265930771745948
0.21525638378881226
0.19116074065666458
0.14225244118392452
0.052546029112247296
-0.06213393961555735
-0.1473307401486948
-0.20026544053116388
-0.22680464165885142
-0.23111066862983876
-0.22727502388532192
-0.21644712830110874
-0.19282621244312295
-0.14483406142225919
-0.05489039326799735
0.06442827684440712
0.15229003670994806
0.20384208775185977
0.2283990364136657
0.22997262264761684
0.22564588942189834
0.2162419574505456
0.19474870050001936
0.14791218433359957
0.05612501614968435
-0.06283192558503507
-0.14806717535059716
-0.1996545032003369
-0.2260438426870072
-0.22962598122887878
-0.2260329077766848
-0.2166237162237967
-0.19508943637555543
-0.14902624555549435
-0.05795258038487935
0.06460148041918402
0.15264421450983273
0.20293234042373917
0.2276704424189644
0.22879308011188237
0.22485489842513612
0.21698891148201502
0.19764969139151958
0.1526828017949938
0.05922592655974531
-0.06330521237015924
-0.148367891814312
-0.19883834669883368
-0.2252599023841987
-0.22846504343427973
-0.2250499680051648
-0.2167916331079716
-0.19698397487889244
-0.15263100536258617
-0.06066424206632697
0.06477244187505858
0.15295661018498358
0.2021232358204177
0.2269625217765938
0.22785470688615225
0.22416109045697732
0.21755992657981277
0.20004497369474053
0.1567639470624278
0.0619383797175138
-0.06360756401010598
-0.14838405527238452
-0.19793940125726406
-0.22443739752777206
-0.2275224517604227
-0.22423499954676432
-0.21692651415444678
-0.19857040455283542
-0.15574923846280875
-0.06309041657794526
0.06495899492644419
0.15328579304508283
0.201442994331387
0.22623907540664184
0.22708726331614762
0.2235374731697288
0.2180069119470189
0.20206893826634637
0.1603090500141
0.06432555765981453
-0.06379305196072776
-0.14821689555965023
-0.19701634532451565
-0.2235802273469726
-0.22672940154056298
-0.22353264096740172
-0.21702041431454167
-0.1999018111205798
-0.15846680357033835
-0.0652865668490373
0.06518733811134464
0.15368282576299927
0.20090012454112155
0.22549481103770586
0.22644691854286408
0.2229692702010252
0.21837097831324728
0.20382428761666577
0.16344035419288128
0.06643609639989326
-0.06391172574682658
-0.14793850967895317
-0.1960964342527632
-0.22269511110139242
-0.22603393156169804
-0.22290241666380622
-0.21706831290412426
-0.20102025587614228
-0.1608558896209759
-0.06730280649575883
0.06549049085966414
0.15419741268475823
0.20049562058349393
0.22473227115081099
0.225902896543664
0.22244754026933483
0.2186858459688731
0.20539301057726272
0.1662582116900316
0.06830822237398337
-0.0640131794273713
-0.1476088394551926
-0.1951952314386323
-0.22178540903893687
-0.22539139284135115
-0.22230830350966357
-0.2170617266527211
-0.20195617984715986
-0.1629772103243038
-0.06918672921101687
0.06591024867754125
0.15488279612410816
0.20022782005079628
0.22395006737553466
0.2254314752866401
0.2219679451423105
0.21898242947366153
0.20684545846316926
0.16884857828748576
0.06997161380137895
-0.06415303084914586
-0.14729028416254894
-0.19432944105700672
-0.2208500688428431
-0.224758225627523
-0.22171131752408915
-0.21698400425870554
-0.20272854098880277
-0.16488364365748834
-0.07098746950500952
0.06650039162157763
0.15579860232720805
0.200091703574172
0.22313678365982814
0.2250134724660039
0.2215328529475735
0.21929510102752683
0.20824963731313428
0.171290896995199
0.0714491563175899
-0.06440125096098093
-0.14706246132819512
-0.19352749245096312
-0.21988468666594202
-0.22408579481081436
-0.22106128353666202
-0.21680440694978712
-0.20334471002830398
-0.16662633893820264
-0.07276332156095208
0.06732963632703715
0.15701021841975885
0.20007301979656117
0.22226694875475592
0.22463430834390954
0.22115752064913688
0.21967147336124213
0.2096831458413403
0.17366837609112157
0.07275976394019028
-0.06485274916879435
-0.1470400439368087
-0.19284134102203532
-0.2188829610625999
-0.22331145508584216
-0.22028404192730414
-0.21646790796870746
-0.20379932799466075
-0.16826533134398744
-0.07459636763189487
0.06848224789851273
0.15858187216693956
0.20013630768983487
0.22129778979301234
0.22428785362323958
0.22088347687527252
0.22018935208087032
0.21125136930503188
0.1760833478694818
0.07392301582360519
-0.06564179565819395
-0.1473979695878237
-0.19236326198411524
-0.21783751721375424
-0.22234227238172516
-0.21925748111211515
-0.2158748550224669
-0.20407042525769764
-0.169888434769712
-0.07661987519248498
0.07005322619859285
0.16055931421929084
0.20020630323862426
0.2201685734692805
0.2239878529366101
0.22080548438851108
0.2209871525661323
0.21311713720744993
0.17868096131187355
0.07496595289739191
-0.0669629036634348
-0.14841181592949676
-0.1922548541035021
-0.2167407008765741
-0.22102331113436355
-0.2177627313159519
-0.21483716900443572
-0.20410766648832082
-0.17164396564203907
-0.07906641955058472
0.0721349539734882
0.16293808097042894
0.2001463569893765
0.21880923274952632
0.22379324797444702
0.22112122177284413
0.22231480004281545
0.21554482486714646
0.18168133991280372
0.07593547882104171
-0.0690933938950053
-0.15052185772867183
-0.19280257248025112
-0.21559393638728022
-0.21908325656346794
-0.21538964472905203
-0.21298705245975905
-0.20380126482156732
-0.1737905464925887
-0.08233711541136375
0.07479753302343703
0.16561619991246795
0.19974891530959904
0.2171713119647078
0.22384563944582292
0.22219220600721817
0.22457895065087927
0.21891980358649293
0.18538860803551035
0.07694627488434576
-0.07234038745315013
-0.15437008127063037
-0.19449695067706876
-0.21446386850652888
-0.21610867599584957
-0.21144041532062535
-0.2096668866795785
-0.20294250206854508
-0.17673303772089638
-0.08700704134687923
0.07809810336738204
0.16834108433628928
0.19877655120922721
0.2152832829929281
0.22433047162510408
0.22440142424037426
0.22808992927068192
0.22342787297621103
0.18994304295446524
0.07832552567539056
-0.07653848138593228
-0.1603777284800039
-0.19789351726619533
-0.21365817772976142
-0.21193532333465337
-0.2054081722253835
-0.20436649485111683
-0.2014597735102398
-0.180860334968136
-0.09331631266447687
0.08225453013654244
0.17071720240236676
0.19711196999914812
0.21322939542951677
0.22502149226716142
0.22709201095167403
0.23178196215333227
0.22780129080854983
0.1943189200625497
0.08031234276363688
-0.08010795287801362
-0.16722829429467273
-0.20254598343205474
-0.21366311201228946
-0.2077443404909955
-0.19885693284467562
-0.1986644328528199
-0.2003887672252023
-0.18603929781767617
-0.10011133931333074
0.08777191572281595
0.1724942362084424
0.1950165290965561
0.21104910617427258
0.22499722155345478
0.22832532166177064
0.2335075883276473
0.22997440929184085
0.19673863332711852
0.08205400527142796
-0.08164881386449162
-0.17244018290055274
-0.2066312202135119
-0.21411647826368677
-0.20480815514684844
-0.19415220064284647
-0.1950591489233244
-0.2009855932763621
-0.19161775437763778
-0.10610726648577254
0.09451385375073525
0.17382089998555994
0.19304428582855193
0.20896731236418528
0.2241605140815486
0.22798242365049506
0.23340625260587938
0.23023071643075405
0.19737972479097218
0.08306377566155394
-0.08174008845890551
-0.17557904136035815
-0.2092921423882852
-0.21423394905962515
-0.20273795612775627
-0.19117938081154745
-0.19344288462664325
-0.20281358332609412
-0.19695002348744367
-0.11120896993528241
0.101564382970777
0.17475361984054025
0.19140067048057066
0.20716960703792386
0.22306221480607627
0.22702664878308523
0.23258629388354043
0.22971171079019884
0.19728124428121663
0.0836876842108989
-0.08132147249956903
-0.17755189145745268
-0.2109337142030418
-0.2138956582806165
-0.20103299028143506
-0.1891427399063401
-0.1928767355807403
-0.20505337119744102
-0.20165728671357946
-0.11555998695834543
0.10824216199809206
0.17522027401237608
0.18999003684444463
0.20561986270113836
0.22195309739914934
0.22593503313174157
0.23159375601986962
0.2289961324468233
0.19701235553510568
0.08421914773776207
-0.08087007558464254
-0.1790510270560552
-0.21203344641744581
-0.2132539742011959
-0.19953716645010552
-0.1876399011083074
-0.19283360363880636
-0.20727311932460885
-0.20562008584791136
-0.1192570119629237
0.11427020281047341
0.17524591222158367
0.18873137159964337
0.20425594025579558
0.2209006806136459
0.22486618451753995
0.2306172078363633
0.22828913624442415
0.19677655127741486
0.08476998545541896
-0.08055366516590909
-0.1803859767332757
-0.21283537258691423
-0.2124266594371024
-0.1982116802668709
-0.18650855344601533
-0.19308459351171972
-0.2093056602925293
-0.20886078761448346
-0.12238950904915519
0.11959172561564603
0.17493071717359224
0.18759782220496862
0.20304576134209149
0.21992676547784618
0.22387569735951865
0.22972054584576543
0.22765712638169358
0.19663151054974612
0.08536597804298705
-0.0804167493726405
-0.1816750648080336
-0.21344327919790929
-0.2114779245037693
-0.19703734835461284
-0.1856714316971563
-0.1935223983436196
-0.21109820381783131
-0.2114576930816682
-0.12504505476948471
0.12424267926692344
0.17438281700743785
0.1865817580481828
0.20197249695823435
0.21903829377454448
0.2229829329972615
0.22892386437306486
0.22711811413829994
0.19658495505844106
0.08600418239446704
-0.0804626126345496
-0.18296347630198925
-0.21390342702654774
-0.21044403549007556
-0.19599552874775006
-0.1850795446397378
-0.19408548273928466
-0.21264324416245647
-0.2135035024709141
-0.12730325494787487
0.12829147562848525
0.17368982255878412
0.18567700766172174
0.20102325357051923
0.21823425746955713
0.22219138925297788
0.22822975786690866
0.22667235668118133
0.19662851074039017
0.0866744388136914
-0.08068164436422458
-0.18426927027153422
-0.21424000864298132
-0.2093484489700032
-0.19506772072176026
-0.18469491925102122
-0.19473119332856526
-0.213951152450161
-0.21508789808162332
-0.12923247789095052
0.13181301485249192
0.1729150239669977
0.1848750298113049
0.20018567709828364
0.21750923372593942
0.2214969414848433
0.2276332116357113
0.22631329188847896
0.19674923280949763
0.08736608588162285
-0.08106029898887653
-0.18559897211790974
-0.2144678723454365
-0.20820846352380876
-0.1942384431215616
-0.184484837845734
-0.19542591588918365
-0.21503901220135685
-0.2162910186901877
-0.13088982562989238
0.1348785074404044
0.17210187243932598
0.18416563898238295
0.1994477007456393
0.21685581141608615
0.22089196240216097
0.22712589851376092
0.2260317530322714
0.19693350373398613
0.08806972773249246
-0.08158399683330937
-0.18695322862436164
-0.21459730893924353
-0.20703809452636912
-0.19349838018073331
-0.18441868020045213
-0.19614062281799388
-0.21592559174584797
-0.21718177594138538
-0.13232308998819783
0.13755293997994955
0.17127963773476032
0.18353843513647708
0.19879800255589286
0.21626605912918456
0.2203674548073844
0.2266981174316478
0.22581759243155886
0.19716824268412583
0.08877757934457081
-0.08223827925146909
-0.1883298115157925
-0.21463643545396355
-0.2058492364964612
-0.19284700728050497
-0.18446554104529805
-0.19684848922768167
-0.21662894266660482
-0.21781836968116652
-0.13357369117988988
0.1398964276145654
0.1704679655304562
0.18298389669994766
0.1982263667395892
0.21573221069740492
0.2199140239320103
0.2263395560988438
0.22566017442663963
0.19744110913031312
0.08948347629458807
-0.08300947150313677
-0.1897260297448152
-0.21459275433554165
-0.20465189902419495
-0.1922938956227991
-0.18459300769614354
-0.19752401207791412
-0.21716547291972033
-0.2182497622273185
-0.13467971890388764
0.1419671437183223
0.16967989622185062
0.18249398151233046
0.19772376233193253
0.21524679678246658
0.21952217588636944
0.2260394772157672
0.22554840320224512
0.19774035017885463
0.09018278449365917
-0.08388513231878572
-0.19114072045216768
-0.21447408571254534
-0.2034539661902916
-0.19185753137175718
-0.18476786302277087
-0.19814372048818632
-0.21755011382823694
-0.21851745643927784
-0.13567817541920904
0.14382389100812176
0.16892356360282318
0.1820622756258322
0.19728216179026056
0.21480245483605032
0.21918231149344716
0.22578674112657848
0.22547070238042677
0.19805461652561895
0.0908721765182776
-0.08485422161151658
-0.19257528406194435
-0.21428870068780778
-0.20226092301092682
-0.19155970823095778
-0.18495935809203803
-0.19868867761270234
-0.21779749956978184
-0.21865719369261913
-0.13660545489038606
0.14552647675167216
0.1682029989613381
0.18168371388093463
0.19689417345468643
0.21439167320471866
0.2188847164473889
0.22556999470391487
0.22541527543052323
0.19837297981745158
0.09154918750082043
-0.0859067370887673
-0.19403293545944955
-0.21404448846083107
-0.201076035008184
-0.19141217007892197
-0.18514580989991378
-0.19914918508040932
-0.21792427957523994
-0.2187002768889512
-0.13749489396268902
0.14713197869181724
0.16751845413420352
0.18135379047831413
0.19655253172473833
0.21400677253262504
0.21861980027828298
0.2253783172345257
0.22537096306783452
0.19868539978639424
0.09221149569341015
-0.08703247325380556
-0.19551518336208396
-0.21374708789324412
-0.19990147010204973
-0.1913937756035792
-0.18532477486397733
-0.19953159805431103
-0.21795237644241303
-0.21867410123295675
-0.13837028722509404
0.1486851962308914
0.16686662028178353
0.1810671162010731
0.19624948681436305
0.2136404674960932
0.21837881258939973
0.2252025702591429
0.22532898501516774
0.19898393499709968
0.09285603518724975
-0.08821879937259212
-0.19701500962116453
-0.2133972343837103
-0.198740675180141
-0.19143172310542164
-0.18552203270574355
-0.1998631834976296
-0.21791099598500754
-0.21860134062884226
-0.1392367397705331
0.1502047134170114
0.16624132715099155
0.1808156258650534
0.1959764024966983
0.21328723330966667
0.21815515082491313
0.22503737093316886
0.2252854009979975
0.1992647349818632
0.09347851665903556
-0.08944857907184654
-0.19850925899674174
-0.21298886247574478
-0.19760147049993335
-0.19142358515128696
-0.18578483620360484
-0.2001846595217743
-0.21783250497901593
-0.2184979764621641
-0.14007666117127343
0.15167444475457523
0.16563556467459517
0.18058801642984623
0.19572437138007467
0.21294504119376412
0.21794584561610925
0.22488263547065213
0.22524280315872383
0.19952976494046143
0.09407436742439804
-0.09070114829876136
-0.1999585352827417
-0.21251147213995722
-0.19649759525214303
-0.1913043984615452
-0.1861514158682416
-0.2005271787915618
-0.21774139805715198
-0.21837224680051218
-0.1408599090227463
0.153053913558956
0.16504471369179122
0.18037222421363927
0.19548622235813742
0.21261600815289852
0.2177519906355483
0.22474290485645462
0.22520894521445872
0.1997861275857563
0.09464100822704948
-0.09195769198529624
-0.20132107358284723
-0.21195814541578326
-0.19544615594591094
-0.19108230231304446
-0.1866228130901903
-0.20089422362377263
-0.21764652495866527
-0.21822661759396775
-0.14156209143240553
0.15430329299945084
0.16446874555035912
0.18015951127763327
0.19525834949560103
0.21230484010565104
0.2175771520481443
0.22462417664694206
0.22519238096669378
0.20004240336750279
0.09517919033773777
-0.09320642993902224
-0.20257050613036184
-0.21133278891861562
-0.19446222304123645
-0.1908059031658506
-0.1871666354848367
-0.20126679970629546
-0.21754452707088093
-0.21806151095909618
-0.14217467132894052
0.15540240847640105
0.16391142257417293
0.17994634872056048
0.19504045395799816
0.21201607271643316
0.21742466600579924
0.22453049090725677
0.22519838752733465
0.20030465958601326
0.09569194460848444
-0.09444263230706494
-0.2037013077300659
-0.2106495827318736
-0.19355495947105422
-0.19052190672649422
-0.18774045326929142
-0.20162055892353534
-0.2174284465679656
-0.21787795944684415
-0.142702915164096
0.15635340142945037
0.16337764541961697
0.1797332032036088
0.19483374950809146
0.2117521458077154
0.21729577854817675
0.22446244859837722
0.225227677011526
0.20057483948725052
0.09618264812555871
-0.09566515383497956
-0.20472204629518778
-0.20992698090418932
-0.1927272258543253
-0.19026006120830083
-0.18830921936932213
-0.20193731834504694
-0.21729337289963127
-0.21767835958519063
-0.1431593175342303
0.15717343753862106
0.16287126566733584
0.17952230627904828
0.1946393686607502
0.21151306485767446
0.21718939661547249
0.22441771068016933
0.2252774525678168
0.20085151563884762
0.09665392820598677
-0.09687350198011951
-0.20564658307717748
-0.2091823206234292
-0.19197724671896868
-0.19003517381661975
-0.18885041032738029
-0.20220777801989662
-0.21713785738202043
-0.21746612985695005
-0.1435583113585824
0.15788617247330994
0.16239421405812662
0.17931601839216949
0.19445766403891027
0.21129703494139304
0.21710281971213188
0.2243923031534884
0.22534317792399375
0.2011315073295298
0.09710754693583074
-0.09806671822356569
-0.20648869088216892
-0.2084293531967959
-0.191300559643911
-0.18985247423502383
-0.1893523612902644
-0.2024297597131034
-0.21696319220389135
-0.2172450978367626
-0.1439133978268102
0.1585157820014852
0.16194657115618688
0.1791160567351477
0.19428815964244228
0.21110129102815303
0.2170326343709194
0.2243817998026268
0.22542000869417128
0.20141125971469973
0.09754470618985912
-0.09924339785532374
-0.20725999506713125
-0.20767793822514546
-0.19069148160166038
-0.18971173076676617
-0.18981086224955887
-0.202605537223127
-0.21677223924365993
-0.2170189941635266
-0.1442359866188891
0.15908381223404736
0.1615270298923166
0.178923302335713
0.1941297685051376
0.21092274823213922
0.21697537788757626
0.2243820697551821
0.22550362172805954
0.20168766000917765
0.09796636895669876
-0.10040204958830151
-0.2079696800887955
-0.20693467604203203
-0.1901440195208125
-0.1896098100725078
-0.1902261687325829
-0.20273966792190867
-0.21656847949418068
-0.21679113919879592
-0.14453515429562896
0.15960798290005523
0.16113341626980696
0.1787378901246703
0.19398105293272647
0.21075840566315654
0.21692791506052017
0.22438963060821868
0.2255905585502371
0.20195837719361207
0.09837346349799395
-0.1015414090526379
-0.2086248471385883
-0.20620374165750585
-0.18965236981071198
-0.18954220852358883
-0.19060089553758355
-0.20283755859485758
-0.21635540085959967
-0.21656429482672393
-0.14481782433818088
0.16010208869695955
0.16076313026903633
0.17855939986584882
0.1938404413950061
0.21060555651091176
0.2168875994472196
0.22440174334361318
0.2256782724823657
0.20222190602759008
0.09876697395775608
-0.10266061069889207
-0.20923100145592236
-0.20548762224875383
-0.18921115861507967
-0.18950398150680534
-0.19093867922961277
-0.20290462049900856
-0.21613615996658295
-0.21634062920429803
-0.14508910601801298
0.16057642207125833
0.16041347268796896
0.17838705741339328
0.19370638382477717
0.21046187339024142
0.21685230389352464
0.22441636834915307
0.2257650282158675
0.20247746330462013
0.09914795708615579
-0.10375923762984066
-0.20979248420116137
-0.2047876836444303
-0.18881553166398657
-0.18949030858994476
-0.19124338956944917
-0.20294582260390734
-0.2159134285409293
-0.21612174880186308
-0.14535266238707356
0.161038384566503
0.16008186550646952
0.17821990783044928
0.19357745137630616
0.21032542187739556
0.21682038291859354
0.2244320609050138
0.2258497460373181
0.20272482961252294
0.09951752097347719
-0.10483729292771006
-0.21031280562016785
-0.20410457635215926
-0.18846116266111018
-0.18949681620447992
-0.19151870387917447
-0.2029654949089807
-0.21568935367940398
-0.21590876515440238
-0.14561104733949348
0.16149311285098542
0.1597659855608007
0.17805694772126573
0.19345239232305556
0.21019463610868824
0.21679060553212653
0.22444785048972135
0.225931840383505
0.2029641872793767
0.09987678958976419
-0.1058951294962711
-0.2107948850381278
-0.20343851448733016
-0.1881442213942833
-0.18951972789412058
-0.1917679107622489
-0.20296728150890736
-0.21546558372848681
-0.21570237528689043
-0.14586598815270307
0.16194403826638445
0.15946383223733654
0.17789721631389255
0.19333015536739925
0.21006827638694722
0.2167620799805469
0.2244631262630336
0.2260110761135
0.20319597840620943
0.10022686668210755
-0.10693336380401414
-0.21124121620525144
-0.2027894611639572
-0.1878613250620223
-0.189555894373343
-0.19199385138849892
-0.20295417770741886
-0.21524332816200226
-0.21550294316618904
-0.14611860922143377
0.16239335000097305
0.15917374760201472
0.17773985053236646
0.19320989001979008
0.20994538019061149
0.21673418155268978
0.2244775384272525
0.22608745115650697
0.20342079165747326
0.10056880573109206
-0.10795278941990093
-0.21165397756244334
-0.20215724782016486
-0.18760948541251998
-0.18960274836624733
-0.19219893649255873
-0.20292860851078184
-0.21502343110645372
-0.21531057515215998
-0.14636960241350627
0.162842359048975
0.15889440450900494
0.1775841117080028
0.19309093210116515
0.20982521309049224
0.2167064887116875
0.22449091835818477
0.22616110647620669
0.2036392783694274
0.10090358846099534
-0.10895429953917976
-0.2120351043830705
-0.20154164823789852
-0.1873860578310737
-0.18965822143888109
-0.19238519885006808
-0.20289252148686968
-0.2148064458436323
-0.21512518602360384
-0.14661935341528376
0.16329177320466723
0.15862477529830807
0.17742939202070127
0.19297278087652875
0.2097072232501266
0.2166787295532212
0.2245032169155033
0.22623226056484225
0.20385209457773049
0.10123211195540571
-0.10993882305999614
-0.21238633610802443
-0.20094242228810558
-0.18718869491560813
-0.18972064989886953
-0.19255435674289054
-0.2028474779853135
-0.2145927030165203
-0.2149465543873977
-0.14686803396916218
0.16374189838479594
0.15836409076592264
0.1772752079583404
0.19285507276837324
0.2095910014257903
0.21665073875425378
0.22451445870513997
0.22630116418854432
0.20405986401057652
0.10155518315068206
-0.11090727558415904
-0.21270924850532547
-0.2003593399584533
-0.18701530526022753
-0.1897886863582933
-0.19270787503794612
-0.2027947343960905
-0.21438236903340105
-0.21477436760806645
-0.14711566871182327
0.1641927821518191
0.15811179631212333
0.1771211866234942
0.19273755509058588
0.20947624721257374
0.21662242416465097
0.22452470946413727
0.22636807085507454
0.20426315691145283
0.10187351897000162
-0.1118605246459973
-0.21300527705848915
-0.19979219288640854
-0.18686401736244718
-0.18986122493754637
-0.19284701781753003
-0.20273531018972368
-0.21417549366169392
-0.21460825713463066
-0.1473621835258216
0.16464431365695978
0.1578675097446427
0.1769670490873326
0.19262006191934383
0.2093627415056351
0.21659374170024176
0.2245340537204719
0.2264332188782671
0.20446248009999182
0.10218775033360661
-0.1127993673005447
-0.21327573547181314
-0.1992407982222724
-0.18673314828046822
-0.1899373422550884
-0.19297289085847907
-0.20267004251656717
-0.21397204730474315
-0.21444782545975954
-0.1476074405575231
0.16509629170766482
0.15763098327968803
0.1768125935164819
0.19250249317593587
0.20925032466909388
0.21656467704065097
0.22454258017347078
0.22649682160537962
0.20465827453200947
0.10249842851663037
-0.11372451771160848
-0.21352183141785364
-0.19870499797520785
-0.1866211765996829
-0.1900162530957395
-0.19308647452949715
-0.2025996287149845
-0.21377194922646192
-0.2142926660610489
-0.14785126360544906
0.1655484700684417
0.15740207088181704
0.1766576796357141
0.19238479726312913
0.20913887966062963
0.2165352326910579
0.22455037266810457
0.22655906313037286
0.20485091752084297
0.10280603266634379
-0.1146366023532999
-0.21374468054124868
-0.19818465586273487
-0.18652671927541273
-0.19009727826068154
-0.19318864862445115
-0.20252465869946296
-0.2135750882718082
-0.21414237763936003
-0.14809345649864644
0.16600058680790797
0.15718070116012636
0.17650221526504853
0.19226695713771205
0.20902831928165833
0.21650541913711596
0.22455750508729905
0.22662009751248877
0.2050407275896413
0.10311097763538896
-0.1155361606806837
-0.21394531910991862
-0.19767965293526743
-0.18644851194157866
-0.19017982182688395
-0.1932802108540041
-0.20244563927042858
-0.21338133762127742
-0.21399657384931584
-0.14833381631674752
0.16645238264295825
0.1569668554928217
0.17634614513964894
0.19214897945448772
0.20891857675070738
0.21647524903732596
0.22456403889756088
0.2266800500987669
0.20522797057901
0.10341362158420654
-0.11642364948767954
-0.21412471540549874
-0.19718988276159094
-0.18638539229548268
-0.19026335531744518
-0.1933618905639681
-0.20236301218455865
-0.2131905649562516
-0.2138548895566837
-0.14857214277457276
0.16690361180320595
0.15676055077706447
0.1761894419141398
0.19203088631524012
0.20880959888302644
0.21644473361331074
0.2245700224266475
0.22673901999849874
0.20541286612854515
0.10371427303566823
-0.11729944955513973
-0.2142837798373654
-0.19671524665055343
-0.1863362861867304
-0.19034740675668457
-0.193434358963569
-0.20227716751822505
-0.21300263919086349
-0.2137169844859319
-0.14880824473261725
0.1673540478852625
0.15656182610229027
0.17603209910001802
0.19191270914447672
0.20870134126848203
0.21641388059210256
0.22457549122198886
0.22679708308820296
0.20559559400297706
0.1040131972289423
-0.11816387354454115
-0.21442337375630907
-0.1962556491871711
-0.18630019605691897
-0.19043155307013454
-0.19349823684844922
-0.20218845354057363
-0.21281743469840825
-0.21358254495689719
-0.14904194454540245
0.16780348640911652
0.15637073265163054
0.175874125629135
0.19179448425129328
0.2085937649512184
0.21638269321631204
0.22458046904155557
0.22685429515865901
0.20577629997253066
0.10431062172832668
-0.11901717438882732
-0.21454431697716383
-0.19581099423665346
-0.18627619139850193
-0.19051541471044472
-0.19355410054316055
-0.20209718403034924
-0.21263483375348724
-0.21345128426220472
-0.14927308078416912
0.16825174525438427
0.15618732619809605
0.17571554173665352
0.19167624969639258
0.20848683421684303
0.21635116996690915
0.2245849691763175
0.22691069497378308
0.20595510111167528
0.10460674130912034
-0.11985955366672103
-0.21464739406253508
-0.1953811814908347
-0.1862634009268358
-0.19059865172328672
-0.19360248658137744
-0.20200364373712756
-0.212454727735948
-0.21332294211108907
-0.14950150974359586
0.16869866378132392
0.15601166164799757
0.17555637588606712
0.19155804314874791
0.2083805151810124
0.21631930474267183
0.22458899590773412
0.22696630711506088
0.20613209047551842
0.10490172217899484
-0.12069116962505663
-0.21473335945677782
-0.1949661035812572
-0.18626100618809918
-0.1906809607170378
-0.19364389548713246
-0.2019080925035606
-0.21227701750111136
-0.213197283461227
-0.14972710604818856
0.16914410118313944
0.1558437891747741
0.17539666249974764
0.19143990047862056
0.20827477494605529
0.2162870873150471
0.22459254597584064
0.2270211445512682
0.20630734116806917
0.10519570560959728
-0.1215121446445135
-0.21480294158502405
-0.1945656437512253
-0.18626823635622183
-0.1907620723805033
-0.19367879490855028
-0.20181076842471388
-0.21210161321000634
-0.21307409697661656
-0.14994976260255946
0.1695879344376648
0.1556837515717448
0.17523644030131103
0.1913218548884305
0.20816958115061068
0.2162545039323616
0.22459560998247552
0.22707521091363272
0.20648090984560571
0.10548881105694288
-0.12232257203726937
-0.21485684604580343
-0.19417967405901432
-0.1862843640027159
-0.19084174931986508
-0.19370762227693936
-0.20171189031557224
-0.21192843382878118
-0.21295319328390797
-0.15016939007458707
0.17003005610332764
0.15553158252753377
0.1750757511157514
0.19120393642893438
0.20806490178300627
0.21622153798749225
0.22459817368686413
0.22712850248023125
0.20665283971128373
0.10578113884565178
-0.12312252212960001
-0.2148957580295188
-0.19380805407212515
-0.18630870165316815
-0.19091978407335516
-0.1937307871099474
-0.2016116596806404
-0.21175740644320895
-0.21283440314907717
-0.15038591605725501
0.17047037211919708
0.1553873055915272
0.1749146390075927
0.19108617178544682
0.20796070516435602
0.21618817069202703
0.22460021917220035
0.22718100988635573
0.20682316306049628
0.10607277248491913
-0.1239120476256454
-0.21492034409121485
-0.19345063000544685
-0.1863405989721763
-0.19099599722092406
-0.19374867304066054
-0.20151026232351416
-0.21158846548767835
-0.2127175756581223
-0.1505992840208771
0.17090879971010406
0.15525093364896717
0.174753149665661
0.190968584248347
0.20785696003413862
0.2161543817205226
0.2246017258756349
0.22723271958388194
0.20699190343458052
0.10636378067537379
-0.12469118827653031
-0.21493125339722624
-0.1931072342528545
-0.1863794404441616
-0.19107023554480698
-0.19376163962974055
-0.20140786969400154
-0.2114215519544019
-0.2126025764570452
-0.15080945214052605
0.17134526545714818
0.15512246876728913
0.17459132996580273
0.19085119380501891
0.2077536356911009
0.2161201498029544
0.22460267148270058
0.2272836150750045
0.20715907743592193
0.10665421905713722
-0.12545997489600408
-0.21492911855344005
-0.19277768526102046
-0.18642464344039078
-0.19114237022153946
-0.1937700240010841
-0.20130464004158774
-0.21125661262457526
-0.2124892860856167
-0.15101639206220918
0.17177970356588504
0.15500190230853655
0.1744292276606365
0.1907340173078651
0.20765070215721762
0.2160854532535134
0.22460303269240106
0.22733367794572565
0.20732469625188787
0.1069441317410649
-0.12621843277328784
-0.21491455610969032
-0.19246178769526825
-0.18647565658267448
-0.19121229504104376
-0.19377414233035994
-0.20120071942363754
-0.21109359934642297
-0.21237759842451592
-0.15122008765464068
0.17221205434534742
0.15488921522863183
0.1742668911590645
0.19061706868622608
0.20754813034333147
0.21605027043078692
0.22460278586212626
0.22738288872327336
0.2074887669292242
0.10723355265778527
-0.12696658453812829
-0.21488816682131837
-0.1921593328496451
-0.18653195833155897
-0.19127992465701632
-0.19377429120829404
-0.2010962426023371
-0.21093246837351884
-0.21226741926496628
-0.15142053378034132
0.17264226289816434
0.15478437850430604
0.17410436936854803
0.19050035917982103
0.2074458922029634
0.2160145801289481
0.22460190754301365
0.22743122757979578
0.20765129343507752
0.10752250675281093
-0.12770445253396837
-0.21485053573597496
-0.19187009925657472
-0.18659305574162538
-0.19134519287717863
-0.19377074889547105
-0.20099133385428797
-0.2107731797690198
-0.21215866500282263
-0.15161773510966273
0.17307027801355812
0.15468735364382713
0.17394171158082478
0.19038389757853846
0.20734396086638468
0.2159783619025544
0.22460037491690485
0.22747867490262397
0.2078122775358188
0.10781101105065848
-0.12843206075382224
-0.2148022321617402
-0.19159385345516292
-0.18665848333892474
-0.19140805100352357
-0.19376377648189277
-0.2008861077096237
-0.2106156968764202
-0.21205126145433043
-0.1518117049935038
0.17349605124973574
0.15459809324928636
0.17377896738735632
0.19026769045860129
0.2072423107509353
0.21594159632937202
0.2245981661459463
0.22752521174930576
0.20797171952048044
0.10809907560659644
-0.12914943639074705
-0.2147438095618848
-0.191330350881233
-0.18672780208588266
-0.1914684662325531
-0.19375361896201906
-0.20078066963263064
-0.2104599858542988
-0.21194514278779814
-0.15200246440454548
0.17391953618910963
0.15451654160697245
0.173616186614904
0.19015174240887223
0.20714091764625334
0.21590426521666767
0.2245952606454536
0.22757082020362074
0.2081296187918142
0.10838670436105124
-0.1298566110513507
-0.2146758054121455
-0.19107933684627307
-0.18680059840746657
-0.19152642012436855
-0.19374050623418493
-0.20067511665247809
-0.21030601527072432
-0.2118402505637036
-0.15219004095236963
0.17434068784831275
0.15444263528889443
0.17345341927453986
0.1900360562436623
0.20703975877480887
0.21586635175686328
0.22459163928998083
0.2276154836469297
0.2082859743447211
0.10867389590893343
-0.13055362167684043
-0.2145987410482829
-0.19084054757651978
-0.18687648325923975
-0.19158190714780196
-0.19372465403189212
-0.20056953795033314
-0.21015375575205988
-0.21173653287489716
-0.15237446797454784
0.17475946222464703
0.15437630375338893
0.1732907155195014
0.1899206332002212
0.2069388128292573
0.21582784063854843
0.22458728456177834
0.2276591869575214
0.20844078514901948
0.10896064419384077
-0.13124051121217858
-0.21451312152481783
-0.1906137112873152
-0.18695509122341658
-0.1916349333069387
-0.19370626479338596
-0.20046401540754416
-0.2100031796805879
-0.2116339435783178
-0.15255578370340542
0.1751758159609442
0.15431746993631995
0.1731281256087462
0.18980547312028512
0.20683805998874832
0.21578871811867428
0.22458218064999647
0.22770191664909373
0.20859405045113788
0.10924693913541497
-0.13191732905988118
-0.21441943550013756
-0.1903985492715433
-0.18703607962334118
-0.1916855148525096
-0.19368552847504808
-0.20035862411848035
-0.2098542609354224
-0.21153244160977258
-0.15273403050651577
0.17558970611177763
0.1542660508270152
0.17296569987408675
0.18969057461585123
0.2067374819166486
0.21574897206144547
0.224576313508171
0.22774366095813298
0.2087457700072911
0.10953276719667296
-0.13258413135122976
-0.2143181551584809
-0.1901947769843722
-0.18711912765018449
-0.1917336770799057
-0.1936626233134096
-0.20025343287086997
-0.20970697467145
-0.21143199037370614
-0.15290925419785195
0.1760010899951107
0.15422195802498334
0.17280348868947557
0.18957593521982152
0.20663706174222907
0.21570859194901257
0.22456967087673987
0.22778440988873785
0.20889594425895316
0.10981811189712665
-0.1332409810640293
-0.21420973617552658
-0.1900021051096259
-0.1872039354982039
-0.19177945321403808
-0.19363771653998002
-0.20014850459596356
-0.2095612971314518
-0.21133255720042207
-0.15308150341582905
0.17640992511489134
0.1541850982748431
0.17264154244148724
0.18946155152244387
0.2065367840288158
0.215667568868617
0.22456224227656515
0.22782415522233573
0.2090445744599683
0.11010295427664432
-0.13388794801270953
-0.21409461773131178
-0.18982024059591374
-0.1872902235068389
-0.19182288337994335
-0.19361096505255734
-0.20004389679048765
-0.20941720548701104
-0.21123411286380359
-0.15325082906404935
0.17681616914154208
0.15415537397788853
0.17247991150036984
0.1893474192946041
0.20643663473077012
0.21562589548037045
0.22455401897875257
0.2278628904987783
0.20919166276333226
0.11038727331436168
-0.1345251087334978
-0.21397322257185947
-0.1896488876531322
-0.1873777313093091
-0.19186401365698003
-0.1935825160462551
-0.1999396619121092
-0.20927467770428768
-0.21113663115319817
-0.15341728381041592
0.17721977993874008
0.15413268367941824
0.17231864619124967
0.18923353359907014
0.2063366011414679
0.21558356596938827
0.22454499395538496
0.22790061097442965
0.20933721227459132
0.11067104630644596
-0.13515254628454598
-0.21384595711910012
-0.18948774870213506
-0.18746621698835722
-0.19190289521360096
-0.19355250760708503
-0.19983584774994265
-0.20913369243120353
-0.21104008849374328
-0.15358092164022658
0.17762071562631784
0.1541169225314571
0.17215779676521878
0.1891198888907637
0.20623667183423042
0.21554057598554655
0.22453516181520422
0.2279373135621011
0.20948122707782074
0.11095424920612339
-0.13577034997836268
-0.21371321162734797
-0.18933652527226727
-0.18755545624043968
-0.1919395835190602
-0.19352106927061374
-0.19973249777149832
-0.20899422890300715
-0.21094446360997454
-0.15374179745898478
0.1780189346704351
0.1541079827308637
0.17199741337014532
0.18900647910708937
0.20613683659794452
0.21549692257372724
0.2245245187277318
0.22797299675700355
0.20962371223933277
0.11123685692903988
-0.13637861506161209
-0.21357536038362301
-0.18919491884309017
-0.18764524155006052
-0.19197413762796026
-0.1934883225479341
-0.19962965144736775
-0.20885626686358
-0.21084973722810518
-0.15389996674081594
0.1784143959934174
0.15410575393305154
0.17183754602110554
0.18889329774927377
0.20603708636888118
0.21545260409701933
0.22451306233883117
0.22800766055228613
0.20976467379350952
0.11151884362677733
-0.13697744235523063
-0.21343276194846575
-0.18906263162799836
-0.18773538137614795
-0.19200661953325562
-0.19345438142094654
-0.1995273445548515
-0.20871978650019768
-0.2107558918128481
-0.15405548521859372
0.1788070590968034
0.15411012364173637
0.17167824457039882
0.18878033795558843
0.20593741316002082
0.21540762015500287
0.22450079168027498
0.22804130634719616
0.2099041187145408
0.11180018293111157
-0.13756693786602514
-0.2132857594334684
-0.18893936729860758
-0.18782569935244856
-0.19203709358318746
-0.1934193528087532
-0.1994256094616714
-0.20858476838976656
-0.2106629113350956
-0.1542084086121182
0.17919688419215124
0.15412097757523613
0.17151955867714017
0.1886675925672523
0.20583780998899845
0.2153619714989203
0.2244877070754937
0.22807393685042407
0.21004205487727076
0.11208084817141968
-0.13814721237921934
-0.2131346808115333
-0.18882483164973454
-0.1879160335038493
-0.19206562595757137
-0.1933833370067938
-0.1993244753908422
-0.2084511934548302
-0.2105707810671701
-0.15435879239094175
0.1795838323350814
0.15413820000993744
0.1713615377764605
0.1885550541877285
0.20573827080561724
