0
0.0019795278770266328, 
0.0019795278770266328, 
1.5398424971979932, 
1.5383098305300968, 
1.5384286023680358, 
1.5402137199219577, 
1.5436871772098284, 
1.5488825164201832, 
1.5558454896656153, 
1.564634901987711, 
1.5753236557550698, 
1.5880000197220032, 
1.6027691491255696, 
1.6197548859107942, 
1.639101869926658, 
1.6609779918005154, 
1.6855772146517758, 
1.7131227825293582, 
1.7438708148106525, 
1.7781142523020086, 
1.8161870642339184, 
1.858468533830389, 
1.9053872968499466, 
1.9574245898016027, 
2.015115844219758, 
2.0790493098129406, 
2.1498597796324312, 
2.2282147326874315, 
2.314789388136594, 
2.410226517227481, 
2.51507687642016, 
0.8087701468933701, 
0.7980336240148557, 
0.7878979156296161, 
0.7783245855177561, 
0.7692797840592622, 
0.7607322887287066, 
0.7526532631735877, 
0.7450160411530966, 
0.7377959325434278, 
0.7309700489789107, 
0.7245171469722183, 
0.7184174866045703, 
0.7126527040951605, 
0.7072056967530681, 
0.7020605189861051, 
0.6972022881924838, 
0.6926170994947424, 
0.6882919483949181, 
0.6842146605312707, 
0.6803738278099025, 
0.6767587502671273, 
0.6733593830795792, 
0.6694237743453374, 
0.664932903033218, 
0.6606158051148759, 
0.6564660136172653, 
0.6524774804505855, 
0.6486445280746815, 
0.6449618248523226, 
0.6414243624833764, 
0.638027435297255, 
0.6347666212571356, 
0.6316377645075117, 
0.6286369593659663, 
0.6257605355770848, 
0.6230050447487187, 
0.6203672479017832, 
0.5761359194348865, 
0.5763828415159624, 
0.576981136637641, 
0.5779171953615125, 
0.5792008866213031, 
0.5808439954432998, 
0.5828604016772069, 
0.5852662941849525, 
0.5880804272775564, 
0.5913244273665675, 
0.5950231595950506, 
0.599205166843212, 
0.6039031966320404, 
0.6091548356193182, 
0.6150032767876822, 
0.621498251475743, 
0.6286971678714431, 
0.6366665101611261, 
0.6454835695320825, 
0.6552386015749361, 
0.6660375367145879, 
0.6780054152614495, 
0.6912907822705724, 
0.7060713686074509, 
0.7225615173553458, 
0.7410220108293839, 
0.7617732480686197, 
0.7852131730662915, 
0.8118420555700124, 
0.8422973410979457, 
0.8774035956498558, 
0.9182455693162078, 
0.9662774813851183, 
1.0234903986186046, 
1.0926749323515472, 
1.1778433666090407, 
1.2849207740912978, 
1.4228810749175456, 
1.6055456095961689, 
1.8539728657752788, 
2.1973794252006904, 
2.663180404754594, 
7.598916738222977, 
7.628937808149528, 
7.6582889991322, 
7.694292529395067, 
1.6717846124855884, 
1.43454440803113, 
1.2595594405211985, 
1.1199835914509964, 
1.0125674518928254, 
0.9233897164868805, 
0.8545547545990644, 
0.7988824701532093, 
0.7507754182259616, 
0.7136939081200075, 
0.6813042856333517, 
0.6597373467535602, 
0.642364433192061, 
0.6280112019465205, 
0.6147772035570453, 
0.602850254702303, 
0.5884907064409619, 
0.5801951610816337, 
0.5723337733214714, 
0.5621735381173089, 
0.5555339290988581, 
0.5501634433382884, 
0.5435047005782445, 
0.5392689763431124, 
0.5354285972186189, 
0.5323957449775679, 
0.5254073215329791, 
0.5238165121752492, 
0.5199840635102135, 
0.519039800747841, 
0.516510523983345, 
0.5132718677175403, 
0.5127147218931861, 
0.5115127331990186, 
0.5104777642859193, 
0.5084213988704784, 
0.509115969407339, 
0.5067779411176937, 
0.507100569234862, 
0.5070498043352714, 
0.50781168825574, 
0.5059210638777647, 
0.5047661728150281, 
0.507280627304696, 
0.5085344591132241, 
0.511085904915486, 
0.5079379388064226, 
0.510641097215233, 
0.510602838501706, 
0.5131744614633458, 
0.5129847330924011, 
0.5120320240885554, 
0.5170371021088422, 
0.517156345428962, 
0.5173850594218756, 
0.5169462404426122, 
0.5200499141271258, 
0.519149688198433, 
0.522715329257952, 
0.5262364254416476, 
0.5240819092101878, 
0.5283850773041894, 
0.5269853449986395, 
0.5302128325250575, 
0.4765505915207765, 
0.47388948582054646, 
0.4766307512991943, 
0.4771840317503111, 
0.4770971519786352, 
0.4742025431685793, 
0.4787827363863643, 
0.4767486647508752, 
0.4762958305921123, 
0.4760860781542035, 
0.47777639844087677, 
0.4777118094784402, 
0.4793511087281085, 
0.47689899653388523, 
0.48068094320863947, 
0.4833283752352192, 
0.48083453377017527, 
0.48409418401626625, 
0.4809495344042421, 
0.4803150489128518, 
0.480175636466894, 
0.47955794222795883, 
0.4800306297922835, 
0.48137662782224205, 
0.48209524095301803, 
0.48637171320702655, 
0.48262140085843286, 
0.48541560217422464, 
0.483842066703575, 
0.48974808661626906, 
0.48407422454140203, 
0.48986719762227476, 
0.48517649691893505, 
0.49158684191955715, 
0.4919434375530512, 
0.48903331922504506, 
0.4916776597692808, 
0.4939660628882492, 
0.4933790774457362, 
0.4940340815988102, 
0.48891617196497394, 
0.49384780422601793, 
0.49258152362548924, 
0.4903608008345793, 
0.4909988121867709, 
0.4930428575549497, 
0.4936137721124572, 
0.4937689666390584, 
1.5718704836279773, 
1.572454731347923, 
1.574173898319286, 
1.5745569763496756, 
1.576536940486486, 
1.5779405339499881, 
1.5790667416992488, 
1.5809433623591718, 
1.5829088832322062, 
1.5834995146746054, 
1.5854881034654968, 
1.5868606317413112, 
1.5894671417233492, 
1.5911432859645631, 
1.5925787646871592, 
1.595330220637706, 
1.5975620969400597, 
1.5991159366299739, 
1.6007275506324041, 
1.6037428416038952, 
1.6061054439456723, 
1.60845288041697, 
1.6100584993284288, 
1.6141573087429233, 
1.615341908438308, 
1.6179745286269214, 
1.6200470958988995, 
1.6223790679206243, 
1.6256173308712472, 
1.6285948393534486, 
1.632563969951524, 
1.634520183367855, 
1.6382341362144248, 
1.6422384873139015, 
1.6449110271368876, 
1.647719546070017, 
1.6523608446488922, 
1.6548229669162775, 
1.6583939648121806, 
1.6627950558441098, 
1.6668796890783393, 
1.6705117370749467, 
1.6750998901150056, 
1.6776544485211082, 
1.681640648695111, 
1.6874334214861504, 
1.6888550171393344, 
1.6948048289307334, 
1.6986456343164824, 
1.702726194230692, 
1.709811659280733, 
1.7133953900621097, 
1.7187081957717751, 
1.7223726213011084, 
1.7283881291377645, 
1.734212683173073, 
1.739577119932328, 
1.7456285107511498, 
1.7485001709100654, 
1.7577707709607404, 
1.7631725463627148, 
1.7682671666738323, 
1.774851836729312, 
1.7848235636302627, 
1.8074511521973764, 
1.5446518071149338, 
1.5434380747038356, 
1.5429139222596442, 
1.5413691869278707, 
1.5397664629320973, 
1.5379338970994834, 
1.5369641575172759, 
1.5372110411765871, 
1.5348790777881265, 
1.5334400324506745, 
1.5321919211763904, 
1.5307644384381178, 
1.538562320648537, 
1.5384649403880437, 
1.5374710495984165, 
1.5357598607123242, 
1.5350891975610539, 
1.5342228410467293, 
1.5335199272275317, 
1.5315761796139962, 
1.5308615613496328, 
1.5310226601123889, 
1.5299015445645798, 
1.5283972722933452, 
1.529035183040633, 
1.5265296415281906, 
1.527571682141037, 
1.5254711529503888, 
1.5253101875076531, 
1.5230078408124856, 
1.420748096354302, 
1.436945194074474, 
1.3835495764851797, 
1.3372498660037047, 
1.2987707109022049, 
1.2613274474602374, 
1.2246436039346855, 
1.1954058750859864, 
1.1669088171856719, 
1.1400070155504014, 
1.1188293675801315, 
1.101229534775709, 
1.094089893043333, 
1.0886545913554686, 
1.0801981066726558, 
1.0758509156020974, 
1.075841868000847, 
1.074252328432224, 
1.0716785093295664, 
1.0702214292016217, 
1.2296448083555849, 
1.2299817554416606, 
1.2294530235390817, 
1.2295676804617703, 
1.2288735567844786, 
1.22972500241985, 
1.2295782170374796, 
1.2296573829312756, 
1.2307728314955806, 
1.2311220401564338, 
1.2316455879738906, 
1.232347437738118, 
1.2341963976059502, 
1.2351905987593945, 
1.2351613816519134, 
1.2378525586259896, 
1.2382565326912656, 
1.24022553975079, 
1.2414743467396256, 
1.2434183635387805, 
1.2449454572030492, 
1.2474423659260492, 
1.2493217763460365, 
1.2509760368577862, 
1.2530977334833862, 
1.2551172056453137, 
1.2586855919977549, 
1.2598868139546142, 
1.2625396396062278, 
1.2657454405781627, 
1.2690352134842735, 
1.2728280954511986, 
1.2752718299055537, 
1.2799662327561996, 
1.2829925352010036, 
1.1352880926951658, 
1.1538061586920554, 
1.1728932354542168, 
1.1977939643531048, 
1.121166879179011, 
1.3322743735317324, 
1.324085639966548, 
1.421805320498705, 
1.4081121242744263, 
1.624579499326595, 
1.6586776438735331, 
5.872021176519752, 
1.553056959116411, 
1.5323809709513414, 
1.4645480795028725, 
1.2380307225060436, 
1.365791873836274, 
1.3327549018088207, 
1.4204413546591446, 
1.363604543681978, 
1.3611088931471746, 
1.576495075670258, 
1.3590697498747564, 
1.572703717814479, 
1.6642426560818206, 
1.7217933610659029, 
1.3201365679044044, 
1.1911137242275818, 
1.1277993361574747, 
1.0898936867459224, 
1.126256574749537, 
0.5442215947001598, 
0.5440669796160353, 
0.6687235203553916, 
1.0763397228258764, 
1.0666284950511833, 
1.087243746951601, 
1.0940521828031353, 
1.228081780388063, 
1.1706197181336089, 
1.1164183339729987, 
1.1727394530688144, 
1.2396838277593165, 
1.2170529250211186, 
1.196847789886347, 
1.2980388530199956, 
1.1256315918475504, 
1.2096453014112312, 
1.2710334251825612, 
1.193956813756301, 
1.1639277897721747, 
1.2144331325082796, 
1.1491181870740665, 
1.141358537456513, 
1.0827551124300556, 
1.178491023348978, 
1.3033669768241212, 
1.1851977422268274, 
1.0724400293294274, 
1.1449389341506793, 
1.1668988988922995, 
1.1800736584941083, 
1.2579793828989219, 
1.1650263661888696, 
1.1716322323115953, 
1.219462991245577, 
1.1374076561017992, 
1.0941125124002666, 
1.1906747201754981, 
1.0964111368215737, 
1.227997889751394, 
1.0800123084206794, 
1.1183233911706645, 
1.2857145393912552, 
1.232632320713332, 
1.174197183321894, 
1.087568752187015, 
1.1413226765046438, 
1.2908697419933248, 
1.1535337897975892, 
1.1115535269176333, 
1.1370377254287212, 
1.2707919096771731, 
1.2090733633405755, 
1.0579596954121964, 
1.1616031347159645, 
1.1876483810136118, 
1.1096415278546976, 
1.10038889468884, 
1.0573110109203463, 
1.189169165304216, 
1.128053267840016, 
1.1209680331971792, 
1.1468466035614044, 
1.1398946644089822, 
1.1500471708659576, 
1.2513328721742245, 
1.1369301814016446, 
1.1760409547756077, 
1.1622943131003112, 
1.2550268590535545, 
1.1498336189001142, 
1.112219359085559, 
1.0965003553317496, 
1.038450021715979, 
1.1977730998431464, 
1.2069961068002701, 
1.1696377763823758, 
1.2054849627188662, 
1.101504360201834, 
1.2745068870687595, 
1.0622250889174263, 
1.143144336902772, 
1.106989437504472, 
1.2098672922578766, 
1.1196532199034785, 
1.1316681712768442, 
1.116884517674963, 
1.1655159479567838, 
1.1160861011221814, 
1.1165968321151585, 
1.2367080853612875, 
1.129355009405031, 
1.1867124344697997, 
1.2017582721325335, 
1.142656337083139, 
1.154182085245419, 
1.2135482660823507, 
1.159784924864094, 
1.2641296202094168, 
1.1038444969095687, 
1.073849584401926, 
1.102873988181983, 
1.156545734332904, 
1.120819141953409, 
1.0405110674491147, 
1.281875885716787, 
1.488270656426053, 
1.4597928146546097, 
1.3343681309090514, 
1.4291551116174526, 
1.4785796551020465, 
1.4610421750868532, 
1.513307740449728, 
1.607230357697619, 
1.4615948855050476, 
1.439586209871798, 
1.4926698001879117, 
1.5340848509949288, 
1.4540218216084886, 
1.5412227259786047, 
1.5272426955031007, 
1.4011366753594325, 
1.4154931928710972, 
1.621285222341669, 
1.4836880280842948, 
1.5211016986939168, 
1.5567818293568774, 
1.4931432543218517, 
1.441148260111288, 
1.5865120352577897, 
1.4718871710839099, 
1.386584795639164, 
1.5896226194879142, 
1.466001827990379, 
1.535989618789863, 
1.4736935050436466, 
1.4476966474191908, 
1.616771592549971, 
1.4359672178881695, 
1.5036903175847387, 
1.3881519280355916, 
1.479259188666657, 
1.4623090291063465, 
1.3314428023075198, 
1.3617469390960681, 
1.6753159187522586, 
1.5152265338408846, 
1.480732828623723, 
1.6255806038880123, 
1.3945904629273889, 
1.3983005590807842, 
1.372750060250277, 
1.5531968796087678, 
1.6151347398843292, 
1.3588207669618426, 
1.4503250392835962, 
1.3713532417109582, 
1.5217663659819696, 
1.47805765630465, 
1.3085838785451456, 
1.5504463282845327, 
1.4751227838580274, 
1.4395042904098507, 
1.2806673354193279, 
1.5587992713683017, 
1.471010797487757, 
1.4627805014134734, 
1.464212710806348, 
1.5957351377225801, 
1.6023976537059528, 
1.450671010028643, 
1.4909796903037738, 
1.3513013492479735, 
1.5239838362785045, 
1.474407931256878, 
1.582807300649818, 
1.2371171089704704, 
1.3992241785811586, 
1.5712526041345982, 
1.3510503127909623, 
1.552720345909179, 
1.5736004421031742, 
1.4884455646516672, 
1.4422226618407747, 
1.621777061706664, 
1.3580756423017268, 
1.4821986972308885, 
1.5878873771026405, 
1.3469017494290925, 
1.4087427781826718, 
1.478547192444063, 
1.4100329844838402, 
1.3990032789305564, 
1.4983730592855307, 
1.632612865308955, 
1.4643503059750782, 
1.302106545866717, 
1.5214795781780648, 
1.410264534039623, 
1.5444239768405985, 
1.5217749413843853, 
1.343456639099867, 
1.568653140779988, 
1.5428298560234994, 
1.319091225681957, 
1.4630462149920223, 
1.527872414634879, 
1.5071816087183434, 
1.4663278000613693, 
1.4414027900330018, 
1.5387908074367462, 
1.6325260052699373, 
1.4629647303845197, 
1.4480398742600473, 
1.4341110472771752, 
1.3984453666186807, 
1.448752336232893, 
1.475153470153767, 
1.5049953840311838, 
1.419822129445198, 
1.3909773453726268, 
1.4957271154785827, 
1.6171064613481279, 
1.3775287604260926, 
1.449264038908819, 
1.5493612556406222, 
1.359038389673431, 
1.4799123062985757, 
1.368656529185193, 
1.3853550376600512, 
1.5295030292730822, 
1.458038217652696, 
1.5181399759622305, 
1.4230451719011612, 
1.4994634869362873, 
1.4275133764914265, 
1.4037450290066773, 
1.5445183528274486, 
1.4384777423772577, 
1.4323741193755297, 
1.495719895791694, 
1.3355446650667133, 
1.555926969243219, 
1.408256782879724, 
1.3626573419855956, 
1.5062344284606297, 
1.555367804851287, 
1.4159223492986277, 
1.4571224233757682, 
1.3479881787945118, 
1.3952675050642054, 
1.4704163190011128, 
1.5779216686099613, 
1.4732047865012583, 
1.4873080834747618, 
1.4269554286430404, 
1.5271874797585772, 
1.5760998276218188, 
1.255211857711961, 
1.4903293416528598, 
1.3437439551136223, 
1.4760349594192985, 
1.4236422509830233, 
1.4295415791578303, 
1.5186809444756841, 
1.4162723108718873, 
1.442320650914752, 
1.452983597774524, 
1.360505710461316, 
1.3721292790537876, 
1.539285758117002, 
1.3591646138126736, 
1.4178933333174017, 
1.538120009380851, 
1.4132102569357778, 
1.5488755813627875, 
1.5115046154107707, 
1.3768238384667764, 
1.4737108943095674, 
1.605851511716435, 
1.5491985969944544, 
1.5700903247966418, 
1.471504131535802, 
1.4034738354561274, 
1.5220191694557603, 
1.3190190480953379, 
1.6016533545932656, 
1.5537988629561266, 
1.4506743439771594, 
1.3200017510246778, 
1.4338105206503071, 
1.4050458235086611, 
1.4812613237098637, 
1.2376611098012305, 
1.3703247934024785, 
1.3957194525639431, 
1.3942981528836609, 
0.0025935133877368344, 
1.4926731347569864, 
1.572240847939994, 
1.6598865220867132, 
1.756133146739704, 
1.5665522801209582, 
1.6644031610416956, 
1.7731982331248202, 
1.3643306462952973, 
1.2777087329044567, 
1.201924682493427, 
1.1290348709154847, 
1.06324089388428, 
1.0124239809589421, 
0.966622088780098, 
0.9226874337843999, 
0.89105023177776, 
0.8558750476682309, 
0.8321155520696744, 
0.8117633108997178, 
0.7934066984789625, 
0.7746985868842675, 
0.7577535849723805, 
0.745300560035776, 
0.7288770427022456, 
0.7161125836136234, 
0.7080748882923227, 
0.695280352634193, 
0.6837089490746935, 
0.6745820352218851, 
0.670674897677085, 
0.6607398907127962, 
0.6525120443979949, 
0.6429978064467515, 
0.6382273546673523, 
0.6274125734426282, 
0.6222462577548121, 
0.6211809108528268, 
0.6148884066360247, 
0.6073585035216329, 
0.6041207058366611, 
0.5994370381137979, 
0.5928982522117263, 
0.5940422982428146, 
0.5897899044163661, 
0.5854141498483313, 
0.581325178791916, 
0.5782391375578148, 
0.5770524420868204, 
0.5711074651657805, 
0.571248375615381, 
0.5659897537551204, 
0.566450040439175, 
0.5636053597166398, 
0.5655106769107558, 
0.5615992499011367, 
0.5605125634227835, 
0.5590935259575909, 
0.5551892443379326, 
0.5549996740520441, 
0.5545924904399135, 
0.5567471493301286, 
0.5538296056198446, 
0.550901010230021, 
0.5517692530632751, 
0.5521591807589806, 
0.5488781752373615, 
0.5489177871024107, 
0.5503160180160185, 
0.5476014681298953, 
0.5507856701345741, 
0.5485865112239596, 
0.5475501109449477, 
0.5480239721346344, 
0.550236593803114, 
0.5474624317755747, 
0.5471492100504859, 
0.5502219951681594, 
0.5483314961646633, 
0.5483941952254217, 
0.5473536745798451, 
0.5484276867820005, 
0.5465281397694972, 
0.5477943486983572, 
0.5513902766947922, 
0.5507179902051179, 
0.54986239543825, 
0.5482410983362194, 
0.5518644375876859, 
0.549541915597434, 
0.5537139817376336, 
0.5545358451717846, 
0.5534539325824255, 
0.5494657227201016, 
0.5541871219474436, 
0.5574598231367163, 
0.5515281256916467, 
0.5562459334659715, 
0.5550560464852536, 
0.557562263793212, 
0.55736028940961, 
0.556893740554869, 
0.5618641920416731, 
0.5604921651749111, 
0.5612324036500789, 
0.5629660327622371, 
0.5631542564256206, 
0.565192744681648, 
0.5610865192447612, 
0.5657097370541009, 
0.5632502495012128, 
0.5615920213780633, 
0.5646091124368912, 
0.5642133713942084, 
0.5677545020205432, 
0.5661983675084241, 
0.5692074919725689, 
0.5683919181036476, 
0.569713015516689, 
0.5703631187795597, 
0.5739105560569527, 
0.5703796342578744, 
0.5757561355262029, 
0.5781653314207881, 
0.5753713524521595, 
0.577674825353421, 
0.5806257184275496, 
0.5780723775739471, 
0.5797279970287402, 
0.5803881239753652, 
0.5833360801112697, 
0.580515523429714, 
0.5788634543042652, 
0.584038787791791, 
0.582095110613131, 
0.5813167249667327, 
0.5867182143187349, 
0.5838336244610368, 
0.5850886955605737, 
0.5903040045171641, 
0.5837776606157021, 
0.5836193198957684, 
0.585445816728678, 
0.9603924702961257, 
0.943553764822213, 
0.9346937355248734, 
0.9281684235609239, 
0.9231290612307659, 
0.9120236454500971, 
0.910613158027304, 
0.9004150294167047, 
0.8930636229893552, 
0.8900134726710989, 
0.8827685137472395, 
0.8823087855045839, 
0.8798154884321954, 
0.8724779405869431, 
0.8669663416888339, 
0.8666077876922507, 
0.8593949151361973, 
0.854421576164373, 
0.8496149225307287, 
0.850643030807676, 
0.8432254786070525, 
0.8362766253545655, 
0.9904201251626958, 
0.9796966416609207, 
0.9655404526730376, 
0.9519585106215127, 
0.9399400430967287, 
0.9309525168511974, 
0.9221889016207585, 
0.9083711016649072, 
0.8165671436907083, 
0.3469694511684742, 
0.4037019694348023, 
0.39493734445306683, 
0.37957261631965433, 
0.3669063439613993, 
0.3611623058465768, 
0.3525939559032454, 
0.3413899678503405, 
0.32921028371562333, 
0.32243552659536034, 
0.31789049570433536, 
0.3101469199775124, 
0.29625800380766965, 
0.29541743517471253, 
0.2812406637317091, 
0.2784226564394132, 
0.2747220326933102, 
0.2686642701258266, 
0.26077879468573617, 
0.25740763408684486, 
0.24673391571596937, 
0.2434323149993507, 
0.2359932886553544, 
0.23643611996066827, 
0.22993075176040978, 
0.22571269126042137, 
0.22453238674550446, 
0.21372280741842703, 
0.21454360705401532, 
0.20652692659302896, 
0.20449544018015264, 
0.20185582907857835, 
0.19872393597800952, 
0.19734814188247807, 
0.19466144192595258, 
0.19032029261878325, 
0.18183535039870757, 
0.1783661722421287, 
0.177330664885125, 
0.17705191507417894, 
0.17720189747979176, 
0.17413006802007702, 
0.16468747964556835, 
0.1654069546000515, 
0.16213712958314186, 
0.16570715021139149, 
0.15863301044025868, 
0.15911212027414112, 
0.15187299333911786, 
0.15662964798336776, 
0.15411959506224993, 
0.1511764939665361, 
0.14558294761420804, 
0.14885485571247492, 
0.14843982441340303, 
0.1401987317265584, 
0.13822791248496358, 
0.14288031320718597, 
0.1368447923597168, 
0.13878392476812657, 
0.13524226686524748, 
0.13172784010992478, 
0.1354375100478799, 
0.13251734992322406, 
0.13296580894683974, 
0.125824279200413, 
0.12809843650217967, 
0.12505413475546123, 
0.12737297808722053, 
0.12884093379648948, 
0.12165753124989676, 
0.12178490998809477, 
0.11986805479111584, 
0.1251449331487719, 
0.12096251016839482, 
0.05983777175690008, 
0.054868827904820505, 
0.05474770060482603, 
0.05433710848076567, 
0.052297519927235414, 
0.047702662958471975, 
0.04598784427208369, 
0.0435913568791827, 
0.04281884732826602, 
0.038763081393167864, 
0.038564067761545084, 
0.03298939968886416, 
0.028668321681799225, 
0.03042261534934365, 
0.026905544542364768, 
0.023548478805234585, 
0.017769353115837827, 
0.01987595121498964, 
0.015094051987010415, 
0.00936290366903314, 
0.008934275306198836, 
0.004470523911423441, 
0.007575275708435858, 
5.534094826172842E-4, 
8.764853334743417E-4, 
0.005899096653291913, 
0.004693855839114802, 
0.00993478759671873, 
0.011445977919188666, 
0.018707594207689582, 
0.017345878640748158, 
0.020365751299616208, 
0.023242965403625138, 
0.030953528555344056, 
0.03368975719417483, 
0.034717203156665266, 
0.03680284972627196, 
0.03976014973506736, 
0.04293358116709245, 
0.04853533103232355, 
0.05261406576886546, 
0.05544811616309875, 
0.055098473304042994, 
0.06116320143487941, 
0.06577717372346564, 
0.06879254851235406, 
0.07227744517776713, 
0.07598732696673183, 
0.07852098386744333, 
0.08256264016158638, 
0.08533756540507043, 
0.08656564903649544, 
0.08939734002704436, 
0.09737375441074114, 
0.0988361356587742, 
0.10284997187179934, 
0.10682636897712655, 
0.11198546599523235, 
0.11179463142658491, 
0.1186164895282219, 
0.11977078782598505, 
0.1254879761073498, 
0.12678475308537235, 
0.1331769465652577, 
0.1358015835650051, 
0.13920505237832925, 
0.1446786886564595, 
0.1488140667848441, 
0.15114865797389437, 
0.15390756642101516, 
0.15760720795215877, 
0.16342267558250656, 
0.16527942741494672, 
0.16863804325295856, 
0.1749112458336502, 
0.17581054467934226, 
0.1822673362950864, 
0.18654562502582694, 
0.1889084639115598, 
0.19217673622989773, 
0.856608852203711, 
0.8148997075858, 
0.7995024721974593, 
0.7862560325837856, 
0.7703695423809107, 
0.7597462719543124, 
0.7478525788847534, 
0.7346070465979154, 
0.7252597682857077, 
0.7146185781610183, 
0.7047952812334572, 
0.6961346809522395, 
0.685782005609948, 
0.6775374193684022, 
0.6704710614400909, 
0.6627289493179511, 
0.6537040968792849, 
0.6477581990468751, 
0.6399104132329665, 
0.6333135359230267, 
0.6267756266666511, 
0.6194426667891372, 
0.6151221844127268, 
0.6080511855583925, 
0.6026665141553466, 
0.5986282304312192, 
0.5916474358148903, 
0.5876879525598336, 
0.5820899864350121, 
0.5776918618518131, 
0.573720969828126, 
0.5700028701248598, 
0.5660045508050399, 
0.5611352101068823, 
0.5572675804062369, 
0.5526572757329572, 
0.5496196011683288, 
0.5463605244576729, 
0.5422999977980743, 
0.5389278338020157, 
0.5365918740471229, 
0.5338971446148848, 
0.5307873119625567, 
0.5284277477066678, 
0.5250083839387235, 
0.522776519554255, 
0.5195153165888315, 
0.5165343866612495, 
0.5141786764053553, 
0.5125247882106538, 
0.5093225226552185, 
0.5076873776131186, 
0.5052205282553884, 
0.5045824938328092, 
0.5015916346950478, 
0.49925491649065434, 
0.5183207961939958, 
0.5177580331071647, 
0.5189278958228849, 
0.519391993298448, 
0.5194632994637932, 
0.5198350049318705, 
0.522239916290571, 
0.5235470066873942, 
0.5245605347568567, 
0.5256109810302889, 
0.5258842354329427, 
0.5276891768585749, 
0.5281791412480804, 
0.531196714225504, 
0.5329056187707172, 
0.5331087523509195, 
0.5356612040075772, 
0.5391931463018774, 
0.5401555409930381, 
0.5441109491254477, 
0.5462601072224532, 
0.548331841100347, 
0.5502606005442651, 
0.5546364121715486, 
0.5571331265409916, 
0.5603090516177549, 
0.5639994678703647, 
0.567515852277213, 
0.5699321263008501, 
0.5757096010507388, 
0.5788993888526999, 
0.5835143413478427, 
0.588302949961893, 
0.5939583148723683, 
0.5978350841430169, 
0.6038031770391967, 
0.6087551878079118, 
0.614992676000053, 
0.621374588132116, 
0.6282927332145691, 
0.6381765133703428, 
0.644462525280219, 
0.6519156950291649, 
1.52583631422386, 
1.9296710895586373, 
2.6828906067094853, 
0.028995434422477692, 
0.03465372798541423, 
0.03667805401300109, 
0.016205255915095085, 
0.025496451173633902, 
0.026022804111517292, 
0.035555693398710286, 
0.032320989981347206, 
0.027885925435734427, 
0.026517447265100982, 
0.023466240544779686, 
0.02302314536033842, 
0.026274719207985908, 
0.025712216920062925, 
0.027941834430687457, 
0.022362042170826546, 
0.031063416440051672, 
0.021087218527299986, 
0.02553681279296037, 
0.0244205004074646, 
0.01846909162705547, 
0.019370268395712903, 
0.11158400932382051, 
0.0303927240490367, 
0.040454465094072134, 
0.03878962983007739, 
0.03410021422754994, 
0.03211931403190249, 
0.03332352721373866, 
0.036569078110787245, 
0.0334522308804992, 
0.030694545364596593, 
0.03317040930176063, 
0.03725125084507397, 
0.027867415365605552, 
0.036483214007063225, 
0.04096947572233489, 
0.03849616397515376, 
0.03569010284715546, 
0.03626011798218087, 
0.03347185610252268, 
0.034439114638530555, 
0.036332896736354314, 
0.03147850108307182, 
0.03503002433761537, 
0.04190521022202631, 
0.03653104339183244, 
0.030170495233420525, 
0.02964986117089552, 
0.03321185573716434, 
0.03380786201233832, 
0.030595311649733503, 
0.03425242935827555, 
0.3176460654406412, 
0.32487051170022596, 
0.36946499351608963, 
0.374805658537241, 
0.38012173415130235, 
0.3533610585894422, 
0.35394528007088866, 
0.38867578738911135, 
0.3962925683160208, 
0.4025619328173633, 
0.4065200366351789, 
0.4104253451076616, 
0.41072707268590136, 
0.40501156073456457, 
0.41082766836841245, 
0.37588991311757525, 
0.4287374253016196, 
0.43464400375206935, 
0.438934936397132, 
0.4090176699842232, 
0.4455735152727698, 
0.4188122560386063, 
0.45396733862335736, 
0.4154300333491818, 
0.4233519762482274, 
0.46547222367297536, 
0.468022953875888, 
0.468450956704487, 
0.3880403191672954, 
0.47946204866168785, 
0.48230330754833517, 
0.4860527588940471, 
0.49181549365247434, 
0.47691331088432776, 
0.47560577342954247, 
0.4723644817264798, 
0.49982750427403033, 
0.5076552815078301, 
0.4998738118564745, 
0.4904170497561253, 
0.5162291121035807, 
0.5189077257712711, 
0.5231725609392015, 
0.5086072842133973, 
0.5278995200591083, 
0.5323236970263849, 
0.5337874457859755, 
0.5344649781149684, 
0.47555717950260146, 
0.5412524894080946, 
0.4999913286377904, 
0.4318417596444988, 
0.4664672933019318, 
0.41063526145273954, 
0.5290862253471857, 
0.5541119644148864, 
0.5222708905567401, 
0.5586650305040664, 
0.5593878728762363, 
0.48668334696331783, 
0.5630902176072325, 
0.5681126712416997, 
0.5510454264895017, 
0.5708383329087141, 
0.49390889645206215, 
0.5730046897119578, 
0.5433319064893851, 
0.5777394825677362, 
0.5775902867782889, 
0.5808181975653639, 
0.5819634593464613, 
0.5845579794984488, 
0.5846408250776776, 
0.05774536344478065, 
0.05712335038262495, 
0.05769916859343027, 
0.05698184440790044, 
0.0569505170159168, 
0.05750894912938875, 
0.05679894247113637, 
0.05715226990355049, 
0.05747582703072851, 
0.056949461928105904, 
0.5736903118127294, 
0.5746964941691992, 
0.5671379190689478, 
0.5640131573144842, 
0.5684493146956129, 
0.5647298740292968, 
0.562575408034192, 
0.5619130871822762, 
0.5573330370832821, 
0.5585873510105444, 
0.5599052761132555, 
0.5478243386371773, 
0.553245839694732, 
0.5495476265074188, 
0.5459538241604633, 
0.5421195468858855, 
0.5435887563114505, 
0.5365498799880868, 
0.5361564766487419, 
0.5359091205813016, 
0.5310408698132463, 
0.5329979949422636, 
0.5279540207113342, 
0.5212399552248002, 
0.5273949131339961, 
0.5239142986042324, 
0.5163949209244407, 
0.5177066431687081, 
0.5111131462589213, 
0.5112936072501526, 
0.501913763697786, 
0.5028555424540997, 
0.4962777007302037, 
0.4949449348327093, 
0.49751933272732884, 
0.4921997219880012, 
0.4851755834069138, 
0.47917662691406093, 
0.47959099257156623, 
0.4793836977970898, 
0.47259671388654567, 
0.4701828051536836, 
0.4664796411199319, 
0.4609168024371755, 
0.45957222512773654, 
0.4528449480019532, 
0.45055813969831604, 
0.4535257724565227, 
0.44563776103371566, 
0.4444486590946042, 
0.4394169231383316, 
0.4378487841608134, 
0.430566937034186, 
0.4270529383409922, 
0.4183016047073522, 
0.41862700656638197, 
0.4171333300956377, 
0.40995568008682426, 
0.4069725432468587, 
0.4003596924266688, 
0.3938508661911726, 
0.39572997085355155, 
0.3897633193127916, 
0.38354287657099917, 
0.3806693358223683, 
0.37503815771321314, 
0.36927179924394693, 
0.3649927406039808, 
0.36236409535186453, 
0.3537895396901547, 
0.3541221755530728, 
0.34953690558518247, 
0.3431043486833971, 
0.2230637011483907, 
0.15192883644101585, 
0.3291587578077326, 
0.3220558482095015, 
0.3186277234593575, 
0.31771236169350914, 
0.30808030731827785, 
0.306704157615485, 
0.29868657287218525, 
0.29371392288678067, 
0.29402560202578343, 
0.2865717614282488, 
0.2808146763009489, 
0.27559766066993063, 
0.26988358823440706, 
0.268557821690834, 
0.258961211638038, 
0.2567114769972534, 
0.2489428896845851, 
0.2468427838507381, 
0.23905617241288724, 
