1.4005881996370455, 
0.06268277754723166, 
0.06268277754723166, 
0.07246810938423166, 
0.06735045743028559, 
0.04472631980971048, 
0.06120396741891547, 
0.05588419764607726, 
0.07044525842586752, 
0.06308606856035599, 
0.06062272868734353, 
0.05980226116106148, 
0.0523714152399482, 
0.05738353586722875, 
0.05492400839124961, 
0.06407137878105845, 
0.06647010957088198, 
0.053891421768057446, 
0.06643241156018914, 
0.05422813606691178, 
0.05764109265090732, 
0.06021452709858602, 
0.0607215636627544, 
0.05248221011212609, 
2.6871367133209665E-46, 
0.43481747698756124, 
0.43481747698756124, 
0.43481747698756124, 
0.43481747698756124, 
0.43481747698756124, 
0.43481747698756124, 
0.43481747698756124, 
0.43481747698756124, 
0.43481747698756124, 
0.43481747698756124, 
0.43481747698756124, 
0.43481747698756124, 
0.43481747698756124, 
0.43481747698756124, 
0.43481747698756124, 
0.43481747698756124, 
0.43481747698756124, 
0.43481747698756124, 
0.43481747698756124, 
0.43481747698756124, 
0.43481747698756124, 
0.43481747698756124, 
0.43481747698756124, 
0.43481747698756124, 
0.43481747698756124, 
0.43481747698756124, 
0.43481747698756124, 
0.43481747698756124, 
0.43481747698756124, 
0.43481747698756124, 
0.43481747698756124, 
0.43481747698756124, 
0.43481747698756124, 
0.43481747698756124, 
0.43481747698756124, 
0.43481747698756124, 
0.43481747698756124, 
0.43481747698756124, 
0.43481747698756124, 
0.43481747698756124, 
0.43481747698756124, 
0.43481747698756124, 
0.43481747698756124, 
0.43481747698756124, 
0.43481747698756124, 
0.43481747698756124, 
0.43481747698756124, 
0.43481747698756124, 
0.43481747698756124, 
0.43481747698756124, 
0.43481747698756124, 
0.43481747698756124, 
0.43481747698756124, 
0.43481747698756124, 
0.43481747698756124, 
0.43481747698756124, 
0.43481747698756124, 
0.43481747698756124, 
0.43481747698756124, 
0.43481747698756124, 
0.43481747698756124, 
0.43481747698756124, 
0.43481747698756124, 
0.43481747698756124, 
0.43481747698756124, 
0.43481747698756124, 
0.43481747698756124, 
0.43481747698756124, 
0.43481747698756124, 
0.43481747698756124, 
0.43481747698756124, 
0.43481747698756124, 
0.43481747698756124, 
0.43481747698756124, 
0.43481747698756124, 
0.43481747698756124, 
0.43481747698756124, 
0.43481747698756124, 
0.43481747698756124, 
0.43481747698756124, 
0.43481747698756124, 
0.43481747698756124, 
0.43481747698756124, 
0.43481747698756124, 
0.43481747698756124, 
0.43481747698756124, 
0.43481747698756124, 
0.43481747698756124, 
0.43481747698756124, 
0.43481747698756124, 
0.43481747698756124, 
0.43481747698756124, 
0.43481747698756124, 
0.43481747698756124, 
0.43481747698756124, 
0.43481747698756124, 
0.43481747698756124, 
0.43481747698756124, 
0.43481747698756124, 
0.43481747698756124, 
0.43481747698755946, 
0.43481747698755946, 
0.43481747698755946, 
