0
0.0019795278770266328, 
1.5405624927579833, 
1.5404697639306029, 
1.5420283137736914, 
1.545252942950547, 
1.5501655389478044, 
1.5567995374441115, 
1.5652005840690615, 
1.5754273774161565, 
1.5875527134445226, 
1.6016647545450842, 
1.617868549644362, 
1.6362878344340717, 
1.6570671425742303, 
1.6803742585738286, 
1.706403039509997, 
1.7353766234723385, 
1.767551023966821, 
1.8032190760239266, 
1.8427146431982666, 
1.8864169031454585, 
1.934754386167734, 
1.9882082234376082, 
2.0473137412775424, 
2.1126590843154207, 
2.184878940658687, 
2.2646406845162352, 
2.3526194303953556, 
2.449457845047557, 
2.555706580598148, 
0.7901333183686929, 
0.7779329619758993, 
0.7663324810828861, 
0.7552935459581156, 
0.7447824135574284, 
0.7347679680139717, 
0.725221479708995, 
0.7161163892051015, 
0.7074281132460742, 
0.6991338703912006, 
0.6912125241292701, 
0.6836444415628813, 
0.676411365971956, 
0.669496301759413, 
0.6628834104536914, 
0.6565579165942077, 
0.6505060224599103, 
0.6447148307174602, 
0.6391722741717729, 
0.6338670518925376, 
0.6287885710692518, 
0.6239268940288492, 
0.6200001699784866, 
0.6169894128807695, 
0.6141536277887275, 
0.6114863106757757, 
0.6089813763835965, 
0.6066331102796292, 
0.6044361436171417, 
0.6023854309489272, 
0.6004762294319279, 
0.59870407983221, 
0.5970647890920542, 
0.5955544142841268, 
0.5941692478851179, 
0.5929058042338183, 
0.5917608070409848, 
0.6348416008134701, 
0.6410566742851502, 
0.6476166534704497, 
0.6545073327674564, 
0.6617379856461788, 
0.6693198024466767, 
0.6772660691585038, 
0.6855923816476002, 
0.6943169021992006, 
0.70346066618769, 
0.7130479487869714, 
0.7231067040253473, 
0.7336690917519856, 
0.7447721121982733, 
0.7564583732091349, 
0.7687770223469108, 
0.7817848854421564, 
0.795547865784647, 
0.8101426752048654, 
0.8256589915242214, 
0.8422021690431383, 
0.859896673652767, 
0.8788904777505185, 
0.8993607413627389, 
0.9215212386097996, 
0.9456321847766145, 
0.9720134138618004, 
1.0010623068639386, 
1.0332785726387939, 
1.0692990979705703, 
1.1099478923398074, 
1.1563091515876445, 
1.2098365430781666, 
1.2725205840300182, 
1.347151338670448, 
1.4377405464066881, 
1.5502127378664388, 
1.6935412936947405, 
1.8815470175792286, 
2.135287863053338, 
2.4839798805083824, 
2.955037658285245, 
8.1246576488632, 
8.157543637740813, 
8.189706887531987, 
7.218607905790673, 
1.1940741281243208, 
0.95806800540629, 
0.7726155708440574, 
0.6303022354331065, 
0.5173421549706039, 
0.4316509592374087, 
0.3606994002380475, 
0.3010224423714829, 
0.25384848124302395, 
0.20912623202357916, 
0.17134984500878325, 
0.1522809596535749, 
0.13336953769107085, 
0.11259100418608603, 
0.0959087209207381, 
0.0799455273613382, 
0.07243930592935482, 
0.05817648405201992, 
0.046331690980697116, 
0.03862013356291738, 
0.028540232103652474, 
0.0202170103163547, 
0.013583442021305236, 
0.006308926028939066, 
0.0019598752385691087, 
0.010584137170137065, 
0.011523734823145226, 
0.020999983583439186, 
0.023758936655747187, 
0.02757122474263679, 
0.03555929459801366, 
0.034040450520956334, 
0.041581638183341485, 
0.04341220768516596, 
0.04466145837216512, 
0.04852368779590294, 
0.05256341674095272, 
0.0508590653576525, 
0.0546851737809988, 
0.05305074061902387, 
0.058711902737956845, 
0.058447943239670064, 
0.055604862766497176, 
0.05857860649821489, 
0.060089919961851035, 
0.06380100258170185, 
0.06142183920706967, 
0.062286009939436116, 
0.05938667135464992, 
0.06305721165167205, 
0.060167904095828506, 
0.06108494900421074, 
0.06260942213651993, 
0.0594438640746337, 
0.06171723675161253, 
0.05793458208975205, 
0.056459106432316164, 
0.0553740463902761, 
0.056870683676646105, 
0.05601480386244395, 
0.054486284687976116, 
0.054148726324929175, 
0.048856971134479954, 
0.05137333184536347, 
0.04174518000499494, 
0.03801175892484185, 
0.038552932865687256, 
0.0339975037553453, 
0.034453038515370876, 
0.030346062869733348, 
0.02785059756901359, 
0.028307815431919403, 
0.025230378568880385, 
0.02075420212623419, 
0.020083671118588275, 
0.015261311564027491, 
0.014501893905363272, 
0.009338593569415243, 
0.00962897793571943, 
0.007249461163224669, 
0.0021553241077924, 
0.0014708116657311254, 
0.002111524202074444, 
0.007496831712595603, 
0.00885511218524973, 
0.01251036424991564, 
0.01620596372211669, 
0.02036424647540863, 
0.021884715585773207, 
0.02433935885898697, 
0.028554523872499127, 
0.03269913595675769, 
0.03450221775023163, 
0.03789930213545273, 
0.041820565650596137, 
0.0446506341119321, 
0.04906334590238581, 
0.05155619185274771, 
0.055745974971469325, 
0.059310065031760784, 
0.061942634202787006, 
0.06503305645802859, 
0.06997733421837732, 
0.07291201794859398, 
0.07767258336573282, 
0.08014374090478424, 
0.08469861627619238, 
0.0890311267735478, 
0.09324310914779624, 
0.09649403483293909, 
0.09961268433847775, 
1.3389097446908056, 
1.3460422111592028, 
1.3401433504356939, 
1.3468247322614586, 
1.3412425760125113, 
1.3458075137670509, 
1.347023608713247, 
1.3498560730812539, 
1.3540134539416686, 
1.3550733372748303, 
1.3485507707425826, 
1.3538617930398575, 
1.3504981559972877, 
1.3585661853184188, 
1.3592130204833242, 
1.3586040173765335, 
1.3643359729801716, 
1.3640185447493212, 
1.3618725511839882, 
1.3662286252037013, 
1.3712543170560625, 
1.3699614359046774, 
1.376671685366582, 
1.3685539261797048, 
1.3835362775880622, 
1.3765130861602564, 
1.379252196755535, 
1.3776719216264177, 
1.3826039485095745, 
1.3873278820147699, 
1.386125432162368, 
1.396792358637865, 
1.3923869989310524, 
1.3964476179429854, 
1.406970756075919, 
1.4110401438401847, 
1.404275990366538, 
1.418138166096692, 
1.4131186834214655, 
1.4152025244725515, 
1.4281172610506117, 
1.432454321159032, 
1.4280975198190693, 
1.436498707632849, 
1.433016945277911, 
1.4374125001940457, 
1.4505530965092204, 
1.4433282229084756, 
1.454676164867971, 
1.451779946833431, 
1.4595606064933901, 
1.4738122775480862, 
1.4759465736355952, 
1.4779224953941394, 
1.477638663604008, 
1.485213443088947, 
1.4891880219617342, 
1.495882226332377, 
1.5036585192076721, 
1.500684972735885, 
1.5169697772424593, 
1.5226111367904707, 
1.5281918314192375, 
1.5305088988131605, 
1.5565744165919293, 
1.8172848684750273, 
1.5611815569355219, 
1.560103285543938, 
1.5607476465050363, 
1.557369324979757, 
1.5596792869565883, 
1.5567755131278407, 
1.5560654881029459, 
1.5482483496384245, 
1.5548113987087293, 
1.5537184378737166, 
1.5528616170856742, 
1.552576579049314, 
1.5535042389529672, 
1.5520607691344188, 
1.5487679725088204, 
1.5541399865371543, 
1.5480804746031902, 
1.5483523507631376, 
1.5515840674925037, 
1.5500578724680134, 
1.5497471264164289, 
1.548854787860951, 
1.5431690318717335, 
1.5491189321590095, 
1.541132174280498, 
1.5450296178940999, 
1.5380822532656993, 
1.538507862140194, 
1.536365752411026, 
1.544368934368801, 
1.472889010393584, 
1.4683426564985007, 
1.4636575562376395, 
1.4639258484010487, 
1.461432414859041, 
1.4556548317467313, 
1.4531823396670598, 
1.4533396057851684, 
1.4539195829839409, 
1.0984440436903473, 
1.0946730483184453, 
1.0976159788397148, 
1.0965958066460222, 
1.1018666725860702, 
1.0978055325559477, 
1.1014094441729814, 
1.1044137552907678, 
1.1009314036535354, 
1.10330389572003, 
1.1058699662982898, 
1.1064456277858787, 
1.1022299588883526, 
1.1032836144254994, 
1.1127829639805853, 
1.105520941656168, 
1.1125073146473867, 
1.1097190087030042, 
1.1119543423884473, 
1.1152451592078032, 
1.1164474436705705, 
1.1172664090964741, 
1.1199544742680843, 
1.1231261034839624, 
1.126312089341148, 
1.1323036724510456, 
1.1289796435246775, 
1.1410113469408452, 
1.1440064293200685, 
1.1451345933846055, 
1.1470060579829608, 
1.1495362404966647, 
1.1574809104904218, 
1.1512776042079103, 
1.1561185610384292, 
1.5314608370623541, 
1.552600342318775, 
1.5794492908943085, 
1.604959563501703, 
1.758795144444118, 
1.9420349797455496, 
2.0836063470824944, 
5.887050753192953, 
5.952296456160583, 
5.906518641529612, 
6.10671870027667, 
5.919695048013253, 
1.5745825497008994, 
1.514924338534759, 
1.4386082844293533, 
1.4305155402856657, 
1.4563258645342232, 
1.4702697845383115, 
1.4828673720129877, 
1.4872212177096935, 
1.5224595647655539, 
1.5380381059957164, 
1.5207941657519304, 
1.5315162195912129, 
1.425925569598955, 
1.1078440621192027, 
1.0752357817896565, 
1.0212394798883129, 
0.9774512896736471, 
0.9386332425357988, 
0.8502731144866442, 
1.0648305427958304, 
1.1074720806206546, 
1.1364012793769467, 
1.1235047109158511, 
1.1433566749378978, 
1.1632666871287691, 
1.1880388518199498, 
1.1801990265226685, 
1.1810116831508717, 
1.2015097059185293, 
1.2179755018282066, 
1.2156661218224105, 
1.2129009370808999, 
1.2176320217377694, 
1.1886832463986532, 
1.2020011268471573, 
1.2060029855486105, 
1.1807682850724062, 
1.1710574538452003, 
1.1723199374964686, 
1.1564112859579687, 
1.1574371004512547, 
1.16329410868626, 
1.189107173474787, 
1.200326750487842, 
1.1595387962199042, 
1.1459713904719504, 
1.1690821477019917, 
1.1815562953975975, 
1.1889649406419527, 
1.1936120870719753, 
1.1695885538365525, 
1.1676013718322915, 
1.1660761682696126, 
1.1444955816909743, 
1.1460862674263685, 
1.163712033414137, 
1.1563013062425795, 
1.1751189493481828, 
1.15884245975876, 
1.1818840272883, 
1.2072939619260645, 
1.1861388217803301, 
1.1622908250604773, 
1.1551977874038712, 
1.1764682456801525, 
1.1927829202302085, 
1.1564169955495331, 
1.1545005215558077, 
1.168850163481808, 
1.1821259406337197, 
1.1484515505195403, 
1.1212673031329992, 
1.1441895175649062, 
1.1384119169680287, 
1.1179955147488438, 
1.1223609985998513, 
1.130293278121015, 
1.1547729471180213, 
1.144053772167476, 
1.1494094716568806, 
1.1597802816370684, 
1.1657425281477005, 
1.1754582881702167, 
1.1859499390854653, 
1.1627533186999561, 
1.1688616779485337, 
1.1675605629438117, 
1.1691286819586182, 
1.1330946339877777, 
1.126735749739577, 
1.1321107221416626, 
1.144826267089095, 
1.1781885879541585, 
1.1792128768005763, 
1.168017318204301, 
1.1657191267767242, 
1.1499758331025691, 
1.1653043420523632, 
1.1196780735107827, 
1.1426814712646343, 
1.1430934770992638, 
1.155899869157755, 
1.1355379012888216, 
1.14124679853253, 
1.14488800619865, 
1.1550731190533572, 
1.1522958594432846, 
1.164545162572192, 
1.182187902387449, 
1.1654950571437808, 
1.1752177182075052, 
1.1734341944363704, 
1.1621637527351647, 
1.1675794242353563, 
1.1732896936507256, 
1.158874582185954, 
1.1568587279003806, 
1.108466513307846, 
1.1150385202099025, 
1.1296126389558898, 
1.1391378085639159, 
1.13275465620904, 
1.1372567127066064, 
1.1680478768839158, 
1.1236705859101481, 
1.4465220431960972, 
1.4288724394268586, 
1.4366052675598084, 
1.4757730709109873, 
1.4940618846794262, 
1.5065885525134142, 
1.5249335813540434, 
1.5087306339532938, 
1.5030885861960683, 
1.5356238361069283, 
1.563801522333823, 
1.51286076282108, 
1.5369720183215052, 
1.5217452253164754, 
1.4457083620685682, 
1.5139123070916063, 
1.460587229294744, 
1.3929140533256437, 
1.404446640551631, 
1.4421185967957935, 
1.4290954011687818, 
1.5022858664306824, 
1.4991524631280901, 
1.494529995354245, 
1.5007779038133062, 
1.4782281784732119, 
1.4749810502155976, 
1.5133148590207675, 
1.5336787109872105, 
1.509343084322758, 
1.5176034619215937, 
1.5068493533237426, 
1.490216470023044, 
1.4980195167892318, 
1.5005524007907731, 
1.4752321583999293, 
1.490731065416481, 
1.513558106696538, 
1.4943975622841033, 
1.496353257650391, 
1.4859790125655843, 
1.4978643740301631, 
1.4866168366286392, 
1.4541820970512873, 
1.4478914780553227, 
1.4420199459854515, 
1.4529225889532682, 
1.4414718717776327, 
1.4532480709970261, 
1.511262034871304, 
1.5435929723819983, 
1.4992716158982056, 
1.4963707370243007, 
1.4631995574067402, 
1.4296011400992787, 
1.4475304962688789, 
1.477659211810477, 
1.50557256750435, 
1.451335565873034, 
1.4235678998516348, 
1.4395776666097344, 
1.4492522777669825, 
1.461390582803313, 
1.4360958476900056, 
1.4441194672453674, 
1.471817807584596, 
1.4436412174886482, 
1.4336855939756181, 
1.4538428515518873, 
1.5031087234007439, 
1.4889198679532496, 
1.5009252528673156, 
1.5231891063690999, 
1.5338839505409705, 
1.4882152988398434, 
1.4569560756417563, 
1.4504716503766197, 
1.4547947188955823, 
1.4800506353684648, 
1.4653188200474156, 
1.4241144877650946, 
1.4137303742360006, 
1.4789808575580508, 
1.4901939488816383, 
1.483855741426924, 
1.5280759460503215, 
1.5064413906005176, 
1.4844926303806334, 
1.4908835368718, 
1.4735001795993532, 
1.4495287190090655, 
1.4774587222344628, 
1.4418830017506479, 
1.4198419712753236, 
1.4468502560165475, 
1.4535935664931559, 
1.454079667900621, 
1.479898931582091, 
1.5099679310624947, 
1.4785137125774082, 
1.4319275573264645, 
1.442824298431542, 
1.480703334686643, 
1.4794269917400378, 
1.4928915292402543, 
1.4657654434687037, 
1.4669351680980798, 
1.4946067251015922, 
1.4531602430647412, 
1.4478243255075949, 
1.4951381545816065, 
1.5016013421301022, 
1.4899021084781934, 
1.4880073618837293, 
1.504836309446417, 
1.5257155560467328, 
1.4886030481413068, 
1.4462838677690606, 
1.4396330473934003, 
1.4379802673665671, 
1.4474231092636953, 
1.4652383618443778, 
1.4694025008684581, 
1.458335139040721, 
1.4505527784145156, 
1.4721750822150819, 
1.5005694774581313, 
1.4677924693913753, 
1.4404463170761845, 
1.4611925290755148, 
1.4406851391139202, 
1.4251217126474616, 
1.4345486618267842, 
1.433781391727086, 
1.465373410206968, 
1.482922841054441, 
1.471324421303688, 
1.4646224423685392, 
1.4549473317472021, 
1.4558600764592757, 
1.4472170950648298, 
1.4625579910921318, 
1.4647840793928526, 
1.4438664530331082, 
1.4480872012128914, 
1.4415584927350191, 
1.4436087063973133, 
1.4560196081689036, 
1.4348516866452656, 
1.456600756409031, 
1.482998538654357, 
1.4537042596620897, 
1.429803400904506, 
1.4274367320227164, 
1.4336008309004982, 
1.4711093760301932, 
1.5019374980268365, 
1.4964600435004993, 
1.4716902324249852, 
1.4672160168508306, 
1.4681418379276463, 
1.4697399299739933, 
1.4134612385039005, 
1.4014686721709761, 
1.4295969297162685, 
1.4283647892899212, 
1.447630876632584, 
1.4434803510725387, 
1.4534414962671487, 
1.4451369857923817, 
1.4280985195496265, 
1.4284607287272806, 
1.4175034188405864, 
1.4187780429864512, 
1.4470976577743289, 
1.4517760763777319, 
1.4422553752998228, 
1.4772159483241156, 
1.4874032221019142, 
1.4828336738315722, 
1.4965403717659256, 
1.472789882934605, 
1.4756170298426663, 
1.4634762759667705, 
1.5261515895907136, 
1.525868773308965, 
1.528077981765767, 
1.5609409218183024, 
1.5631084508769872, 
1.41026183224025, 
1.42058174907265, 
0.05321879542162833, 
1.5492256154034885, 
1.6282253389175945, 
1.715497348563415, 
3.5085565227012463, 
3.510358577000399, 
3.404825765014877, 
1.3397285393034375, 
1.1811896626929572, 
1.050377556845854, 
0.9437916608249246, 
0.8686343763864584, 
0.8054831459644296, 
0.7483673961532556, 
0.6970203107906192, 
0.6538355083577404, 
0.6100305759018227, 
0.5738265115751306, 
0.5491004451965944, 
0.525386177571374, 
0.5027409124305195, 
0.48343700003360834, 
0.465539658872007, 
0.44534875486855063, 
0.43173523146493553, 
0.416437474656591, 
0.39747849139169444, 
0.38559982226537726, 
0.3743730757517001, 
0.36222175773422205, 
0.3438025147836935, 
0.3330530987526348, 
0.3219607686092735, 
0.31426664393027537, 
0.30254494711288005, 
0.2985348145468568, 
0.28905095589157026, 
0.2740444451650515, 
0.2669252378965348, 
0.26208624076135756, 
0.25314939439233536, 
0.24744959835286512, 
0.24327119389498475, 
0.22934064420200012, 
0.22341244098245983, 
0.21953789478008734, 
0.2143480011258152, 
0.20747312738706014, 
0.19979246316445276, 
0.20057610774568901, 
0.19313623588673834, 
0.19097523442029446, 
0.18476849270122014, 
0.17969140601898237, 
0.1706084617050092, 
0.16589453339386873, 
0.16231973785884468, 
0.15967347567302936, 
0.1573234541409444, 
0.152299682761334, 
0.14811915008980264, 
0.14034055317001326, 
0.14111754259245246, 
0.1384467402549775, 
0.13243235083406335, 
0.12843525587909344, 
0.12931437879267693, 
0.1223107170110107, 
0.11885519603585853, 
0.11746880125124659, 
0.11051575675408398, 
0.11145079976233802, 
0.10906678029272943, 
0.10807220501896142, 
0.09949849854016501, 
0.10049849440781955, 
0.09979352128268582, 
0.09386806046437479, 
0.09436930441300628, 
0.09238617885602629, 
0.08768205937709389, 
0.08603772992753467, 
0.08683670265894738, 
0.0849271938887563, 
0.07701620782602281, 
0.07505117988508958, 
0.07668440186481335, 
0.0749105707088013, 
0.07091140180714872, 
0.07114159719607838, 
0.06787326357666867, 
0.06367130517892156, 
0.06823645768264147, 
0.06785051857264207, 
0.05905666528489262, 
0.05824251725333918, 
0.06219744164615543, 
0.057187735421100505, 
0.054967183069882575, 
0.052666762688456714, 
0.05295422432796382, 
0.05131917726994514, 
0.047547449860258995, 
0.049480748574116495, 
0.04674320971753132, 
0.04758839613179011, 
0.04453863344065334, 
0.04371197911907612, 
0.04425281906638001, 
0.04513853207365198, 
0.03937847903030817, 
0.04293298693714076, 
0.036586244776941945, 
0.03822048372041381, 
0.03935684135815082, 
0.036486609777835854, 
0.0374930753610192, 
0.032099995287180605, 
0.03230397096541407, 
0.03613445908474833, 
0.03383563512596907, 
0.03016796757923748, 
0.027110683734567154, 
0.02805288396602293, 
0.027531549010427148, 
0.02763289890898485, 
0.023948264359903437, 
0.026818188145150856, 
0.028241206200952385, 
0.023911024242541323, 
0.02204643209901397, 
0.022850961577472018, 
0.023378243791352366, 
0.02459535903560847, 
0.022703161551226647, 
0.02278797025817847, 
0.02061936196751757, 
0.021502859064356367, 
0.02167695732696942, 
0.018480963338865897, 
0.01934105087136123, 
0.02109901086103, 
0.021971209346018983, 
0.015218233701238482, 
0.3585231648128022, 
0.35075649317693736, 
0.3437569772186654, 
0.3341597142515751, 
0.3320149006098193, 
0.3196207562428921, 
0.31718757260547503, 
0.3131510378519266, 
0.30467215886554877, 
0.3012893198095862, 
0.2914440621780938, 
0.2834083674074841, 
0.28097315699404, 
0.2770200399703283, 
0.268386526884631, 
0.2668980354487307, 
0.26350493957100296, 
0.2603900912536711, 
0.2518666441470161, 
0.2513461033015533, 
0.250916112558323, 
0.07670348637808577, 
0.06326390568977142, 
0.05539754238821892, 
0.048894045973824685, 
0.04259658483337858, 
0.03382790538485514, 
0.02673882340836692, 
0.02658198733752465, 
0.07321338680710093, 
0.5092326629543923, 
0.47663218050962164, 
0.4642950465659912, 
0.4552906070407746, 
0.44638159593716087, 
0.43686861393686993, 
0.42613977226089284, 
0.4185225842440239, 
0.41426168221759074, 
0.4066526280427608, 
0.39678399282107324, 
0.3921070756959608, 
0.3883026729071135, 
0.37746326142008235, 
0.377588199776171, 
0.3698391902979197, 
0.3646757405365746, 
0.3597130620965545, 
0.3568575964347024, 
0.35204809119038216, 
0.3483984364305479, 
0.3440345822734774, 
0.340443719724302, 
0.3343795612690065, 
0.3313918271355084, 
0.3304420284377393, 
0.3261536768465976, 
0.3237661888146653, 
0.32168651097599754, 
0.32043219355988195, 
0.3154608268574457, 
0.3130136633692864, 
0.31279938652710415, 
0.310642239885218, 
0.3080149911419462, 
0.306507753154702, 
0.3050831855746956, 
0.3039964477694995, 
0.30208173123275267, 
0.30008935729015307, 
0.29892782967482545, 
0.2961916627950534, 
0.29817944020925674, 
0.2962889883318881, 
0.29591967594252633, 
0.29178422536337434, 
0.2930330227538074, 
0.29051873545671103, 
0.2931163706579192, 
0.29054597651702596, 
0.290259026353363, 
0.28959753503463537, 
0.29066718670558295, 
0.2876485961896156, 
0.2874122337329456, 
0.28998402826631253, 
0.2905013366374324, 
0.2873840324404565, 
0.2877567595970655, 
0.28743827915487635, 
0.28779359044598557, 
0.28883976177267134, 
0.2870475565783161, 
0.28934111177352884, 
0.2889485412409316, 
0.28959127122445, 
0.2896507744849276, 
0.2901434856885128, 
0.29000377644488856, 
0.28966546560352685, 
0.2911798109258136, 
0.29197176718970863, 
0.2929766486471158, 
0.2917744280205567, 
0.2925324819417818, 
0.4120713635413331, 
0.4115626292248452, 
0.4119392626913929, 
0.4132680043081226, 
0.41366460301777275, 
0.41349238651554227, 
0.41366675637096495, 
0.41416632044610735, 
0.4144888669566782, 
0.41448332145679534, 
0.4150864516046615, 
0.4153677755889562, 
0.4150149676621381, 
0.416475652865409, 
0.4166303383034999, 
0.41595417007341673, 
0.4162058645753679, 
0.4174935047565379, 
0.41734591199208926, 
0.4169182182511292, 
0.41745687864333225, 
0.4177598457891124, 
0.4198416027679287, 
0.4184588824846388, 
0.42020489244182685, 
0.420234621975891, 
0.42075831925654944, 
0.421559428064035, 
0.4207529955022775, 
0.41923585363512156, 
0.4210197024364762, 
0.4212059343507181, 
0.4216424039476009, 
0.4213332461589022, 
0.4222351908053668, 
0.4221473009340765, 
0.4237162331060637, 
0.42304675654067936, 
0.42431239353231975, 
0.42254327258713165, 
0.4238824796417629, 
0.42362492794273254, 
0.42629382033905544, 
0.4253832009889459, 
0.42493502483660445, 
0.4255771890354706, 
0.42441374509839747, 
0.4251128834622827, 
0.42640455028569024, 
0.42549609085824897, 
0.4270865259857014, 
0.42632106013346904, 
0.4293316355647182, 
0.42709590545790554, 
0.4265928701485276, 
0.4268216245990656, 
0.42667256401971315, 
0.4263195696793786, 
0.4290005804924503, 
0.4289710906305261, 
0.43053702140724703, 
0.4295664480642772, 
0.4291714718363389, 
0.430498088020159, 
0.42935887076362894, 
0.42974207716765944, 
0.4296711902634811, 
0.42888294601296906, 
0.4316897235431186, 
0.4318609033196203, 
0.43137186674304007, 
0.4316802201517729, 
0.4331234528088881, 
0.43334750676284667, 
0.43165765031614894, 
0.433816089601811, 
0.43108335267109776, 
0.43145247505874595, 
0.4331508066308064, 
0.4332790141416053, 
0.4340646266211263, 
0.7065637967196261, 
0.6938719756124376, 
0.680346717349955, 
0.6707801345755995, 
0.6581000285101049, 
0.6473412118007147, 
0.6389254158219445, 
0.6284828985461791, 
0.6199977092958971, 
0.6118184635750894, 
0.6033001931492221, 
0.5969619005323035, 
0.5895499806682202, 
0.5815136814113743, 
0.5747987967519059, 
0.5701146515946545, 
0.5629733844028652, 
0.5581461393802112, 
0.5528277916314762, 
0.5477242366742361, 
0.5442777253454204, 
0.538352051220699, 
0.5350285268372634, 
0.5307175396689573, 
0.5257050023229106, 
0.5238965925026079, 
0.5193847182808337, 
0.5170497678805258, 
0.5139332169562557, 
0.5104280947266302, 
0.5071823008902712, 
0.5043620789463784, 
0.5027061994098565, 
0.5000134401563129, 
0.49868176105474304, 
0.4959409003394746, 
0.4943130839817701, 
0.49305903210990376, 
0.49119049673241, 
0.4889835516158072, 
0.4873541636159915, 
0.48595409400418654, 
0.4842160454844685, 
0.48387746534956244, 
0.4821250809956713, 
0.4817425869174856, 
0.4813473582095191, 
0.48019932809734667, 
0.4790387288858955, 
0.47915811578447953, 
0.47820511172367675, 
0.47814408407483733, 
0.47652892523872015, 
0.4770374598866469, 
0.4770971849215593, 
0.4869576176289373, 
0.4912090696545102, 
0.49432649394121686, 
0.49790454177210763, 
0.502351993419423, 
0.5068092214331941, 
0.5095970795745736, 
0.5134880880331563, 
0.5178162401310527, 
0.5221053239934492, 
0.5275457879594423, 
0.5315076425966246, 
0.5373539379114679, 
0.5407482000900953, 
0.5456467565459965, 
0.5522690405523105, 
0.5568276908080447, 
0.560671372953217, 
0.5671679777466749, 
0.5711838476940809, 
0.5770616178267306, 
0.5832292665436232, 
0.5898743836687877, 
0.5944134510600223, 
0.6009953553997198, 
0.6073280322661152, 
0.6135588188830116, 
0.619983909467893, 
0.6280139752310789, 
0.6334204657969797, 
0.641481413173447, 
0.6486097868092522, 
0.6561633183580045, 
0.6628410462815862, 
0.6715174230009238, 
0.6797870876870178, 
0.6888289107609715, 
0.6979763685188052, 
0.7068071941988763, 
0.7171754821374394, 
0.7252810770674105, 
0.7377566740730124, 
0.05456953362836987, 
0.05069061572844416, 
0.04938052647442594, 
0.053080819880310146, 
0.052971501162312015, 
0.05945846490548902, 
0.051110153838925726, 
0.042972961175534896, 
0.054621701619989624, 
0.04739309162714027, 
0.05606824200761623, 
0.05015764316269529, 
0.05150654789708553, 
0.05184469281192018, 
0.04549693234887014, 
0.052292460222543385, 
0.045930292127319416, 
0.058001986898041646, 
0.05876240622111609, 
0.048535043813317136, 
0.05559516892666122, 
0.050238403609499035, 
0.05010762782134358, 
0.0544654579011509, 
0.06105431732263046, 
0.04973843819312565, 
0.7977775997141521, 
0.028802882311666167, 
0.028926674694048415, 
0.03457732839059702, 
0.032121759657627535, 
0.030145440376799115, 
0.033000705164141664, 
0.03392169304856907, 
0.03325021180546628, 
0.023838986756828717, 
0.03496000203898575, 
0.025757006848010633, 
0.02601740122779006, 
0.02335856609327891, 
0.03314854279328472, 
0.03245591635975131, 
0.02768586764263148, 
0.021783898727633755, 
0.02819622847023595, 
0.02831697015426471, 
0.020929284751986188, 
0.02259090364461258, 
0.020057678779039634, 
0.025026851981863274, 
0.02062325790021191, 
0.025488436232151912, 
0.02612158791770014, 
0.018676538565998158, 
0.019158630872524895, 
0.023760714894820012, 
0.02169426051554524, 
0.2778685994889827, 
0.1265653784282108, 
0.003158387657521189, 
0.07550514418662146, 
0.06031729744972836, 
0.08338205415488176, 
0.01822718264976686, 
0.018023250330571727, 
0.058717575266229005, 
0.11063216931805187, 
0.023868244782732972, 
0.04043254287475406, 
0.1119925947070044, 
0.03220315204660551, 
0.07576906353511959, 
0.1179455906442115, 
0.1321482745165099, 
0.02811184011233081, 
0.03210426798472099, 
0.11486067802049149, 
0.033374844790060365, 
0.013125941964375443, 
0.011454213758611331, 
0.013292366116274934, 
0.026296037077457868, 
0.03901978805393469, 
0.05822126663085214, 
0.010703041719864359, 
0.03603014624405887, 
0.007591630255461723, 
0.04101682673928053, 
0.01908670825461911, 
0.025131543970886128, 
0.10784182265507525, 
0.02682428660784808, 
0.02708976349303782, 
2.3128799200833328E-4, 
0.09612092787344295, 
0.007813823265692577, 
0.06667645253848775, 
0.053082500950750955, 
0.07900509381244092, 
0.04207848172572426, 
0.016882868047375155, 
0.042545380899738916, 
0.16971562310547483, 
0.015381783709997876, 
0.12016809917294324, 
0.08311113955511473, 
0.058975189555340535, 
0.0871136476879002, 
0.01798313577418753, 
0.07724820109234543, 
0.0585561074882861, 
0.0018117807932895857, 
0.04031168430120147, 
0.02419599945019968, 
0.0233869134286806, 
0.016790120944563114, 
0.005534714698825383, 
0.028175058590733215, 
0.11108762070892908, 
0.006114102727892146, 
0.05388936803120714, 
0.01350497647787563, 
0.032020483573489855, 
0.034928109595625756, 
0.04775755675433402, 
0.020023654201239083, 
0.019791987950711132, 
0.0254165568198772, 
0.052772476767657395, 
0.029361090848311733, 
0.039502431267578686, 
0.039349654996286176, 
0.039910510286276235, 
0.03969201245303111, 
0.039558155720015975, 
0.039293683956032055, 
0.03962915546333079, 
0.03927343136238903, 
0.03941879774363599, 
0.03892011384975547, 
0.2866760940671469, 
0.28061248147652407, 
0.27718911048654604, 
0.2736063011324035, 
0.2695077586221686, 
0.26424107771930494, 
0.2569014346201186, 
0.2519495182415028, 
0.24510065560440353, 
0.2430418871686868, 
0.23774693684771364, 
0.23086979214906478, 
0.22615646748985796, 
0.21897508092570206, 
0.21643668155959972, 
0.20854518585571213, 
0.20536379008419203, 
0.1981504116582471, 
0.19304730752268995, 
0.1889801288482289, 
0.18145396828103344, 
0.1766743971251401, 
0.17258002176723153, 
0.16646447548376386, 
0.15930548826310087, 
0.15676878190913612, 
0.14953100267041464, 
0.1454113784893991, 
0.13845579551208687, 
0.13262213155267943, 
0.1268098722284492, 
0.12294955950997632, 
0.11505355662461625, 
0.11038442909068635, 
0.10420213875354989, 
0.09917693712750975, 
0.09419718060226501, 
0.08759517879653345, 
0.08196525752882167, 
0.07650350950299867, 
0.07067267979196856, 
0.0655153503346213, 
0.05964697408153086, 
0.054010426199752715, 
0.04812832031944936, 
0.043025442647248724, 
0.037180707603411633, 
0.03141758435852182, 
0.025564095434631895, 
0.019952459497460495, 
0.01439599129689384, 
0.01138797721625906, 
0.011158686296994347, 
0.010950859018720394, 
0.010723284169671388, 
0.010670060903123613, 
0.01028823189551531, 
0.010198291276310556, 
0.009889104943084703, 
0.00980509438346644, 
0.00949520335308307, 
