0
0.0019795278770266328, 
0.0019795278770266328, 
0.0019795278770266328, 
0.0019795278770266328, 
0.0019795278770266328, 
0.0019795278770266328, 
0.0019795278770266328, 
0.0019795278770266328, 
1.5390924987605796, 
1.5360598539675017, 
1.534678703929721, 
1.5349639933550558, 
1.536937753757324, 
1.5406335648173457, 
1.546097216135622, 
1.5533875502370567, 
1.5625775069669876, 
1.5737553925493732, 
1.5870263996834155, 
1.60251440776716, 
1.6203640940924755, 
1.6407433867193157, 
1.6638462861874252, 
1.6898960739541213, 
1.7191489067908674, 
1.7518977628842314, 
1.788476648828936, 
1.8292648851972038, 
1.8746911450781543, 
1.92523670229353, 
1.981437025670865, 
2.043880402191984, 
2.113201662160231, 
2.190068321815031, 
2.275155637522195, 
2.3691064177128665, 
2.4724714560057137, 
0.8717416680374483, 
0.8580968651043787, 
0.8450499335778424, 
0.8325625798872145, 
0.8206010971990427, 
0.8091344059047171, 
0.7981338126918901, 
0.787572794475782, 
0.7774268043980117, 
0.7676730974607507, 
0.7582905736392009, 
0.7492596365655879, 
0.7405620660910135, 
0.7321809032306458, 
0.7241003461651907, 
0.7163056561259802, 
0.7087830721214513, 
0.7015197335855548, 
0.6945036101268329, 
0.6877234376540151, 
0.681168660230328, 
0.6748293770771534, 
0.6694237743454369, 
0.6649329030332464, 
0.6606158051148333, 
0.6564660136172511, 
0.6524774804506424, 
0.6486445280746815, 
0.644961824852351, 
0.6414243624834475, 
0.6380274352972692, 
0.6347666212571356, 
0.6316377645074833, 
0.6286369593659237, 
0.625760535577099, 
0.6230050447487471, 
0.6203672479017832, 
0.5761359194348723, 
0.576382841515934, 
0.5769811366376267, 
0.5779171953614699, 
0.5792008866212747, 
0.5808439954432572, 
0.5828604016771642, 
0.585266294184924, 
0.5880804272775422, 
0.5913244273664965, 
0.5950231595950364, 
0.5992051668431836, 
0.603903196632012, 
0.609154835619304, 
0.615003276787668, 
0.6214982514757146, 
0.6286971678714147, 
0.6366665101611261, 
0.6454835695320825, 
0.6552386015749361, 
0.6660375367145879, 
0.6780054152614211, 
0.691290782270544, 
0.7060713686074225, 
0.7225615173553458, 
0.7410220108293839, 
0.7617732480686197, 
0.7852131730662488, 
0.811842055569984, 
0.8422973410979457, 
0.8774035956498558, 
0.9182455693161936, 
0.9662774813850898, 
1.0234903986185762, 
1.0926749323515756, 
1.1778433666089696, 
1.2849207740912836, 
1.4228810749174745, 
1.6055456095961262, 
1.8539728657752503, 
2.197379425200662, 
2.6631804047545513, 
7.598916738222934, 
7.628937808149528, 
7.658288999132171, 
7.69169607316125, 
1.663998475232994, 
1.421515717488575, 
1.2415797733624006, 
1.096511509207666, 
0.9838901008010243, 
0.8897694961210048, 
0.8155280654176522, 
0.7549700761720499, 
0.7018011660006407, 
0.659397014904173, 
0.6213431263249226, 
0.5951604806421938, 
0.5721329682021445, 
0.5535211223997007, 
0.5342925514884398, 
0.5172877841853128, 
0.4989041836043641, 
0.484661974231671, 
0.47060554639798735, 
0.45743374033871687, 
0.4455456733770415, 
0.4333497530349285, 
0.42250056676130554, 
0.41197924896728777, 
0.40301750966651884, 
0.3947205124826684, 
0.3851828336251068, 
0.3784363253931719, 
0.3698761030072774, 
0.3612452709729796, 
0.3562870308728092, 
0.34732961540046, 
0.3423241791245851, 
0.3352174460614128, 
0.32834141792767074, 
0.32367900594713844, 
0.3181562530165601, 
0.3117788482647549, 
0.30715862370335567, 
0.3005960662626748, 
0.29727782360695904, 
0.2927090828515877, 
0.28704550762616415, 
0.282647161218038, 
0.2783820542634771, 
0.2747014279121308, 
0.271019691832565, 
0.26652307460154223, 
0.26184025037019343, 
0.2589557604208988, 
0.2547027217267217, 
0.25241740111799577, 
0.24819338757646187, 
0.2442069326326684, 
0.2424000811140197, 
0.2386493758495954, 
0.2346166075479323, 
0.23234796851586115, 
0.22948401232479282, 
0.22587635392172922, 
0.224184924970948, 
0.22068610167479674, 
0.21756332838196024, 
0.21568385524003558, 
0.22937562485392926, 
0.2271475554190199, 
0.22462739247414445, 
0.2211931649092653, 
0.21979062240857647, 
0.21783627089982965, 
0.21400499551849367, 
0.21346038846824533, 
0.21123929521371337, 
0.20855121085660494, 
0.20657340522394524, 
0.20386550658848995, 
0.20200549117897804, 
0.20008851374783831, 
0.19798522319869943, 
0.19543248723350548, 
0.19371268782019235, 
0.19162108084442256, 
0.19067784339444988, 
0.1884087012104578, 
0.18730703722255773, 
0.18566056910315903, 
0.1837024463565219, 
0.18137411309643775, 
0.18010509225777882, 
0.17747523316888325, 
0.17681549482132497, 
0.17419556305938125, 
0.1736716672648286, 
0.1703976014878445, 
0.17052945628078933, 
0.1675303619588963, 
0.16726019162480876, 
0.16424151891191582, 
0.16256988575429127, 
0.16209067052877785, 
0.1602444011289853, 
0.15839199758952693, 
0.1568673746664599, 
0.15559489369328866, 
0.15550619193440032, 
0.15313899186822863, 
0.1520068895557999, 
0.151238152072039, 
0.14968113480057746, 
0.14801356695532333, 
0.1468316502224914, 
0.14548759837502573, 
1.3434662207555608, 
1.33759712663287, 
1.344109397070602, 
1.3383001279565216, 
1.3429635830547628, 
1.344135073411909, 
1.3464885059023128, 
1.350503691161926, 
1.3517473191923548, 
1.3450454712093376, 
1.3501160932607124, 
1.3467859242075535, 
1.3547676395439747, 
1.3552513720095478, 
1.3543347649213595, 
1.3601049158319825, 
1.3600325374812103, 
1.3578426368799041, 
1.361452361684497, 
1.3665801205875343, 
1.365563063058367, 
1.3717272459245826, 
1.3639093397646223, 
1.3787906652728719, 
1.3716305418509172, 
1.3743047768915535, 
1.3726679364685759, 
1.3769362636467601, 
1.3815251923976855, 
1.380637361757275, 
1.3911049731490526, 
1.3865542680622773, 
1.3908583911759567, 
1.4011320605504358, 
1.404492668767406, 
1.398248325556504, 
1.411720066144052, 
1.406727721145621, 
1.4088746744237035, 
1.421108741500272, 
1.4253267285351578, 
1.4215861092008812, 
1.4299269231453011, 
1.4262598397840498, 
1.4305024122507632, 
1.4437008025358962, 
1.4357107929667297, 
1.4471288594699505, 
1.4446009720387614, 
1.4515196507554362, 
1.4660991854682892, 
1.4674732706058211, 
1.4698340102225842, 
1.4690526517777265, 
1.4766620791949896, 
1.4810524845633886, 
1.4875051887603024, 
1.4953034436259394, 
1.491393056748765, 
1.5085383061480195, 
1.5138595292602417, 
1.5186941696145788, 
1.5216695136957914, 
1.5476425927263344, 
1.8074511521974865, 
1.5626849509029899, 
1.5614027010714078, 
1.562898689961913, 
1.5591111972408214, 
1.5617888762190626, 
1.5581734535635494, 
1.5575689806061357, 
1.5498860202862486, 
1.556730844334034, 
1.5556118236241516, 
1.5549908461779216, 
1.5546485938081092, 
1.5544797430796102, 
1.5536076404612849, 
1.5499801736961065, 
1.5556781070565533, 
1.5490480942333642, 
1.5493112872815673, 
1.5533817158641674, 
1.5509783253080338, 
1.5506735806537306, 
1.5507313131739027, 
1.544326934000785, 
1.5507211182377514, 
1.543024833393836, 
1.546265483658713, 
1.540056118306964, 
1.5396028810032911, 
1.537684495512547, 
1.5457394940781017, 
1.4884183533740556, 
1.4817567546094859, 
1.4749714677434058, 
1.4731181728945604, 
1.4687151258519517, 
1.4608472044591319, 
1.4563791478837453, 
1.4545089314360746, 
1.4539252838148522, 
1.098271909656572, 
1.094147875030093, 
1.0967827898079485, 
1.0953766206867788, 
1.1002881504606141, 
1.0958531112174181, 
1.0991356603863185, 
1.1018477642867914, 
1.0980069236068057, 
1.1000193721293936, 
1.102314406365512, 
1.1023620843251272, 
1.0979374794902639, 
1.0986015850865762, 
1.1077699900716524, 
1.1003985234504952, 
1.1069222578762905, 
1.1037101597791064, 
1.105324986993697, 
1.108701424092133, 
1.1092066433011398, 
1.110104687828213, 
1.1124607497502694, 
1.114964736330315, 
1.1177333486651475, 
1.123398876979054, 
1.1200545380178586, 
1.1314728632319508, 
1.133955317952239, 
1.1347135674532267, 
1.1362496007336036, 
1.138940747650202, 
1.1462392635799872, 
1.1399059647380674, 
1.1440103167984894, 
1.4815876401601993, 
1.4978135357718179, 
1.519403423223031, 
1.5395936432197121, 
1.6943383598405113, 
1.8557138239373994, 
2.0003400621761362, 
2.105700007027643, 
1.9256914218946444, 
2.021993508996106, 
2.206247293051101, 
5.970096425732123, 
1.6457056574040863, 
1.627333810337622, 
1.5539103207791065, 
1.3318558532960383, 
1.448469913028221, 
1.4139554822772966, 
1.4928492461249596, 
1.4324425147409465, 
1.424677187692068, 
1.6235196120712407, 
1.4115835528073508, 
1.606545835460141, 
1.6930046944622843, 
1.7332046303020516, 
1.335251005147532, 
1.196479987056539, 
1.1208750484529535, 
1.0714304804109656, 
1.064789181365303, 
0.568413503356153, 
0.5702475606256332, 
0.6904557968906806, 
1.0785314083275903, 
1.0701939372625229, 
1.0907764177425614, 
1.0984196008432678, 
1.2258567413986547, 
1.171102616995527, 
1.120372401041888, 
1.1748415036839646, 
1.2385677613714368, 
1.216859988435243, 
1.1978136016348473, 
1.2929572637462807, 
1.129180368374889, 
1.209476048514179, 
1.2668389409494223, 
1.1928927152131474, 
1.1643177601557972, 
1.2117369452510935, 
1.1495047543684227, 
1.1423778502007322, 
1.087697131493718, 
1.179505696489609, 
1.2966834992925258, 
1.1833749531218214, 
1.0769308420759522, 
1.1466404874216272, 
1.1679242744036746, 
1.1807027687479765, 
1.253871995059084, 
1.1651460227978143, 
1.1713740504377916, 
1.2159793693624852, 
1.1378109380145949, 
1.0973466966398404, 
1.1890774397347783, 
1.1000685695608905, 
1.2247843417484756, 
1.0847461327749122, 
1.1224577187280738, 
1.2810874067351015, 
1.2293636580370126, 
1.1733143101936605, 
1.0916997768919474, 
1.1437139560248404, 
1.2846219266755186, 
1.1535787123571282, 
1.1142160147659737, 
1.139132906442507, 
1.2651069386360958, 
1.2049931488230747, 
1.0619666645367285, 
1.1605254739815547, 
1.1844117179011373, 
1.1102325823795303, 
1.1017785060565393, 
1.0618399193583934, 
1.1870727213730647, 
1.129045658258661, 
1.122771579548846, 
1.147724668533617, 
1.1415472520963281, 
1.1517155180821677, 
1.2472167145969952, 
1.138413989643005, 
1.1756468838221743, 
1.162611895861282, 
1.2493608533850242, 
1.1487602959330976, 
1.1131436805745822, 
1.0987459871966019, 
1.0449434610671966, 
1.1969106344127023, 
1.205184821579886, 
1.169455682675166, 
1.2029055376087814, 
1.1044690486476485, 
1.2673122267990413, 
1.065963775045841, 
1.1431419735248556, 
1.1092622311228746, 
1.2064133181313474, 
1.1206566407699037, 
1.1322824769664108, 
1.1186590840930126, 
1.1649016304832212, 
1.1183379202514092, 
1.1196447497247082, 
1.2333989238877492, 
1.1314861799623508, 
1.1860954147832556, 
1.1999183748351607, 
1.1438144751635095, 
1.1550699868438226, 
1.211007662868449, 
1.1596489489267396, 
1.2568961915927304, 
1.1043646662038449, 
1.0764408090189326, 
1.1045591129448409, 
1.1554401989960705, 
1.1215829709496221, 
1.0464375096577476, 
1.2745243252494736, 
1.486330661653696, 
1.4583559916882693, 
1.3391189356737627, 
1.431321377520211, 
1.4792990908419281, 
1.4631586462045554, 
1.5138479756535426, 
1.6026532248455276, 
1.4635230348782613, 
1.4440489327848165, 
1.4931166442098345, 
1.532461595882693, 
1.4559041750383803, 
1.5393433164006094, 
1.524965065195114, 
1.4045681115223028, 
1.4200388174147072, 
1.6172142805568939, 
1.4848801796587239, 
1.5209391409339243, 
1.5544615428855888, 
1.4930072510919399, 
1.4437909812012009, 
1.5825176213454377, 
1.4720426075739144, 
1.3914243149261813, 
1.586088016880327, 
1.4673213347194827, 
1.5341477771702403, 
1.4742643939552715, 
1.4500278656284404, 
1.6107234983366017, 
1.4368136357118786, 
1.5010974300941742, 
1.3906550931742117, 
1.4780353668001964, 
1.461340757991262, 
1.3371029085058967, 
1.368694678955126, 
1.669194953106012, 
1.5144851329892468, 
1.4814594985223912, 
1.6180350028022885, 
1.396217356024784, 
1.4005881996370455, 
1.3776250294974173, 
1.5509838500163422, 
1.6075232405618785, 
1.361829468080772, 
1.4498256251668646, 
1.3749730918336331, 
1.51896079485787, 
1.4761077546658545, 
1.3148820119012568, 
1.5467925801162001, 
1.4736598831900392, 
1.4392339044069407, 
1.288714539146828, 
1.5562114160224363, 
1.471843004844821, 
1.464553030192047, 
1.466953254509176, 
1.592861006811044, 
1.5970917727580516, 
1.4509630675005103, 
1.4890973430921257, 
1.356110529255742, 
1.5219423270280865, 
1.4739855740368464, 
1.5754330861885386, 
1.2453240596892146, 
1.402930350554422, 
1.567485931297297, 
1.3572215797472915, 
1.5515751580047943, 
1.5704796627824782, 
1.4882618777880454, 
1.4444838589410423, 
1.614886859759705, 
1.3623253281476897, 
1.4819784377779008, 
1.5811027750999442, 
1.3502911709723677, 
1.4105135749126858, 
1.4773876352718334, 
1.4120797670942327, 
1.4027623772841116, 
1.498911855401094, 
1.6254521112716684, 
1.4628436699932235, 
1.3086454865222907, 
1.5195847679534094, 
1.413478408609489, 
1.5420293421156905, 
1.5191722649179047, 
1.3491944991681324, 
1.5652123160861624, 
1.5386630450344798, 
1.325073257691626, 
1.464537478778357, 
1.5266516377183816, 
1.5063786565350652, 
1.4673352164365006, 
1.4443504495247828, 
1.5381832203247032, 
1.6258381236168016, 
1.462189595984433, 
1.4476492217591501, 
1.4342908440696411, 
1.400721288076731, 
1.4495184168528894, 
1.4748862313286215, 
1.5028271531761357, 
1.4212501361200123, 
1.394750481120533, 
1.4959521326995526, 
1.610168066478535, 
1.3804524439104329, 
1.4498183377651908, 
1.5443112412416613, 
1.362109181520056, 
1.4778043265041163, 
1.3716827828283353, 
1.389073370136987, 
1.5273385185346862, 
1.4586556073964907, 
1.5156530973003182, 
1.4245276169105765, 
1.4974373025473913, 
1.4284289784257502, 
1.4064779782035317, 
1.5408132220056632, 
1.4387281475929812, 
1.4331042824698756, 
1.4932030974918855, 
1.3405662372591323, 
1.5512844256180238, 
1.409492607744062, 
1.367022750050239, 
1.5051546918833765, 
1.5506436540124473, 
1.416567380725157, 
1.4557429742973405, 
1.3519664689625188, 
1.3987917618435486, 
1.4718810604092836, 
1.5741362703742692, 
1.4731344074691486, 
1.486374435595156, 
1.4288692986503546, 
1.5245179792016008, 
1.5685422589203326, 
1.2620081901774167, 
1.4875071985310413, 
1.3476761570057918, 
1.474715064748342, 
1.4245640974227043, 
1.430652172077347, 
1.5152634681968005, 
1.4168218568625244, 
1.4416766013403333, 
1.451334887641811, 
1.3632135374220036, 
1.375612945972698, 
1.535219315857431, 
1.363025715546364, 
1.42064996531294, 
1.5357632771546612, 
1.4164455515807015, 
1.5464436435047673, 
1.5097056004780702, 
1.3814146083149264, 
1.4757046031310974, 
1.6033275277775205, 
1.5478372937636742, 
1.5663405641651915, 
1.4706174192172126, 
1.4057682267946081, 
1.5192335678780187, 
1.3254563967519988, 
1.5981945036790233, 
1.5502721334524647, 
1.4504697134752331, 
1.3266687947136984, 
1.4381014701494435, 
1.40475989370417, 
1.4760762593557977, 
1.2426608082554722, 
1.3714893235234809, 
1.396395214903469, 
1.3955195117567567, 
0.2522287473385897, 
0.29396591960265417, 
0.2648244707121327, 
0.7790482090231774, 
3.508556522698518, 
3.510358577000978, 
3.629040881173264, 
1.568594465635809, 
1.4097319541669462, 
1.2789739890024503, 
1.1687270726011718, 
1.0929075707592466, 
1.0233251764966225, 
0.969501637282988, 
0.9197786633874179, 
0.8721031585522173, 
0.8378366075941188, 
0.7996629230723147, 
0.7714832517109267, 
0.748316786511918, 
0.7269299399463465, 
0.7048403772098741, 
0.6847363651203754, 
0.6684217620648842, 
0.6484659749726319, 
0.6336182679062302, 
0.6210439538902714, 
0.6042669084881075, 
0.5895660003719827, 
0.5764425430223349, 
0.5691210198181661, 
0.5577307192378729, 
0.5464822413394052, 
0.5338943851014416, 
0.5233612374398737, 
0.5118571684306109, 
0.5030933932975067, 
0.49767861644070704, 
0.48814249611706173, 
0.4788512202976367, 
0.4710494970029489, 
0.46187487029344926, 
0.45455259305046636, 
0.4507973021578125, 
0.4436197772891741, 
0.43517737802373635, 
0.4290613352658017, 
0.4243292482647537, 
0.4187802339984861, 
0.4099031827796148, 
0.4044727696552124, 
0.399497458075375, 
0.39350379605346203, 
0.3899608267162268, 
0.3859344660828665, 
0.3832283300719309, 
0.37722268162378503, 
0.3712437854614856, 
0.3676240146184223, 
0.3634428331066487, 
0.35899398138745425, 
0.35564342896477563, 
0.3496460555999248, 
0.34686510853680386, 
0.3439023554755828, 
0.33987154230617367, 
0.3351850714064841, 
0.3341730742387621, 
0.3295801470973449, 
0.3266719465691186, 
0.3237183060128228, 
0.31911124097251814, 
0.3162994432079609, 
0.31171128945810767, 
0.3112184369760562, 
0.3076098126810116, 
0.3037753107691342, 
0.30132097708835326, 
0.2979858631584582, 
0.2951858319920948, 
0.2948349531243574, 
0.2913008005813912, 
0.2882507003371493, 
0.28511082252563485, 
0.2842465024746901, 
0.2823239057876664, 
0.27851646089981913, 
0.27728846294931414, 
0.2743989894414979, 
0.27254225188646697, 
0.26912585529030875, 
0.26815856299280233, 
0.26346320558287734, 
0.2632514570657362, 
0.262877982800895, 
0.25896367384259245, 
0.25752330616579394, 
0.2553139117822078, 
0.25473725647531453, 
0.25230986450192106, 
0.2500117875414335, 
0.2489028129737386, 
0.24617064644858105, 
0.2438152803193861, 
0.2428213509303967, 
0.23960062170168717, 
0.23913627439952856, 
0.23669619776645814, 
0.23661272955099188, 
0.23222653979309765, 
0.23446516193935824, 
0.2318382078570117, 
0.2317559687706353, 
0.22950851813528844, 
0.22576382353249075, 
0.22629785561031618, 
0.22295989457591414, 
0.2243382880850054, 
0.22216512868479169, 
0.21873811654278685, 
0.21686639512548708, 
0.21875021352574356, 
0.21638365483669464, 
0.21360974859959128, 
0.21380309273234227, 
0.2115216328989022, 
0.21064336849831894, 
0.20931485468912686, 
0.20686542151643972, 
0.2073295276562961, 
0.20575993651318575, 
0.2055095295915771, 
0.2048978154356609, 
0.2011957940583646, 
0.20179105297291422, 
0.20107480746379702, 
0.19877430179403743, 
0.1986338719220279, 
0.1971155462444493, 
0.1953928019736671, 
0.19676204614132337, 
0.19521240950531044, 
0.19326761275331578, 
0.19191880516938448, 
0.5261439552445644, 
0.5138631410462857, 
0.5103515476396486, 
0.5012445490117428, 
0.4968174296873459, 
0.4855036034611271, 
0.47781096416173197, 
0.4736178337105443, 
0.4647998441570267, 
0.46041249955047425, 
0.45603202450319436, 
0.4466479258024614, 
0.4428806561441935, 
0.43731059438961195, 
0.4299849707077121, 
0.42471022613984144, 
0.42236340281805296, 
0.4151144604168261, 
0.4100892707791546, 
0.40997988782654765, 
0.4051904035725056, 
0.47371357873577513, 
0.45667424146701857, 
0.4422636856292552, 
0.4299786725327552, 
0.4187868558279061, 
0.41061644889464466, 
0.4008242463479534, 
0.3903408505186146, 
0.4341499239306365, 
0.3469694511681367, 
0.6716108680007797, 
0.6581120102736666, 
0.6492699019854288, 
0.6390132886604001, 
0.6247132369983356, 
0.6157549287391755, 
0.6070762134899546, 
0.5974791156893869, 
0.587749417029937, 
0.5790793862624095, 
0.5695082871949353, 
0.5649885454962744, 
0.5566326998391344, 
0.5503078463011386, 
0.5426087242623041, 
0.5342627083966305, 
0.528131555343174, 
0.5222947117386331, 
0.51537763167883, 
0.5129098515391683, 
0.5063646160092763, 
0.5023836529444559, 
0.4953744497611615, 
0.4910952073209848, 
0.4845550263576349, 
0.47881812398578516, 
0.4779038991568206, 
0.47014447743187693, 
0.4675468412907129, 
0.4638648543713366, 
0.4592146249156137, 
0.4539011523440739, 
0.44912959871857705, 
0.4456196890608205, 
0.44256594247476944, 
0.4418383986683032, 
0.438308304564636, 
0.43416806735496644, 
0.42990126357910285, 
0.4252074564960695, 
0.42324306742345685, 
0.42213999789652584, 
0.4180416323860713, 
0.4153667094173822, 
0.4113253933309714, 
0.4099796884243896, 
0.4069076422425971, 
0.4051998141030204, 
0.4003772284608853, 
0.398138411485471, 
0.3964027151532057, 
0.39517867633461584, 
0.39179174011831086, 
0.3889117152245038, 
0.38852951761929877, 
0.3862752999059599, 
0.3827532737471696, 
0.38264550598233116, 
0.37919522258675137, 
0.37810253021400747, 
0.37674115512238193, 
0.37346830681004034, 
0.37144324766609793, 
0.36925290806128874, 
0.3701081738378183, 
0.3669700424021459, 
0.3661497661511912, 
0.3632549467985033, 
0.36093207960320955, 
0.3617242584228414, 
0.35959507117982636, 
0.35837313291438366, 
0.35500617366075166, 
0.3550469959888624, 
0.37970459231124565, 
0.3786910017155508, 
0.3793322212038128, 
0.37945573741076577, 
0.3793207442965437, 
0.378366355989001, 
0.3784863347106081, 
0.3781833874496462, 
0.3786600439279695, 
0.3778809528046978, 
0.37849897095791696, 
0.37695620054177836, 
0.37625449939392996, 
0.3774000207426349, 
0.3768417179400471, 
0.3767272131153846, 
0.37512372120036064, 
0.3765717494962241, 
0.37561637353681765, 
0.3743690719443321, 
0.3750697042289598, 
0.37406334092331994, 
0.37569444959750065, 
0.3743351233934037, 
0.3740783128185076, 
0.3730084980158468, 
0.3745983845559096, 
0.3730638330215247, 
0.37405592384419006, 
0.37265137018920963, 
0.3737279015477329, 
0.37352052887086445, 
0.3732685513739681, 
0.371072549309979, 
0.3707053893134003, 
0.371675371895284, 
0.37130558924724316, 
0.3716516101111377, 
0.3709136659406497, 
0.37051826529484533, 
0.3692836030049887, 
0.369527183421276, 
0.36988856155682087, 
0.3688780110922488, 
0.36835586809542514, 
0.3680864712322799, 
0.368529505542745, 
0.3678422726462779, 
0.36748677003185437, 
0.3675364632403301, 
0.3669008023301369, 
0.3684054943559061, 
0.3669718228641262, 
0.3656901765531604, 
0.3669700329029009, 
0.36641112169685053, 
0.36609186491272055, 
0.3652221043679446, 
0.3656501482589873, 
0.3637131967501547, 
0.36411683805692996, 
0.36339381247550634, 
0.3648737676091381, 
0.3623435676120159, 
0.3635430283220487, 
0.3633282835606191, 
0.36215744380196635, 
0.36222962396413294, 
0.361182938676538, 
0.36158334946013676, 
0.3618091627262935, 
0.36020076730640627, 
0.3603829405424104, 
0.36042662939413045, 
0.35983443649181807, 
0.3601701477053098, 
0.3601362902878007, 
0.359406213117223, 
0.3590756788763091, 
0.35924125844070554, 
0.3585038681277877, 
0.8225358371159126, 
0.8087433910621078, 
0.7943197034982811, 
0.7799778211074992, 
0.7683467576819816, 
0.7568920178688288, 
0.7431577341930052, 
0.7330167452846416, 
0.7222187290081575, 
0.7114993608908251, 
0.704953419444392, 
0.6940709520936788, 
0.6868622912865695, 
0.6784886047493558, 
0.6694376152928065, 
0.6613070509756693, 
0.6553605251707341, 
0.6479879305423264, 
0.6406800185935607, 
0.6352727330315078, 
0.6274453458939001, 
0.6215796476296593, 
0.6174364842005649, 
0.6117966359976791, 
0.6053945983898239, 
0.599722454668408, 
0.5954941734390512, 
0.5899742541298462, 
0.585093539316356, 
0.5813611846337876, 
0.5766129538860909, 
0.5724846964749087, 
0.568393553859166, 
0.5655839392759715, 
0.5614144516319354, 
0.5580266675922423, 
0.5528051998072004, 
0.5500838519146845, 
0.5477823097872753, 
0.5440559236860778, 
0.5404431031092132, 
0.538001098695433, 
0.5350026273678833, 
0.5316970160573623, 
0.5297758810404635, 
0.5272361206783331, 
0.5247079843636022, 
0.5230426672845898, 
0.5200743076525345, 
0.5181862835683766, 
0.5157354807040042, 
0.5135541151336965, 
0.5112956067390921, 
0.5097194629440212, 
0.5081708281928152, 
0.4314097791035808, 
0.43046803531621786, 
0.42863386135725623, 
0.42828995256269964, 
0.4270837569971907, 
0.425768540055536, 
0.42412743373341544, 
0.4231196143723392, 
0.4224211710996127, 
0.42273358639686487, 
0.42236037488590017, 
0.42312342948671, 
0.42194901079863356, 
0.42208163905738416, 
0.42200440881025736, 
0.4220970353757349, 
0.42258106223284647, 
0.422643586031236, 
0.42374188925275, 
0.4221394965337962, 
0.4226022489536393, 
0.42534396908618294, 
0.42737000167443495, 
0.4289577876965056, 
0.42867832083585905, 
0.43090186517246315, 
0.4341764476504625, 
0.43402778422877697, 
0.43573681283032223, 
0.4396743606216722, 
0.44202462898030137, 
0.4446554707195312, 
0.4482180059160401, 
0.44988176859604445, 
0.45111501651473684, 
0.45656661208120397, 
0.45949424038746756, 
0.4648930916594443, 
0.46816781659224493, 
0.475220910238737, 
0.48206317835228013, 
0.48916731240297007, 
0.4910011632061971, 
1.3506903793495943, 
1.7526842612037243, 
2.500074020891255, 
0.06268277754723166, 
0.07246810938423166, 
0.06735045743028559, 
0.04472631980971048, 
0.06120396741891547, 
0.05588419764607726, 
0.07044525842586752, 
0.06308606856035599, 
0.06062272868734353, 
0.05980226116106148, 
0.0523714152399482, 
0.05738353586722875, 
0.05492400839124961, 
0.06407137878105845, 
0.06647010957088198, 
0.053891421768057446, 
0.06643241156018914, 
0.05422813606691178, 
0.05764109265090732, 
0.06021452709858602, 
0.0607215636627544, 
0.05248221011212609, 
2.6871367133209665E-46, 
2.804636339430496E-47, 
2.8004139018758885E-47, 
2.840446112745694E-47, 
2.961456896373394E-47, 
3.066559203802313E-47, 
3.11733679444854E-47, 
3.17054834639061E-47, 
3.2892045451944537E-47, 
3.4840127261988157E-47, 
3.4713262326510457E-47, 
3.6197122820026194E-47, 
3.8128651151002953E-47, 
3.875367203875167E-47, 
3.862539013475902E-47, 
4.0155485446765104E-47, 
4.2199984923540777E-47, 
4.411676350549016E-47, 
4.514260619892917E-47, 
4.64728873648573E-47, 
4.859832286481292E-47, 
5.053090537563077E-47, 
5.199729227416019E-47, 
5.211518086266454E-47, 
5.499091630601823E-47, 
5.685470310240409E-47, 
5.852200578971031E-47, 
6.078056278257796E-47, 
6.233723866181958E-47, 
6.384034738632504E-47, 
6.529916850638361E-47, 
1.835419243862198E-47, 
2.6587097889827157E-47, 
3.3405642599396305E-47, 
2.7948027136084357E-47, 
2.9265494147282065E-47, 
3.0169407074124908E-47, 
3.596354958960119E-47, 
3.682137181052632E-47, 
4.063308686719918E-47, 
2.715381074518655E-47, 
3.780197693089071E-47, 
3.963020676749359E-47, 
2.7917179211083017E-47, 
3.480853747977063E-47, 
3.137890732031661E-47, 
3.1277231937147354E-47, 
5.089214257932075E-47, 
3.460087165930167E-47, 
3.4340854729761217E-47, 
3.0610030853424274E-47, 
4.0470647491231163E-47, 
4.1552767115079385E-47, 
3.6375817343819926E-47, 
4.2759275395511276E-47, 
3.851198677949149E-47, 
3.4067378472481316E-47, 
4.3126626846994896E-47, 
3.6815756624639345E-47, 
4.2349271915707346E-47, 
3.66832916023351E-47, 
4.1236609766619025E-47, 
3.903968340433972E-47, 
3.9324024610268257E-47, 
2.9809038352858204E-47, 
3.653957704293301E-47, 
3.7014897844723875E-47, 
3.716671167895185E-47, 
2.913229109468909E-47, 
3.8283582797672723E-47, 
3.2912658526453006E-47, 
3.2112113608544487E-47, 
4.400363716468237E-47, 
3.2714344392719814E-47, 
3.9189480663907605E-47, 
3.257375956746198E-47, 
2.384499949501003E-47, 
3.453937283442242E-47, 
4.790872118499135E-47, 
3.399741229136209E-47, 
3.0872105267429624E-47, 
4.854998940010899E-47, 
4.456693359496683E-47, 
5.169541239160448E-47, 
4.279010719234382E-47, 
3.7002079212620733E-47, 
3.1854531384062993E-47, 
3.583078275364273E-47, 
3.297925109302428E-47, 
3.6340412294849787E-47, 
4.1104524478431267E-47, 
3.7184059220594856E-47, 
2.635863293581937E-47, 
3.540027603439869E-47, 
3.016212751141343E-47, 
4.2727724247647373E-47, 
3.701620131800055E-47, 
3.391051113320078E-47, 
3.0329888406209826E-47, 
3.576051032720736E-47, 
3.2304516528019175E-47, 
3.1834854804445E-47, 
3.822577419888423E-47, 
3.142883895387904E-47, 
2.3787302078865933E-68, 
1.0063974596644608E-38, 
9.922801871250364E-39, 
9.694895286991016E-39, 
9.618511958619355E-39, 
9.35417989364277E-39, 
9.26533836781727E-39, 
8.969437526440083E-39, 
8.949422353365558E-39, 
8.739416319514902E-39, 
8.597088364845471E-39, 
8.560389831765238E-39, 
8.349016402328163E-39, 
8.190858047227436E-39, 
7.966440301822122E-39, 
7.922475306398213E-39, 
7.80576333064572E-39, 
7.62233058119734E-39, 
7.524166186927411E-39, 
7.357067013688986E-39, 
7.206450518055568E-39, 
7.128484255733686E-39, 
6.947716040853731E-39, 
6.817694654065832E-39, 
6.82357303609182E-39, 
6.620240238932775E-39, 
6.55032198858023E-39, 
6.395147945476826E-39, 
6.301173989380907E-39, 
6.138299508928244E-39, 
6.048432382560047E-39, 
5.850367357143279E-39, 
5.799762706726051E-39, 
5.7114051007451884E-39, 
5.573701455872447E-39, 
5.48563896932486E-39, 
5.342554320860936E-39, 
5.2144122638877673E-39, 
5.1771830434932384E-39, 
5.056457463237862E-39, 
4.9426943021194555E-39, 
4.857028124904512E-39, 
4.748796901784545E-39, 
4.639443267607067E-39, 
4.5532009956061725E-39, 
4.47668913422188E-39, 
4.35014154249188E-39, 
4.3023727680692156E-39, 
4.215519631645969E-39, 
4.11564191284421E-39, 
4.053266602162361E-39, 
3.986118993345791E-39, 
3.991949760242736E-39, 
3.933416374648695E-39, 
3.905472074766545E-39, 
3.89804149007737E-39, 
3.820737604480659E-39, 
3.809815842235784E-39, 
3.746819727737642E-39, 
3.708271565697572E-39, 
3.710672073197577E-39, 
3.6535959614188887E-39, 
3.61011318585802E-39, 
3.571156308631696E-39, 
3.5289703562232866E-39, 
3.519250936921277E-39, 
3.449713853489401E-39, 
3.433609142157063E-39, 
3.378582992204456E-39, 
3.36385674228288E-39, 
