0
0.0019795278770266328, 
0.0019795278770266328, 
0.0019795278770266328, 
0.0019795278770266328, 
0.0019795278770266328, 
0.0019795278770266328, 
1.538342500323166, 
1.5338098774049065, 
1.530928805491406, 
1.529714266788154, 
1.5301883303048198, 
1.5323846132145083, 
1.5363489426056285, 
1.5421401984864023, 
1.5498313581789054, 
1.5595107653767433, 
1.5712836502412615, 
1.5852739296235259, 
1.601626318258293, 
1.620508781638116, 
1.6421153577230747, 
1.6666693653788844, 
1.6944269987710823, 
1.7256812734664542, 
1.7607662334239538, 
1.8000612365640185, 
1.843994993306362, 
1.8930488147854572, 
1.9477582071219723, 
2.008711494571027, 
2.076543544688031, 
2.151921910942631, 
2.2355218869077955, 
2.327986318198252, 
2.4298660355912673, 
0.9347131891815266, 
0.9181601061939016, 
0.9022019515260687, 
0.8868005742566729, 
0.8719224103388232, 
0.8575365230807276, 
0.8436143622101925, 
0.8301295477984674, 
0.8170576762525956, 
0.8043761459425908, 
0.7920640003061836, 
0.7801017865266056, 
0.7684714280868665, 
0.7571561097082234, 
0.7461401733442763, 
0.7354090240594766, 
0.7249490447481602, 
0.7147475187761914, 
0.7047925597223952, 
0.6950730474981277, 
0.6855785701935286, 
0.6762993710747276, 
0.6694237743455363, 
0.6649329030332748, 
0.6606158051147907, 
0.6564660136172369, 
0.6524774804506992, 
0.6486445280746815, 
0.6449618248523794, 
0.6414243624835185, 
0.6380274352972835, 
0.6347666212571356, 
0.6316377645074549, 
0.628636959365881, 
0.6257605355771132, 
0.6230050447487755, 
0.6203672479017832, 
0.5761359194348581, 
0.5763828415159056, 
0.5769811366376125, 
0.5779171953614273, 
0.5792008866212462, 
0.5808439954432145, 
0.5828604016771216, 
0.5852662941848956, 
0.588080427277528, 
0.5913244273664254, 
0.5950231595950222, 
0.5992051668431552, 
0.6039031966319836, 
0.6091548356192897, 
0.6150032767876538, 
0.6214982514756862, 
0.6286971678713863, 
0.6366665101611261, 
0.6454835695320825, 
0.6552386015749361, 
0.6660375367145879, 
0.6780054152613927, 
0.6912907822705155, 
0.7060713686073941, 
0.7225615173553458, 
0.7410220108293839, 
0.7617732480686197, 
0.7852131730662062, 
0.8118420555699556, 
0.8422973410979457, 
0.8774035956498558, 
0.9182455693161794, 
0.9662774813850614, 
1.0234903986185477, 
1.092674932351604, 
1.1778433666088985, 
1.2849207740912694, 
1.4228810749174035, 
1.6055456095960836, 
1.853972865775222, 
2.1973794252006336, 
2.6631804047545087, 
7.598916738222892, 
7.628937808149528, 
7.658288999132143, 
7.689099616927432, 
1.6562123379803995, 
1.4084870269460201, 
1.2236001062036026, 
1.0730394269643357, 
0.9552127497092233, 
0.856149275755129, 
0.77650137623624, 
0.7110576821908905, 
0.6528269137753198, 
0.6051001216883385, 
0.5613819670164936, 
0.5305836145308275, 
0.501901503212228, 
0.479031042852881, 
0.45380789941983424, 
0.4317253136683227, 
0.4093176607677664, 
0.3891287873817083, 
0.3688773194745033, 
0.3526939425601249, 
0.3355574176552249, 
0.31653606273156865, 
0.30149643294436657, 
0.2846895215914631, 
0.27060642211441877, 
0.2570452799877688, 
0.24495834571723457, 
0.2330561386110947, 
0.21976814250434135, 
0.2034507411981183, 
0.19606353776227348, 
0.1813873630833796, 
0.17193363635598413, 
0.158922158923807, 
0.14620507156942214, 
0.1389366130237984, 
0.12719653662578106, 
0.11677975541181607, 
0.10721667817184932, 
0.09414232819007823, 
0.08674395895817816, 
0.0794971018254107, 
0.06932484243730025, 
0.058013695131379994, 
0.04822964941373015, 
0.03831695090877563, 
0.034101444858707475, 
0.022405051987851476, 
0.013077662238680898, 
0.004737059378451758, 
0.0035792896389577056, 
0.007197221852563829, 
0.020650326955918452, 
0.028742480163625295, 
0.032584897193836254, 
0.039647488743421444, 
0.050816699031261126, 
0.054453751166710695, 
0.06374730460836647, 
0.07448371759818917, 
0.07571205926829183, 
0.08701287395459589, 
0.09185868823471899, 
0.09884512204498636, 
0.01779934181291798, 
0.019594374982506685, 
0.027375966350905417, 
0.03479770193178047, 
0.03751590716148226, 
0.038530001368919986, 
0.05077274534937698, 
0.04982788781438452, 
0.05381724016468553, 
0.058983656440993626, 
0.06462958799298629, 
0.06998079630146031, 
0.07534012637015242, 
0.0767219690382086, 
0.0847104968112406, 
0.09246340076820825, 
0.09340915812979056, 
0.10085202232742116, 
0.09959384761534235, 
0.10349764649193618, 
0.10556156202177855, 
0.10823680402164076, 
0.11262573707923973, 
0.11862840162936655, 
0.12188505643746039, 
0.13142124686926004, 
0.12899041121578292, 
0.13702447605546217, 
0.13649873217391775, 
0.14895288364058007, 
0.1430153119798234, 
0.15480647370448214, 
0.15065611366931753, 
0.16310380409572547, 
0.16680366604446867, 
0.16485197816748937, 
0.1711888575113102, 
0.1771820677091953, 
0.17964432811281644, 
0.18284429421223286, 
0.17790378809617333, 
0.18756982048956064, 
0.18856774451388944, 
0.18788449669050128, 
0.191636542585616, 
0.19701572364430306, 
0.19995047166747443, 
0.20279376988900694, 
1.1150619578831442, 
1.1027395219178169, 
1.114044895821918, 
1.1020432795633677, 
1.1093902256230397, 
1.11032961287383, 
1.113910270105377, 
1.12006401996468, 
1.1205857551525034, 
1.1065914277440698, 
1.1147440830559279, 
1.1067112166737958, 
1.1200681373646002, 
1.1193594580545325, 
1.1160907651555598, 
1.1248796110262589, 
1.122502978022361, 
1.1165693371298344, 
1.1221771727365897, 
1.1294173995711734, 
1.1250206821710618, 
1.1350016114321952, 
1.1177601802008157, 
1.1434240218028204, 
1.1279191752635263, 
1.1306350251561856, 
1.1252887770382523, 
1.131493459372896, 
1.1374330539241237, 
1.1326798841611012, 
1.1496459763465812, 
1.1385883527566996, 
1.1434826461374885, 
1.16002563378697, 
1.1640743103979243, 
1.148777105042991, 
1.171079287639212, 
1.1586324753749646, 
1.1593553840352264, 
1.1794224271564344, 
1.1837737679919764, 
1.1726604813268158, 
1.1847539561755966, 
1.1748652310469914, 
1.1793641758064155, 
1.199968183585642, 
1.1825665687941214, 
1.1994528900091712, 
1.1905563097610403, 
1.2003131072801805, 
1.2223867116558453, 
1.2215511511495325, 
1.2209598246733933, 
1.2157326822543446, 
1.2249360292522147, 
1.2278922859537111, 
1.2354332575882767, 
1.2449783765007219, 
1.2342859425874646, 
1.2593058413352987, 
1.2645465121577615, 
1.2691211725553324, 
1.2684871906622637, 
1.3104616218224132, 
1.5777897711794457, 
1.5587523234369973, 
1.5730449641821505, 
1.5570144837470317, 
1.5660013257892427, 
1.552540554472884, 
1.5537346090562076, 
1.550058803517441, 
1.5684711473437107, 
1.8756071719724021, 
1.8694236161756388, 
1.861288344131343, 
1.866038239116465, 
1.861579336101806, 
1.8458525409174167, 
1.8385059673352666, 
1.8373393535425828, 
1.8376291384280827, 
0.9668990109575593, 
0.9583139946185255, 
0.9641125560768153, 
0.9611855609117872, 
0.9717027441367496, 
0.9619812200149862, 
0.9686931037351574, 
0.9740381456423073, 
0.9652410157180309, 
0.9689167041023534, 
0.9729832247571333, 
0.9723767309121363, 
0.9616785613745775, 
0.962012571413758, 
0.9803785984913915, 
0.9629444882750007, 
0.9755879830613154, 
0.9671947798074227, 
0.9691756272477683, 
0.9739844846454853, 
0.9734678293992305, 
0.9727670097303769, 
0.9755997231545024, 
0.9789534358028438, 
0.9823689638469089, 
0.9916805483127942, 
0.9814234840379659, 
1.003058912509284, 
1.0053709962982502, 
1.0036816943282942, 
1.0034639879829301, 
1.005053399849202, 
1.0172066972544243, 
0.9998456967199352, 
1.0050280983959716, 
1.8278871876252363, 
1.8418209128515803, 
1.865913610991845, 
1.8813933220863195, 
5.963870863504524, 
6.024994272428668, 
6.064041849691984, 
6.058021202010338, 
6.058687333477182, 
6.04187514674916, 
6.046688911817879, 
6.0681716749444945, 
1.7383543556917616, 
1.7222866497239027, 
1.6432725620553406, 
1.425680984086033, 
1.531147952220168, 
1.4951560627457725, 
1.5652571375907747, 
1.5012804857999151, 
1.4882454822369615, 
1.6705441484722234, 
1.4640973557399453, 
1.640387953105803, 
1.721766732842748, 
1.7446158995382004, 
1.3503654423906595, 
1.2018462498854963, 
1.1139507607484322, 
1.0529672740760088, 
1.003321787981069, 
0.5926054120121462, 
0.5964281416352311, 
0.7121880734259696, 
1.0807230938293042, 
1.0737593794738625, 
1.0943090885335218, 
1.1027870188834004, 
1.2236317024092465, 
1.171585515857445, 
1.1243264681107774, 
1.1769435542991147, 
1.237451694983557, 
1.2166670518493672, 
1.1987794133833476, 
1.287875674472566, 
1.1327291449022279, 
1.2093067956171266, 
1.2626444567162833, 
1.1918286166699938, 
1.1647077305394198, 
1.2090407579939075, 
1.1498913216627789, 
1.1433971629449515, 
1.0926391505573805, 
1.1805203696302398, 
1.2900000217609304, 
1.1815521640168154, 
1.081421654822477, 
1.148342040692575, 
1.1689496499150498, 
1.1813318790018448, 
1.249764607219246, 
1.165265679406759, 
1.171115868563988, 
1.2124957474793934, 
1.1382142199273906, 
1.1005808808794142, 
1.1874801592940585, 
1.1037260023002073, 
1.2215707937455573, 
1.089479957129145, 
1.126592046285483, 
1.2764602740789477, 
1.2260949953606932, 
1.172431437065427, 
1.0958308015968798, 
1.146105235545037, 
1.2783741113577123, 
1.153623634916667, 
1.116878502614314, 
1.141228087456293, 
1.2594219675950185, 
1.200912934305574, 
1.0659736336612606, 
1.1594478132471449, 
1.1811750547886628, 
1.110823636904363, 
1.1031681174242385, 
1.0663688277964405, 
1.1849762774419135, 
1.130038048677306, 
1.1245751259005128, 
1.1486027335058298, 
1.143199839783674, 
1.1533838652983777, 
1.243100557019766, 
1.1398977978843654, 
1.175252812868741, 
1.162929478622253, 
1.243694847716494, 
1.147686972966081, 
1.1140680020636056, 
1.1009916190614542, 
1.051436900418414, 
1.1960481689822582, 
1.2033735363595017, 
1.1692735889679564, 
1.2003261124986966, 
1.107433737093463, 
1.2601175665293232, 
1.0697024611742558, 
1.143139610146939, 
1.1115350247412772, 
1.2029593440048183, 
1.1216600616363288, 
1.1328967826559775, 
1.1204336505110621, 
1.1642873130096585, 
1.120589739380637, 
1.1226926673342579, 
1.2300897624142109, 
1.1336173505196705, 
1.1854783950967116, 
1.198078477537788, 
1.14497261324388, 
1.1559578884422261, 
1.2084670596545473, 
1.1595129729893854, 
1.249662762976044, 
1.104884835498121, 
1.0790320336359391, 
1.1062442377076989, 
1.154334663659237, 
1.1223467999458352, 
1.0523639518663805, 
1.2671727647821602, 
1.484390666881339, 
1.456919168721929, 
1.343869740438474, 
1.4334876434229693, 
1.4800185265818098, 
1.4652751173222576, 
1.5143882108573572, 
1.5980760919934363, 
1.465451184251475, 
1.448511655697835, 
1.4935634882317572, 
1.5308383407704573, 
1.457786528468272, 
1.5374639068226141, 
1.5226874348871275, 
1.407999547685173, 
1.4245844419583171, 
1.6131433387721188, 
1.486072331233153, 
1.520776583173932, 
1.5521412564143002, 
1.492871247862028, 
1.4464337022911138, 
1.5785232074330857, 
1.4721980440639189, 
1.3962638342131988, 
1.58255341427274, 
1.4686408414485863, 
1.5323059355506177, 
1.4748352828668965, 
1.45235908383769, 
1.6046754041232323, 
1.4376600535355877, 
1.4985045426036097, 
1.3931582583128317, 
1.4768115449337358, 
1.4603724868761776, 
1.3427630147042737, 
1.3756424188141838, 
1.6630739874597653, 
1.513743732137609, 
1.4821861684210595, 
1.6104894017165647, 
1.397844249122179, 
1.4028758401933068, 
1.3824999987445576, 
1.5487708204239166, 
1.5999117412394277, 
1.3648381691997016, 
1.449326211050133, 
1.378592941956308, 
1.5161552237337705, 
1.4741578530270592, 
1.321180145257368, 
1.5431388319478676, 
1.472196982522051, 
1.4389635184040306, 
1.296761742874328, 
1.553623560676571, 
1.472675212201885, 
1.4663255589706208, 
1.4696937982120037, 
1.589986875899508, 
1.5917858918101504, 
1.4512551249723775, 
1.4872149958804777, 
1.3609197092635106, 
1.5199008177776685, 
1.4735632168168147, 
1.5680588717272592, 
1.2535310104079587, 
1.4066365225276853, 
1.563719258459996, 
1.3633928467036207, 
1.5504299701004096, 
1.5673588834617822, 
1.4880781909244236, 
1.4467450560413098, 
1.607996657812746, 
1.3665750139936526, 
1.4817581783249132, 
1.574318173097248, 
1.353680592515643, 
1.4122843716426998, 
1.4762280780996038, 
1.4141265497046251, 
1.4065214756376667, 
1.4994506515166575, 
1.6182913572343818, 
1.4613370340113687, 
1.3151844271778645, 
1.517689957728754, 
1.416692283179355, 
1.5396347073907826, 
1.516569588451424, 
1.3549323592363978, 
1.5617714913923368, 
1.5344962340454602, 
1.331055289701295, 
1.4660287425646916, 
1.5254308608018843, 
1.505575704351787, 
1.4683426328116318, 
1.4472981090165637, 
1.5375756332126602, 
1.6191502419636659, 
1.4614144615843465, 
1.447258569258253, 
1.434470640862107, 
1.4029972095347814, 
1.450284497472886, 
1.474618992503476, 
1.5006589223210876, 
1.4226781427948265, 
1.398523616868439, 
1.4961771499205225, 
1.603229671608942, 
1.3833761273947731, 
1.4503726366215626, 
1.5392612268427004, 
1.3651799733666807, 
1.4756963467096569, 
1.3747090364714776, 
1.392791702613923, 
1.52517400779629, 
1.4592729971402854, 
1.5131662186384058, 
1.4260100619199918, 
1.4954111181584953, 
1.429344580360074, 
1.4092109274003861, 
1.5371080911838777, 
1.4389785528087047, 
1.4338344455642216, 
1.490686299192077, 
1.3455878094515512, 
1.5466418819928287, 
1.4107284326084, 
1.3713881581148823, 
1.5040749553061232, 
1.5459195031736077, 
1.4172124121516865, 
1.4543635252189127, 
1.3559447591305258, 
1.4023160186228918, 
1.4733458018174543, 
1.570350872138577, 
1.4730640284370389, 
1.4854407877155502, 
1.4307831686576689, 
1.5218484786446245, 
1.5609846902188464, 
1.2688045226428724, 
1.4846850554092228, 
1.3516083588979613, 
1.4733951700773855, 
1.4254859438623853, 
1.4317627649968638, 
1.5118459919179168, 
1.4173714028531614, 
1.4410325517659146, 
1.4496861775090981, 
1.365921364382691, 
1.3790966128916085, 
1.53115287359786, 
1.3668868172800546, 
1.4234065973084784, 
1.5334065449284715, 
1.4196808462256252, 
1.544011705646747, 
1.5079065855453697, 
1.3860053781630763, 
1.4776983119526275, 
1.6008035438386061, 
1.546475990532894, 
1.5625908035337412, 
1.4697307068986232, 
1.4080626181330889, 
1.516447966300277, 
1.3318937454086597, 
1.594735652764781, 
1.5467454039488029, 
1.4502650829733068, 
1.333335838402719, 
1.4423924196485798, 
1.404473963899679, 
1.4708911950017316, 
1.247660506709714, 
1.3726538536444832, 
1.397070977242995, 
1.3967408706298525, 
0.39057716896624395, 
0.4123112100527765, 
0.369285258885744, 
0.8461906679694562, 
3.49868356094513, 
3.495705742572063, 
3.6094239156220986, 
1.5453176741682144, 
1.383393074138044, 
1.2489084055849826, 
1.1355294627089165, 
1.0567802706030085, 
0.983409459108965, 
0.9265792936070337, 
0.8729352379947377, 
0.8215188833200348, 
0.7846229834104776, 
0.7434507984763985, 
0.710850951352179, 
0.6848702621241183, 
0.6604531814137304, 
0.6349821675354808, 
0.6117191452683702, 
0.5915429640939924, 
0.5680549072430182, 
0.551123952198837, 
0.5340130194882202, 
0.513253464342022, 
0.4954230516692719, 
0.4783030508227847, 
0.4675671419592472, 
0.4547215477629496, 
0.4404524382808154, 
0.4247909637561317, 
0.4084951202123952, 
0.3963017634185936, 
0.38394052884020125, 
0.37417632202858725, 
0.36139658559809873, 
0.35034393707364053, 
0.33797828816923664, 
0.32431270247310057, 
0.3162069338892064, 
0.3075523060728103, 
0.2974496501619821, 
0.2849406061991414, 
0.2767974917396874, 
0.27041935897169267, 
0.26050802591015176, 
0.2486989003934491, 
0.2376971636950438, 
0.23300516239562957, 
0.22055755166774899, 
0.21631629371581373, 
0.2063582552549772, 
0.20485741024272508, 
0.1939327998247865, 
0.18339404496538037, 
0.18005878489891203, 
0.17188599216125333, 
0.16339547233499502, 
0.15453970859942268, 
0.14546250558000495, 
0.1428292068435867, 
0.1360354578878905, 
0.1275839038533667, 
0.12149196757560676, 
0.11942836137511348, 
0.10884427617867137, 
0.10574242500834186, 
0.09665094189107148, 
0.0896359707210766, 
0.08504877547097411, 
0.07539860678158095, 
0.07220028014899849, 
0.0677571935864485, 
0.06040141148778255, 
0.05241995900854712, 
0.04764023015225316, 
0.041977468758767955, 
0.04231623166886983, 
0.03417391438078188, 
0.029973260904801347, 
0.022427296352912574, 
0.017102728254587918, 
0.013929821370214923, 
0.0071705263613883186, 
0.006335827562408969, 
0.0030664587046901337, 
0.0044574118245001015, 
0.01546227115701615, 
0.018218719186179955, 
0.026527521416670752, 
0.022962808588629147, 
0.02843115634565352, 
0.03953247545153138, 
0.036481513360058726, 
0.04561810990155585, 
0.045581533534624574, 
0.052942534789369944, 
0.05733671432674303, 
0.059088114607391745, 
0.06952289914451099, 
0.07286160453613894, 
0.07558970178928548, 
0.08376478935886278, 
0.08488170762656344, 
0.09180034914873178, 
0.08786106014277739, 
0.10125665746790563, 
0.0943199256224963, 
0.0979156056640399, 
0.10109717489562053, 
0.10519633512363141, 
0.11622685495556168, 
0.11360265628779181, 
0.12328770282074064, 
0.11971534193363692, 
0.12538275814710562, 
0.132886885693986, 
0.14017776580597854, 
0.13287920720638732, 
0.14298882585281358, 
0.15094583422160554, 
0.14776516698747505, 
0.15463155955561653, 
0.1593389814309118, 
0.15944266819569347, 
0.1659971539958608, 
0.16572906866277304, 
0.17181620708489825, 
0.16949646424655984, 
0.16906782343294344, 
0.18164719967506174, 
0.17851300466730258, 
0.17916711003913866, 
0.18916961073066008, 
0.18656588061698107, 
0.19085760307167518, 
0.19951840056983, 
0.19025356833305546, 
0.1931945008851475, 
0.19891059122204652, 
0.20965873701184484, 
0.10873414566691575, 
0.093032546567698, 
0.09253467171837337, 
0.07936003679271963, 
0.0816112139245947, 
0.06039404889495015, 
0.05520689890675923, 
0.05417204443173346, 
0.0395862156429545, 
0.03805648535370898, 
0.029755263501804796, 
0.013480363172727383, 
0.013283371701443891, 
0.0076548470903899934, 
0.0066378462768264535, 
0.009974462856514377, 
0.00969477052826706, 
0.019386001697076494, 
0.030464489249366844, 
0.02326570295395719, 
0.025895818209554333, 
0.04299296769114558, 
0.06634815872688354, 
0.08101308141452712, 
0.0920011655560023, 
0.10236633144091656, 
0.10971961906190808, 
0.12054040892485168, 
0.12768940062767803, 
0.0517327041705648, 
0.34696945116780276, 
0.9395197665667572, 
0.9212866760942664, 
0.9189671876512032, 
0.9111202333594008, 
0.8882641681500943, 
0.8789159015751056, 
0.8727624591295686, 
0.8657479476631506, 
0.8530633074645136, 
0.8402682768204837, 
0.8288696544123582, 
0.8337190871848792, 
0.8178479645035563, 
0.8193750288705681, 
0.806794792085195, 
0.7938033840999508, 
0.7875988405605214, 
0.78381062879153, 
0.7733476292708151, 
0.7790857873623673, 
0.7692969170192019, 
0.7687740172335573, 
0.7543127795616548, 
0.7522596628815598, 
0.7433973614548485, 
0.7331038612260659, 
0.7420849908952141, 
0.7257453478097385, 
0.7285667559883968, 
0.7232342685625206, 
0.7165734207526491, 
0.7090783687101383, 
0.700911055554676, 
0.6965779361956884, 
0.6948115923307556, 
0.7018414469378988, 
0.6982504368871433, 
0.6910054698248078, 
0.6827506120840268, 
0.6732130155123472, 
0.6723560668268367, 
0.6795925161474834, 
0.6706763101720911, 
0.6685962892516225, 
0.6569436364505513, 
0.6613263664085205, 
0.6547031642110531, 
0.658526634866923, 
0.6441248089384028, 
0.6421572279086921, 
0.6416289363398753, 
0.6447744050550237, 
0.6347286245241468, 
0.6293836060356046, 
0.6368603035120391, 
0.6343226873269562, 
0.6226262342871532, 
0.6284462196049455, 
0.6196065204053762, 
0.6209627935627675, 
0.6217544701348391, 
0.6114991035722008, 
0.6103691454089718, 
0.6055400071757377, 
0.6143920684752235, 
0.6058416483021122, 
0.6072453975469212, 
0.5991369155097861, 
0.5930232254099297, 
0.601790985595786, 
0.597405232371558, 
0.5968782110376515, 
0.5848674141727315, 
0.5891314818093301, 
0.8192469563793914, 
0.8122508313359221, 
0.8134121430124517, 
0.8132485833022972, 
0.8109390085203229, 
0.8044353749364739, 
0.8029605136932999, 
0.7999581317784751, 
0.800138935184205, 
0.7945249870025635, 
0.795562009677379, 
0.7869018007724209, 
0.7811773204696592, 
0.7852226568346135, 
0.7805889804224591, 
0.7770029050360038, 
0.7680167955165591, 
0.7730194502074378, 
0.7663267990606457, 
0.7581010475576974, 
0.7590736837641184, 
0.7525972057580633, 
0.7589641749034371, 
0.7492236562694247, 
0.747280140303541, 
0.7401178993784017, 
0.7445029132727043, 
0.7361928784463306, 
0.7366658697691915, 
0.7265951461707296, 
0.7301099244547176, 
0.7266753064421128, 
0.723294137344311, 
0.711191570064614, 
0.7077210214326257, 
0.7086335406339027, 
0.7058083287682144, 
0.703543070487208, 
0.6988937507142069, 
0.6925011995573671, 
0.6859531402411119, 
0.6836062506794532, 
0.6846786498095987, 
0.6765928207496182, 
0.6709345624673846, 
0.6673803939522057, 
0.6647815659077229, 
0.659697218325824, 
0.6564525561962654, 
0.6525102863190739, 
0.6484640392552034, 
0.6502453396753167, 
0.6445463057012081, 
0.6340065986955796, 
0.6351039301470276, 
0.6299722715219017, 
0.6253573608483145, 
0.6184587427406569, 
0.6195056650913897, 
0.6088099039720875, 
0.6084628882878749, 
0.6012996488436628, 
0.6029627821329038, 
0.5915101886587741, 
0.5912844730790923, 
0.5874515147429089, 
0.5796361989474732, 
0.5756451811434218, 
0.5712172193791816, 
0.5692591324992584, 
0.5660111175004282, 
0.556978859030306, 
0.555486453669874, 
0.5522152155353024, 
0.5447576271499859, 
0.5445297507312774, 
0.538005244280515, 
0.532266801208619, 
0.5292428938410584, 
0.5263057806515133, 
0.5208763146345103, 
0.8301719666460252, 
0.8179843099267563, 
0.8023833744127765, 
0.7895860998340878, 
0.7769472434096507, 
0.7659314568529041, 
0.751708421788095, 
0.7407737222835754, 
0.7298188798552968, 
0.718203440548193, 
0.7137721579365446, 
0.7023598985774095, 
0.6961871632047368, 
0.6865061480586206, 
0.676146281267662, 
0.6689100050720538, 
0.662962851294593, 
0.6560654478516863, 
0.6480465012640947, 
0.6437698393963645, 
0.635448024998663, 
0.6280371108465919, 
0.6268217828427372, 
0.6209267578400116, 
0.6121609663484286, 
0.6077974735219257, 
0.6033003943182688, 
0.5978585218246802, 
0.5924952167808989, 
0.5890013994394492, 
0.583223037647322, 
0.5789648421447776, 
0.5756518976114497, 
0.5739002981457061, 
0.5701716275309135, 
0.5664337340161558, 
0.559249875156728, 
0.5578677060312947, 
0.5566367857725348, 
0.5515199733250327, 
0.5469890616035415, 
0.5452148854283093, 
0.5415775070290988, 
0.5383856481760011, 
0.536775242526672, 
0.5349569247678347, 
0.5328815820659549, 
0.5319066581638243, 
0.5276238270944151, 
0.5270500444815347, 
0.5237835837948899, 
0.5218877020120046, 
0.5180087196453751, 
0.5178472911929946, 
0.5170867398949761, 
0.34449876201316576, 
0.34317803752527093, 
0.33833982689162756, 
0.3371879118269513, 
0.3347042145305882, 
0.33170207517920147, 
0.3260149511762599, 
0.32269222205728426, 
0.3202818074423686, 
0.3198561917634408, 
0.3188365143388576, 
0.31855768211484514, 
0.3157188803491867, 
0.31296656388926436, 
0.31110319884979754, 
0.31108531840055037, 
0.3095009204581158, 
0.3060940257605945, 
0.30732823751246197, 
0.30016804394214464, 
0.29894439068482537, 
0.30235609707201877, 
0.30447940280460484, 
0.30327916322146264, 
0.3002235151307266, 
0.30149467872717145, 
0.30435342743056026, 
0.3005397161803409, 
0.3015414993597944, 
0.30363912019260564, 
0.30514986910790287, 
0.3057966000912196, 
0.3081330618701872, 
0.3058052223197206, 
0.3043949488864568, 
0.3093300471232112, 
0.3102332929670233, 
0.31479350731883554, 
0.3149610450523739, 
0.3221490872629049, 
0.32594984333421756, 
0.33387209952572117, 
0.3300866313832292, 
1.1755444444753287, 
1.5756974328488114, 
2.317257435073025, 
3.426103937048858, 
0.8729646452909399, 
1.6196780844739798, 
0.10522470358545619, 
0.09389663739549171, 
0.10224586641983369, 
0.11009083028709772, 
0.10212109362599893, 
0.09209855759066213, 
0.0894482259126085, 
0.09904021381392462, 
0.09637012067198562, 
0.1102824907830491, 
0.09802286084757009, 
0.07324738370432587, 
0.09691148366419704, 
0.08574559118063722, 
0.10533482345302475, 
0.09385114713936478, 
0.09335953193895263, 
0.09308707505702198, 
0.08127658993511672, 
0.09174392637411907, 
0.08357329757451332, 
0.10243054064205398, 
0.1049983847110765, 
0.08542080136528835, 
0.10180140668032661, 
0.08736905360652357, 
0.08974537250885427, 
0.09600855378970743, 
0.10297403569845333, 
0.08559415182853927, 
0.11158400932382051, 
0.40442475293852453, 
0.3943630118934891, 
0.39602784715748385, 
0.4007172627600113, 
0.40269816295565874, 
0.4014939497738226, 
0.398248398876774, 
0.40136524610706203, 
0.40412293162296464, 
0.4016470676858006, 
0.39756622614248727, 
0.4069500616219557, 
0.398334262980498, 
0.39384800126522634, 
0.3963213130124075, 
0.3991273741404058, 
0.39855735900538036, 
0.40134562088503856, 
0.4003783623490307, 
0.3984845802512069, 
0.4033389759044894, 
0.39978745264994586, 
0.3929122667655349, 
0.3982864335957288, 
0.4046469817541407, 
0.4051676158166657, 
0.4016056212503969, 
0.4010096149752229, 
0.40422216533782773, 
0.4005650476292857, 
0.11717141154692001, 
0.10994696528733527, 
0.0653524834714716, 
0.06001181845032022, 
0.05469574283625889, 
0.08145641839811901, 
0.08087219691667258, 
0.046141689598449886, 
0.03852490867154046, 
0.032255544170197936, 
0.028297440352382353, 
0.024392131879899637, 
0.024090404301659873, 
0.029805916252996667, 
0.02398980861914879, 
0.05892756386998599, 
0.006080051685941612, 
1.7347323549188332E-4, 
0.004117459409570756, 
0.02579980700333806, 
0.010756038285208547, 
0.016005220948954957, 
0.019149861635796128, 
0.01938744363837941, 
0.011465500739333834, 
0.030654746685414125, 
0.03320547688832676, 
0.03363347971692576, 
0.04677715782026581, 
0.04464457167412661, 
0.047485830560773934, 
0.05123528190648585, 
0.05699801666491311, 
0.04209583389676652, 
0.04078829644198123, 
0.03754700473891859, 
0.0650100272864691, 
0.07283780452026889, 
0.06505633486891327, 
0.05559957276856409, 
0.08141163511601945, 
0.08409024878370985, 
0.08835508395164027, 
0.07378980722583606, 
0.0930820430715471, 
0.0975062200388237, 
0.09896996879841424, 
0.09964750112740717, 
0.04073970251504022, 
0.10643501242053333, 
0.06517385165022915, 
0.002975717343062456, 
0.03164981631437058, 
0.024182215534821694, 
0.09426874835962451, 
0.11929448742732518, 
0.0874534135691789, 
0.12384755351650512, 
0.12457039588867502, 
0.051865869975756596, 
0.1282727406196713, 
0.1332951942541385, 
0.11622794950194049, 
0.13602085592115287, 
0.059091419464500916, 
0.1381872127243966, 
0.10851442950182388, 
0.14292200558017498, 
0.1427728097907277, 
0.14600072057780267, 
0.14714598235890008, 
0.1497405025108911, 
0.14982334809011988, 
0.5212399552248002, 
0.5273949131339961, 
0.5239142986042324, 
0.5163949209244407, 
0.5177066431687081, 
0.5111131462589213, 
0.5112936072501526, 
0.501913763697786, 
0.5028555424540997, 
0.4962777007302037, 
0.4949449348327093, 
0.49751933272732884, 
0.4921997219880012, 
0.4851755834069138, 
0.47917662691406093, 
0.47959099257156623, 
0.4793836977970898, 
0.47259671388654567, 
0.4701828051536836, 
0.4664796411199319, 
0.4609168024371755, 
0.45957222512773654, 
0.4528449480019532, 
0.45055813969831604, 
0.4535257724565227, 
0.44563776103371566, 
0.4444486590946042, 
0.4394169231383316, 
0.4378487841608134, 
0.430566937034186, 
0.4270529383409922, 
0.4183016047073522, 
0.41862700656638197, 
0.4171333300956377, 
0.40995568008682426, 
0.4069725432468587, 
0.4003596924266688, 
0.3938508661911726, 
0.39572997085355155, 
0.3897633193127916, 
0.38354287657099917, 
0.3806693358223683, 
0.37503815771321314, 
0.36927179924394693, 
0.3649927406039808, 
0.36236409535186453, 
0.3537895396901547, 
0.3541221755530728, 
0.34953690558518247, 
0.3431043486833971, 
0.2230637011483907, 
0.15192883644101585, 
0.3291587578077326, 
0.3220558482095015, 
0.3186277234593575, 
0.31771236169350914, 
0.30808030731827785, 
0.306704157615485, 
0.29868657287218525, 
0.29371392288678067, 
0.29402560202578343, 
0.2865717614282488, 
0.2808146763009489, 
0.27559766066993063, 
0.26988358823440706, 
0.268557821690834, 
0.258961211638038, 
0.2567114769972534, 
0.2489428896845851, 
0.2468427838507381, 
