0
0.0019795278770266328, 
0.0019795278770266328, 
0.0019795278770266328, 
0.0019795278770266328, 
0.0019795278770266328, 
0.0019795278770266328, 
0.0019795278770266328, 
0.0019795278770266328, 
0.003167244603242613, 
2.4625479980169276, 
2.457695766348002, 
2.4554859262875537, 
2.4559423893680896, 
2.4591004060117188, 
2.4650137037077533, 
2.473755545816995, 
2.4854200803792907, 
2.50012401114718, 
2.518008628078997, 
2.5392422394934644, 
2.564023052427456, 
2.5925825505479616, 
2.6251894187509044, 
2.6621540578998806, 
2.7038337183265946, 
2.7506382508653875, 
2.8030364206147707, 
2.861562638126298, 
2.926823816315527, 
2.9995058321250467, 
3.080378723669648, 
3.1702992410733835, 
3.270208643507174, 
3.38112265945637, 
3.50410931490405, 
3.6402490200355118, 
3.790570268340587, 
3.955954329609142, 
4.137004739609631, 
0.055473508923598966, 
2.5137942072096595, 
2.8412051759509103, 
3.27650112965751, 
3.8509656403888584, 
4.571729136186571, 
5.379967430411557, 
6.1578541592057245, 
6.8159726571451715, 
7.338868863677009, 
7.750926918026811, 
0.07451305149740861, 
2.5291667326312224, 
3.0229178850507568, 
3.741720482377139, 
4.7211187396739165, 
5.813553397719136, 
6.753702653168146, 
7.449295536623244, 
8.086249605251954, 
7.997443897565627, 
7.897954033626822, 
0.0766108812102708, 
2.4547286644605064, 
2.2494837690718588, 
2.077477335646444, 
1.9322021908174125, 
1.8084190040876718, 
1.7019964513468129, 
1.6096994928346349, 
1.5289934534802796, 
1.4578830354327648, 
1.3947866688599175, 
1.3729549841670061, 
1.3520798937245477, 
1.3321001278195435, 
1.3129617555184683, 
1.2946150494475472, 
1.277014100307024, 
1.2601164711612511, 
1.2438828870368186, 
1.228276955937201, 
1.2132649178227213, 
1.1988154185049409, 
1.1848993057456214, 
1.171489445169033, 
1.1585605538643051, 
1.1460890498015686, 
1.1340529153943222, 
1.1224315737368875, 
1.1112057762029326, 
1.1003575002464243, 
1.0898698563685245, 
1.0797270033234454, 
1.071078038952699, 
1.0638926448531942, 
1.0569852881837334, 
1.050345621787602, 
1.0439639687210276, 
1.0378312449194906, 
1.0319389197637618, 
1.026278979973516, 
1.020843896475631, 
1.0156265940114169, 
1.0106204232119735, 
1.005819134985478, 
1.0012168569233582, 
0.9968080715979953, 
0.9925875966428533, 
0.9218174710957955, 
0.9222125464254944, 
0.9231698186202026, 
0.9246675125783519, 
0.9267214185940394, 
0.9293503927092116, 
0.9325766426834627, 
0.9364260706958787, 
0.9409286836440673, 
0.9461190837863944, 
0.9520370553520581, 
0.9587282669490937, 
0.9662451146112192, 
0.9746477369908861, 
0.9840052428602688, 
0.9943972023611435, 
1.0059154685942635, 
1.0186664162578016, 
1.032773711251332, 
1.048381762519898, 
1.0656600587433405, 
1.084808664418274, 
1.1060652516328704, 
1.1297141897718759, 
1.1560984277685533, 
1.1856352173270142, 
1.2188371969097915, 
1.2563410769059984, 
1.2989472889119742, 
1.3476757457567132, 
1.4038457530397692, 
1.4691929109059099, 
1.5460439702161437, 
1.6375846377897219, 
1.7482798917625213, 
1.8845493865743517, 
2.055873238546053, 
2.2766097198679596, 
2.5688729753538015, 
2.9663565852404012, 
3.5158070803210593, 
4.2610886476072825, 
5.181581034371346, 
1.992781918957992, 
2.961074698462023, 
5.2691432591124405, 
2.8855977504617902, 
5.499882411273911, 
7.9035063461694035, 
8.920998260445412, 
9.480064290309905, 
9.857664161254444, 
10.142323499863231, 
10.371376939846131, 
1.9296046349396445, 
3.34055501526399, 
6.892009828008258, 
2.971909611913964, 
6.501290705210964, 
8.677847232594493, 
9.524265529000283, 
10.01333319362639, 
10.355183741434075, 
10.618523269650726, 
10.833479961852115, 
1.8240688135666663, 
3.4788215037658916, 
7.7074887741133695, 
9.24585969738186, 
3.027655721722153, 
7.412543205112216, 
9.30894611204094, 
10.054414637668721, 
10.503090723467176, 
10.824021201955453, 
11.074645638318145, 
1.7227886615264567, 
3.5705191921618797, 
8.33259171740637, 
9.786308280585489, 
10.392209791899463, 
3.0417926593939715, 
8.111616679409282, 
9.808101800647055, 
10.498330207562388, 
10.92477849323021, 
11.23387282108197, 
1.6294395233347487, 
3.601247997978578, 
8.812427666083783, 
10.17247394799, 
10.78997479442686, 
11.16122541468774, 
11.440609191103054, 
11.665136722118575, 
11.853246869959149, 
12.015443271773616, 
12.158266781156694, 
12.206300493039247, 
12.253262398611472, 
12.306713717058003, 
2.66239756037279, 
2.2744251479817197, 
1.9865276373798408, 
1.7544184147322657, 
1.5742241612816388, 
1.4236311937936077, 
1.3048449046682435, 
1.20795212187528, 
1.1228818656010249, 
1.055035223846677, 
0.9941490021198762, 
0.9522567690275101, 
0.9154127491234313, 
0.8856337958395214, 
0.8548680823815035, 
0.8276604546965005, 
0.7982466937669827, 
0.7754591587706735, 
0.7529688742367797, 
0.7318939845419471, 
0.7128730774032663, 
0.6933596048558855, 
0.676000906818089, 
0.6591667983476605, 
0.6456119655618578, 
0.6357864748403241, 
0.6209020277294288, 
0.6138981140624507, 
0.6013053394739428, 
0.5890209234538221, 
0.5842829672357002, 
0.5693435648491185, 
0.5643513418726728, 
0.5537127967723269, 
0.5432108520331391, 
0.5372958846337827, 
0.5300753715228772, 
0.5191897833666688, 
0.5133278674377687, 
0.5021740022678893, 
0.4991292788663172, 
0.49171370985840834, 
0.4815147573084616, 
0.47566690054814675, 
0.4694472548063038, 
0.46504268569209006, 
0.45820024261493186, 
0.45135132333824196, 
0.4426990691341694, 
0.4395521013341068, 
0.4330232322566692, 
0.4311807101315031, 
0.4304133197593144, 
0.426005629907573, 
0.425560983360611, 
0.420871829692622, 
0.41829689426212263, 
0.41568786864817253, 
0.4154216150336735, 
0.41360157485902, 
0.410775217536024, 
0.4095624027914848, 
0.40438758915881595, 
0.40518154994019684, 
0.39081880849345196, 
0.38647854223337125, 
0.3857753876452682, 
0.3814271461296748, 
0.38045257412446365, 
0.37608845913518874, 
0.37385732999694615, 
0.3727909028477141, 
0.36960191983536783, 
0.3655770807974591, 
0.36440275200294214, 
0.3602816536877791, 
0.35914559399657114, 
0.3545658470395908, 
0.3545121470167031, 
0.35257712434618194, 
0.34816609340734095, 
0.347522862948337, 
0.3449220884772567, 
0.342852980533507, 
0.34191588436480375, 
0.3403516321737107, 
0.3389742090021309, 
0.337649941606047, 
0.3369221701874303, 
0.3365288718179172, 
0.33450095620043313, 
0.3335226913171948, 
0.3324741604932929, 
0.33221731583678327, 
0.33005325484119225, 
0.329971168616027, 
0.327878752067421, 
0.3280279518973555, 
0.32683328362465347, 
0.32528586411304033, 
0.3248665848109005, 
0.3243000232269212, 
0.32284553071146244, 
0.32208954759415503, 
0.31997142233350984, 
0.3200503151849901, 
0.31863812109483564, 
0.3171348419914629, 
0.31614443271517034, 
0.3156279965862385, 
0.31491082902297596, 
0.3138976653556439, 
1.9118309125470279, 
1.9165261894767194, 
1.8497612132651877, 
1.789019372534629, 
1.7376807796854603, 
1.6955906678283443, 
1.6649360632759849, 
1.6436993222214127, 
1.6425687312729498, 
1.4342459582387324, 
1.8991057434972443, 
2.1146781866954756, 
2.112329935882637, 
2.1229923494487624, 
2.122779264043112, 
2.1185104419712593, 
2.125918365230855, 
2.1289223999143334, 
2.117646128748248, 
2.1191007975366074, 
2.11588858877293, 
2.1217144714309546, 
2.1206848869476556, 
2.1152155612350105, 
2.105770840322914, 
2.1213532682507834, 
2.1077427364743926, 
2.1222873211572573, 
2.1171147677211195, 
2.1324916906893607, 
2.1254453335649086, 
2.1337444035234903, 
2.1383065606825933, 
2.1495459532088974, 
2.1401554026125917, 
2.150575035312963, 
2.141280204730435, 
2.1487417328876206, 
2.1506161174590543, 
2.1543816094437007, 
2.1608059058590814, 
2.1627957107077678, 
2.15207275393494, 
2.16018574921714, 
2.1548574787320858, 
2.167628223270359, 
2.1684021952152763, 
2.166935623874175, 
2.176167865331172, 
2.1760520599699364, 
2.1725482190078464, 
2.1783237786951952, 
2.1865281929400546, 
2.1849009008933873, 
2.194763593479332, 
2.182254943623396, 
2.206065064436595, 
2.1946088669614676, 
2.198887643026486, 
2.196268698349721, 
2.2030980218348164, 
2.2104403078362966, 
2.2090197788116397, 
2.2257679570384843, 
2.2184868288996435, 
2.225373425881531, 
2.2418112968806976, 
2.2471882700278494, 
2.237197320890406, 
2.258752105830484, 
2.2507643538329942, 
2.2541994790779256, 
2.2737739864004354, 
2.2805227656562526, 
2.2745377747214097, 
2.2878830770324816, 
2.28201574365448, 
2.2888038596012215, 
2.3099212840574337, 
2.2971372687467664, 
2.3154061751519217, 
2.3113615552620184, 
2.322431441208698, 
2.3457586967492627, 
2.3479572329693132, 
2.351734416356135, 
2.350484242844362, 
2.3626593267119835, 
2.369683975301423, 
2.380008302016484, 
2.3924855098015017, 
2.386228890798024, 
2.4136612898368313, 
2.422175246816385, 
2.429910671383327, 
2.4346712219132645, 
2.4762281483621367, 
2.8919218435159797, 
2.5002959214447813, 
2.498244321714256, 
2.500637903939058, 
2.494577915585315, 
2.4988622019504994, 
2.493077525701678, 
2.492110368969817, 
2.4798176324580004, 
2.4907693509344515, 
2.488978917798645, 
2.4879853538846732, 
2.487437750092973, 
2.4871675889273765, 
2.485772224738059, 
2.479968277913767, 
2.489084971290486, 
2.478476950773385, 
2.478898059650505, 
2.48541074538267, 
2.4815653204928525, 
2.4810777290459693, 
2.481170101078244, 
2.4709230944012575, 
2.481153789180401, 
2.468839733430136, 
2.4740247738539423, 
2.4640897892911413, 
2.463364609605269, 
2.4602951928200754, 
2.4731831905249617, 
2.910800708384272, 
2.929907606770617, 
2.854160924856923, 
2.777808312121798, 
2.7055367574068105, 
2.642638648233915, 
2.5904083243465577, 
2.534841225205558, 
2.491043751603444, 
2.4531735927584344, 
2.4144618496970813, 
2.381469365398489, 
2.3708108073751775, 
2.3599543483894494, 
2.3569890766312964, 
2.3499442013631233, 
2.337355527134611, 
2.3302066366139926, 
2.3272142902977193, 
2.3262804541037636, 
1.7572350554505154, 
1.7506366000481488, 
1.7548524636927172, 
1.7526025930988456, 
1.7604610407369823, 
1.753364977947869, 
1.7586170566181096, 
1.7629564228588663, 
1.7568110777708892, 
1.7600309954070297, 
1.763703050184819, 
1.7637793349202038, 
1.7566999671844226, 
1.757762536138522, 
1.7724319841146439, 
1.7606376375207926, 
1.7710756126020644, 
1.7659362556465705, 
1.768519979189915, 
1.7739222785474127, 
1.7747306292818237, 
1.776167500525141, 
1.7799371996004312, 
1.7839435781285036, 
1.788373357864236, 
1.7974382031664864, 
1.7920872608285745, 
1.8103565811711202, 
1.8143285087235825, 
1.815541707925164, 
1.817999361173765, 
1.8223051962403225, 
1.8339828217279806, 
1.8238495435809081, 
1.8304165068775824, 
2.37054022425632, 
2.3965016572349085, 
2.4310454771568493, 
2.4633498291515394, 
2.710941375744818, 
3.012927829798014, 
3.038182241386119, 
3.1381054301564055, 
3.1560149003625866, 
3.2640702883962747, 
3.5325639744635517, 
3.011204952559075, 
3.3872989242199756, 
3.6742648435179435, 
4.290465268126705, 
4.883001666680945, 
2.9691421182998394, 
3.200544099481818, 
3.3691200112442288, 
3.0811062750314306, 
3.2351896143937693, 
3.5299956688817615, 
3.827164290040172, 
2.9902982342751163, 
3.2889913873207512, 
3.8860733218397376, 
4.564121184214617, 
3.372978341968704, 
4.028051076203516, 
4.814028073852919, 
3.2482043835003926, 
3.713258573973024, 
4.669588994136234, 
5.612325969187487, 
2.960799777175794, 
3.578477177304643, 
4.0612178636103895, 
5.113360101799245, 
3.3232086661998834, 
4.577401869723063, 
5.65921818825351, 
3.4466540726066794, 
4.497946838050045, 
5.5683615025386946, 
6.785101631239085, 
2.8181903387863, 
3.843233061929168, 
5.504698253361274, 
6.5499583153666645, 
3.589697239557708, 
4.811833508570141, 
5.632530267618189, 
3.4904754533882745, 
4.776710889569648, 
5.790607891730235, 
6.931348025957061, 
2.69197630789013, 
4.151167661034139, 
5.7497389000769425, 
6.981200952109019, 
3.443409487760607, 
5.206474782438773, 
6.649899302624935, 
2.9163328899032424, 
4.723511963108791, 
6.288795444956975, 
7.5184665725843285, 
2.683398301059179, 
4.5184022066970675, 
6.439462924927168, 
7.592825059797242, 
3.653095019982672, 
6.253899422288737, 
8.153528462275165, 
3.7680785392372576, 
6.031273550737252, 
8.073462247193707, 
8.497945575925765, 
2.877515229628682, 
4.9811135005961305, 
7.8592806253304826, 
8.846703595122822, 
3.927168217190938, 
5.0843260027079555, 
8.002260972547168, 
3.3499752018472693, 
7.074050064179057, 
8.822660888891695, 
9.265452378195722, 
2.463422296068975, 
5.78856097472621, 
8.876494846951665, 
9.315490262924527, 
3.994977382915317, 
7.526222131293092, 
8.434376801259724, 
4.127117334594642, 
5.825735055318973, 
9.104149327522292, 
9.504217335867983, 
2.6030400969232472, 
5.1890294688210705, 
6.797048491463043, 
9.194136749435563, 
4.260985083917094, 
8.479787889173316, 
9.398345339350364, 
3.775937365132621, 
7.780803323327594, 
9.247164541557108, 
9.560082012074533, 
2.3767049123865136, 
5.528494812565778, 
8.42964910791091, 
9.289630174744296, 
9.391776635985725, 
9.474010467525103, 
9.496342380199623, 
9.48550281268565, 
9.491729559591516, 
9.473993034403222, 
9.552154281171397, 
2.633129051846538, 
2.6037340965401947, 
2.4862565132465706, 
2.1309693652736614, 
2.3175518608451537, 
2.2623287716436744, 
2.3885587937999357, 
2.2919080235855143, 
2.279483500307309, 
2.597631379313986, 
2.258533684491761, 
2.5704733367362254, 
2.7088075111396557, 
2.7731274084832824, 
2.136401608236051, 
1.9143679792904624, 
1.7934000775247256, 
1.714288768657545, 
1.7036626901844845, 
0.9094616053698447, 
0.9123960970010131, 
1.104729275025089, 
1.7256502533241445, 
1.712310299620037, 
1.7452422683880982, 
1.757471361349229, 
1.9613707862378476, 
1.8737641871928432, 
1.792595841667021, 
1.8797464058943434, 
1.9817084181942988, 
1.9469759814963883, 
1.9165017626157552, 
2.0687316219940497, 
1.806688589399823, 
1.9351616776226863, 
2.026942305519076, 
1.9086283443410363, 
1.8629084162492755, 
1.9387791124017497, 
1.839207606989476, 
1.827804560321172, 
1.7403154103899485, 
1.8872091143833742, 
2.074693598868041, 
1.8933999249949143, 
1.7230893473215236, 
1.8346247798746034, 
1.868678839045879, 
1.8891244299967624, 
2.0061951920945345, 
1.8642336364765029, 
1.8741984807004666, 
1.9455669909799762, 
1.8204975008233517, 
1.755754714623745, 
1.9025239035756454, 
1.7601097112974249, 
1.959654946797561, 
1.7355938124398596, 
1.7959323499649176, 
2.0497398507761626, 
1.9669818528592202, 
1.8773028963098568, 
1.746719643027116, 
1.8299423296397446, 
2.055395082680829, 
1.845725939771405, 
1.782745623625558, 
1.8226126503080113, 
2.0241711018177537, 
1.9279890381169196, 
1.6991466632587655, 
1.8568407583704871, 
1.8950587486418198, 
1.7763721318072485, 
1.7628456096904628, 
1.698943870973429, 
1.8993163541969036, 
1.806473053213858, 
1.796434527278154, 
1.8363594696537873, 
1.826475603354125, 
1.8427448289314683, 
1.995546743355192, 
1.821462383428808, 
1.8810350141154788, 
1.8601790333780515, 
1.9989773654160388, 
1.838016473492956, 
1.7810298889193317, 
1.757993579514563, 
1.6719095377075146, 
1.915057015060324, 
1.9282957145278175, 
1.8711290922802657, 
1.9246488601740506, 
1.7671504778362377, 
2.027699562878466, 
1.7055420400733456, 
1.829027157639769, 
1.7748195697965994, 
1.930261309010156, 
1.7930506252318454, 
1.8116519631462578, 
1.7898545345488202, 
1.863842608773154, 
1.7893406724022551, 
1.7914315995595331, 
1.973438278220399, 
1.8103778879397612, 
1.897752663653209, 
1.9198693997362573, 
1.8301031602616153, 
1.8481119789501161, 
1.937612260589518, 
1.8554383182827834, 
2.0110339065483687, 
1.7669834659261514, 
1.7223052944302921, 
1.7672945807117455, 
1.8487043183937129, 
1.7945327535193953, 
1.6743000154523966, 
2.0392389203991574, 
2.2968261912917223, 
2.560225425789846, 
2.315420542446481, 
2.197006907120186, 
2.6384134512795323, 
2.3255730448736043, 
2.705286761585122, 
2.4064467041131805, 
2.3449402466386946, 
2.577010352648839, 
2.4666201604048945, 
2.603024589254485, 
0.03473052543473696, 
2.239432669041496, 
2.2721285326600222, 
2.504059401937946, 
2.123648687837288, 
2.3924291381874245, 
2.4653841517561643, 
2.4754208967361775, 
2.1736616618501667, 
2.293058893020992, 
2.3781290586459134, 
2.333369586701231, 
2.1425902970780206, 
2.2901142040323377, 
2.3668785453470855, 
2.341053833927288, 
2.4221567610456676, 
2.564245159752844, 
2.3416368558052176, 
2.3104782924557066, 
2.6786676380561922, 
2.391798165338746, 
2.4602635194366576, 
2.5460684904946045, 
2.2164123866011263, 
2.4733165883289385, 
2.4329302997075475, 
2.2230680147455417, 
2.178750610619644, 
2.346829466837084, 
2.1800319416105847, 
2.3889866307357353, 
2.451938553412309, 
2.3294466800614084, 
2.462949306240975, 
2.4399441043121826, 
2.2473089784356843, 
2.272062107863531, 
2.5875428488910304, 
2.375808287453958, 
2.433502625494279, 
2.487138468616942, 
2.388811601747104, 
2.310065569921921, 
2.5320281941527005, 
2.3552681721182633, 
2.2262789038818904, 
2.537740827008523, 
2.3477141355511724, 
2.4546364434723844, 
2.3588230303284345, 
2.3200445850055047, 
2.577157597338563, 
2.2989018171390057, 
2.401755888150679, 
2.225048149078739, 
2.3648565868803137, 
2.33814521278602, 
2.1393646536094346, 
2.189911486328202, 
2.6707119249696185, 
2.4231762127827947, 
2.370335197635826, 
2.588856004483662, 
2.2339477696396544, 
2.240941119419273, 
2.204200047195868, 
2.4815741600261476, 
2.5720371848990053, 
2.178927148929236, 
2.3197210002669832, 
2.199956946933813, 
2.430337271772592, 
2.361772407465367, 
2.1038112190420106, 
2.4748681281859204, 
2.357855813104063, 
2.302774247051105, 
2.061943262634925, 
2.489938265635898, 
2.354948807751714, 
2.343284848307275, 
2.347125207214682, 
2.54857761089767, 
2.555346836412883, 
2.321540908000816, 
2.3825557489474014, 
2.169776846809188, 
2.4351077232449385, 
2.358376918458954, 
2.520692937901662, 
1.9925184955027433, 
2.2446885608870755, 
2.507977490075675, 
2.1715545275956663, 
2.4825202528076713, 
2.512767460451965, 
2.3812190044608728, 
2.311174174305668, 
2.5838189756155283, 
2.1797205250363034, 
2.3711655004446412, 
2.5297644401599113, 
2.160465873555788, 
2.2568217198602976, 
2.3638202164349336, 
2.259327627350772, 
2.2444198036545786, 
2.39825896864175, 
2.6007233780346697, 
2.340549871989157, 
2.0938327784356656, 
2.431335628725455, 
2.2615654537751824, 
2.4672469473851044, 
2.4306756238686473, 
2.1587111986690117, 
2.50433970573786, 
2.461860872055168, 
2.1201172123066017, 
2.3432599660453715, 
2.442642620349411, 
2.410205850456104, 
2.3477363462984013, 
2.3109607192396524, 
2.461093152519525, 
2.601340997786883, 
2.3395033535750933, 
2.3162387548146404, 
2.2948653505114263, 
2.24115406092277, 
2.319229466964623, 
2.3598179701257944, 
2.404523445081817, 
2.274000217792019, 
2.231600769792853, 
2.393523412319284, 
2.5762689063656556, 
2.2087239102566927, 
2.319709340424305, 
2.4708979859866584, 
2.1793746904320894, 
2.3644869224065865, 
2.1946924525253366, 
2.2225173922191797, 
2.4437416296554977, 
2.333848971834385, 
2.4250449556805087, 
2.2792441870569227, 
2.395899684075826, 
2.2854863654812, 
2.25036476512565, 
2.4653011552090613, 
2.3019650361487694, 
2.2929668519518005, 
2.3891249559870174, 
2.1449059796146117, 
2.4820550809888378, 
2.2551881723904987, 
2.1872364000803826, 
2.408247507013402, 
2.4810298464199154, 
2.2665078091602515, 
2.3291887588757447, 
2.1631463503400306, 
2.238066818949678, 
2.3550096966548537, 
2.518618032598831, 
2.357015051950637, 
2.3781990969522497, 
2.2861908778405673, 
2.4392287667225614, 
2.5096676142725327, 
2.0192131042838666, 
2.380011517649666, 
2.1562818512092665, 
2.359544103597347, 
2.279302555876327, 
2.289043475323755, 
2.424421549114881, 
2.266914970980039, 
2.306682562144533, 
2.3221358202268982, 
2.181141659875206, 
2.2009807135563166, 
2.456350905371889, 
2.1808411448741825, 
2.273039944500704, 
2.457221243447458, 
2.2663128825291223, 
2.474309829607628, 
2.415528960764912, 
2.2102633733038823, 
2.361127365009756, 
2.565324044444032, 
2.4765396700218787, 
2.5061449026643063, 
2.35298787074754, 
2.249229162871373, 
2.4307737086048293, 
2.120730234803198, 
2.5954048978604587, 
2.3936403693646975, 
2.4098935443310827, 
2.674465893688751, 
2.528105515695583, 
2.4733407538103607, 
2.053375176834542, 
2.4019558165612507, 
2.5310728875740383, 
2.1769519941000395, 
2.576337160730171, 
2.557111205886437, 
2.4804354135239435, 
2.3207515415603726, 
2.1226700715419176, 
2.3009623522391096, 
2.690842733450359, 
2.3993217533089157, 
2.575728018402305, 
2.4263264208245547, 
2.9018774879841627, 
2.225792630057427, 
2.6887462699889033, 
2.7744123423037075, 
2.3405271621725374, 
2.256705418978946, 
2.487981952668028, 
2.6642161885238806, 
2.402355134342767, 
2.50114679061243, 
2.4516204008068914, 
2.4591917313748786, 
2.764576210609823, 
2.186112003517243, 
2.30152226386592, 
2.6328228946051584, 
2.6690347006677166, 
2.0376661085640375, 
2.2476158299266724, 
2.361722014969277, 
1.9882572932087554, 
2.194382917637569, 
2.2342323438455507, 
2.2328312188108104, 
47.297220564130285, 
2.3924816684925676, 
2.5197477797950567, 
2.6599530766334363, 
2.813959955878642, 
2.5106995622851613, 
2.6672341833358217, 
2.841330868015308, 
3.0401968130727677, 
2.5255409352932334, 
1.7852231669246943, 
5.326467849941413, 
1.8203234131708488, 
5.798265295714526, 
9.6320006524673, 
10.631037036451948, 
2.7652056826754885, 
8.684456636471598, 
10.263575421758443, 
1.9838736611801053, 
1.9223094578706956, 
9.347713051887249, 
0.7795842598800597, 
0.8180573146037415, 
0.794835609385794, 
1.3042611817323535, 
5.61369043631763, 
5.616573723201566, 
5.806465409877221, 
2.509751145017294, 
2.255571126667115, 
2.046358382403921, 
1.8699633161618743, 
1.7486521132147939, 
1.6373202823945967, 
1.551202619652781, 
1.4716458614198686, 
1.3953650536835478, 
1.3405385721505898, 
1.2794606769157038, 
1.2343732027374827, 
1.1973068584190687, 
1.1630879039141546, 
1.1277446035357985, 
1.095578184192601, 
1.069474819303815, 
1.0375455599562111, 
1.0137892286499683, 
0.9936703262244343, 
0.966827053580972, 
0.9433056005951725, 
0.9223080688357358, 
0.9105936317090657, 
0.8923691507805968, 
0.8743715861430482, 
0.8542310161623066, 
0.8373779799037978, 
0.8189714694889775, 
0.8049494292760107, 
0.7962857863051311, 
0.7810279937872989, 
0.7661619524762188, 
0.7536791952047182, 
0.7389997924695187, 
0.727284148880746, 
0.7212756834525, 
0.7097916436626788, 
0.696283804837978, 
0.6864981364252827, 
0.678926797223606, 
0.6700483743975779, 
0.6558450924473838, 
0.64715643144834, 
0.6391959329206001, 
0.6296060736855393, 
0.6239373227459629, 
0.6174951457325862, 
0.6131653281150895, 
0.6035562905980562, 
0.5939900567383771, 
0.5881984233894756, 
0.5815085329706379, 
0.5743903702199269, 
0.569029486343641, 
0.5594336889598797, 
0.5549841736588861, 
0.5502437687609324, 
0.5437944676898779, 
0.5362961142503746, 
0.5346769187820193, 
0.5273282353557519, 
0.5226751145105897, 
0.5179492896205165, 
0.5105779855560291, 
0.5060791091327375, 
0.4987380631329722, 
0.49794949916168996, 
0.4921757002896186, 
0.4860404972306148, 
0.4821135633413653, 
0.4767773810535331, 
0.4722973311873517, 
0.471735924998972, 
0.4660812809302258, 
0.46120112053943885, 
0.45617731604101586, 
0.4547944039595041, 
0.4517182492602664, 
0.4456263374397107, 
0.44366154071890274, 
0.44026496658827263, 
0.4378505677481471, 
0.43678627692730043, 
0.43634118846295566, 
0.4321521374992721, 
0.43038745474062967, 
0.43197723501969343, 
0.4301548683287605, 
0.42662989520929384, 
0.4267495028121549, 
0.42581222377435307, 
0.42487279711882164, 
0.42295354579699085, 
0.4218797466009385, 
0.42168219397553414, 
0.41924909032547325, 
0.4187500422043489, 
0.41686691046624463, 
0.4165707220898711, 
0.41543405608582573, 
0.413724791338698, 
0.41206512665611844, 
0.41287222935197176, 
0.41010737483683474, 
0.41124841999126477, 
0.40929216306591415, 
0.40771285963420995, 
0.40751763149162257, 
0.4060509124497589, 
0.4068273977094633, 
0.4056173091545089, 
0.40313574074605335, 
0.4030573385231707, 
0.4031520245237446, 
0.40340937807983684, 
0.40215393144798817, 
0.4011910151667376, 
0.4002872364604902, 
0.40076498216967493, 
0.3986808347808803, 
0.3973835360246478, 
0.39801887171518296, 
0.39794238125505643, 
0.39661383304514725, 
0.39546363407023477, 
0.3945721503634081, 
0.3942708866235837, 
0.39338653595773065, 
0.393706727162724, 
0.39244054732203704, 
0.39172791521978895, 
0.3924358433857993, 
0.3909207011593395, 
0.3896176555625558, 
0.3887924168941238, 
0.39093358307575315, 
2.0014815593070368, 
2.0525479963696607, 
1.719557930871116, 
1.4962009585033162, 
1.3421155505431457, 
1.219672301938769, 
1.131268543280086, 
1.044009222359066, 
0.9794199967787762, 
0.9334252621145943, 
0.8819366929430508, 
0.8418303283913031, 
0.8221810256740569, 
0.8165624762234378, 
0.8019912784187883, 
0.7949078874997533, 
0.7768057655378031, 
0.7644975426587712, 
0.7577885339368707, 
0.7436797506512427, 
0.7366599992807588, 
0.7296512392051111, 
0.7146366812839382, 
0.7086090498307095, 
0.699696951023379, 
0.69063109164307, 
0.6835261469663519, 
0.6796593527201915, 
0.6719375373457523, 
0.6683286289463941, 
0.6652741017040592, 
0.6586629729998306, 
0.7751389130536983, 
0.7572180498379831, 
0.7400271295726192, 
0.7247663422748092, 
0.7110055019010164, 
0.7008741658561947, 
0.6895349577266662, 
0.6756211210808546, 
0.6946398782890185, 
0.5551511218690195, 
2.955046210095698, 
2.905583107261435, 
2.466688869947799, 
2.131578291245403, 
1.8751338087053373, 
1.6756630834355974, 
1.5208975006535366, 
1.397748647866247, 
1.3010483780217001, 
1.20724928258795, 
1.1326148891040073, 
1.0745773888012478, 
1.0529792164378664, 
1.038831843176686, 
1.02242126185664, 
0.999541179197337, 
0.9852078859826806, 
0.9713219415839275, 
0.9559665851030191, 
0.9403990672478992, 
0.9265270180198554, 
0.9112132595118965, 
0.9039816727940391, 
0.8906123197426152, 
0.8804925540818218, 
0.8681739588196864, 
0.8548203334346086, 
0.8450104885490786, 
0.8356715387818129, 
0.824604210686128, 
0.8206557624626696, 
0.8101833856148419, 
0.8038138447111294, 
0.7925991196178586, 
0.7857523317135757, 
0.7752880421722159, 
0.7661089983772562, 
0.7646462386509129, 
0.7522311638910032, 
0.7480749460651408, 
0.7421837669941385, 
0.7347433998649819, 
0.7262418437505183, 
0.7186073579497233, 
0.7129915024973129, 
0.7081055079596311, 
0.7069414378692851, 
0.7012932873034174, 
0.6946689077679464, 
0.6878420217265646, 
0.6803319303937112, 
0.6771889078775309, 
0.6754239966344414, 
0.668866611817714, 
0.6645867350678116, 
0.6581206293295543, 
0.6559675014790234, 
0.6510522275881555, 
0.6483197025648326, 
0.6406035655374165, 
0.6370214583767535, 
0.6342443442451291, 
0.6322858821353854, 
0.6268667841892974, 
0.6222587443592061, 
0.6216472281908779, 
0.6180404798495359, 
0.6124052379954713, 
0.61223280957173, 
0.6067123561388023, 
0.604964048342412, 
0.6027858481958112, 
0.5975492908960647, 
0.5943091962657567, 
0.5908046528980619, 
0.5921730781405093, 
0.5871520678434335, 
0.585839625841906, 
0.5812079148776051, 
0.5774913273651352, 
0.5787588134765463, 
0.5753521138877222, 
0.5733970126630139, 
0.5680098778572026, 
0.5680751935821797, 
0.631462456400753, 
0.6278531339068094, 
0.628830634168031, 
0.6288640232495315, 
0.6278321988453641, 
0.6244672347657904, 
0.6239732732458065, 
0.6225299626711069, 
0.6229836092160577, 
0.6201147570447836, 
0.6210239806372853, 
0.6163256807423911, 
0.6134745277030077, 
0.6160090793279533, 
0.6137089665210214, 
0.6121829325067092, 
0.6073056951669121, 
0.6104651796799543, 
0.6070238184537123, 
0.6027356765785445, 
0.6036852368888153, 
0.6002895550418812, 
0.6041412296393754, 
0.5991575612224929, 
0.5985253005096121, 
0.5968135968253548, 
0.5993574152894553, 
0.5969021328344396, 
0.5984894781507041, 
0.5962421923027355, 
0.5979646424763727, 
0.5976328461933832, 
0.597229682198349, 
0.5937160788959666, 
0.5931286229014404, 
0.5946805950324545, 
0.594088942795589, 
0.5946425761778202, 
0.5934618655050394, 
0.5928292244717526, 
0.590853764807982, 
0.5912434934740417, 
0.5918216984909135, 
0.5902048177475983, 
0.5893693889526801, 
0.5889383539716477, 
0.5896472088683921, 
0.5885476362340447, 
0.5879788320509669, 
0.5880583411845282, 
0.587041283728219, 
0.5894487909694497, 
0.5871549165826019, 
0.5851042824850566, 
0.5871520526446415, 
0.586257794714961, 
0.5857469838603528, 
0.5843553669887115, 
0.5850402372143797, 
0.5819411148002473, 
0.582586940891088, 
0.5814300999608101, 
0.583798028174621, 
0.5797497081792254, 
0.5816688453152778, 
0.5813252536969905, 
0.5794519100831461, 
0.5795673983426127, 
0.5778927018824609, 
0.578533359136219, 
0.5788946603620695, 
0.5763212276902501, 
0.5766127048678567, 
0.5766826070306088, 
0.5757350983869088, 
0.5762722363284958, 
0.5762180644604811, 
0.5750499409875567, 
0.5745210862020946, 
0.5747860135051289, 
0.5736061890044603, 
2.634619258911305, 
2.5859004646998627, 
2.9047798704618377, 
2.5354557993755202, 
2.242335161105659, 
2.0179258813683276, 
1.839220564065246, 
1.6921625332349595, 
1.5717218742385142, 
1.4698008585515308, 
1.3842408074474024, 
1.3160573393854604, 
1.2939894256993725, 
1.2709115255972496, 
1.2479645137719986, 
1.2293548122911704, 
1.211027228590126, 
1.1890523747088084, 
1.1728267924554263, 
1.155549966413052, 
1.1383989774253203, 
1.1279254711110271, 
1.1105135233498857, 
1.0989796660585112, 
1.0855817675989694, 
1.0711001844684902, 
1.058091281561071, 
1.0485768402731745, 
1.0367806888677222, 
1.0250880297496971, 
1.0164363728504127, 
1.0039125534302402, 
0.994527436207455, 
0.9878983747209036, 
0.9788746175962866, 
0.9686313574237182, 
0.9595559274694528, 
0.9527906775024819, 
0.9439588066077539, 
0.9361496629061696, 
0.9301778954140602, 
0.9225807262177455, 
0.915975514359854, 
0.9094296861746656, 
0.9049343028415544, 
0.8982631226110966, 
0.8928426681475876, 
0.8844883196915208, 
0.8801341630634951, 
0.8764516956596404, 
0.8704894778977247, 
0.8647089649747413, 
0.8608017579126928, 
0.8560042037886133, 
0.8507152256917797, 
0.8476414096647416, 
0.8435777930853332, 
0.8395327749817637, 
0.8368682676553435, 
0.8321188922440553, 
0.8290980537094027, 
0.8251767691264066, 
0.8216865842139145, 
0.8180729707825476, 
0.815551140710434, 
0.8130733251085045, 
0.6902556465657292, 
0.6887488565059485, 
0.68581417817161, 
0.6852639241003196, 
0.6833340111955052, 
0.6812296640888575, 
0.6786038939734647, 
0.6769913829957426, 
0.6758738737593802, 
0.6763737382349838, 
0.6757765998174404, 
0.6769974871787361, 
0.6751184172778137, 
0.6753306224918147, 
0.6752070540964119, 
0.6753552566011758, 
0.6761296995725544, 
0.6762297376499775, 
0.6779870228044003, 
0.675423194454074, 
0.676163598325823, 
0.6805503505378928, 
0.683792002679096, 
0.6863324603144092, 
0.6858853133373743, 
0.689442984275941, 
0.6946823162407398, 
0.6944444547660431, 
0.6971789005285155, 
0.7034789769946755, 
0.7072394063684824, 
0.71144875315125, 
0.717148809465664, 
0.7198108297536712, 
0.721784026423579, 
0.7305065793299264, 
0.7351907846199481, 
0.743828946655111, 
0.7490685065475917, 
0.7603534563819793, 
0.7713010853636483, 
0.7826676998447523, 
0.7856018611299154, 
1.8904484120648977, 
1.8259827100192243, 
2.5095435674620896, 
2.308894804379929, 
3.9618129210670228, 
7.174515171551583, 
8.85084147251531, 
9.621697775837017, 
10.10865762297184, 
10.445285857376359, 
10.724523466523689, 
2.1611046069593507, 
2.8042948179259586, 
4.0001184334260085, 
5.7713030155640705, 
1.6849160082805692, 
1.1781136008025936, 
0.11114816686080056, 
0.10253269163275117, 
0.11028887693209714, 
0.11517963844438335, 
0.10908032883492506, 
0.09600953383694917, 
0.09312015716860157, 
0.10573392935657935, 
0.10029244407557066, 
0.11594897501477067, 
0.10776073188845692, 
0.07156211169553676, 
0.09792634787026476, 
0.08941471623372363, 
0.11271241348138802, 
0.1009377096965696, 
0.09699636589974965, 
0.09568361785769836, 
0.08379426438391713, 
0.09181365738756601, 
0.08787841342599938, 
0.10251420604969352, 
0.10635217531341115, 
0.08622627482889192, 
0.10629185849630263, 
0.08676501770705886, 
0.09222574824145172, 
0.09634324335773761, 
0.09715450186040703, 
0.08397153617940174, 
0.36374464361518904, 
0.22471621855432672, 
0.22285420362653346, 
0.223134286426912, 
0.22010381073363341, 
0.21719802454327491, 
0.21615943996616452, 
0.2142838412321119, 
0.21171065429027003, 
0.20558426099980096, 
0.2076173395051324, 
0.20147185842392154, 
0.1990678096412747, 
0.19545770500476428, 
0.19679479899944674, 
0.1939129796212832, 
0.1893811147159127, 
0.18438445733842457, 
0.18610225315703452, 
0.18878875386624863, 
0.18846216155135237, 
0.1917384535212495, 
0.19331308300373742, 
0.1978583745081366, 
0.19861808304286938, 
0.2030431054722527, 
0.20572791649387945, 
0.2051293937865541, 
0.2076456008848659, 
0.2117501957456671, 
0.21312487563710042, 
0.31773106258649514, 
0.2592796634749021, 
0.2183912565425544, 
0.2427912687024218, 
0.23858093881221265, 
0.24960300376120587, 
0.2252690762805898, 
0.2333204952689279, 
0.25119272625126216, 
0.2670159169530805, 
0.2402489442223917, 
0.2482793515222447, 
0.2717759761884636, 
0.24114720688622243, 
0.25980468614738117, 
0.27785254886995575, 
0.29113134789624057, 
0.2441201769725616, 
0.24839210865956501, 
0.2808299750623974, 
0.2599489207438374, 
0.24844375709479394, 
0.2517102596662326, 
0.2501861502632444, 
0.24969794919823513, 
0.26779739723639506, 
0.2836856916005317, 
0.26125216811284846, 
0.2563924992429598, 
0.266936114191779, 
0.28507790171850544, 
0.2783784975301401, 
0.2836499523918157, 
0.3048260915501544, 
0.27239914101074447, 
0.27169086731465697, 
0.2787745058237441, 
0.31432472633200276, 
0.282786498496521, 
0.2964842501809052, 
0.3017627851271527, 
0.32005123164757876, 
0.30087505216814775, 
0.2917896384554318, 
0.30363242556970105, 
0.35659051365493966, 
0.29607011917679954, 
0.3447047642698493, 
0.30013183147548333, 
0.31703020470648513, 
0.31851789760233445, 
0.25857867922703337, 
0.30166248527403, 
0.2752901790139063, 
0.2962758268230218, 
0.3161587579632979, 
0.2971885928430254, 
0.3116277812594859, 
0.31594859968421785, 
0.28034210586788505, 
0.32235978091929807, 
0.3512402184843893, 
0.3066233437972102, 
0.32979107619095344, 
0.2894994902649543, 
0.32870044980898283, 
0.3116735333856099, 
0.33071496708494974, 
0.32617602312845123, 
0.321039818887931, 
0.32388107914111935, 
0.3424627802156383, 
0.32678439309264073, 
35.29925733473392, 
0.03858920215156445, 
0.0390438715518826, 
0.03866954274437262, 
0.0386034690943724, 
0.03872105323416904, 
0.038571239173787575, 
0.0385702805063751, 
0.0387578499097458, 
0.03834783031114455, 
0.38429917170097455, 
0.38425968678266076, 
0.3786917977215268, 
0.3754160045600628, 
0.3766118045416988, 
0.3720662509490353, 
0.3692425779848236, 
0.36786597086426126, 
0.36340159552711954, 
0.36297650619852107, 
0.36118698451660974, 
0.3563696136567927, 
0.35585136680649326, 
0.3521059391731171, 
0.34817618628604236, 
0.3447962646809799, 
0.3447471668470598, 
0.33947971684518163, 
0.33791448411454894, 
0.3364477814961532, 
0.3306493620334976, 
0.3299293694838184, 
0.32585204591139244, 
0.3207409746805297, 
0.3218336094482169, 
0.3190082398946544, 
0.3143610718186437, 
0.3127790883552052, 
0.30720583235161597, 
0.30529725019666215, 
0.2988057677208758, 
0.2983589718491146, 
0.29360985503116693, 
0.29032589079270965, 
0.28947032008687473, 
0.2844699211654813, 
0.2806449059866054, 
0.2750887251079092, 
0.2739819130623033, 
0.27101364378213477, 
0.26625760856369424, 
0.263665173600765, 
0.25917344376038615, 
0.2550364798249262, 
0.25286089875798723, 
0.2477237693942868, 
0.24394545118456676, 
0.24411782174626354, 
0.23806750548165212, 
0.23594401503360132, 
0.23114908746016738, 
0.22818836628539713, 
0.2229507237050541, 
0.22000099914038743, 
0.2133420645327874, 
0.21160457426282733, 
0.20853418753967504, 
0.2036530468857336, 
0.2004678895396495, 
0.1951819484892809, 
0.1903264494879977, 
0.18889339214262008, 
0.18417439964190407, 
0.1796232907622482, 
0.17612652396155964, 
0.17161943356518633, 
0.1669600478253585, 
0.1632072733004918, 
0.15981792118211047, 
0.1540828496194706, 
0.15187450839508188, 
0.14779574603305717, 
0.1430001359921164, 
0.3183967587049551, 
0.2581482037249714, 
0.1368974743873764, 
0.13394319072769462, 
0.13251725295143615, 
0.13213636878784313, 
0.12813021867509633, 
0.12755769037058826, 
0.12422300140436845, 
0.12215469647841246, 
0.12228412231966104, 
0.11918389545780314, 
0.1167893450391773, 
0.1146194078754604, 
0.11224274896163138, 
0.11169115303758304, 
0.10769977741342132, 
0.10676390730942557, 
0.10353279785106792, 
0.10265915129368182, 
