0
0
12
12
12
12
12
12
12
12
12
12
12
12
12
13
13
13
13
14
14
14
14
15
15
16
16
17
18
18
19
20
0
12
14
16
19
22
26
30
34
36
38
0
12
15
18
23
29
33
37
40
39
39
0
12
11
10
9
9
8
8
7
7
6
6
6
6
6
6
6
6
6
6
6
5
5
5
5
5
5
5
5
5
5
5
5
5
5
5
5
5
5
5
5
5
5
5
5
4
4
4
4
4
4
4
4
4
4
4
4
4
4
4
4
4
4
5
5
5
5
5
5
5
5
5
5
6
6
6
6
7
7
7
8
8
9
10
11
12
14
17
21
25
9
14
26
14
27
39
44
47
49
50
51
9
16
34
14
32
43
47
50
51
53
54
9
17
38
46
15
37
46
50
52
54
55
8
17
41
48
51
15
40
49
52
54
56
8
18
44
50
53
55
57
58
59
60
60
61
61
61
13
11
9
8
7
7
6
6
5
5
4
4
4
4
4
4
3
3
3
3
3
3
3
3
3
3
3
3
3
2
2
2
2
2
2
2
2
2
2
2
2
2
2
2
2
2
2
2
2
2
2
2
2
2
2
2
2
2
2
2
2
2
2
2
1
1
1
1
1
1
1
1
1
1
1
1
1
1
1
1
1
1
1
1
1
1
1
1
1
1
1
1
1
1
1
1
1
1
1
1
1
1
1
1
1
1
1
1
1
1
1
1
9
9
9
8
8
8
8
8
8
7
9
10
10
10
10
10
10
10
10
10
10
10
10
10
10
10
10
10
10
10
10
10
10
10
10
10
10
10
10
10
10
10
10
10
10
10
10
10
10
10
10
10
10
10
10
10
11
10
10
10
11
11
11
11
11
11
11
11
11
11
11
11
11
11
11
11
11
11
11
11
11
11
11
11
11
11
11
11
11
11
11
11
12
12
12
12
12
14
12
12
12
12
12
12
12
12
12
12
12
12
12
12
12
12
12
12
12
12
12
12
12
12
12
12
12
12
12
12
14
14
14
13
13
13
12
12
12
12
12
11
11
11
11
11
11
11
11
11
8
8
8
8
8
8
8
8
8
8
8
8
8
8
8
8
8
8
8
8
8
8
8
8
8
8
8
9
9
9
9
9
9
9
9
11
11
12
12
13
15
15
15
15
16
17
15
16
18
21
24
14
16
16
15
16
17
19
14
16
19
22
16
20
24
16
18
23
28
14
17
20
25
16
22
28
17
22
27
33
14
19
27
32
17
24
28
17
23
28
34
13
20
28
34
17
26
33
14
23
31
37
13
22
32
37
18
31
40
18
30
40
42
14
24
39
44
19
25
40
16
35
44
46
12
28
44
46
19
37
42
20
29
45
47
13
25
33
45
21
42
46
18
38
46
47
11
27
42
46
46
47
47
47
47
47
47
13
13
12
10
11
11
11
11
11
12
11
12
13
13
10
9
8
8
8
4
4
5
8
8
8
8
9
9
8
9
9
9
9
10
9
9
10
9
9
9
9
9
8
9
10
9
8
9
9
9
10
9
9
9
9
8
9
8
9
8
8
10
9
9
8
9
10
9
8
9
10
9
8
9
9
8
8
8
9
9
8
9
9
9
9
9
9
9
9
9
8
8
8
9
9
9
9
8
10
8
9
8
9
8
9
8
9
8
8
9
9
9
9
9
9
9
9
10
8
8
8
9
8
8
10
11
12
11
10
13
11
13
12
11
12
12
13
0
11
11
12
10
11
12
12
10
11
11
11
10
11
11
11
12
12
11
11
13
11
12
12
11
12
12
11
10
11
10
11
12
11
12
12
11
11
12
11
12
12
11
11
12
11
11
12
11
12
11
11
12
11
12
11
11
11
10
10
13
12
11
12
11
11
11
12
12
10
11
10
12
11
10
12
11
11
10
12
11
11
11
12
12
11
11
10
12
11
12
9
11
12
10
12
12
11
11
12
10
11
12
10
11
11
11
11
11
13
11
10
12
11
12
12
10
12
12
10
11
12
12
11
11
12
13
11
11
11
11
11
11
12
11
11
11
12
11
11
12
10
11
10
11
12
11
12
11
11
11
11
12
11
11
11
10
12
11
10
12
12
11
11
10
11
11
12
11
11
11
12
12
10
11
10
11
11
11
12
11
11
11
10
11
12
10
11
12
11
12
12
11
11
12
12
12
11
11
12
10
12
11
12
13
12
12
10
12
12
10
12
12
12
11
10
11
13
11
12
12
14
11
13
13
11
11
12
13
12
12
12
12
13
10
11
13
13
10
11
11
9
10
11
11
236
11
12
13
14
12
13
14
15
12
8
26
9
28
48
53
13
43
51
9
9
46
3
4
3
6
28
28
29
12
11
10
9
8
8
7
7
6
6
6
6
5
5
5
5
5
5
5
4
4
4
4
4
4
4
4
4
4
4
3
3
3
3
3
3
3
3
3
3
3
3
3
3
3
3
3
3
3
3
2
2
2
2
2
2
2
2
2
2
2
2
2
2
2
2
2
2
2
2
2
2
2
2
2
2
2
2
2
2
2
2
2
2
2
2
2
2
2
2
2
2
2
2
2
2
2
2
2
2
2
2
2
2
2
2
2
2
2
2
2
2
2
2
2
2
2
2
2
2
1
1
1
1
1
1
1
1
1
1
1
1
1
1
1
1
1
10
10
8
7
6
6
5
5
4
4
4
4
4
4
4
3
3
3
3
3
3
3
3
3
3
3
3
3
3
3
3
3
3
3
3
3
3
3
3
3
3
2
14
14
12
10
9
8
7
6
6
6
5
5
5
5
5
4
4
4
4
4
4
4
4
4
4
4
4
4
4
4
4
4
4
3
3
3
3
3
3
3
3
3
3
3
3
3
3
3
3
3
3
3
3
3
3
3
3
3
3
3
3
3
3
3
3
3
3
3
3
3
3
3
2
2
2
2
2
2
2
2
2
2
2
2
2
3
3
3
3
3
3
3
3
3
3
3
3
3
3
3
3
3
3
3
3
3
3
3
2
2
2
2
2
2
2
2
2
2
2
2
2
2
2
2
2
2
2
2
2
2
2
2
2
2
2
2
2
2
2
2
2
2
2
2
2
2
2
2
2
2
2
2
2
2
2
2
2
2
2
2
2
2
2
2
2
2
13
12
14
12
11
10
9
8
7
7
6
6
6
6
6
6
6
5
5
5
5
5
5
5
5
5
5
5
5
5
5
5
4
4
4
4
4
4
4
4
4
4
4
4
4
4
4
4
4
4
4
4
4
4
4
4
4
4
4
4
4
4
4
4
4
4
3
3
3
3
3
3
3
3
3
3
3
3
3
3
3
3
3
3
3
3
3
3
3
3
3
3
3
3
3
3
3
3
3
3
3
3
3
3
3
3
3
3
3
9
9
12
11
19
35
44
48
50
52
53
10
14
20
28
8
5
0
0
0
0
0
0
0
0
0
0
0
0
0
0
0
0
0
0
0
0
0
0
0
0
0
0
0
0
0
0
1
1
1
1
1
1
1
1
1
1
1
1
0
0
0
0
0
0
0
0
0
0
0
0
0
1
1
1
1
1
1
1
1
1
1
1
1
1
1
1
1
1
1
1
1
1
1
1
1
1
1
1
1
1
1
1
1
1
1
1
1
1
1
1
1
1
1
1
1
1
1
1
1
1
1
1
1
1
1
1
1
1
1
1
1
1
1
1
1
1
1
1
1
1
1
1
1
1
1
1
1
1
1
1
176
0
0
0
0
0
0
0
0
0
1
1
1
1
1
1
1
1
1
1
1
1
1
1
1
1
1
1
1
1
1
1
1
1
1
1
1
1
1
1
1
1
1
1
1
1
1
1
1
1
1
1
1
1
1
1
1
1
1
1
1
1
1
1
1
1
1
1
1
0
0
0
0
0
0
0
0
0
0
0
0
0
0
1
1
0
0
0
0
0
0
0
0
0
0
0
0
0
0
0
0
0
0
