0.003001731851823555
0.006900812601236543
0.009231700631687932
0.011203890931220633
0.01398775168918117
0.016359935414640276
0.017964788705498055
0.020177712518736304
0.02375915501306615
0.029383157056731078
0.03441584701956257
0.03692118068801607
0.03779156347091279
0.03809751371282811
0.03866659710645465
0.039215145500756915
0.03971478721047825
0.04103462388387619
0.04366556060430219
0.048076257640323264
0.05177742384076274
0.053355043625350713
0.05388565404149777
0.0537907476912087
0.053512147743513296
0.05349954837258885
0.05369524111898391
0.05459112451891004
0.056566807935147574
0.060067628061606405
0.06289739839046792
0.06393246231976119
0.06414983351040723
0.06407135706083196
0.06358091263773996
0.06338848114030547
0.06341595634574651
0.06398761665863806
0.0653789466383225
0.06794084308070168
0.0697780018937881
0.07015432496696962
0.0700443723094304
0.07008328541433262
0.06948003298421068
0.06923169525669215
0.06914365416413996
0.06942198081295682
0.0703305501887659
0.07224641666468085
0.07356809919145672
0.07363860285663516
0.07337578840705486
0.07336090074961757
0.07277078652930703
0.07238490914306868
0.07206722741756687
0.07209399888784868
0.0725360203716323
0.07365481515774702
0.07423668752810689
0.07387219295170597
0.07345146753148865
0.07342693184199683
0.07278765594553288
0.07231884604916052
0.07188940624235915
0.0716528291519524
0.07179177145808321
0.07255460756419924
0.07299728669833239
0.07259282456637614
0.0721296589883041
0.0720285469944533
0.07144873991310607
0.07091010524307183
0.07035092746045497
0.06991352094322263
0.06970532659225132
0.06991001812599991
0.0699639197897736
0.06943180482370855
0.0689958117465579
0.06885402177708075
0.06823278196901648
0.0676608757694706
0.06708520869668083
0.06655240951670251
0.06612369170703962
0.06598893929661916
0.06575554744067423
0.06530788743871173
0.06488650330535131
0.06480834568305202
0.06424706376800117
0.06366645098242116
0.06305334392248035
0.06247055617296352
0.061924324503332455
0.06151419841308133
0.06111311974515858
0.060666790853119566
0.06094201557023175
0.061036124776491535
0.060147966298447056
0.05986533126948473
0.05991187148681701
0.0595271657183541
0.0581328916495043
0.05530201699586154
0.05312452754044497
0.05236834079372005
0.05250918180705165
0.05284364821765013
0.0527195283008213
0.05273501111466197
0.052732413580029336
0.05220864215601599
0.05072128338361826
0.047911157504628765
0.04611580597414697
0.04556336946623874
0.04526168318075834
0.045325877046953504
0.04545964299422131
0.04543188709350896
0.04527514488738132
0.044618005055000014
0.04304850443015931
0.04021559806299889
0.03835423799176232
0.03782981693823577
0.037657432390351214
0.037624066319075215
0.03775951509739169
0.03765661965221714
0.037369728290982944
0.03663604651601232
0.03510705179123172
0.032467919062770065
0.03093674840924086
0.03040116228415719
0.030230574699413308
0.030006488883953804
0.030120399621274975
0.02993998597630235
0.029605553932851608
0.028895329478040865
0.02745240079671142
0.024944400501263404
0.023438632261042078
0.022926573659047426
0.022767997853410216
0.02260409282989611
0.022667964162768145
0.02255157280059018
0.02229859382154229
0.021667685579395468
0.020455263101427517
0.018423954940972428
0.017405012515001705
0.017100281930335665
0.017001671690495376
0.01684373234141573
0.016895515815306315
0.01678894453014381
0.01658256839082881
0.016114869652147427
0.01509928160640049
0.013283826554961947
0.01230812317861246
0.012026690603343184
0.011947756836260023
0.011852606302541868
0.011875305346290293
0.011823208750467981
0.011693726948130503
0.011376770213653097
0.010671837920819261
0.009405308977720841
0.008866605908507413
0.008778128994808678
0.008740073136110372
0.00867264060328276
0.00869358931319609
0.008641155103201532
0.008545725748076934
0.008343563771569897
0.007833222812756387
0.006796190991729612
0.006381214118938616
0.006285192930525666
0.0062611086932679
0.006189036974249218
0.00619863036635098
0.006174772550241234
0.006121442975572553
0.006005399641032241
0.0056917269654306905
0.005050953410241579
0.004874626111385074
0.0048450395269948685
0.0047991785903965765
0.0047841197901459746
0.004791895316586027
0.004766534803862482
0.004729884914962107
0.0046691828008996825
0.0044488073290859555
0.003905517051977081
0.003764991774027389
0.0037275696415789783
0.0036968857243549315
0.003673974412074205
0.0036789457876811697
0.003667807964881724
0.00365049315881092
0.00362693925861924
0.003504043342469878
0.0031874171925630325
0.0031252919443600998
0.0030846560433390787
0.00307696884973845
0.0030765424522913067
0.0030787550864282993
0.003066328990171941
0.003054521018924444
0.0030514539934417646
0.002969037028905525
0.0026929655074804347
0.002641995132782719
0.002591970261571539
0.002580904227560297
0.002575967282958518
0.002578442268223343
0.0025734135260684636
0.002570038298017956
0.002579480351512883
0.002536944644337089
0.0023746764521738388
0.002328823398061081
0.0023233655272466842
0.00232645328811773
0.0023283991691851686
0.0023283448769880217
0.0023221677943900255
0.0023191572886729324
0.0023335223073083725
0.002308751988912128
0.0021674149176337965
0.002124938387369958
0.0021147510218406944
0.0021171140458536453
0.00211717871505687
0.002118208588186727
0.002116247526515921
0.002116978068619118
0.002134352421540087
0.002122997295044053
0.002033635154264449
0.0019909009944203073
0.0019927609418167683
0.0019960100243874668
0.0019976527423898405
0.001996679013378925
0.0019936401930614025
0.0019931809786760514
0.002009720981290204
0.0020065245425165217
0.001931166784642633
0.0018952716100613493
0.0018950134699055412
0.0018986074568750255
0.00189961603620497
0.0018997743879742852
0.0018994426751935368
0.0019007890625524987
0.0019177554995515765
0.0019179988019198358
0.001864477756377079
0.0018424729303801863
0.0018446690261370354
0.0018462789702882094
0.001847373892878257
0.0018460224997616066
0.001844652530875797
0.0018447430486039683
0.0018591697242528826
0.0018631783577073594
0.0018201654122280194
0.001803463262372632
0.001804267725552948
0.001806340510463622
0.0018072904011469013
0.0018069260445832422
0.0018075096695747965
0.0018085763288208992
0.0018231666777013037
0.0018275113756132289
0.001792432183365281
0.001779592988871757
0.0017808300980081168
0.001781034666904596
0.0017817786933441682
0.0017802837258164975
0.0017798535321408909
0.0017800156924393045
0.0017919099909746833
0.0017979547014957244
0.0017710453657754006
0.001762262113036577
0.0017621740435438456
0.0017626621354063002
0.0017634167730069814
0.0017627391735305109
0.0017638589015841358
0.0017646022577909497
0.001776911229492106
0.0017826303146222758
0.0017575622578348685
0.0017491380251297636
0.001749471070894745
0.0017487758012176059
0.001749370138016596
0.0017478484030642241
0.0017479749763694265
0.001748178292035594
0.001758131098416973
0.0017645765927151824
0.0017458521420393722
0.0017404825126152929
0.0017394692911989155
0.0017388777198098988
0.0017395173763979001
0.0017386607502866802
0.0017400927658969354
0.0017406608116893863
0.0017512400334603758
0.001757399418056336
0.0017380531469275537
0.0017319280345473268
0.0017316353508971332
0.001730448980714539
0.0017310306160176383
0.0017295443866229268
0.001730011080514495
0.0017303149958826437
0.0017389812316812876
0.0017454309214141683
0.0017309434450114185
0.0017271055737361725
0.0017255019589762094
0.0017243032890612883
0.0017249277436780259
0.0017239789013359483
0.0017255801701913597
0.001726116977515208
0.0017354899563311794
0.0017418129257024922
0.0017259108854787144
0.0017210735051557979
0.0017203968041207386
0.001718991594436384
0.0017196397760292053
0.0017182219000861547
0.0017188977348588325
0.0017193568924502767
0.0017272302249118376
0.0017336784539537472
0.0017214257599849417
0.0017182949194885398
0.0017163990107139382
0.0017149220895082875
0.0017156042623063148
0.001714619409120411
0.0017162944261092674
0.001716901697775442
0.0017254600032081547
0.0017318975724047757
0.0017181849766919155
0.0017141207539307268
0.0017132293722743144
0.001711772378066278
0.0017125271093440008
0.0017111937073785266
0.0017119947756676767
0.0017126435624510309
0.0017200507991113605
0.0017265883008483693
0.0017155487057692984
0.0017127487259103935
0.001710759865933592
0.0017092095352342607
0.0017099934623104759
0.0017090092282973659
0.0017106930863477932
0.0017114347320197998
0.001719446699778312
0.0017260181415693424
0.001713781011311559
0.0017102129592275466
0.0017092179445591111
0.0017078067001849847
0.0017086841280727588
0.001707441777342312
0.001708311611062759
0.0017091678632873944
0.0017163119014780527
0.0017219059591153333
0.001711563926400752
0.001708921270623594
0.0017069597039231072
0.0017054571941432014
0.0017063664909682174
0.0017054077007068258
0.0017070564122894372
0.0017079693724265106
0.0017156112164757994
0.0017223167670504496
0.0017111377904367481
0.001707910769469535
0.0017068837757055508
0.0017055735764281007
0.0017065773124347635
0.0017054280326147732
0.0017063273384106997
0.0017073976554953935
0.0017143984263601347
0.001718940089660361
0.0017090438338878656
0.0017064793406027753
0.001704614287282337
0.0017032283580982774
0.0017042726455593663
0.0017033560850497876
0.001704940175056938
0.0017060444473398452
0.0017134300439557357
0.0017191134678646058
0.001708742607027941
0.0017057668917013463
0.0017047546574497962
0.0017035760610019093
0.0017047035179248986
0.001703647227280204
0.0017045479942048509
0.0017058318882631602
0.0017127565504904034
0.001716354559676537
0.0017067909529004674
0.001704272709352977
0.0017025430766987272
0.0017013116426471198
0.0017024924513108785
0.0017016300357747948
0.0017031304810250594
0.0017044347873506407
0.0017116364603895484
0.0017163797345012167
0.0017066626500362309
0.0017038832142775436
0.0017029170676011332
0.001701885377566648
0.0017031298893976253
0.0017021646919971683
0.0017030464247182397
0.001704539456501739
0.0017114236185738403
0.0017141600250411527
0.0017048869123825444
0.0017024051454107194
0.001700832394620524
0.001699774318657764
0.0017010873019075543
0.0017002868725095224
0.0017016920064794564
0.0017031982665641262
0.0017102622139882817
0.001714131877253686
0.0017049707400894332
0.0017023526435721657
0.0017014542047481041
0.0017005756902769781
0.0017019284922700276
0.001701051470073301
0.0017018991556093834
0.0017035942777411392
0.0017104547507464005
0.001712391411613288
0.001703401947701445
0.0017009575264554633
0.001699553148659352
0.0016986758293260846
0.001700112916530569
0.0016993792631332899
0.0017006827422157672
0.0017023882051171802
0.001709343935841703
0.0017123942875015708
0.0017037253355709759
0.0017012457192863712
0.0017004302951166817
0.001699705841610033
0.0017011571592857261
0.0017003648078492586
0.0017011676342436066
0.001703055888113168
0.0017098985270583194
0.0017121686980168067
0.0017034715559041528
0.0017010685947907733
0.0016998382605674391
0.0016991412126567266
0.0017006911256681673
0.001700026074944203
0.0017012252607111755
0.0017031242232444757
0.0017099915300914476
0.001712297130078162
0.001704076919857708
0.0017017190031632713
0.0017009975854240169
0.0017004239820097467
0.001701962728461945
0.0017012505651861362
0.0017020008600863962
0.001704072099407739
0.0017108975400326359
0.0017137136332107178
0.0017053234752292922
0.0017029676465600077
0.0017019135330497805
0.0017013918384776651
0.0017030418599895416
0.0017024453502277573
0.0017035404133167328
0.0017056245190142968
0.0017124165353087078
0.0017151568121215551
0.0017073544314288218
0.0017051047707706852
0.0017044851770131309
0.0017040562267473863
0.0017056702956433961
0.0017050329894758277
0.001705725595396375
0.0017079686947443693
0.0017147754619624331
0.0017181077475333082
0.001710039506710001
0.0017077353680907351
0.0017068573754212566
0.0017065026142767533
0.0017082385996900844
0.001707708644808119
0.0017087016705885194
0.0017109607566457624
0.0017176871573305903
0.0017208318592995206
0.0017134249519603767
0.0017112737638859913
0.0017107613459758741
0.0017104697164108324
0.0017121474027376492
0.0017115797071607505
0.0017122117661588288
0.0017146143416333724
0.0017213992727878504
0.0017252172044916947
0.001717484184076061
0.0017152361776760468
0.0017145326570837886
0.0017143349614891776
0.0017161428244356596
0.0017156765197344622
0.0017165711244291994
0.001718993155526735
0.001725660568094636
0.0017291802356552439
0.001722151911572649
0.0017200919804760697
0.0017196901005489638
0.0017195277821326952
0.0017212578816351704
0.0017207546512470967
0.001721325185366886
0.0017238738293545186
0.0017306330221457348
0.0017349050804502338
0.001727517748303565
0.001725329883686208
0.0017247980240501616
0.0017247467344191296
0.0017266127677798794
0.001726206536900621
0.0017270074226899855
0.001729578914624527
0.0017361918581778701
0.0017400573900582714
0.0017333942258179798
0.0017314201843922857
0.0017311305447979197
0.0017310891446555505
0.0017328610196229483
0.0017324172215481765
0.0017329267687583223
0.0017356072946003271
0.0017423366335905946
0.0017470304495841313
0.0017399960256936431
0.0017378717740508304
0.0017375078331616637
0.0017375919321625324
0.001739503034480285
0.0017391528344876562
0.001739865441523518
0.0017425718436777065
0.0017491333351226247
0.0017533158322355622
0.0017470065487027496
0.0017451143842825837
0.0017449372774523291
0.0017450082204272064
0.0017468118475137493
0.0017464225742702918
0.0017468728667517659
0.0017496705589493031
0.00175636599171193
0.001761448607240225
0.0017547710708783418
0.0017527133610452112
0.001752512819091161
0.0017527212278239084
0.001754665059813222
0.0017543665521216516
0.0017549967833632874
0.0017578228289106604
0.0017643347820070635
0.0017688055534791256
0.0017628401277048147
0.00176102683027576
0.0017609613438856664
0.001761136019590944
0.0017629620258121492
0.0017626225115106192
0.0017630161908784988
0.0017659160521894255
0.0017725737195122121
0.0017780119017612112
0.0017716922104371838
0.001769703468704618
0.001769661144486487
0.0017699829297599112
0.00177194801740561
0.0017716967094696379
0.0017722507119792893
0.0017751807371651513
0.0017816442320152104
0.0017863748926933392
0.0017807439583891042
0.0017790072608441592
0.0017790514564996953
0.0017793213327722142
0.0017811610215086463
0.0017808666608573047
0.0017812070283586795
0.0017841940147832378
0.0017908102983903798
0.0017965708631490795
0.001790607268036292
0.001788689471840985
0.001788799622099764
0.001789224143689129
0.0017911999397033128
0.00179099130107402
0.0017914752924019866
0.001794493523346845
0.0018009089942056947
0.001805871609419257
0.001800566055732132
0.0017989042366666037
0.0017990553109713569
0.0017994120242444725
0.0018012573914972072
0.0018010037600871749
0.0018012945609215535
0.0018043537970377243
0.0018109253231018462
0.0018169754416855833
0.0018113638362295664
0.001809518567132702
0.0018097749784992093
0.0018102919939588752
0.0018122689065177009
0.0018120984622566972
0.0018125185937442178
0.001815609398727953
0.0018219767697447394
0.0018271440191000193
0.0018221547295538432
0.0018205664602536455
0.0018208208922009586
0.0018212563202105278
0.0018231000610752128
0.0018228829352163372
0.0018231281760451472
0.0018262451452855316
0.0018327687664758182
0.0018390762432542855
0.0018338105110074726
0.0018320390007015245
0.0018324350780095178
0.0018330348161666229
0.0018350042120053645
0.0018348676161530216
0.0018352298670159498
0.0018383779728521341
0.0018434937604795388
0.001848839133423052
0.0018441570074369535
0.0018426423076936059
0.0018429960733540225
0.0018435031323251008
0.0018453392938471633
0.0018451550673236814
0.0018453590031288281
0.0018485195661117643
0.001854991222039438
0.0018615247811248686
0.0018565972493528354
0.0018549016316431264
0.0018554305840181408
0.0018561045857791061
0.0018580594166248555
0.0018579528855944324
0.0018582630987622618
0.0018614536085809067
0.0018649707732147675
0.0018704686737545909
0.0018660842883818152
0.0018646435044427476
0.00186509216008822
0.0018656642456043474
0.0018674876537413995
0.0018673329927115512
0.0018674998865866282
0.0018706905630889031
0.001876661165651383
0.001883390605196094
0.0018787921453698334
0.0018771748790229101
0.0018778297854336254
0.001878570565605386
0.0018805050113806258
0.0018804251528967684
0.001880688914740343
0.0018839075709498345
0.0018858640380539598
0.0018914899150692416
0.0018873934698822922
0.0018860271967025056
0.0018865659975906772
0.0018871970239063272
0.0018890032681703611
0.0018888751212071337
0.001889009151398024
0.0018922172232441112
0.0018965215862089871
0.0019013783517110646
0.0018970986373302817
0.0018955645939204948
0.001896338708201447
0.001897141159649825
0.001899051681364649
0.0018989961319989476
0.0018992189252274166
0.0019024519923089489
0.0019028805287905695
0.0019086110005327144
0.0019047924711893946
0.0019035035817020155
0.0019041277983475283
0.00190481372559726
0.001906600424009629
0.0019064967753930156
0.0019066022349652299
0.001909815584190517
0.0019124930467637922
0.0019141211053677273
0.0019101484752958083
0.0019087027353971004
0.0019095894154362975
0.0019104493976389808
0.0019123335250080544
0.0019123002645425222
0.0019124872337476417
0.0019157218905570684
0.0019146522787621587
0.001920465152530431
0.001916913947756299
0.001915705661533166
0.0019164105491833866
0.0019171481241856963
0.0019189137629904447
0.001918832939472744
0.0019189139518655674
0.001922121355469876
0.0019232083066300237
0.0019216954054328285
0.00191801704198294
0.0019166635170438768
0.0019176561534376708
0.0019185695645200437
0.0019204251238683387
0.001920412080968726
0.0019205678985036937
0.0019237924268375578
0.0019224382120212682
0.0019257426656633827
0.0019224476122426187
0.0019213232712093334
0.001922104146768166
0.0019228907945982759
0.0019246345992197933
0.001924575206971455
0.0019246356771292742
0.0019278268444178487
0.0019273570236990202
0.0019227886159913865
0.001919390759544919
0.0019181333976539402
0.001919225597098252
0.001920189159624689
0.0019220148639781138
0.0019220202849517848
0.001922149268595368
0.001925352923399936
0.0019240830864793862
0.0019247021995757807
0.0019216515743158704
0.001920613441907668
0.001921465615678965
0.001922298580169344
0.0019240197648228987
0.0019239802851893383
0.001924023736076058
0.00192718941759458
0.0019256345164215683
0.0019180938355397334
0.001914962071288752
0.0019138031956476384
0.0019149886224936916
0.0019159987238654532
0.0019177932398142172
0.0019178152157652373
0.0019179211886277655
0.0019210943513448266
0.0019198973630897924
0.001917910480795186
0.0019150921880072877
0.0019141413422849314
0.0019150601306941542
0.0019159363691405764
0.0019176340407333287
0.0019176128128645072
0.0019176423692575148
0.001920774326006468
0.0019193138940207155
0.0019108967534665273
0.00190801659518338
0.001906955210674757
0.0019082273342150105
0.001909278779175853
0.0019110397529837348
0.0019110757638842102
0.0019111619154883156
0.0019142961960888377
0.0019131641393840694
0.0019086485007860981
0.0019060503776067638
0.001905185214373812
0.001906165725429096
0.0019070807126749124
0.001908752870367018
0.001908747590558193
0.0019087657791533822
0.0019118568748591992
0.0019104818290317418
0.0019025847624598875
0.0018999418948144314
0.0018989755677949443
0.0019003278669073697
0.0019014150815010607
0.0019031400574221432
0.0019031875202749947
0.0019032565967864626
0.0019063445972566618
0.0019052713446028452
0.001898302176564209
0.0018959122192711622
0.001895130014469131
0.0018961673294116967
0.0018971161544194927
0.0018987605997352749
0.0018987688673044497
0.0018987778215687182
0.0019018218212451426
0.001900524877849513
0.0018931183599472064
0.0018906986722754626
0.001889824723728857
0.001891250859439274
0.0018923686688740475
0.0018940556558158588
0.0018941122461010626
0.0018941666789681927
0.001897201850471565
0.0018961817946392084
0.0018893768362201319
0.0018871834534744223
0.0018864799733655832
0.001887569062985166
0.0018885460516673
0.0018901600601313193
0.0018901792376211134
0.0018901806449319175
0.0018931722085032854
0.0018919485930856447
0.00188500421120349
0.0018827943137654
0.0018820082750731204
0.0018835018332625517
0.001884644306001821
0.0018862908626207716
0.0018863540761742724
0.0018863958540911601
0.0018893725841706438
0.0018884025588495842
0.001881993360234612
0.0018799853511270565
0.001879356392932889
0.001880492355802302
0.0018814922212582119
0.0018830734686330155
0.0018831011903377513
0.0018830965085101844
0.0018860310122269502
0.0018848764607971077
0.0018783669628786206
0.0018763539913835344
0.0018756513790625109
0.001877206144616118
0.0018783677950309325
0.0018799719177328995
0.00188003953782009
0.0018800703899780633
0.0018829838126700393
0.001882061061044491
0.001876024490938661
0.0018741910526241718
0.001873632587703419
0.00187481069590869
0.0018758286328560798
0.0018773752438322037
0.0018774094413053853
0.0018773999329164542
0.0018802734199667775
0.0018791839548838619
0.0018730832878161368
0.0018712548967395567
0.001870631384947518
0.0018722413870017535
0.0018734172651360412
0.001874977423857002
0.0018750475396700388
0.0018750689716446186
0.0018779149159913455
0.0018770368656868975
0.0018713508669743668
0.0018696816090189863
0.0018691897730974353
0.0018704054894117307
0.0018714371478464559
0.001872947648975259
0.0018729865245594526
0.0018729732717981942
0.0018757824128803249
0.001874754323497752
0.0018690376558149174
0.0018673820346893663
0.0018668334500239112
0.001868492974952586
0.0018696786307095727
0.001871193713335277
0.0018712646907733139
0.0018712780039297986
0.0018740529529344741
0.0018732172001614867
0.0018678607948243086
0.00186634574879367
0.00186591683317685
0.0018671658234875215
0.0018682072811957908
0.00186968055682683
0.001869722558234644
0.0018697064783702547
0.0018724485294543132
0.0018714783532598853
0.0018661220816288367
0.0018646279631176108
0.0018641502791907608
0.0018658538793799556
0.0018670453268407722
0.0018685145880759986
0.0018685850419238336
0.001868591352481107
0.0018712923991676372
0.0018704966944337357
0.0018654499779636887
0.0018640796026366305
0.0018637100463129894
0.0018649881879472807
0.001866035922516038
0.0018674711738824912
0.0018675149700618932
0.0018674968309828372
0.001870169589552499
0.0018692540940392533
0.0018642358363000716
0.0018628924975203189
0.0018624818295893402
0.0018642243285205567
0.001865418010915029
0.0018668410255621634
0.0018669097932936763
0.0018669100507297672
0.001869534852679684
0.0018687770878711917
0.0018640212147333175
0.0018627863974007217
0.0018624727799542024
0.0018637761664978534
0.0018648270273453444
0.0018662237348427968
0.0018662681932834428
0.0018662486287041454
0.0018688503895396946
0.0018679865549610269
0.001863285132189742
0.001862082390554556
0.0018617349903918509
0.0018635114845369088
0.001864704240267952
0.0018660808607912284
0.0018661469781337348
0.0018661419827053342
0.0018686887161862497
0.0018679669128563062
0.0018634840745063918
0.001862376128848754
0.0018621151641056593
0.001863440107255887
0.0018644912880958176
0.0018658491767237551
0.0018658933422969696
0.001865872866345694
0.0018684023777015485
0.0018675873808028805
0.0018631827905726853
0.0018621109952453505
0.001861823246355914
0.0018636291043598275
0.0018648181343811207
0.0018661484525728381
0.001866211130897425
0.0018662015501194557
0.0018686688646900379
0.0018679811634200033
0.001863754560281528
0.0018627652213216695
0.001862553751659915
0.0018638967806012413
0.0018649457926603807
0.0018662648005385012
0.0018663078759116828
0.0018662868969065009
0.0018687433177513532
0.0018679745165253489
0.0018638478992677471
0.0018628979191637406
0.0018626663324037799
0.0018644971919972182
0.0018656800287578101
0.0018669643412820942
0.0018670229468300665
0.0018670093308215546
0.0018693963050980848
0.0018687409558209977
0.0018647547645058082
0.0018638761811150184
0.001863711172366075
0.0018650690311056923
0.001866113677335153
0.0018673939271654483
0.001867435254790596
0.0018674140880838171
0.0018697969469104708
0.0018690718663898276
0.0018652054665019386
0.0018643686756343303
0.001864189885245221
0.0018660416482891478
0.001867216126387073
0.0018684549039512614
0.0018685089388654934
0.0018684917345159846
0.0018707978336143102
0.001870173186806151
0.0018664125237293125
0.0018656372491335038
0.0018655157860095475
0.0018668854290590706
0.0018679237795126392
0.0018691655528300635
0.0018692045984747133
0.0018691834783025197
0.0018714926338770574
0.0018708089529551081
0.0018671860760648682
0.0018664543369052565
0.0018663250969498688
0.001868193922974094
0.0018693581516023375
0.0018705520114927216
0.0018706010965924946
0.0018705806605406167
0.001872805695562906
0.0018722101942207248
0.0018686610766222857
0.0018679820573152765
0.0018679013392966176
0.0018692799260399274
0.0018703102945373438
0.0018715140085744097
0.0018715503463399663
0.001871529436656573
0.00187376504096102
0.0018731205802136114
0.0018697255478017628
0.001869091193220279
0.0018690083743908312
0.0018708906729472845
0.0018720430101679794
0.0018731926918825262
0.001873236551099341
0.0018732131615433465
0.0018753572513594003
0.0018747894236957412
0.0018714387289467424
0.001870849292374201
0.0018708066299952817
0.0018721915180382194
0.0018732124401859291
0.0018743786271671842
0.0018744119259232383
0.0018743913302301507
0.0018765537937575566
0.0018759465042281493
0.0018727646066145271
0.0018722204208676439
0.0018721810076237585
0.0018740734297355193
0.0018752124585806682
0.0018763188022942897
0.0018763572486722197
0.001876331116053034
0.0018783946515280386
0.0018778531043193477
0.0018746885282606022
0.0018741823695940436
0.0018741751810702248
0.001875563918827326
0.0018765741314324363
0.0018777034201120073
0.0018777334312643573
0.0018777132014675185
0.0018798031609510795
0.0018792311138532889
0.0018762485623845986
0.0018757877615372827
0.0018757888495275197
0.001877688278477013
0.0018788127848447024
0.001879876712450621
0.0018799096356066389
0.0018798809122183803
0.0018818645229605455
0.001881347935493899
0.0018783579504364587
0.0018779291187134433
0.001877954926855048
0.0018793452455915644
0.0018803436674755037
0.001881436766732748
0.001881463313236507
0.0018814434575791265
0.001883461746175546
0.0018829231234626313
0.001880127002588782
0.0018797432146863712
0.0018797820084051201
0.0018816855500699053
0.0018827945023628014
0.001883817000845142
0.0018838443557810795
0.0018838131443734201
0.001885717668013043
0.0018852247865808957
0.0018823985994882839
0.0018820414833543614
0.00188209791271918
0.0018834877182332132
0.0018844734324286875
0.0018855311167423644
0.0018855540832686403
0.001885534573397146
0.0018874821932964494
0.001886975279044591
0.0018843534988393254
0.0018840407440837176
0.0018841145547164706
0.0018860195276290642
0.0018871120580656595
0.0018880941649722781
0.0018881159621296855
0.0018880823235718955
0.0018899087775356834
0.0018894384104328483
0.0018867659217076044
0.0018864752349580707
0.0018865600091985289
0.0018879473732982997
0.0018889196105954429
0.001889942707224687
0.00188996203138919
0.0018899428086149852
0.0018918209060126492
0.0018913440785638359
0.0018888853281317074
0.0018886379992645167
0.0018887442426775913
0.0018906481679569357
0.0018917235554745267
0.001892666346274441
0.0018926826427256768
0.0018926466028045832
0.0018943961585131215
0.0018939471714940008
0.0018914189347051188
0.0018911897017909515
0.0018913006411569613
0.0018926837930617465
0.0018936419168562523
0.0018946312945660407
0.001894646959129746
0.0018946279399517116
0.001896437782292106
0.0018959895071025974
0.0018936832092165973
0.0018934960522679841
0.0018936322471027767
0.0018955328383792683
0.0018965904930401303
0.0018974950701658325
0.001897505961838581
0.0018974675172627733
0.0018991414766529923
0.0018987127888103054
0.0018963199716231264
0.0018961475132554327
0.0018962825322189434
0.0018976598499889216
0.0018986033423753768
0.0018995599015545713
0.001899571927509828
0.0018995530084623816
0.0019012959638437122
0.0019008747869849673
0.0018987110542158928
0.0018985791497408571
0.0018987429155774488
0.0019006380690107269
0.0019016775178186654
0.0019025450012097492
0.0019025506160471842
0.0019025097397281463
0.0019041095139845365
0.0019037000940137104
0.0019014344405192294
0.0019013143594803538
0.001901471464452238
0.0019028414665321746
0.001903769915579362
0.0019046945796102428
0.0019047030200700368
0.0019046840819597738
0.0019063616005782459
0.0019059661428388777
0.0019039357353671925
0.001903854480260244
0.0019040435358200385
0.0019059313202890223
0.0019069521943216238
0.0019077837133019354
0.001907784205266631
0.0019077408509447374
0.0019092679413114902
0.0019088768041273972
0.0019067305987130012
0.00190665876595972
0.0019068360530741103
0.001908197390018261
0.0019091104781590212
0.001910004185908212
0.001910009120721061
0.0019099900323122571
0.0019116036298159555
0.0019112325813551967
0.001909326866597388
0.0019092919565509472
0.0019095041179129073
0.0019113827654404403
0.001912384788202582
0.001913181474538379
0.0019131770183742959
0.0019131311246539157
0.001914587105193646
0.0019142133088687924
0.0019121793417260652
0.0019121518828508115
0.0019123475357961076
0.0019136989822266122
0.0019145964756928262
0.0019154601750042471
0.001915461706022536
0.0019154423272281496
0.0019169935698479085
0.0019166456853534951
0.0019148565994860705
0.0019148640121370046
0.0019150971909467113
0.0019169650874064877
0.0019179480643123732
0.0019187110463134574
0.0019187018329867827
0.0019186533268407203
0.0019200398290030404
0.0019196824719983465
0.0019177540063250683
0.0019177672884247785
0.001917979576304332
0.0019193200231424944
0.0019202017623750724
0.0019210364044560074
0.0019210346513909014
0.001921014836021821
0.001922505327346353
0.001922179421652184
0.001920499433076587
0.0019205454118680857
0.0019207976135231844
0.0019226532896642803
0.0019236170985580411
0.0019243474960974726
0.0019243337288435403
0.0019242825286426171
0.0019256012275063795
0.0019252594461678625
0.0019234301870895568
0.0019234808060778227
0.0019237080812867123
0.0019250365282857185
0.0019259024192502122
0.0019267089538514339
0.0019267040506528827
0.001926683648774006
0.0019281150180389562
0.0019278099621605322
0.0019262320369197788
0.0019263130756920243
0.0019265823974915811
0.0019284245203053819
0.001929369102934096
0.0019300680232747591
0.0019300499141844995
0.0019299959323036766
0.0019312485343597544
0.0019309215006561753
0.0019291855658668375
0.001929270334253676
0.001929511030361061
0.0019308265789596119
0.0019316765852995204
0.001932455956599824
0.0019324480483054183
0.0019324269082430193
0.0019338008000076787
0.001933515517556013
0.0019320330866880087
0.0019321459150001142
0.001932430544248917
0.0019342579086945818
0.0019351832630517016
0.0019358517973796785
0.0019358295644651283
0.001935772709513174
0.0019369609418591989
0.0019366478613376053
0.001934999753438691
0.0019351156885927942
0.0019353683182220269
0.0019366701647307635
0.0019375043006929595
0.001938257443807134
0.0019382466838085482
0.001938224653849342
0.0019395427189402034
0.0019392761828776039
0.0019378831116697451
0.001938024680846753
0.0019383228929087263
0.0019401344140061838
0.0019410405874680514
0.0019416798080435739
0.001941653672727609
0.001941593851443067
0.0019427194522674285
0.0019424195622052287
0.0019408541427057668
0.0019409984556064332
0.0019412616083074386
0.00194254903743393
0.001943367361503311
0.001944095199540658
0.0019440817472212769
0.0019440586770396828
0.0019453225646462785
0.0019450737943500058
0.0019437643534440168
0.0019439318233360472
0.0019442419796336194
0.0019460366849271976
0.0019469237681101613
0.001947534725956592
0.0019475049109374475
0.0019474420297896564
0.0019485067400286376
0.0019482193077624357
0.001946731772690808
0.001946901857170637
0.0019471741972811715
0.0019484465759941009
0.001949249185177779
0.0019499526267857392
0.0019499366454873931
0.0019499123873339237
0.0019511237381490932
0.0019508917967515469
0.0019496606350357735
0.0019498513614714468
0.0019501719074299908
0.0019519489298211825
0.0019528170510917414
0.0019534007741520876
0.001953367501598138
0.0019533014681282056
0.001954307024187231
0.001954031345600194
0.0019526172026689207
0.001952810625143426
0.0019530908896375021
0.0019543476613667855
0.001955134686071391
0.001955814623405669
0.001955796278686681
0.0019557706883668743
0.0019569311286707224
0.001956715120647304
0.001955557239865232
0.0019557687627776645
0.0019560982257160863
0.001957856796660226
0.0019587061172355266
0.0019592636089338917
0.0019592270989688045
0.0019591578229019527
0.001960105950339167
0.0019598413484902062
0.0019584963957484536
0.0019587108854250265
0.001958997881748274
0.0019602385609146164
0.00196101016036379
0.001961667467432552
0.0019616469255830603
0.001961619863253358
0.0019627309998472182
0.0019625300688254172
0.0019614407998234927
0.0019616708320246046
0.0019620078189946954
0.0019637472620534545
0.0019645779716343154
0.0019651102097870583
0.001965070679229566
0.001964998073387014
0.0019658904814647635
0.0019656363053441564
0.001964356611248392
0.001964590050804029
0.0019648826546969783
0.0019661068215619856
0.0019668631797046406
0.0019674987110400496
0.0019674761378240826
0.001967447468628122
0.001968510884531917
0.0019683242112975095
0.0019672991918316916
0.001967545608408811
0.001967888803987284
0.001969608528726753
0.0019704208416099762
0.0019709287776377895
0.0019708864389642545
0.001970810419999761
0.0019716487970167004
0.001971404420414112
0.0019701863052447467
0.001970436721959888
0.001970733875271158
0.0019719411710972645
0.001972682492960669
0.001973297082576116
0.001973272642173182
0.001973242236739351
0.001974259487572577
0.0019740862882509963
0.0019731214422698978
0.0019733822705776073
0.0019737304346157296
0.0019754299308383082
0.0019762240824595656
0.0019767086408575773
0.0019766637013589063
0.0019765841903424796
0.0019773701996659916
0.0019771350201381785
0.001975975038688903
0.0019762405960230653
0.0019765413045151896
0.001977731427023406
0.001978457935468584
0.0019790523960646063
0.001979026250186372
0.001978993985005211
0.0019799665959783527
0.0019798061203713433
0.001978897638693354
0.0019791710489130993
0.001979523014249586
0.001981201846546773
0.0019819780904095814
0.001982440168437742
0.001982392829545435
0.001982309752414142
0.0019830450291395134
0.0019828184670660355
0.0019817133925326674
0.0019819923821265753
0.0019822957132778498
0.0019834684123903883
0.0019841803452306066
0.0019847554676166333
0.001984727774777057
0.001984693532474834
0.001985622995924326
0.001985474525983958
0.001984618848286698
0.0019849031445265957
0.0019852578146699828
0.0019869156172824826
0.001987674222232739
0.00198811468979345
0.001988065146552384
0.0019879784344460673
0.001988664582615082
0.001988446080331589
0.001987392889328202
0.0019876837234163443
0.0019879888042224725
0.0019891438780768596
0.0019898414855231703
0.0019903980382260165
0.0019903689531455227
0.0019903326226685444
0.0019912203960742773
0.001991083244498185
0.0019902770425402833
0.0019904755870287414
0.001990831943551612
0.001992468421007727
0.001993209679006441
0.001993629388014201
0.001993577830992568
0.001993487424496417
0.0019941260143541365
0.0019939150221028987
0.0019929108745782107
0.001993212066084572
0.001993518086531622
0.001994655383036123
0.001995338935710396
0.001995877674434548
0.0019958473503272588
0.001995808831467135
0.0019966563339002363
0.0019965298260652712
0.001995769982817233
0.0019958368122208556
0.0019961939058360844
0.001997808824888717
0.0019985330421105844
0.001998932820698439
0.001998879434059981
0.0019987852812047026
0.001999377847978781
0.00199917383356476
0.001998216063336711
0.0019985262267345092
0.0019988324334901135
0.001999951843539955
0.0020006216237707392
0.0020011432851873793
0.0020011118715033906
0.002001071072506078
0.0020018796847961827
0.002001763169310217
0.0020010467675173342
0.002000982466284614
0.0020013394095647953
0.002002932592093409
0.002003640081835989
0.002004020729897886
0.0020039656900156908
0.0020038677443908236
0.002004415787174729
0.00200421824234713
0.002003304348174434
0.002003622199478586
0.0020039278908373366
0.0020050293423743482
0.0020056856372077125
0.0020061909340741762
0.002006158574799081
0.0020061154101744375
0.002006886475126444
0.0020067793313876996
0.0020061036427069597
0.002005908849701712
0.0020062648149598967
0.0020078361339754985
0.0020085272151584743
0.002008889504836585
0.0020088329802347917
0.0020087312010039823
0.0020092361816556447
0.0020090446210829045
0.002008172255531141
0.002008496606155202
0.0020088011300947346
0.00200988458511049
0.0020105276849162117
0.0020110173063138293
0.0020109841398155376
0.0020109385302840175
0.0020116733521294387
0.0020115749889333726
0.002010937461356567
0.0020106128650695687
0.0020109670822145783
0.0020125164581018887
0.0020131914539446697
0.002013536130182773
0.0020134782815403366
0.00201337263340374
0.002013835975746876
0.00201364993605849
0.002012816895162216
0.0020131466460986706
0.00201344939833147
0.002014514850074611
0.0020151450473276543
0.002015619658975576
0.002015585817910572
0.0020155376903102182
0.002016237534409548
0.0020161473886450283
0.002015545634792461
0.0020151870164736812
0.0020155387628544258
0.002017066155142199
0.002017725383577036
0.002018053156727791
0.0020179941351553855
0.0020178845842935265
0.0020183076734901486
0.002018126721156077
0.002017330940655512
0.0020176650883609736
0.0020179655060985303
0.0020190129718662395
0.002019630551459993
0.002020090787691993
0.0020200563967282736
0.002020005679590017
0.002020671773921947
0.002020589322343614
0.002020021113323375
0.0020196737427964793
0.0020200223462519947
0.0020215277532885513
0.0020221715314825677
0.002022483083034704
0.002022423031435328
0.002022309547530571
0.0020226937294348774
0.0020225174524946326
0.0020217569955654877
0.0020220946197832003
0.0020223921828313287
0.002023421704435666
0.002024026948352063
0.002024473417812938
0.0020244385951330153
0.0020243852208952397
0.002025018755016898
0.002024943503873439
0.0020244067562391567
0.002024069509279027
0.002024414349978626
0.0020258978081982397
0.0020265264559419837
0.0020268224432542707
0.0020267614973762276
0.002026644055415383
0.00202699063641379
0.0020268186389053515
0.002026091684950198
0.002026431937991822
0.0020267261689945345
0.002027737812848693
0.0020283310037434218
0.0020287642941088377
0.002028729152585501
0.0020286730595400113
0.0020292751840003905
0.002029206661202667
0.002028699425075927
0.002028371257980158
0.0020287117660809538
0.002030173347015243
0.0020307871857923017
0.002031068242699019
0.0020310065312573533
0.002030885111359505
0.0020311953584519313
0.0020310272599770034
0.0020303320969327137
0.0020306741990619233
0.0020309646614495385
0.0020319585164301004
0.0020325399368178836
0.002032960615208657
0.0020329252624278985
0.002032866394523845
0.002033438221271157
0.002033375975643719
0.002032896425917158
0.0020325763701352284
0.002032912023476263
0.0020343518309443235
0.0020349511831094925
0.0020352179205478864
0.0020351555653740395
0.0020350301525991175
0.002035305293633311
0.0020351407289383176
0.002034475746134151
0.0020348189812086086
0.0020351052771898017
0.002036081452646169
0.002036651384192848
0.002037059997622425
0.0020370245359364095
0.002036962842571466
0.0020375054454794816
0.002037449046042377
0.002036995474190024
0.0020366826313107243
0.0020370129531480695
0.002038431120615278
0.0020390163086688724
0.0020392693153218
0.002039206431536047
0.0020390770156784514
0.0020393182397157694
0.002039156858286149
0.0020385205398115967
0.0020388642511703484
0.0020391460197707644
0.002040104643672156
0.0020406633665814395
0.0020410604424295265
0.00204102496903468
0.0020409604048368117
0.002041474820331266
0.0020414238556084974
0.002040994662059596
0.0020406881991323887
0.0020410127559191476
0.0020424094440150216
0.002042980789962314
0.002043220632910259
0.002043157329112222
0.0020430239044832896
0.0020432323622766317
0.0020430738279423443
0.0020424647464867287
0.0020428083330706072
0.002043085248220428
0.0020440264654313697
0.0020445742579153856
0.0020449603044216356
0.0020449249114574924
0.0020448574360601678
0.0020453446638284867
0.0020452987411800684
0.002044892428215685
0.002044591573383282
0.0020449099725980886
0.002046285366784238
0.0020468431915702844
0.002047070416947844
0.0020470067954209796
0.002046869360623551
0.002047046165190285
0.0020468901557408425
0.0020463069668693198
0.0020466498795625363
0.0020469216482350626
0.0020478456189109272
0.002048382756734833
0.0020487582635073313
0.002048723038172319
0.0020486526159856884
0.0020491136197550897
0.0020490723647301682
0.002048687529864766
0.0020483915682856495
0.0020487034563128263
0.002050057764692439
0.0020506023877036456
0.002050817521356363
0.002050753678282911
0.0020506122359808337
0.00205075846325538
0.002050604670063003
0.0020500461068961983
0.002050387845077796
0.00205065420548084
0.0020515611035754134
0.0020520878596674216
0.002052453298201388
0.002052418322882299
0.0020523449228624373
0.0020527806312332867
0.0020527436869422076
0.0020523790167550813
0.0020520872867962566
0.0020523923468603873
0.00205372579812126
0.0020542575367460845
0.002054461084884142
0.0020543971105675195
0.0020542516672524937
0.002054368356805067
0.00205421648445479
0.002053681352721727
0.0020540214610161142
0.002054282180837697
0.0020551721927153615
0.0020556888368344723
0.00205604466103727
0.002056010013449485
0.002055933608867553
0.0020563449161903353
0.0020563119426939155
0.0020559662070780108
0.002055678096759499
0.0020559760469168104
0.002057288888400392
0.0020578080576424363
0.002058000507488361
0.00205793648658038
0.0020577870523382615
0.0020578752081476513
0.0020577249740735284
0.002057212147509744
0.002057550212726046
0.0020578050874356544
0.0020586784105811936
0.0020591852090357738
0.0020595318557548666
0.0020594976090908567
0.0020594181773037163
0.002059805944589416
0.002059776618304041
0.002059448665102034
0.0020591636087759664
0.0020594541999645437
0.0020607466958538854
0.0020612536079914773
0.002061435428419435
0.0020613714401501466
0.002061218028428485
0.0020612786196982937
0.002061129753824974
0.0020606381698898713
0.0020609738181403057
0.002061222669346632
0.0020620795111661455
0.002062576726577261
0.002062914616128229
0.0020628808392121967
0.0020627983614357973
0.002063163417290719
0.002063137430408109
0.002062826180407874
0.0020625436556562455
