[-0.10900446541894562, -0.03054163007280311]
[-0.1865259541128767, -0.04065549056382833]
[-0.23817820694400654, -0.049826640821598066]
[-0.28716848477953455, -0.05698880872598881]
[-0.3310058841720408, -0.059602892263796795]
[-0.371199176774291, -0.05577427237322951]
[-0.2853983157499534, -0.026827939351733474]
[-0.17176337785400653, -7.942556994070531E-4]
[-0.045779744231706616, 0.01814549682472613]
[0.08453025023637631, 0.03273530729787305]
[0.2187575733090116, 0.0524550340951692]
[0.3494092984826071, 0.06841454897453994]
[0.42860145129670724, 0.08001179421558317]
[0.491731395653591, 0.08752780527625996]
[0.5357299585422778, 0.08732374044727038]
[0.5653365414936763, 0.07770645882969529]
[0.4306619154887952, 0.037379242681850416]
[0.2578868830116957, -0.0010961874709390206]
[0.06243838793373104, -0.03197987296553095]
[-0.14427210629643394, -0.058980323073545074]
[-0.3521439626684393, -0.09683837347356472]
[-0.5250466536621209, -0.12184714406177397]
[-0.6075649933044731, -0.1326083781894802]
[-0.660359721565427, -0.1341264785652458]
[-0.6839621129156138, -0.12402079344076303]
[-0.6895600398728106, -0.10272480355167177]
[-0.5160871904116788, -0.04150615571243908]
[-0.3125554141334082, 0.012464017303105175]
[-0.09117244835339482, 0.05351449276108794]
[0.13740722484267542, 0.08532506496926662]
[0.3594556863958477, 0.1216998056475335]
[0.5649719217539332, 0.1369962851496641]
[0.6710215476202845, 0.1388618897817458]
[0.7358439535267929, 0.13299425597972656]
[0.7597523979019393, 0.11682337733357497]
[0.7579677179565169, 0.09009085393242254]
[0.5730310569503513, 0.026796232161218944]
[0.35481088453846277, -0.03569871814490182]
[0.11509820436980586, -0.08934008155692437]
[-0.13529189934150976, -0.13661968613508227]
[-0.3807875492415725, -0.19303619088227572]
[-0.6137475295058318, -0.20454439403572094]
[-0.7270129225328744, -0.19169583428655754]
[-0.7905180613997334, -0.16839165176145643]
[-0.8055686526881598, -0.13457186720619652]
[-0.7921948926284139, -0.09097923794223665]
[-0.5953914627193815, -0.0040124247260552234]
[-0.37806425436601937, 0.07396015666568559]
[-0.15126810257752155, 0.13408986920051907]
[0.07682321780772608, 0.17894989675094286]
[0.2974211143797906, 0.22320471026123725]
[0.5587577184800266, 0.21229352253779082]
[0.7106729590126237, 0.18327511564513682]
[0.8023093296631826, 0.14766192479674028]
[0.8310147469572408, 0.10531214215523832]
[0.8206164421536052, 0.054579306476699896]
[0.6232807476248, -0.03307520558264494]
[0.4026249256085109, -0.12230174572678773]
[0.17229857040131855, -0.19899104465151396]
[-0.05849506463159799, -0.2634802937846676]
[-0.2829015439077993, -0.33213810408386657]
[-0.5640458900022085, -0.30920852909255414]
[-0.727605108434204, -0.25414015549409463]
[-0.8240894393162357, -0.19045063180369778]
[-0.8498396295302449, -0.121711998265336]
[-0.8329226967256641, -0.046602300269530036]
[-0.6299002696117436, 0.07156933118097902]
[-0.41472708655835827, 0.17827386450440133]
[-0.20055270043668788, 0.25765740904517886]
[0.006116908737493307, 0.31295600301497695]
[0.2039653309828205, 0.3637348513004327]
[0.4990739143979437, 0.31793266123577324]
[0.6961603497728728, 0.24577439363350365]
[0.8210967332444671, 0.1679309416403178]
[0.8624718700365865, 0.08919876215901446]
[0.850764837509324, 0.005394934463018419]
[0.6484206882054458, -0.11461973107465126]
[0.4299772000669113, -0.23658205441995506]
[0.21156671037311628, -0.3361674845866399]
[0.0011697906831364957, -0.4135551685270776]
[-0.2008984469629217, -0.4902100544997324]
[-0.5066531975394669, -0.4307826039773307]
[-0.7097407710041618, -0.3280807147916852]
[-0.8367407164814102, -0.2183613473490066]
[-0.8746628842700951, -0.11027629758849974]
[-0.8572254614613076, 3.381479325382797E-4]
[-0.6493905637551666, 0.1526142298777471]
[-0.434705660297599, 0.2902406142604316]
[-0.22806423438130552, 0.3880651526033717]
[-0.03465989608226237, 0.4519264693013215]
[0.14849398866774677, 0.5088178772726295]
[0.45584360921119327, 0.433517996543431]
[0.6804762653144711, 0.3192360753112165]
[0.8294226736558414, 0.19860404434263362]
[0.8805430434091175, 0.08279671196816304]
[0.8680713011052952, -0.03465056049567519]
[0.6610741812397084, -0.18823784868068227]
[0.4422346871949936, -0.34182923611237237]
[0.22957200617285448, -0.4600919880815425]
[0.029997985154143272, -0.5448423892698177]
[-0.15952220425215383, -0.6238972123630003]
[-0.4722545293938462, -0.5359399558639986]
[-0.6969414155571422, -0.39363941794130564]
[-0.8438169862324765, -0.24533997955630074]
[-0.8900044935552088, -0.10451313804543183]
[-0.872036912648614, 0.03571078572818567]
[-0.6590825094767413, 0.21728257172261278]
[-0.4418176655538542, 0.3827679978894447]
[-0.23679353448833962, 0.4971030480185681]
[-0.04842353109759322, 0.5682639283193668]
[0.12851891966208953, 0.6298506102502259]
[0.4369669803076902, 0.5322863621038046]
[0.6735743437402975, 0.383760910078836]
[0.8354664966980005, 0.22835381650208023]
[0.8915791751599659, 0.08268509010593855]
[0.8776420898205396, -0.06153219977539562]
[0.6657015016723552, -0.24257650426129276]
[0.44426743813536834, -0.42103345077072374]
[0.23303350738857304, -0.5520634785871248]
[0.03819311212390933, -0.6394192246495386]
[-0.1449850789333091, -0.7164621879148094]
[-0.4568959668119539, -0.6086460814087037]
[-0.6907169085865109, -0.4390836664121315]
[-0.8481858153982746, -0.2643643031395304]
[-0.8988422281125132, -0.1014494380263663]
[-0.8801230128922901, 0.058752291839766324]
[-0.6625469906126951, 0.26151026047195475]
[-0.4413377429636095, 0.4491278471772544]
[-0.23493084671114223, 0.5769633721856933]
[-0.0475083265916518, 0.6537559504501039]
[0.12735686364451435, 0.7180310724510367]
[0.43309359326085445, 0.6037347699517904]
[0.6729983520787762, 0.430118751041809]
[0.8403866773747222, 0.25015312707403037]
[0.8982665179286027, 0.08392745470094698]
[0.8826570966515302, -0.07835261846895422]
[0.6661927176679864, -0.2787112394986029]
[0.4414860363703753, -0.47460986433852564]
[0.2298315536061869, -0.6134855809579499]
[0.037012265337821565, -0.7006297300980999]
[-0.14269065822399013, -0.7738291921169016]
[-0.4516455574791285, -0.6527737003153472]
[-0.6883210453967303, -0.4661734446628695]
[-0.8506818462903976, -0.27527109374452957]
[-0.9034757563185617, -0.09925442738046059]
[-0.8841268079461649, 0.07263020493270933]
[-0.662954844340286, 0.28914167252008105]
[-0.43782831982961956, 0.4930292791885732]
[-0.22918723928605877, 0.6309400990659627]
[-0.04132881571641081, 0.7114018321128139]
[0.13289194346673094, 0.776550207865692]
[0.4353698853900878, 0.6501074845416439]
[0.6748934108610625, 0.45948756123333057]
[0.843982632162821, 0.26375978001564554]
[0.9021866249687887, 0.0848775371741865]
[0.8852914659785814, -0.08820177824918601]
[0.6651915363133578, -0.30114370454611283]
[0.4374066446841314, -0.5090371676323722]
[0.22479412624590453, -0.6527658466423556]
[0.03293896043242425, -0.7386046879298621]
[-0.1445833187726989, -0.8078598848745857]
[-0.4506491556208808, -0.6779135886757044]
[-0.6875478720789232, -0.4809112112052442]
[-0.8518693374428338, -0.2805553026942592]
[-0.9056688144849133, -0.0973971558729016]
[-0.8860186758435513, 0.0805136121643637]
[-0.6622921671196634, 0.3053197392367753]
[-0.4338504971652488, 0.5207731809324221]
[-0.22310391584509937, 0.6657620798590764]
[-0.034617543978097326, 0.7481531757509366]
[0.1392782303529147, 0.8128983582484416]
[0.4390594392995004, 0.6780521908795827]
[0.6770504660163233, 0.47654774669611566]
[0.846261444194832, 0.271361287622895]
[0.9043908660947642, 0.08539096019117254]
[0.8868040052699638, -0.09341988745724372]
[0.6640023298469178, -0.3142964669091763]
[0.4335970545150846, -0.5308024071934077]
[0.2199930710706795, -0.6778351537793355]
[0.028715932285518386, -0.762151225879718]
[-0.1472563035566468, -0.827952147478078]
[-0.45108027019476826, -0.6917666670741388]
[-0.6872738305925225, -0.488267652826861]
[-0.8522119845241347, -0.2824565286337348]
[-0.9065610045101824, -0.09572665310889883]
[-0.8869579271527794, 0.08474059308305115]
[-0.6615062810397906, 0.3142351532268614]
[-0.43041919435992504, 0.5379740523859284]
[-0.2179736854070537, 0.6878466873487852]
[-0.029047223939522887, 0.7708947034363183]
[0.14449430461041096, 0.8344573864695213]
[0.44234176369379574, 0.6939233191271148]
[0.6786790500007843, 0.48567622540346145]
[0.8474906830675346, 0.2750959095077685]
[0.9055718810841139, 0.08558414912541462]
[0.887827745928331, -0.0957334799304253]
[0.6630977534250432, -0.3215395536912713]
[0.4305169442278007, -0.5446703852472181]
[0.21603426746348958, -0.6942419211262478]
[0.025205444202160254, -0.7771037988711813]
[-0.1495484484599796, -0.8399632749045528]
[-0.4517807388075946, -0.6991335270713773]
[-0.6870420802306941, -0.49139478929042724]
[-0.8520425781976151, -0.2824312259407418]
[-0.9068003463396298, -0.09418194499492066]
[-0.8875262701753823, 0.08682298942476302]
[-0.6609407619296025, 0.31875371849375017]
[-0.42775224461450423, 0.5486888170931042]
[-0.21399854554634823, 0.7020184168126319]
[-0.02487269901168143, 0.7848971984519466]
[0.14821602066004197, 0.8468354422015593]
[0.4447775587403797, 0.7023728548994962]
[0.679668770495362, 0.48998486361426863]
[0.8479876379515014, 0.2764723844178987]
[0.9061590752728135, 0.08554767195289864]
[0.8886482590364385, -0.09632804668718914]
[0.6625660727309391, -0.3251479413551592]
[0.42816162406990765, -0.5537403604468023]
[0.2129292983309446, -0.7054627189756233]
[0.022513750288341683, -0.7869769083503766]
[-0.15120670641653422, -0.8472724492896438]
[-0.45235070688211915, -0.702775784141589]
[-0.6867073708386136, -0.49212745793911233]
[-0.8515740866003264, -0.2813383651106987]
[-0.9067247676997088, -0.09273093380949743]
[-0.887979091403332, 0.08767362287465774]
[-0.6606612499269261, 0.32067227425431155]
[-0.42576017725017945, 0.5555515642081678]
[-0.2109929014438024, 0.7114822195199693]
[-0.021862852325107013, 0.7936916958065257]
[0.15068630907261482, 0.8537631066248144]
[0.44643039787885186, 0.7064175961463258]
[0.680135557246017, 0.4914510435821034]
[0.8480107397658934, 0.2764424611382392]
[0.9064044833042458, 0.0853341998110756]
[0.8893816853713538, -0.09596008541909906]
[0.6623575361491104, -0.32655830348005116]
[0.42638584834362236, -0.5599208825065318]
[0.21051037270382897, -0.7135857186630503]
[0.02050481964421258, -0.7938273903020421]
[-0.15229141906280758, -0.8518024383302211]
[-0.4526988800482151, -0.7042549389757395]
[-0.6862497625098665, -0.49150855072296445]
[-0.8509349839754654, -0.2796689040745939]
[-0.906500588233113, -0.09135430074652534]
[-0.888411875380954, 0.08782627231381102]
[-0.6606309850828418, 0.32106787482434285]
[-0.42427924378532944, 0.5601733734016301]
[-0.20869873552592086, 0.7182217118411971]
[-0.01970111437396521, 0.799470095625014]
[0.1522483657569381, 0.8575429219906017]
[0.447487460489411, 0.7078942636686354]
[0.6802300805150079, 0.49126592545912706]
[0.8477401648373141, 0.2755801757123036]
[0.9064508914946316, 0.08497721027686828]
[0.8900689827208218, -0.09508739921095921]
[0.6623919663119529, -0.32664580309529156]
[0.4250336628003155, -0.5643586589526183]
[0.2085929322423516, -0.7198475028326832]
[0.019001685760976383, -0.7988554776485453]
[-0.152939933339982, -0.8546579510271342]
[-0.45284393812399754, -0.7044592242594832]
[-0.6856913387540785, -0.4901300370701993]
[-0.8502011718709109, -0.27770100560706906]
[-0.9062066008244172, -0.090039265705471]
[-0.8888505185985486, 0.08758935424075731]
[-0.6607891885893963, 0.3205718729102751]
[-0.4231589312323192, 0.5635068815367553]
[-0.20689446649391727, 0.723415008559597]
[-0.01811857668058431, 0.8035339837268207]
[0.15319438457903953, 0.8595361627964192]
[0.4481266661347273, 0.7078843016935991]
[0.6800771383041521, 0.4901290009016731]
[0.8472922177495258, 0.27422621509381]
[0.906377769144254, 0.08450146535761505]
[0.8907207068639156, -0.09397741616154748]
[0.662597053154413, -0.3259343777238995]
[0.4239786217251334, -0.5677360543784205]
[0.20702619719584947, -0.724978720744496]
[0.017852612209140195, -0.8027660009646851]
[-0.15328320727051467, -0.8564839965103576]
[-0.4528332592936684, -0.7039005101698026]
[-0.6850625028484117, -0.48832990830511797]
[-0.849417520481247, -0.27559190889398094]
[-0.9058792854943978, -0.08877664349574549]
[-0.8892946503379027, 0.08714088928492203]
[-0.6610801721755742, 0.31955091250800416]
[-0.42228454795469117, 0.5661045448155131]
[-0.2054172191478547, 0.727744665216798]
[-0.016919158661317768, 0.806636087836474]
[0.1537374048311173, 0.860527718863907]
[0.4484835975378292, 0.7070139242813246]
[0.6797659417669153, 0.48844692136732415]
[0.8467390407798873, 0.27258267282118415]
[0.9062292537811492, 0.0839271608421005]
[0.8913367450899168, -0.09278244360170668]
[0.6629175983991689, -0.3247360799300242]
[0.42312897295286533, -0.5704585236994065]
[0.20570044162936263, -0.7294123466497419]
[0.01694462620763229, -0.8059766647675956]
[-0.15342326970311854, -0.8576633730705119]
[-0.4527130095451295, -0.7028779421920753]
[-0.6843900912971745, -0.4863025045883296]
[-0.8486108491900614, -0.2734302631013878]
[-0.9055354281095072, -0.08755937438332839]
[-0.8897363716885016, 0.08658419257357325]
[-0.6614609473790868, 0.3182176529011027]
[-0.42157588363647136, 0.5682828536768431]
[-0.20415583524646036, 0.7315995155357085]
[-0.015969747760058856, 0.8092042790209526]
[0.15402215912874548, 0.8609632903728314]
[0.44865254538411803, 0.7056434626710928]
[0.6793560025102783, 0.48645606169214556]
[0.846124556817437, 0.27077070292835065]
[0.9060302363314493, 0.08327154355327065]
[0.8919143974730499, -0.09158718784376568]
[0.6633144646205134, -0.3232374741779195]
[0.42242175155018047, -0.5727678338203388]
[0.20454041534179968, -0.7334062785493777]
[0.01619926547395839, -0.8087374371810545]
[-0.15343271513254392, -0.8584267309278664]
[-0.4525195084558853, -0.7015687555086889]
[-0.6836944458618881, -0.48416026104490884]
[-0.8477974264998729, -0.27126573648378]
[-0.9051829178160384, -0.08638179960177811]
[-0.8901674264822951, 0.08597979687147228]
[-0.6619007945895149, 0.31669606718468263]
[-0.42097939971631876, 0.5702213560181515]
[-0.20303753509260858, 0.7351977471253708]
[-0.015183401861009, 0.8114783671687137]
[0.1541434279765742, 0.8610932578352093]
[0.44869616023112124, 0.7039804486884539]
[0.6788855882146194, 0.48429485332879185]
[0.8454754061576892, 0.26886441942611494]
[0.9057952914904405, 0.08254966285337345]
[0.8924513425706526, -0.09043726828489684]
[0.6637608785623716, -0.32155140051342657]
[0.4218150224842312, -0.5748091666646695]
[0.2034962397756911, -0.7371150458250815]
[0.015564161814075717, -0.8111993858707949]
[-0.15336063415490436, -0.8589150763549279]
[-0.4522786631695829, -0.7000794563997368]
[-0.6829897876123621, -0.48196857172469376]
[-0.8469872699048233, -0.26912583783149563]
[-0.9048257314572504, -0.08523931954471986]
[-0.8905813992075448, 0.0853635845396723]
[-0.6623785715368062, 0.3150592827967492]
[-0.4204603130809886, 0.5720208036361568]
[-0.2020158666105082, 0.7386594725901181]
[-0.014504588030883614, 0.8135906127301369]
[0.15416206468657306, 0.8610568538794747]
[0.4486551005509747, 0.7021452446733097]
[0.6783788212362558, 0.4820455404358981]
[0.8448078916606961, 0.26691049589544485]
[0.9055335225941993, 0.0817748001812989]
[0.8929464794586258, -0.0893558834843104]
[0.6642388004859067, -0.3197474482265867]
[0.4212812618016085, -0.5766705785307814]
[0.20253550920290625, -0.740631773140715]
[0.015005196047662067, -0.8134547208074323]
[-0.15323918101140144, -0.8592159142818692]
[-0.4520079224957365, -0.6984751226724042]
[-0.682285529341258, -0.47976568494159433]
[-0.8461866332393326, -0.26702553367630466]
[-0.9044661728057232, -0.08412823534312841]
[-0.8909739944082885, 0.08475706239090619]
[-0.662879939892948, 0.313351334526641]
[-0.419996360680366, 0.5737368614699826]
[-0.20106167639001915, 0.742048806180972]
[-0.013898300311888795, 0.8156122200491467]
[0.15411674562644384, 0.8609304874867434]
[0.4485554726317861, 0.7002085741316204]
[0.6778507595739274, 0.47975802406773427]
[0.8441322046248383, 0.2649394075522374]
[0.905251141048163, 0.08095874348790028]
[0.8933999567199229, -0.08835343558930453]
[0.6647360911695693, -0.3178697482138325]
[0.42080246370129054, -0.5784061606439518]
[0.20163739251362992, -0.7440128287787171]
[0.014500450938576298, -0.8155602987555362]
[-0.15308897327912604, -0.8593844595500038]
[-0.4517185898729865, -0.696796394401016]
[-0.6815876214773375, -0.47757415754899385]
[-0.8453994680802923, -0.2649727686506455]
[-0.904105852597976, -0.08304566367754257]
[-0.891342703524229, 0.08417319578795746]
[-0.663395158212518, 0.311599622550588]
[-0.41957337197610345, 0.5753995405331401]
[-0.20015688149958977, 0.7453980717953702]
[-0.013342638683796426, 0.8175799406267781]
[0.1540319485721322, 0.8607552299243799]
[0.4484140091236648, 0.698212836557422]
[0.6773107750915662, 0.4774634210016217]
[0.8434549297120825, 0.26297186583555193]
[0.9049528134138902, 0.08011197065810899]
[0.8938129384811611, -0.08743306731356115]
[0.6652445038551632, -0.3159473311643734]
[0.4203667673015477, -0.5800496557811241]
[0.20078853772615152, -0.7472923806821155]
[0.014035937263673803, -0.8175515369549178]
[-0.15292303989751962, -0.859456229228388]
[-0.4514177762068204, -0.6950694160075215]
[-0.6808996468908148, -0.4754074851051185]
[-0.8446282962064953, -0.262971630123634]
[-0.9037461039494816, -0.08198946835558174]
[-0.8916863651302012, 0.08361974150628931]
[-0.6639175071763829, 0.3098220287382818]
[-0.41918229351696945, 0.5770243760965654]
[-0.1992903589335066, 0.7487216918124884]
[-0.01282395219250207, 0.8195112393638566]
[0.15392315806737653, 0.8605523877434231]
[0.448241492542773, 0.6961841879447039]
[0.676764711706347, 0.4751817769045245]
[0.8427805048018295, 0.2610225123896847]
[0.9046423486680484, 0.07924377795359716]
[0.8941873248029965, -0.08659385011943016]
[0.665758330679234, -0.3140001594705449]
[0.41996622187054433, -0.5816224964396949]
[0.19998034431689854, -0.7504910508778051]
[0.013602717091620448, -0.8194507162298592]
[-0.15274953286073117, -0.8594545858948517]
[-0.4511098488939925, -0.6933116839304443]
[-0.6802236252521184, -0.47327394358886804]
[-0.8438747372559925, -0.26102414588619005]
[-0.9033881492626927, -0.08095818442137609]
[-0.8920047837114969, 0.08310117386517041]
[-0.6644422314948053, 0.3080309673355639]
[-0.41881725537983383, 0.5786188495172429]
[-0.19845530251880786, 0.7520241527751907]
[-0.01233373385544606, 0.8214129337234772]
[0.15380018818979155, 0.8603323181558999]
[0.44804495510403974, 0.6941393946875973]
[0.6762162330301393, 0.47292647226252316]
[0.8421120625762744, 0.2591020581369475]
[0.9043230381551042, 0.07836237739396595]
[0.8945255028319409, -0.0858326256946973]
[0.6662735165268795, -0.31204264748587024]
[0.4195953427056653, -0.5831385787983956]
[0.19920719358139097, -0.7536211044152255]
[0.013195026292208228, -0.8212719777236093]
[-0.15257351921011836, -0.8593952915410243]
[-0.4507974348093574, -0.6915354915185663]
[-0.6795605708759382, -0.4711788066492962]
[-0.8431398306192552, -0.25913128503415833]
[-0.903033159525558, -0.07995092869664111]
[-0.8922984395771861, 0.08261981989260953]
[-0.6649658552031538, 0.30623567664185436]
[-0.41847434293512603, 0.580186069370362]
[-0.19764755121185504, 0.7553045755308032]
[-0.01186666265807329, 0.8232861157839826]
[0.1536692790776918, 0.8600994201822467]
[0.44782906993757576, 0.6920897336809773]
[0.675667653290383, 0.4707067585415109]
[0.841451912963398, 0.25721854145029116]
[0.9039978167975175, 0.07747497832607836]
[0.8948301481722254, -0.0851450734647391]
[0.6667870892255043, -0.31008572287444247]
[0.41925019343547626, -0.5846071208923346]
[0.19846532054894298, -0.7566895936970789]
[0.012809074614761662, -0.8230243590412695]
[-0.15239813484137943, -0.8592892785907431]
[-0.45048208425976827, -0.689749955435071]
[-0.6789108653946745, -0.46912561326254176]
[-0.8424242327406892, -0.25729349544434926]
[-0.902682267878908, -0.07896729964519067]
[-0.8925682786194168, 0.08217654902552163]
[-0.6654857494715295, 0.30444350243274765]
[-0.41815082997382674, 0.5817268709044827]
[-0.19686454361446418, 0.7585593359548977]
[-0.01141937893416664, 0.8251289548728504]
[0.15353441282844804, 0.8598549591937711]
[0.4475970235570328, 0.6900432203418659]
[0.675120446708696, 0.4685292348721801]
[0.8408018198724438, 0.2553780863924292]
[0.9036693353431201, 0.07658786182290817]
[0.8951040747858937, -0.08452633115337016]
[0.6672967972857347, -0.30813803876609996]
[0.41892780993996864, -0.5860343912445672]
[0.19775210375776311, -0.7597002898087871]
[0.012442290277896562, -0.8247136611728314]
[-0.15222531382130428, -0.8591443521691061]
[-0.4501646965169672, -0.687962203079466]
[-0.6782745002780695, -0.46711688126427925]
[-0.8417283383842326, -0.25551097484448715]
[-0.9023365644799055, -0.07800727286528714]
[-0.8928155613871341, 0.08177121050383379]
[-0.66599986406163, 0.30266060551367935]
[-0.4178447069422635, 0.5832410012398948]
[-0.19610466976213425, 0.7617835632358678]
[-0.010989722253924, 0.8269382878817213]
[0.15339813859687862, 0.8595986599472234]
[0.44735106103730626, 0.6880058864885791]
[0.6745755596142389, 0.4663987215208394]
[0.8401631614883234, 0.2535853756904838]
[0.9033399906953504, 0.07570645204578735]
[0.8953501253076815, -0.08397135572405401]
[0.6678008811833823, -0.3062066903106392]
[0.4186258423231183, -0.5874247673758338]
[0.19706562229856983, -0.7626548891110316]
[0.012092849780707599, -0.8263436137786467]
[-0.152056243302908, -0.8589662489971934]
[-0.4498457855877498, -0.6861780647666026]
[-0.6776512316846895, -0.4651545000110215]
[-0.8410523554760141, -0.253783792474306]
[-0.9019970845766768, -0.07707109882108437]
[-0.8930417533535012, 0.08140292590900539]
[-0.6665065616137017, 0.30089234298312006]
[-0.41755439495628566, 0.5847277758919583]
[-0.1953668724319752, 0.7649719896871188]
[-0.0105762587997498, 0.8287105132587668]
[0.15326209094594923, 0.8593295966423679]
[0.4470928265299924, 0.685982515586934]
[0.6740336024682119, 0.46431878749712535]
[0.8395370253514928, 0.2518439593234559]
[0.9030119383997948, 0.07483538602356538]
[0.8955710929287871, -0.08347513261778489]
[0.6682979294117641, -0.3042976413685614]
[0.4183423344995653, -0.588781393505265]
[0.19640438172540509, -0.7655537826008807]
[0.011759387883743866, -0.8279166159860989]
[-0.1518916446933506, -0.8587593070643743]
[-0.44952564253226457, -0.6844024752225256]
[-0.6770406780295173, -0.46323993999904384]
[-0.8403963517997459, -0.2521119306797441]
[-0.9016647951926676, -0.07615920823895406]
[-0.8932484432532783, 0.08107029626477569]
[-0.6670045149696657, 0.2991434673666919]
[-0.4172785752932056, 0.5861864302410466]
[-0.19465040416389923, 0.7681194247637306]
[-0.010177989260965636, 0.8304420834342219]
[0.15312731679871722, 0.8590466801268531]
[0.4468235763194136, 0.6839770665069502]
[0.6734949690108727, 0.46229207805512385]
[0.8389242672684338, 0.2501564669017917]
[0.9026870991480462, 0.07397858193909262]
[0.8957696671861796, -0.08303279584888068]
[0.6687867877653556, -0.3024159815836497]
[0.41807558989244353, -0.5901065959995184]
[0.19576714576756304, -0.7683965578517448]
[0.011440820105212773, -0.8294342173595378]
[-0.15173194652471977, -0.8585268980791032]
[-0.449204432579698, -0.6826397060598759]
[-0.6764423809801938, -0.4613743606084601]
[-0.8397602848609353, -0.2504952870778807]
[-0.9013405829565937, -0.0752721288918029]
[-0.893437280845179, 0.0807715563861201]
[-0.6674926423223572, 0.2974182267113715]
[-0.4170160898301555, 0.5876162961030147]
[-0.19395468101822047, 0.7712210108677837]
[-0.009794169135760145, 0.8321297650148544]
[0.15299448281372774, 0.8587489137882724]
[0.44654431258472127, 0.6819929178061723]
[0.6729599111601807, 0.4603205251535554]
[0.8383255503217162, 0.24852476245405208]
[0.9023671647661986, 0.07313930546455966]
[0.8959483975878066, -0.08263969543812522]
[0.6692665017050524, -0.3005660844546705]
[0.4178240906075616, -0.5914021504653713]
[0.1951528339420272, -0.7711823342401609]
[0.011136234883954682, -0.8308974371421544]
[-0.15157739064208064, -0.8582717136335984]
[-0.44888225210097854, -0.6808935012912595]
[-0.6758558435279262, -0.4595586633234623]
[-0.8391440218872481, -0.2489336605429282]
[-0.9010252442789568, -0.07441041580881091]
[-0.8936099286819176, 0.08050469444687919]
[-0.6679700646357863, 0.2957204132035845]
[-0.4167658845262934, 0.5890168793318451]
[-0.19327919620083178, 0.774272352428486]
[-0.009424199009551631, 0.8337707646566568]
[0.15286400780933954, 0.8584355169146278]
[0.44625586779918797, 0.6800330085522116]
[0.6724285869427392, 0.45840548858344915]
[0.837741372963613, 0.24695006363536076]
[0.9020536058829336, 0.07232023357308703]
[0.8961096704649121, -0.08229143354922769]
[0.6697362790479455, -0.2987517080449523]
[0.41758644954190927, -0.5926694565259419]
[0.1945604600388109, -0.7739099915762284]
[0.010844828599416961, -0.8323069804915036]
[-0.15142809771106874, -0.8579959595555502]
[-0.448559161407048, -0.6791671582316977]
[-0.6752805538855546, -0.457793517584291]
[-0.838547354190689, -0.24742673374157476]
[-0.9007194783851031, -0.07357459553120416]
[-0.8937680245454654, 0.08026754676175452]
[-0.668436075969624, 0.29405338715712465]
[-0.4165269786179298, 0.5903878827595392]
[-0.19262347057977236, 0.777269571581771]
[-0.009067558393401925, 0.8353627775889971]
[0.15273614798659926, 0.858105972821967]
[0.4459589583509309, 0.678099919802775]
[0.6719010918679662, 0.45654785540259624]
[0.8371720910627285, 0.24543303802070826]
[0.9017476818570118, 0.07152351533269785]
[0.8962556956193611, -0.08198388187698774]
[0.670195464974878, -0.29697606292260337]
[0.417361382555126, -0.5939096540799325]
[0.1939890958672648, -0.7765783284142187]
[0.010565866823902842, -0.8336633871741297]
[-0.15128410806221482, -0.8577014912190297]
[-0.4482352033097975, -0.6774635783946044]
[-0.6747160006997117, -0.45607937441553026]
[-0.8379700083884853, -0.24597405863628025]
[-0.9004238833126798, -0.07276512397100371]
[-0.8939131524352408, 0.08005787354554267]
[-0.6688901212078201, 0.2924200911340168]
[-0.41629844884966816, 0.591729200239359]
[-0.1919870257978854, 0.7802093216219936]
[-0.008723766658218557, 0.8369039921276358]
[0.152611052253373, 0.8577600351759604]
[0.4456542189330589, 0.676195922508726]
[0.6713774800170297, 0.45474811382737323]
[0.8366179364744941, 0.24397388384933316]
[0.9014504527965473, 0.07075082932680676]
[0.8963885002252125, -0.08171318766744096]
[0.6706435243835606, -0.29524186181490597]
[0.41714769267013774, -0.5951237017109683]
[0.19343785055551807, -0.7791861723169642]
[0.010298661565178113, -0.8349671344747713]
[-0.15114540761992828, -0.8573899097230008]
[-0.44791041349266536, -0.6757853024418012]
[-0.6741616829462241, -0.45441647590008405]
[-0.8374116558988284, -0.24457504766598648]
[-0.9001389547291111, -0.07198235671271858]
[-0.8940468206788946, 0.07987341922194735]
[-0.6693317780531931, 0.29082306194222063]
[-0.41607942222338573, 0.5930408966498185]
[-0.1913693710954462, 0.7830887764774448]
[-0.008392360782248448, 0.8383930697612217]
[0.1524887984809834, 0.857397712056653]
[0.4453422248879676, 0.6743230069203823]
[0.6708577786293591, 0.4530064110904316]
[0.8360790334413732, 0.24257239956543314]
[0.9011627932008135, 0.07000343748008675]
[0.8965099280976122, -0.0814757727176057]
[0.6710800285450218, -0.29355135941761457]
[0.41694426131169376, -0.5963124301048149]
[0.19290585937414045, -0.7817324561098762]
[0.010042558217888797, -0.8362187079967641]
[-0.15101194478756874, -0.8570626312450841]
[-0.44758482628630536, -0.6741345370361626]
[-0.6736171165377075, -0.4528048644694538]
[-0.8368719214642169, -0.24322897121150566]
[-0.8998650872666504, -0.07122653017889363]
[-0.8941704460922201, 0.07971195974935202]
[-0.6697607415596901, 0.2892644442173071]
[-0.41586907333174344, 0.594323182286237]
[-0.19076999832389827, 0.7859056068987357]
[-0.008072883474891601, 0.8398291123358819]
[0.15236941750531632, 0.8570192391694533]
[0.4450235069795666, 0.6724829022827803]
[0.6703419984746144, 0.4513226008936056]
[0.8355554134482813, 0.24122804476539644]
[0.9008854066758838, 0.06928223517779136]
[0.8966216429142894, -0.08126832792838606]
[0.6715046442421331, -0.2919063871663578]
[0.4167500435032937, -0.5974765786416539]
[0.19239227833876466, -0.7842162692897013]
[0.00979692838100557, -0.8374186492537126]
[-0.15088364179523045, -0.8567209373884745]
[-0.4472584779319505, -0.6725131778285631]
[-0.6730818388434268, -0.4512443936695944]
[-0.8363503910600936, -0.24193496083742955]
[-0.8996025779824671, -0.07049775189557517]
[-0.8942853432956105, 0.0795713388802961]
[-0.6701768102936405, 0.2877460070196619]
[-0.41566662394134657, 0.5955763862800288]
[-0.19018838172816044, 0.7886579496156132]
[-0.007764877638482437, 0.8412116231104987]
[0.1522529091789508, 0.8566250487848205]
[0.44469856137885305, 0.6706770918607372]
[0.66983014140113, 0.4496962837993638]
[0.8350470288067019, 0.2399399941597663]
[0.9006188412013282, 0.06858779764788264]
[0.8967251343149741, -0.08108780495421941]
[0.6719171243350394, -0.29030838558876326]
[0.41656406514407013, -0.5986168204737963]
[0.19189628226163602, -0.7866368908395066]
[0.00956116619199926, -0.8385675860984005]
[-0.15076040259216, -0.8563660116730527]
[-0.4469314085012951, -0.6709228307387213]
[-0.6725554118208034, -0.44973474081441167]
[-0.8358466193224434, -0.24069201728456346]
[-0.8993516315128914, -0.06979599808017989]
[-0.8943927183908305, 0.0794494949864763]
[-0.6705798736760848, 0.2862691636427793]
[-0.41547134347345754, 0.5968009314680396]
[-0.1896239803808684, 0.7913443731207183]
[-0.007467884630746657, 0.8425404656421726]
[0.15213925321268898, 0.8562157381226667]
[0.44436785659487954, 0.6689068260938738]
[0.6693222059146524, 0.4481268425491318]
[0.8345537650708963, 0.23870718557879056]
[0.9003635044959257, 0.06792042263391818]
[0.8968217260506832, -0.08093140590198872]
[0.6723172991723915, -0.28875843554532465]
[0.4163854212413221, -0.59973377962726]
[0.19141706479943732, -0.7889938079204706]
[0.009334686739773113, -0.8396662502921267]
[-0.15064211851766798, -0.8559989657138047]
[-0.44660366310273447, -0.6693648325296019]
[-0.6720374241632375, -0.44827542131605486]
[-0.8353601365110861, -0.23949902202091355]
[-0.899112366491105, -0.06912111687614414]
[-0.8944936662648094, 0.07934447991096427]
[-0.6709699003052532, 0.28483499420299685]
[-0.4152825496298007, 0.5979973118499659]
[-0.1890762419660462, 0.7939638422219877]
[-0.007181444733333958, 0.8438158227926781]
[0.15202841655931051, 0.8557920391921565]
[0.44403183842592053, 0.6671731353421589]
[0.6688181913206731, 0.44661347349258584]
[0.8340754523182223, 0.23752836271692074]
[0.9001196791154581, 0.06728016942931547]
[0.8969125855367308, -0.08079657169693838]
[0.67270506855413, -0.28725728889602264]
[0.41621327444682893, -0.6008280425411153]
[0.1909538395898883, -0.7912867237834077]
[0.009116925673519932, -0.8407154854138719]
[-0.15052867248555835, -0.8556208576327149]
[-0.44627529269520316, -0.6678402710476774]
[-0.6715274927006984, -0.4468658042158751]
[-0.8348904549737383, -0.23835475119109162]
[-0.8988848228249555, -0.0684728357310419]
[-0.8945891708427967, 0.07925447117947687]
[-0.671346927181274, 0.2834442703100989]
[-0.41509960877285107, 0.5991660730433819]
[-0.18854460711754595, 0.796515682623589]
[-0.00690509882585244, 0.8450381571569842]
[0.15192035847058633, 0.8553547910888881]
[0.44369093359659517, 0.6654768428905636]
[0.6683181007731017, 0.44515521483762355]
[0.833611875305482, 0.23640211312225512]
[0.8998875369999609, 0.06666689437595119]
[0.8969987343006216, -0.08068096954538412]
[0.6730803941189125, -0.285805398693075]
[0.4160468535393397, -0.6019001657256888]
[0.19050584190988668, -0.793515557492662]
[0.00890733946322897, -0.8417162475725137]
[-0.1504199421268953, -0.8552327046052783]
[-0.44594635466094745, -0.6663500051804979]
[-0.6710252631969721, -0.44550512837187106]
[-0.8344370750621097, -0.23725789093716393]
[-0.8986689694760862, -0.06785077162252434]
[-0.8946801076720526, 0.0791777787804927]
[-0.6717110498085267, 0.282097481048103]
[-0.4149219358846718, 0.6003077957471422]
[-0.18802851383450114, 0.7989995462848671]
[-0.00663839064042035, 0.8462081736286748]
[0.15181503396476403, 0.8549049151628191]
[0.4433455524933986, 0.6638185784251266]
[0.6678219434594156, 0.4437509721549241]
[0.8331627825178092, 0.23532690183176347]
[0.899667153264516, 0.06608028295575241]
[0.8970810589225121, -0.08058247981772482]
[0.6734432921212443, -0.28440294877107364]
[0.4158854516769721, -0.6029506807292616]
[0.19007233050173655, -0.7956804375249986]
[0.008705405974795799, -0.8426696008631591]
[-0.15031580216872895, -0.8548354910021172]
[-0.4456169132003971, -0.6648946844351223]
[-0.6705304106389292, -0.44419251879219385]
[-0.8339994904579856, -0.23620705323984492]
[-0.8984647124353232, -0.06725444305452832]
[-0.8947672482819815, 0.07911284759844489]
[-0.6720624131673509, 0.2807948595338924]
[-0.41474899405244264, 0.6014230820191534]
[-0.18752740169381482, 0.8014153780114959]
[-0.006380869209915763, 0.8473267844703662]
[0.15171239619131932, 0.854443393135339]
[0.44299609125568085, 0.6621987919430118]
[0.6673297360858823, 0.4423995414150218]
[0.8327278941410401, 0.23430110099647417]
[0.899458519093851, 0.06551987862511877]
[0.8971603221506703, -0.0804991826123746]
[0.673793826608511, -0.28304988250435237]
[0.41572842435276597, -0.6039800972639302]
[0.1896525893495241, -0.7977816909080355]
[0.008510625150607798, -0.8435767091149919]
[-0.15021612623053146, -0.8544301732670374]
[-0.4452870395707148, -0.6634747679876167]
[-0.6700426390891059, -0.44292700268407237]
[-0.8335771928833281, -0.23520079161243712]
[-0.8982719026458055, -0.06668328295723847]
[-0.8948512658355762, 0.07905825645468023]
[-0.672401203544869, 0.2795364094133464]
[-0.41458029349737674, 0.6025125440821589]
[-0.1870407157030778, 0.8037633835606384]
[-0.006132091274630602, 0.848395077052093]
[0.15161239801963888, 0.8539712480613776]
[0.4426429333847539, 0.660617767935818]
[0.6668415037868686, 0.4410996297515154]
[0.8323069090049104, 0.2333230158112201]
[0.8992615536561819, 0.06498510855957329]
[0.8972371739434055, -0.08042934421989989]
[0.67413210302524, -0.28174593047676355]
[0.415575187050594, -0.6049889051015578]
[0.18924592927453593, -0.7998198292478664]
[0.008322519666328854, -0.844438825166171]
[-0.15012078816494012, -0.8540176824295393]
[-0.44495681217353433, -0.6620905430500252]
[-0.6695616811617314, -0.44170752488202786]
[-0.8331696761874046, -0.23423761615178745]
[-0.8980903436803578, -0.06613665181784945]
[-0.894932741657468, 0.0790127145805658]
[-0.6727276412052839, 0.27832193076765277]
[-0.41441539019879164, 0.6035767953422073]
[-0.18656790971426176, 0.8060439994382698]
[-0.005891623508690935, 0.8494142842985681]
[0.15151499307518335, 0.8534895279403671]
[0.44228645097741237, 0.6590756396378348]
[0.6663572805581404, 0.43984987410155196]
[0.8318995105588831, 0.23239090704780085]
[0.8990761149962194, 0.06447530649010946]
[0.897312162245937, -0.08037140367519757]
[0.6744582622730628, -0.2804906368282547]
[0.4154252126338234, -0.6059775751776261]
[0.18885168927499213, -0.8017955327367976]
[0.008140635485427983, -0.8452572786457215]
[-0.15002966303688495, -0.853598924956985]
[-0.44462631649423945, -0.6607421424210069]
[-0.6690872971772881, -0.4405329624113923]
[-0.8327764398219208, -0.23331600760093874]
[-0.8979197990300464, -0.06561385053920255]
[-0.895012172292561, 0.07897505622071227]
[-0.6730419738687972, 0.27715104501812676]
[-0.4142538841801437, 0.6046164433098425]
[-0.18610844936640095, 0.8082578645010096]
[-0.005659044489463139, 0.85038575781277]
[0.15142013637949944, 0.8529992917407078]
[0.4419270056568575, 0.6575724031275046]
[0.6658771092984592, 0.4386488578560087]
[0.8315053719532011, 0.2315030104809812]
[0.8989020099021422, 0.06398973282334486]
[0.8973857433581991, -0.08032395955793076]
[0.6747724752477327, -0.2792833840847285]
[0.4152780285162597, -0.6069465602141932]
[0.18846923757235204, -0.8037096330150846]
[0.007964542265899766, -0.8460334630294155]
[-0.1499426278151681, -0.8531747824954904]
[-0.4442956448978729, -0.659429561115715]
[-0.668619274048101, -0.4394021380249788]
[-0.8323969917303723, -0.23243443020360177]
[-0.8977599989051378, -0.0651141326677801]
[-0.895089976813828, 0.07894423394548983]
[-0.6733444709582106, 0.2760232185257917]
[-0.4140954175273592, 0.6056320841364802]
[-0.18566181455519395, 0.8104057934292596]
[-0.005433946372826737, 0.8513109435979562]
[0.1513277847060019, 0.8525015975927501]
[0.4415649492546107, 0.6561079310905593]
[0.6654010415328636, 0.4374951256452759]
[0.8311241603046567, 0.23065755348882633]
[0.8987390027677701, 0.06352759224449778]
[0.8974582917892558, -0.08028575717538233]
[0.675074937863998, -0.27812341632903603]
[0.41513321367110023, -0.6078962950796021]
[0.1880979723510864, -0.8055630955765924]
[0.0077938335955313465, -0.8467688225581462]
[-0.14985956183708055, -0.852746110920869]
[-0.44396489629128566, -0.6581526720015408]
[-0.6681574239453187, -0.4383138326188826]
[-0.8320308506894118, -0.23159134323095437]
[-0.897610646487021, -0.06463671575139429]
[-0.8951665041564514, 0.07891931114381784]
[-0.6736354185644441, 0.27493778467731766]
[-0.4139396722069031, 0.606624298508116]
[-0.18522750144572497, 0.8124887521039477]
[-0.005215936262660981, 0.852191360271574]
[0.15123789673336596, 0.8519974929119173]
[0.44120062428564355, 0.6546819860848914]
[0.6649291368824086, 0.4363871963858484]
[0.8307555402296248, 0.22985276910038926]
[0.8985868234904277, 0.06308804900555565]
[0.8975301095269441, -0.08025567623650331]
[0.6753658665679505, -0.27700986062346156]
[0.41499039553320677, -0.6088271970335457]
[0.18773732219518088, -0.8073570022526138]
[0.007628127046879679, -0.8474648394584587]
[-0.14978034709673294, -0.8523137390166382]
[-0.4436341756655356, -0.6569112403954381]
[-0.667701582795151, -0.43726679648760497]
[-0.8316775481480371, -0.23078521113859085]
[-0.8974714236000677, -0.064180791681959]
[-0.8952420403072578, 0.07889945407114801]
[-0.6739151150769844, 0.2738939643296875]
[-0.41378636774489447, 0.6075936486699703]
[-0.18480502405553206, 0.8145078348910038]
[-0.005004637279162255, 0.8530285796458429]
[0.15115043305743342, 0.8514880062279933]
[0.44083436425209244, 0.6532942331823365]
[0.6644614623377507, 0.43532357471382227]
[0.8303991767269272, 0.22908690775334029]
[0.8984451744582869, 0.06267024010081179]
[0.8976014346785194, -0.08023271910155849]
[0.6756454943263067, -0.275941746642704]
[0.4148492468459918, -0.6097396659551994]
[0.1873867462355919, -0.8090925341770123]
[0.007467064053329919, -0.8481230217819486]
[-0.14970486839971375, -0.8518784670115888]
[-0.4433035935359083, -0.6557049376039356]
[-0.6672516086491196, -0.4362597594200941]
[-0.831336629615121, -0.23001451236876513]
[-0.8973419957963193, -0.06374553595256205]
[-0.8953168152228341, 0.07888392374431646]
[-0.6741838674224659, 0.2728908845521871]
[-0.4136352588210252, 0.6085406763859453]
[-0.18439391544164535, 0.8164642438135932]
[-0.004799689340885482, 0.8538242095375571]
[0.15106535610754493, 0.850974140514398]
[0.44046649380646763, 0.6519442518968349]
[0.6639980913871831, 0.4343027609320424]
[0.8300547374905975, 0.22835824701169183]
[0.8983137366894368, 0.06227328652855102]
[0.8976724494601226, -0.08021599966889015]
[0.6759140670736381, -0.274918024518698]
[0.4147094824983286, -0.6106340846150105]
[0.18704573402996474, -0.810770955526569]
[0.007310309614620064, -0.8487448920799362]
[-0.14963301341973934, -0.8514410651416321]
[-0.4429732652989513, -0.6545333534079758]
[-0.6668073799692971, -0.4352914396684582]
[-0.8310076556477446, -0.22927774685348157]
[-0.8972220168639634, -0.06333011581359538]
[-0.8953910093870235, 0.07887206790426943]
[-0.674441987853842, 0.27192759565684776]
[-0.4134861328232139, 0.6094659016645537]
[-0.18399372852856863, 0.8183592695713584]
[-0.004600749681720556, 0.8545798786618648]
[0.15098263000205192, 0.8504568678298686]
[0.4400973288019785, 0.6506315473394738]
[0.6635391030433393, 0.433323259596862]
[0.8297218947283915, 0.22766509947932273]
[0.898192175189587, 0.0618963028315086]
[0.8977432875305151, -0.08020473293938091]
[0.6761718405921836, -0.27393758093348386]
[0.4145708563903424, -0.6115108190240517]
[0.18671380520036607, -0.8123935982405873]
[0.007157551845015847, -0.8493319770495524]
[-0.1495646726867353, -0.8510022723473141]
[-0.44264331052665606, -0.6533960075116596]
[-0.66636879386532, -0.43436055184217004]
[-0.8306902024925442, -0.22857344230087384]
[-0.897111132783638, -0.06293369735296295]
[-0.8954647599490917, 0.07886331320889561]
[-0.6746897912335145, 0.2710030865488835]
[-0.41333880740138434, 0.6103698221077181]
[-0.18360403661554364, 0.8201942743481897]
[-0.0044074931276349705, 0.8552972234604931]
[0.15090222036926665, 0.8499371251031769]
[0.43972717625478397, 0.6493555605676509]
[0.6630845808066723, 0.4323835868680843]
[0.8294003265564266, 0.22700581912911877]
[0.8980801435969504, 0.06153840510023989]
[0.8978140406782638, -0.08019822528072207]
[0.6764190777944187, -0.2729992535237185]
[0.4144331583603464, -0.6123702188760365]
[0.1863905088572241, -0.8139618478508641]
[0.007008501380411453, -0.8498857982241355]
[-0.14949973953023, -0.850562795177039]
[-0.442313852217623, -0.6522923599869868]
[-0.6659357643154843, -0.4334658137941661]
[-0.830383862430405, -0.22790015936350472]
[-0.8970089851655039, -0.06255545155326281]
[-0.8955381664083705, 0.07885715777017177]
[-0.6749275927558969, 0.27011629845854934]
[-0.41319312805180664, 0.6112529127605263]
[-0.18322443360139493, 0.8219706763353385]
[-0.004219612159789721, 0.8559778767133073]
[0.15082409415349027, 0.8494158109085895]
[0.4393563342404293, 0.6481156781176612]
[0.6626346115981483, 0.4314822767416086]
[0.8290897180342327, 0.22637880625060502]
[0.8979772881823387, 0.06119871761329709]
[0.8978847648820252, -0.08019586539769819]
[0.6766560463759085, -0.2721018436807424]
[0.41429621119898236, -0.6132126180842907]
[0.18607542283868364, -0.8154771304950558]
[0.006862890662473337, -0.8504078637323176]
[-0.14943810999695245, -0.8501233069347822]
[-0.4419850160239148, -0.6512218207564299]
[-0.6655082203997205, -0.43260595257318746]
[-0.8300882438717762, -0.22725649579530627]
[-0.8969152142055752, -0.062194559396821614]
[-0.8956112958304248, 0.07885316411133159]
[-0.675155706057889, 0.2692661371369781]
[-0.41304896575725947, 0.6121156263588063]
[-0.1828545339642841, 0.8236899358849797]
[-0.0040368167911510044, 0.8566234577829599]
[0.15074821942046723, 0.8488937830956907]
[0.4389850917441581, 0.6469112407276574]
[0.6621892846882209, 0.43061788627889697]
[0.8287897618980535, 0.2257825112015422]
[0.897883251270316, 0.06087637827659853]
[0.8979554857712024, -0.08019711600151325]
[0.6768830168047645, -0.27124412784415886]
[0.4141598677709807, -0.6140383354075367]
[0.18576815279451664, -0.8169409011409621]
[0.006720473118820597, -0.8508996611138369]
[-0.14937968275713234, -0.8496844470879923]
[-0.4416569294705984, -0.6501837581620408]
[-0.6650861045678187, -0.4317797095202748]
[-0.8298029712461144, -0.22664108970595132]
[-0.896829461202674, -0.06185021609985897]
[-0.895684187594435, 0.0788509525894866]
[-0.6753744416692666, 0.2684514836123997]
[-0.41290621470282507, 0.6129583938875786]
[-0.1824939725320639, 0.8253535432006406]
[-0.003858834283292617, 0.85723556434532]
[0.150674565172441, 0.8483718571518091]
[0.4386137284823148, 0.6457415512715309]
[0.6617486906443155, 0.4297889999409597]
[0.8285001590438287, 0.2252154371315187]
[0.8977976741439812, 0.060570543012045674]
[0.8980262035195643, -0.08020150616062516]
[0.67710026061404, -0.27042486739560434]
[0.4140240082599754, -0.614847675153229]
[0.18546833114285266, -0.8183546330144893]
[0.0065810222583155276, -0.8513626511538531]
[-0.14932435901023133, -0.8492468209348923]
[-0.4413297211829674, -0.6491775066742672]
[-0.6646693709621102, -0.4309858445877301]
[-0.8295276847247838, -0.22605262201927834]
[-0.8967513706782854, -0.06152163456168169]
[-0.895756857682391, 0.07885019530577186]
[-0.6755841057588688, 0.26767120361128427]
[-0.41276479008244776, 0.6137816253773436]
[-0.1821424040768063, 0.8269630074649412]
[-0.003685408729040912, 0.8578157654629958]
[0.15060310117963144, 0.8478508051886644]
[0.4382425147096196, 0.6446058819343558]
[0.6613129203146395, 0.4289942331273699]
[0.8282206188050676, 0.22467614182854184]
[0.8977201994919531, 0.06028038923280021]
[0.8980968972077985, -0.08020862430738407]
[0.6773080489642914, -0.26964281726368655]
[0.413888537547485, -0.615640927944425]
[0.1851756159265438, -0.8197198081981987]
[0.006444330700068418, -0.8517982626794883]
[-0.14927204239763092, -0.8488109995191222]
[-0.4410035201342273, -0.6482023737963216]
[-0.6642579838099116, -0.4302231399570674]
[-0.8292620398123974, -0.22548981823736747]
[-0.8966805921409807, -0.06120804811527758]
[-0.8958293025284305, 0.07885061050748787]
[-0.6757849991364027, 0.26692415575251754]
[-0.41262462600737154, 0.6145857108770683]
[-0.18179950276466122, 0.8285198473016976]
[-0.003516300525109345, 0.8583655958652678]
[0.15053379783231813, 0.8473313554570852]
[0.43787171102475286, 0.6435034806671094]
[0.660882063862252, 0.4282322350132856]
[0.8279508590649696, 0.22416323882322942]
[0.8976504734517173, 0.060005118529880885]
[0.8981675286927939, -0.0802181118688291]
[0.6775066514450764, -0.26889673335188]
[0.4137533827334911, -0.616418371535021]
[0.18488968959411967, -0.821037909348736]
[0.0063102091538354, -0.8522078882505891]
[-0.1492226389271411, -0.8483775197723589]
[-0.4406784549242043, -0.6472576462208799]
[-0.6638519158975675, -0.42949040302905617]
[-0.8290057068373106, -0.22495144960492802]
[-0.8966167815354678, -0.06090871266314235]
[-0.8959015024519394, 0.07885195747381035]
[-0.675977416473692, 0.2662091986228387]
[-0.4124856735242184, 0.6153710215529309]
[-0.1814649614896142, 0.8300255824683235]
[-0.0033512857570937027, 0.8588865513049786]
[0.15046662601564403, 0.8468141923048839]
[0.4375015681844825, 0.6424335769631362]
[0.660456209859895, 0.42750169076975025]
[0.8276906062367323, 0.22367539786975543]
[0.8975881472989004, 0.05974395868234983]
[0.8982380460220921, -0.0802296574859207]
[0.6776963350861651, -0.2681853788992417]
[0.41361849080296004, -0.6171802716582817]
[0.18461025772816872, -0.822310412468879]
[0.006178485368265402, -0.8525928806702562]
[-0.14917605691207958, -0.8479468848614171]
[-0.44035465309751487, -0.6463425952958605]
[-0.6634511471347906, -0.4287864688547248]
[-0.8287583703678632, -0.22443633376085498]
[-0.8965596024139811, -0.06062290827773187]
[-0.8959734247012968, 0.07885403186750617]
[-0.6761616457129849, 0.2655251968393355]
[-0.4123478987476005, 0.6161379108706091]
[-0.18113849111697447, 0.8314817266752037]
[-0.0031901555172088314, 0.8593800848707689]
[0.15040155700769675, 0.8462999565031321]
[0.43713232693455467, 0.6413953870014695]
[0.6600354444531428, 0.42680132324491876]
[0.8274395951410395, 0.2232113449083351]
[0.8975328788274332, 0.05949616509138833]
[0.8983083864315908, -0.08024299178301897]
[0.6778773635514602, -0.2675075298799294]
[0.41348382644006776, -0.6179268828943124]
[0.18433704774168935, -0.823538780661934]
[0.006049003061986052, -0.8529545502378215]
[-0.14913220692599286, -0.8475195647142901]
[-0.44003224050761014, -0.6454564818548277]
[-0.6630556632152848, -0.4281102020712503]
[-0.828519728577104, -0.22394333495541363]
[-0.8965087268650114, -0.06034994034018426]
[-0.8960450261369319, 0.07885666152894333]
[-0.676337967633615, 0.26487102620052905]
[-0.41221128110985217, 0.6168867158263313]
[-0.18081981965973545, 0.8328897814311003]
[-0.0030327151730971114, 0.8598476041415746]
[0.15033856240026386, 0.8457892458754068]
[0.43676421786372943, 0.6403881182033709]
[0.6596198505969583, 0.4261298941764624]
[0.8271975688053415, 0.22276986160075152]
[0.897484333461125, 0.05926102172726888]
[0.8983784789635884, -0.08025788264827316]
[0.6780499964910212, -0.2668619795421518]
[0.41334936998980126, -0.6186584495434168]
[0.18406980756062663, -0.8247244587920443]
[0.00592162085097836, -0.8532941626671796]
[-0.14909100177281828, -0.8470959966993208]
[-0.439711340731307, -0.6445985604658491]
[-0.6626654543772805, -0.427460498401601]
[-0.8282894925752053, -0.2234713639032131]
[-0.8964638362313789, -0.060089140284611764]
[-0.8961162555829288, 0.07885970268486142]
[-0.6765066555516868, 0.2642455780220527]
[-0.41207581172849855, 0.6176177581982805]
[-0.18050869140823508, 0.8342512308172012]
[-0.0028787836039550763, 0.8602904690789478]
[0.15027761404082235, 0.8452826161729203]
[0.4363974612856837, 0.6394109732483494]
[0.6592095073685567, 0.4254862049983256]
[0.8269642782055382, 0.22234978451839993]
[0.8974421851328664, 0.05903784166769066]
[0.8984482467406911, -0.08027413098550662]
[0.6782144890289675, -0.26624754218097746]
[0.413215115564902, -0.619375206493729]
[0.1838083043084739, -0.8258688689725088]
[0.005796211184031175, -0.8536129375954713]
[-0.14905235647138115, -0.846676586432411]
[-0.4393920745368185, -0.6437680831503044]
[-0.662280514265648, -0.42683628577163657]
[-0.8280673857255794, -0.22301937733409993]
[-0.8964246216466862, -0.059839866008668086]
[-0.8961870558762073, 0.0788630365422609]
[-0.6766679751306341, 0.26364776274665447]
[-0.4119414918905575, 0.6183313457953553]
[-0.18020486603098512, 0.8355675370970432]
[-0.0027281924181828954, 0.8607099905616051]
[0.15021868399379357, 0.8447805821461346]
[0.43603226715212673, 0.638463153595122]
[0.6588044893578194, 0.42486909729842837]
[0.8267394819672922, 0.2219500040514773]
[0.897406116963717, 0.058825967296244897]
[0.8985176089292632, -0.0802915668988613]
[0.6783710913673964, -0.2656630562325768]
[0.4130810692947719, -0.6200773800731277]
[0.1835523230065587, -0.8269734068050052]
[0.005672659296468957, -0.8539120476107972]
[-0.14901618825248714, -0.8462617086887305]
[-0.4390745594068967, -0.6429643026205196]
[-0.6619008388955689, -0.42623652509335974]
[-0.8278531429578512, -0.2225863772964295]
[-0.8963907844161626, -0.05960150200448622]
[-0.8962573656414067, 0.07886656623709909]
[-0.676822184283346, 0.263076512911554]
[-0.41180833165148223, 0.6190277736848921]
[-0.17990811766205628, 0.8368401370746774]
[-0.0025807851647947355, 0.8611074294751774]
[0.15016174451875233, 0.844283618770171]
[0.43566883499918596, 0.6375438625513004]
[0.6584048661349936, 0.4242774529776704]
[0.826522946041111, 0.22156946309817516]
[0.8973758217704104, 0.05862477022086654]
[0.8985864824239636, -0.08031004627285576]
[0.6785200484886746, -0.26510738677051715]
[0.4129472477118964, -0.6207651888770132]
[0.18330166530148043, -0.828039438294831]
[0.005550862190749406, -0.8541926177320727]
[-0.14898241656648162, -0.8458517083972654]
[-0.4387589091175085, -0.6421864750821872]
[-0.6615264257163825, -0.4256602107582157]
[-0.8276465100883235, -0.2221714102602269]
[-0.896362036265098, -0.05937345925781623]
[-0.8963271208183407, 0.0788702141076354]
[-0.676969533149159, 0.26253078554932896]
[-0.41167634854557883, 0.619707325384866]
[-0.17961823398810492, 0.8380704391191502]
[-0.0024364165489756673, 0.8614839962785427]
[0.15010676806312556, 0.8437921625874912]
[0.43530735392811426, 0.6366523079336577]
[0.6580107017942989, 0.4237101941549768]
[0.8263144433627698, 0.22120715558416598]
[0.8973510024264295, 0.058433650964154205]
[0.8986547832827307, -0.08032944771220207]
[0.6786615999405852, -0.2645794274776469]
[0.412813676270561, -0.621438844565045]
[0.1830561482291514, -0.8290682973706757]
[0.0054307276510200675, -0.854455725279245]
[-0.14895096309895878, -0.845446901698772]
[-0.43844523337150376, -0.6414338626446013]
[-0.6611572727731305, -0.4251063708798545]
[-0.8274472431563848, -0.221773566061287]
[-0.8963380994753771, -0.059155174957224554]
[-0.8963962559673453, 0.0788739192632335]
[-0.6771102641313633, 0.2620095640917565]
[-0.4115455664039852, 0.6203702740094004]
[-0.1793350153460069, 0.8392598207792512]
[-0.0022949516604487685, 0.8618408509761203]
[0.15005372726690425, 0.843306613136706]
[0.43494800262048905, 0.6357877043584677]
[0.6576220545711524, 0.42316628285791036]
[0.8261137535083812, 0.2208621248550371]
[0.8973313720987277, 0.05825203847022098]
[0.8987224279393201, -0.08034966980783176]
[0.6787959796907377, -0.2640781021602608]
[0.4126803879920281, -0.62209855262137]
[0.18281560302303823, -0.830061283941585]
[0.005312173297326306, -0.8547024000773822]
[-0.14892175179225114, -0.8450475770499113]
[-0.43813363748592427, -0.6407057353786694]
[-0.6607933779624444, -0.4245740673215579]
[-0.8272551077834183, -0.22139197672152233]
[-0.896318706928139, -0.058946112049764965]
[-0.8964647053761167, 0.07887763542076909]
[-0.6772446119829326, 0.26151185983944814]
[-0.41141601427571267, 0.6210168833591907]
[-0.17905827384010573, 0.8404096269184334]
[-0.002156265221727266, 0.8621791034330291]
[0.1500025949769553, 0.8428273344411676]
[0.43459094938736675, 0.6349492751989196]
[0.6572389765299951, 0.4226447205336664]
[0.8259206623514946, 0.22053346197764884]
[0.8973166543793969, 0.05807938946630897]
[0.8987893342182582, -0.08037062869777323]
[0.6789234160384403, -0.26360236586466984]
[0.41254742222995755, -0.6227445130741225]
[0.1825798739725259, -0.8310196624282011]
[0.005195125683863988, -0.8549336249434014]
[-0.14889470887040018, -0.8446539963584894]
[-0.43782422213096606, -0.6400013730596168]
[-0.6604347383787381, -0.42406239553967706]
[-0.8270698785591171, -0.22102581517570358]
[-0.8963036020683226, -0.05874575867450338]
[-0.8965324039898793, 0.0788813289824849]
[-0.6773728039300315, 0.2610367130538808]
[-0.41128772544685527, 0.6216474089507801]
[-0.1787878324863359, 0.8415211683057158]
[-0.00202024086192068, 0.8624998139770581]
[0.14995334426866513, 0.8423546565351681]
[0.43423635225125756, 0.6341362542440137]
[0.6568615133191831, 0.42214454741103086]
[0.8257349617279715, 0.22022030398062686]
[0.8973065833290945, 0.05791518771178117]
[0.8988554221749385, -0.08039225589382237]
[0.6790441315738295, -0.2631512056500401]
[0.41241482354958026, -0.6233769211711345]
[0.1823488173358041, -0.8319446607102583]
[0.005079519444505215, -0.8551503364094952]
[-0.14886976286544656, -0.8442663961368936]
[-0.4375170831181208, -0.6393200666284331]
[-0.6600813497461714, -0.4235704842709528]
[-0.8268913384587712, -0.22067429393023175]
[-0.8962925388048146, -0.05855362750084503]
[-0.8965992881849321, 0.07888497733094046]
[-0.6774950598244902, 0.26058319372254307]
[-0.41116073655280616, 0.6222620989806005]
[-0.17852352438890784, 0.8425957206041506]
[-0.0018867704204616198, 0.8628039942379288]
[0.14990594847284178, 0.8418888770092923]
[0.43388435905937556, 0.6333478870907694]
[0.6564897039890234, 0.42166484174007407]
[0.8255564491130187, 0.2199218320591123]
[0.897300903446841, 0.05775894316206376]
[0.8989206147814874, -0.08041449634726938]
[0.6791583431754874, -0.2627236410656258]
[0.41228264071400905, -0.623995968009809]
[0.18212230031035606, -0.8328374694370373]
[0.00496529648778371, -0.8553534256422125]
[-0.14884684464309567, -0.8438849886626694]
[-0.4372123112346744, -0.6386611194031797]
[-0.6597332059314934, -0.42309749508833117]
[-0.8267192782938986, -0.22033666367554045]
[-0.8962852813580637, -0.05836925499455681]
[-0.8966652964038797, 0.0788885673186378]
[-0.6776115923178344, 0.2601504020424585]
[-0.41103508677815404, 0.6228611952212761]
[-0.17826519195386162, 0.8436345237039066]
[-0.0017557532840120904, 0.8630926081802556]
[0.14986038120602643, 0.8414302625596002]
[0.4335351076262528, 0.6325834322989936]
[0.6561235808687819, 0.4212047189329294]
[0.82538492731361, 0.21963726976457476]
[0.8972993695788403, 0.057610191070785355]
[0.898984838477102, -0.08043730672919214]
[0.6792662620390731, -0.2623187243751198]
[0.41215092577103585, -0.6246018411199467]
[0.1819002000629432, -0.8336992416522584]
[0.004852405242602081, -0.8555437395208634]
[-0.1488258874260442, -0.843509963136975]
[-0.4369099921214837, -0.6380238480686201]
[-0.6593902985326516, -0.42264262184704754]
[-0.8265534961976442, -0.22001221187028192]
[-0.8962816040653874, -0.058192200630893254]
[-0.8967303696691686, 0.0788920939317812]
[-0.6777226070507151, 0.25973746866232794]
[-0.41091081713887223, 0.6234449338490722]
[-0.17801268614258056, 0.8446387813523106]
[-0.0016270957588188362, 0.8633665732921048]
[0.14981661640257932, 0.8409790505281196]
[0.43318872590355295, 0.6318421623353901]
[0.6557631694982962, 0.42076333062599486]
[0.8252202041785275, 0.21936588119675637]
[0.8973017467772307, 0.05746849104955287]
[0.8990480235997086, -0.08046065390300905]
[0.6793680937306084, -0.26193554056593427]
[0.4120197332338207, -0.625194724999074]
[0.1816824028200058, -0.8345310926895025]
[0.004740799955152086, -0.8557220818432492]
[-0.1488068268134983, -0.8431414868332318]
[-0.43661020619078683, -0.6374075834700399]
[-0.6590526165378967, -0.4222050900401556]
[-0.8263937971455609, -0.21970026131244413]
[-0.8962812911527486, -0.058022046071116384]
[-0.8967944519899834, 0.07889555910949175]
[-0.6778283028526413, 0.2593435547189046]
[-0.4107879698414344, 0.6240135462024106]
[-0.17776586576732314, 0.8456096610380681]
[-0.0015007104799478754, 0.8636267618959246]
[0.14977462834714855, 0.8405354504244592]
[0.4328453321747723, 0.6311233643314207]
[0.65540848860981, 0.4203398636811754]
[0.8250620923275263, 0.21910696921160255]
[0.8973078101181808, 0.05733342610152148]
[0.8991101047141141, -0.08048451356905095]
[0.6794640382590621, -0.26157320717680205]
[0.4118891193489905, -0.6257748016004407]
[0.18146880301851168, -0.8353341002985829]
[0.004630440036829803, -0.8558892146306798]
[-0.14878960079569858, -0.842779706229602]
[-0.43631302858075904, -0.6368116712346787]
[-0.6587201460501131, -0.4217841560802941]
[-0.8262399925117524, -0.21940016870987333]
[-0.8962841364804979, -0.05785839431599038]
[-0.89685749067604, 0.07889897070157981]
[-0.6779288719478506, 0.258967851699079]
[-0.4106665877135434, 0.6245672594722999]
[-0.177524596829923, 0.8465482940914506]
[-0.001376515858093258, 0.8638740025530532]
[0.14973439170636907, 0.8400996454203806]
[0.4325050352723935, 0.6304263406770556]
[0.6550595501555843, 0.41993353914140985]
[0.8249104089004091, 0.21885987365633341]
[0.8973173444873961, 0.0572046016420793]
[0.8991710208502486, -0.08050886906285581]
[0.6795542901637407, -0.2612308739729792]
[0.41175914144583736, -0.6263422507743616]
[0.18125930251660025, -0.8361093049674406]
[0.004521289462394634, -0.8560458595079127]
[-0.1487741497624976, -0.8424247481202305]
[-0.43601852914347183, -0.6362354722419914]
[-0.6583928700710902, -0.42137910652248756]
[-0.8260918996598181, -0.21911132326053445]
[-0.896289943269449, -0.057700868847529674]
[-0.896919436570464, 0.07890234154960951]
[-0.6780245001639438, 0.2586095811553346]
[-0.410546713701307, 0.6251062973262224]
[-0.1772887519040762, 0.8474557759665287]
[-0.001254435564073203, 0.8641090815370112]
[0.14969588155882202, 0.8396717938109083]
[0.43216793481500965, 0.6297504094704988]
[0.654716359376918, 0.41954361115364314]
[0.824764975326308, 0.21862396964049985]
[0.8973301443399327, 0.05708164451756159]
[0.8992307156636494, -0.08053371029068257]
[0.6796390386127409, -0.2609077224947691]
[0.4116298573605093, -0.6268972506640238]
[0.18105380986275077, -0.8368577104079873]
[0.004413316217115437, -0.8561926991368821]
[-0.14876041650529845, -0.8420767207011487]
[-0.4357267724629905, -0.635678362961803]
[-0.6580707683405733, -0.42098925724083935]
[-0.8259493415676333, -0.21883314525084363]
[-0.8962985238126757, -0.05754911276822805]
[-0.8969802442126333, 0.07890568867759062]
[-0.6781153671405755, 0.2582679942988789]
[-0.4104283904278202, 0.6256308804675715]
[-0.17705820956098067, 0.8483331666753355]
[-0.0011343980505969797, 0.8643327443542363]
[0.14965907342252788, 0.8392520304369585]
[0.43183412146195843, 0.6290949048419207]
[0.6543789149103175, 0.4191693658704869]
[0.8246256171130493, 0.2183986658498997]
[0.8973460134402251, 0.0569642020308071]
[0.8992891375290595, -0.0805590327874165]
[0.6797184675093806, -0.2606029655017762]
[0.41150132492933866, -0.6274399780572045]
[0.18085223962175975, -0.837580284177826]
[0.004306491791299327, -0.8563303786860548]
[-0.1487483462118772, -0.8417357146276734]
[-0.43543781790040637, -0.6351397356775214]
[-0.6577538172250489, -0.4206139525703759]
[-0.8258121464847014, -0.21856508467880675]
[-0.8963096991775878, -0.05740278794529974]
[-0.8970398719407413, 0.07890903258001192]
[-0.6782016465360895, 0.2579423714917007]
[-0.41031165980834056, 0.6261412271331919]
[-0.1768328538376151, 0.8491814913474751]
[-0.001016336110510746, 0.8645456972941178]
[0.14962394327939205, 0.8388404680657363]
[0.4315036771830145, 0.6284591771674883]
[0.654047208926664, 0.41881012034024956]
[0.8244921636561309, 0.2181834029086146]
[0.8973647645873348, 0.05685194098062496]
[0.8993462395767946, -0.08058483688356566]
[0.6797927556040727, -0.26031584633243166]
[0.41137360154570574, -0.6279706086956249]
[0.18065451175541666, -0.838277958413095]
[0.004200790720284148, -0.8564595073198495]
[-0.14873788645382313, -0.841401804040868]
[-0.4351517196627238, -0.6346189986097439]
[-0.657441989651388, -0.4202525644237878]
[-0.8256801476205369, -0.2183066199073121]
[-0.8963232989020657, -0.057261574165976215]
[-0.8970982819427316, 0.07891239659627558]
[-0.6782835062304471, 0.25763202165608184]
[-0.4101965627174174, 0.6266375535318476]
[-0.17661257374650807, 0.8500017408918473]
[-9.001864703878093E-4, 0.8647486089928789]
[0.1495904675961937, 0.8384371987261184]
[0.43117667554075534, 0.6278425931882267]
[0.6537212272993842, 0.41846522139352094]
[0.824364448066581, 0.21797765179304646]
[0.8973862193296597, 0.05674454672075713]
[0.8994019796804615, -0.08061112696942285]
[0.6798620766095871, -0.2600456381957315]
[0.4112467437751116, -0.628489317543867]
[0.1804605510554964, -0.8389516306506255]
[0.00409619016775814, -0.8565806596949217]
[-0.1487289871665077, -0.841075047561301]
[-0.43486852689265065, -0.6341155759540185]
[-0.6571352550806732, -0.4199044913915601]
[-0.8255531828623935, -0.21805725635174866]
[-0.896339160687833, -0.05712516830866232]
[-0.8971554402633178, 0.07891580636175177]
[-0.6783611085232188, 0.2573362816177123]
[-0.4100831387035778, 0.6271200742267493]
[-0.17639726282553314, 0.8507948727401515]
[-7.858894180750864E-4, 0.8649421119983652]
[0.14955862334187828, 0.8380422949971406]
[0.4308531819833493, 0.6272445360467646]
[0.653400949797854, 0.4181340445332891]
[0.8242423070168063, 0.21778091230067914]
[0.8974102076727065, 0.056641722242639414]
[0.8994563204036493, -0.08063791084574568]
[0.6799265993180579, -0.25979164340986605]
[0.41112080702342924, -0.6289962790199485]
[0.18027028662647146, -0.8396021647203404]
[0.00399266955009725, -0.8566943774521456]
[-0.14872160062167097, -0.8407554892488375]
[-0.4345882837765275, -0.6336289078449582]
[-0.6568335795177743, -0.4195691578327607]
[-0.825431094520551, -0.2178165252051073]
[-0.8963571300936793, -0.05699328353369848]
[-0.8972113167739111, 0.07891928932676717]
[-0.6784346103257384, 0.2570545153963902]
[-0.4099714257474004, 0.627589002465349]
[-0.17618681872603145, 0.8515618116543835]
[-6.733884626446418E-4, 0.8651268043248261]
[0.14952838800098628, 0.8376558112483432]
[0.4305332541455459, 0.6266644052535482]
[0.6530863503023917, 0.4178159928344241]
[0.8241255806033528, 0.21759271157535653]
[0.897436567782927, 0.056543187285234]
[0.899509228912314, -0.08066519915143966]
[0.679986487718424, -0.2595531926003773]
[0.41099584525358, -0.629491667189739]
[0.18008365141522434, -0.8402303916912222]
[0.0038902101993304183, -0.8568011706949443]
[-0.14871568139282149, -0.8404431595276541]
[-0.43431102966775675, -0.6331584502575947]
[-0.6565369255524329, -0.41924601296279285]
[-0.8253137290992573, -0.21758398220292707]
[-0.8963770602306789, -0.056865648496587595]
[-0.8972658851115003, 0.07892287433579459]
[-0.6785041633468076, 0.25678611345643104]
[-0.40986146005904417, 0.6280445504597801]
[-0.17598114283737265, 0.8523034505829655]
[-5.626300250415051E-4, 0.8653032509887092]
[0.14949973958320578, 0.8372777848313457]
[0.4302169421558508, 0.6261016165928474]
[0.6527773970374762, 0.41751049585743205]
[0.8240141122254523, 0.21741260269007961]
[0.8974651456901513, 0.05644867747431137]
[0.8995606768588094, -0.08069300485976538]
[0.6800419011132897, -0.25932964386873447]
[0.4108719107461866, -0.6299756559275016]
[0.17990058178495072, -0.8408371108564421]
[0.0037887950622529087, -0.8569015194462362]
[-0.14871118631378394, -0.8401380760760608]
[-0.4340367992233113, -0.6327036748556072]
[-0.6562452524279028, -0.418934529943477]
[-0.8252009370914606, -0.21735920642971923]
[-0.8963988114611491, -0.056742006585803195]
[-0.8973191225918142, 0.07892659125998114]
[-0.6785699142715532, 0.2565304919272095]
[-0.40975327591153626, 0.6284869296213069]
[-0.17578013994595135, 0.8530206515522187]
[-4.5356315764655264E-4, 0.8654719855180797]
[0.14947265662909143, 0.8369082372224711]
[0.429904288947936, 0.6255556019777214]
[0.6524740528199802, 0.4172170085805336]
[0.8239077484781291, 0.21724016328768941]
[0.8974957949907096, 0.056357943492852725]
[0.8996106402427866, -0.0807213428354886]
[0.6800929942344317, -0.2591203819406267]
[0.41074905390001915, -0.630448419044839]
[0.17972101713040137, -0.8414230907451709]
[0.0036884084332046985, -0.856995875077629]
[-0.14870807443081796, -0.8398402446809757]
[-0.4337656225510551, -0.6322640687949519]
[-0.6559585161334159, -0.41863420498003634]
[-0.8250925727954042, -0.21714179916794263]
[-0.8964222511027402, -0.056622115186690025]
[-0.8973710101014463, 0.07893047067692571]
[-0.6786320049332364, 0.25628709180282266]
[-0.40964690550636046, 0.6289163507521848]
[-0.17558371792653724, 0.8537142465817983]
[-3.461392909200889E-4, 0.8656335114296925]
[0.14944711821208773, 0.8365471751166286]
[0.42959533057451804, 0.6250258092620193]
[0.6521762753194705, 0.4169350103533844]
[0.8238063390586506, 0.21707499427927401]
[0.8975283765529776, 0.05627075028360684]
[0.8996590992535631, -0.08075022944625809]
[0.6801399173563634, -0.2589248173019329]
[0.41062732306835553, -0.6309101303903746]
[0.1795448995316475, -0.8419890701503651]
[0.0035890357180499988, -0.8570846617057027]
[-0.1487063069487941, -0.8395496600571487]
[-0.4334975253658102, -0.6318391344903826]
[-0.6556766695170122, -0.4183445564288536]
[-0.8249884941512384, -0.21693138279009783]
[-0.8964472531387745, -0.05650574497243177]
[-0.8974215319730702, 0.07893454359231322]
[-0.6786905724779573, 0.2560553781285489]
[-0.4095423788681244, 0.6293330241982517]
[-0.17539178746387957, 0.8543850386143172]
[-2.403120052894281E-4, 0.8657883036689036]
[0.14942310393702923, 0.8361945914729171]
[0.429290096522046, 0.6245117020165571]
[0.6518840173278216, 0.41666400387512914]
[0.8237097366850836, 0.2169167185997311]
[0.8975627582267778, 0.056186876284381126]
[0.8997060380979915, -0.08077968222219123]
[0.6801828164075627, -0.2587423853291001]
[0.41050676442764367, -0.6313609639224409]
[0.17937217344357576, -0.842535759163416]
[0.0034906632269244564, -0.8571682775513128]
[-0.1487058471719725, -0.8392663066314708]
[-0.4332325291522614, -0.6314283893515006]
[-0.6553996624155245, -0.41806512391924466]
[-0.8248885625958289, -0.2167275996941419]
[-0.8964736979356889, -0.056392679222672326]
[-0.897470675847343, 0.07893884119861072]
[-0.6787457495223109, 0.2558348391806632]
[-0.409439723765301, 0.6297371599655653]
[-0.1752042618024511, 0.8550338024509534]
[-1.3603682644228177E-4, 0.8659368100087408]
[0.1494005939353506, 0.8358504665127291]
[0.4289886100246967, 0.6240127592757503]
[0.6515972270356019, 0.41640351419891786]
[0.8236177970257194, 0.21676498001956784]
[0.897598814557768, 0.05610611269622234]
[0.8997514448173294, -0.0808097195583346]
[0.6802218330790641, -0.25857254541964897]
[0.41038742187509575, -0.6318010937570464]
[0.17920278541838397, -0.8430638402079071]
[0.003393277993387983, -0.8572470962586871]
[-0.14870666043997366, -0.8389901592927834]
[-0.43297065133298207, -0.6310313654940952]
[-0.65512744179874, -0.41779546749194313]
[-0.8247926429340064, -0.21653011128205824]
[-0.8965014719682325, -0.05628271317001332]
[-0.8975184325246457, 0.07894339466659483]
[-0.6787976643041448, 0.2556249856451737]
[-0.4093389656542625, 0.6301289678042563]
[-0.17502105652225375, 0.8556612856860614]
[-3.327104223080357E-5, 0.8660794524052916]
[0.14937956885727144, 0.8355147686712615]
[0.42869088837631775, 0.623528475260224]
[0.6513158483129328, 0.41615308776455395]
[0.8235303786382182, 0.21661944201176925]
[0.8976364265077712, 0.056028262784324157]
[0.8997953110961848, -0.08084036045525334]
[0.6802571049302545, -0.258414780127603]
[0.41026933695213536, -0.6322306941933357]
[0.1790366838584587, -0.8435739690660076]
[0.0032968676176988454, -0.8573214681719634]
[-0.14870871405954833, -0.8387211841078294]
[-0.43271190544002514, -0.6306476094318597]
[-0.6548599519250358, -0.4175351667565207]
[-0.8247006032245876, -0.2163385969811874]
[-0.8965304675528979, -0.05617565337433905]
[-0.8975647958093915, 0.07894823496595182]
[-0.6788464408266355, 0.25542534980018017]
[-0.40924012764403844, 0.6305086572626889]
[-0.17484208933865805, 0.8562682096349836]
[6.80264605616987E-5, 0.8662166283073359]
[0.1493600098612341, 0.8351874555034906]
[0.4283969432390887, 0.6230583590801846]
[0.6510398209926942, 0.415912291460502]
[0.8234473429172929, 0.21647978667236256]
[0.8976754811817483, 0.05595314121125394]
[0.8998376320661857, -0.08087162429350514]
[0.6802887654917832, -0.2582685943078261]
[0.410152548790827, -0.6326499397186526]
[0.17887381879710543, -0.8440667758920463]
[0.0032014201320311186, -0.8573917215673774]
[-0.14871197723276122, -0.8384593390039824]
[-0.4324563012886832, -0.6302766817528759]
[-0.6545971345059851, -0.4172838200695184]
[-0.8246123146795816, -0.21615275330768363]
[-0.8965605825899023, -0.05607131712470059]
[-0.897609762349267, 0.07895339271161794]
[-0.6788921989959422, 0.25523548470579566]
[-0.4091432304794195, 0.6308764377148902]
[-0.17466727992431483, 0.8568552702502648]
[1.6789534126679384E-4, 0.8663487119188336]
[0.14934189860089775, 0.8348684745458048]
[0.42810678094780275, 0.6226019344237854]
[0.6507690811541778, 0.4156807117161609]
[0.8233685540498764, 0.21634571369314437]
[0.8977158715619992, 0.055880573401877465]
[0.8998784061066596, -0.0809035306382383]
[0.6803169443655637, -0.25813351427260633]
[0.4100370940806655, -0.6330590049953198]
[0.17871414170472186, -0.8445428662088552]
[0.0031069238855455372, -0.8574581638400092]
[-0.14871642098220916, -0.8382045744195568]
[-0.43220384515217414, -0.6299181567847143]
[-0.6543389288776932, -0.4170410437347356]
[-0.8245276515750968, -0.21597229297129927]
[-0.8965917203139522, -0.05596953186831444]
[-0.8976533314714663, 0.07895889803291078]
[-0.6789350547527504, 0.2550549634049259]
[-0.4090482925402391, 0.6312325183640782]
[-0.17449654975125892, 0.8574231390223388]
[2.663739338028548E-4, 0.8664760554134101]
[0.1493252172099906, 0.8345577641345482]
[0.4278204028088156, 0.6221587392341094]
[0.65050356140547, 0.4154579536249592]
[0.8232938789767414, 0.21621693938491948]
[0.8977574962500057, 0.05581039493920548]
[0.8999176346443037, -0.08093609907056432]
[0.6803417673219039, -0.2580090869631867]
[0.40992300705331897, -0.6334580648310639]
[0.17855760531814016, -0.845002821883204]
[0.0030133674473600547, -0.8575210826443586]
[-0.14872201807388008, -0.8379568339224911]
[-0.4319545399361595, -0.6295716222514413]
[-0.6540852721768152, -0.41680647122674463]
[-0.8244464911725405, -0.21579694402056127]
[-0.8966237890538681, -0.05587013466608859]
[-0.8976955050176556, 0.07896478046283828]
[-0.6789751201980123, 0.2548833781376171]
[-0.4089553298548203, 0.6315771082249844]
[-0.17432982195141136, 0.8579724638615303]
[3.634993600862002E-4, 0.8665989901004605]
[0.14930994828532348, 0.8342552541827785]
[0.42753780539280084, 0.6217283253779402]
[0.6502431911630323, 0.41524364009862125]
[0.8232231873595987, 0.21609319574955144]
[0.8978002592162184, 0.05574245099028208]
[0.8999553219535119, -0.08096934904270547]
[0.6803633563938308, -0.2578948791384579]
[0.40981031948311725, -0.6338472941350252]
[0.17840416349098406, -0.8454472020774843]
[0.0029207395255573254, -0.8575807469885495]
[-0.14872874293824323, -0.8377160547982914]
[-0.43170838535212486, -0.6292366789254078]
[-0.6538360995194253, -0.4165797524384699]
[-0.8243687136488222, -0.21562644902729572]
[-0.896656702001108, -0.055772971673987426]
[-0.8977362871791696, 0.07897106884526017]
[-0.6790125037132159, 0.2547203395711974]
[-0.4088643561257649, 0.6319104160875032]
[-0.17416702119378127, 0.8585038699588545]
[4.5930762983562023E-4, 0.8667178275428691]
[0.14929607486827673, 0.8339608669165861]
[0.42725898082060676, 0.6213102583090299]
[0.6499878969271338, 0.41503741105265296]
[0.8231563515528081, 0.2159742295990229]
[0.8978440695579983, 0.05567659576112327]
[0.8999914749588006, -0.08100329975428122]
[0.6803818299687078, -0.25779047658257953]
[0.4096990607012693, -0.6342268678611176]
[0.1782537710630273, -0.8458765441753355]
[0.002829028900513869, -0.8576374082822192]
[-0.1487365715901334, -0.8374821686081124]
[-0.4314653780887878, -0.628912940276244]
[-0.6535913441811065, -0.4163605529533868]
[-0.824294202034357, -0.2154605643093881]
[-0.8966903769871362, -0.05567789764948328]
[-0.8977756843337101, 0.07897779125783999]
[-0.6790473100755265, 0.2545654760479911]
[-0.4087753827664152, 0.6322326504640748]
[-0.17400807357677467, 0.8590179606237173]
[5.538337281050243E-4, 0.8668328606267143]
[0.1492835804250363, 0.8336745175723833]
[0.4269839170415806, 0.6209041167282274]
[0.6497376025519405, 0.4148389226230094]
[0.8230932465788688, 0.21585980171974478]
[0.8978888412658232, 0.05561269197970142]
[0.9000261030405206, -0.08103797004732516]
[0.6803973028772637, -0.2576954833328866]
[0.40958925762199533, -0.6345969609404526]
[0.17810638374667206, -0.8462913646795329]
[0.0027382243709326848, -0.8576913013385019]
[-0.14874548154796724, -0.8372551017179051]
[-0.43122551198081327, -0.6286000321191622]
[-0.6533509377768157, -0.41614855334269074]
[-0.8242228421577857, -0.21529905919057468]
[-0.8967247362695474, -0.05558477548223961]
[-0.8978137048846142, 0.07898497494896828]
[-0.6790796405681176, 0.2544184328520364]
[-0.4086884189464711, 0.6325440195230415]
[-0.1738529065341206, 0.8595153180970279]
[6.471116917996511E-4, 0.866944364583509]
[0.1492724488258657, 0.8333961150564743]
[0.42671259810385087, 0.6205094922424256]
[0.6494922295092427, 0.4146478464136136]
[0.8230337501069424, 0.2157496860802649]
[0.897934492997813, 0.05555061040586662]
[0.9000592178448672, -0.08107337831795358]
[0.6804098864801615, -0.25760952092915645]
[0.40948093477889463, -0.6349577482044183]
[0.17796195802880396, -0.8466921600808786]
[0.0026483147110985816, -0.8577426453307303]
[-0.14875545175278676, -0.8370347757995656]
[-0.43098877817420866, -0.6282975922643393]
[-0.6531148104392337, -0.4159434484876232]
[-0.8241545225963727, -0.21514171529607623]
[-0.8967597063267838, -0.05549347574821406]
[-0.8978503591035739, 0.07899264628701275]
[-0.679109593086021, 0.2542788714958862]
[-0.40860347164538124, 0.6328447310100793]
[-0.1737014487530073, 0.8599965043387643]
[7.391746763641127E-4, 0.8670525979658716]
[0.1492626643236842, 0.8331255625683626]
[0.42644500441615185, 0.6201259890240708]
[0.6492516971449294, 0.41446386877440033]
[0.8229777424337272, 0.21564366908061894]
[0.8979809478625573, 0.05549022936714754]
[0.900090833098999, -0.08110954244277235]
[0.6804196887522354, -0.25753222768498296]
[0.40937411437005283, -0.6353094042999283]
[0.17782045108639485, -0.8470794076972809]
[0.0025592886379698365, -0.8577916447046812]
[-0.14876646248760714, -0.8368211083050164]
[-0.43075516528790025, -0.6280052701688513]
[-0.6528828909945161, -0.4157449469269396]
[-0.8240891346312114, -0.21498832588279404]
[-0.8967952176612835, -0.055403876286246656]
[-0.8978856589775369, 0.07900083072046671]
[-0.6791372622377978, 0.25414646902832233]
[-0.4085205457122603, 0.6331349921596532]
[-0.17355363010315533, 0.8604620617892829]
[8.300550136990936E-4, 0.8671578035775775]
[0.1492542115321857, 0.8328627581891117]
[0.4261811130008555, 0.6197532234726204]
[0.6490159229274746, 0.4142866901093162]
[0.8229251064660786, 0.21554154884149646]
[0.8980281332101869, 0.055431434319309414]
[0.9001209644319386, -0.08114647971835087]
[0.6804268143645404, -0.25746325798179265]
[0.4092688163105314, -0.6356521035982089]
[0.17768182071437558, -0.847453566482504]
[0.0024711347868616174, -0.8578384900473417]
[-0.1487784952974855, -0.8366140129141507]
[-0.4305246595710438, -0.6277227265924274]
[-0.6526551071344586, -0.41555277022941417]
[-0.824026572206382, -0.21483869520282495]
[-0.896831204610841, -0.05531586179628223]
[-0.8979196180603867, 0.07900955274769461]
[-0.6791627394433314, 0.2540209173635497]
[-0.40843964393121446, 0.6334150095982911]
[-0.17340938157561833, 0.8609125141040437]
[9.197842623191455E-4, 0.8672602093591637]
[0.14924707540373763, 0.8326075954361344]
[0.4259208977379536, 0.6193908238791843]
[0.648784822687813, 0.4141160242137176]
[0.8228757277048262, 0.21544313453150887]
[0.8980759804315935, 0.05537411743058651]
[0.9001496292017916, -0.0811842068122548]
[0.6804313647643445, -0.2574022815858261]
[0.4091650582910122, -0.6359860200984498]
[0.17754602526440114, -0.847815077804414]
[0.0023838416945609897, -0.8578833589133208]
[-0.1487915329106983, -0.8364133999575893]
[-0.4302972450557272, -0.627449633258027]
[-0.652431385584272, -0.4153666523911078]
[-0.8239667318913404, -0.21469263789901405]
[-0.8968676051679636, -0.05522932345829812]
[-0.8979522513298572, 0.0790188358951398]
[-0.6791861130280104, 0.2539019226322622]
[-0.40836076709104724, 0.6336849892413536]
[-0.17326863523023134, 0.8613483668616324]
[0.0010083932506435023, 0.8673600292303432]
[0.14924124120725538, 0.8323599637857559]
[0.42566432959981715, 0.6190384300953274]
[0.6485583108501037, 0.41395159764046097]
[0.8228294942292933, 0.2153482457308089]
[0.8981244247656524, 0.0553181771885114]
[0.9001768463296725, -0.08122273972428828]
[0.6804334382531882, -0.2573489829882179]
[0.409062855841499, -0.6363113273275036]
[0.17741302359325348, -0.8481643661927744]
[0.002297397788828981, -0.8579264166101302]
[-0.1488055591613836, -0.8362191768151912]
[-0.4300729037047909, -0.6271856725181278]
[-0.652211652265269, -0.41518633925710313]
[-0.8239095128458724, -0.21454997843130746]
[-0.8969043608069707, -0.05514415857108301]
[-0.897983575050052, 0.07902870270295503]
[-0.679207468313565, 0.25378920455475756]
[-0.40828391405844894, 0.6339451361848223]
[-0.17313132415067797, 0.861770108245217]
[0.0010959121142797845, 0.8674574638905814]
[0.14923669450626736, 0.8321197491648669]
[0.4254113768766272, 0.6186956932068801]
[0.6483363006530021, 0.41379314909396775]
[0.8227862966821171, 0.21525671182940992]
[0.8981734051143018, 0.05526351802827478]
[0.9002026361406601, -0.0812620937567502]
[0.680433130063145, -0.2573030607681917]
[0.4089622223990965, -0.6366281982367465]
[0.17728277501974493, -0.848501840056841]
[0.0022117913833397673, -0.8579678169436116]
[-0.14882055891395127, -0.83603124829121]
[-0.42985161555455753, -0.6269305370273578]
[-0.6519958324518955, -0.41501158796722504]
[-0.8238548167870412, -0.21441055053262276]
[-0.8969414163185999, -0.055060270209956075]
[-0.8980136066398353, 0.0790391747171626]
[-0.6792268877057976, 0.25368249583617425]
[-0.4082090818538555, 0.6341956545934839]
[-0.17299738240628695, 0.8621782096976819]
[0.001182370328024318, 0.8675527015792012]
[0.14923342113730909, 0.8318868344129144]
[0.42516200539241195, 0.6183622752133734]
[0.6481187043611333, 0.4136404288514463]
[0.8227460282539787, 0.2151683714585515]
[0.8982228638652875, 0.05521004998158541]
[0.9002270202119762, -0.08130228349262403]
[0.6804305324313826, -0.25726422697922413]
[0.40886316937898726, -0.6369368050970904]
[0.17715523928908158, -0.8488278923731688]
[0.002127010677210439, -0.8580077029248465]
[-0.14883651798952813, -0.8358495169670197]
[-0.42963335885230935, -0.6266839294220352]
[-0.6517838509226375, -0.41484216642529137]
[-0.8238025479576061, -0.21427419669303166]
[-0.8969787196518471, -0.054977566902594255]
[-0.898042364547269, 0.07905027248751617]
[-0.6792444507794176, 0.25358154158376717]
[-0.40813626572923956, 0.6344367475868035]
[-0.17286674501969607, 0.8625731265509116]
[0.0012677967332914153, 0.8676459187965095]
[0.14923140718882172, 0.8316610997155572]
[0.42491617871170595, 0.6180378487136903]
[0.6479054334665785, 0.4134931982104798]
[0.8227085846679469, 0.21508307195355314]
[0.898272746722389, 0.05515768834503454]
[0.9002500212285326, -0.08134332278073975]
[0.6804257346731447, -0.25723220655797024]
[0.4087657062478239, -0.6372373193931018]
[0.17703037654373796, -0.8491429013442331]
[0.0020430437583419114, -0.8580462074399727]
[-0.14885342309467764, -0.8356738835323231]
[-0.42941811018842263, -0.6264455620070402]
[-0.6515756321044369, -0.41467785279132974]
[-0.823752613095478, -0.21414076767102963]
[-0.8970162217627956, -0.05489596232212268]
[-0.8980698681302306, 0.0790620155703382]
[-0.6792602343601983, 0.2534860987460396]
[-0.4080654592472092, 0.6346686171236118]
[-0.17273934793964738, 0.8629552986297391]
[0.0013522195615700838, 0.8677372809873781]
[0.1492306389806709, 0.8314424230111547]
[0.42467385833686766, 0.6177220965983075]
[0.6476963988802334, 0.4133512289621066]
[0.8226738641631477, 0.21500066884661273]
[0.8983230025428952, 0.05510635336697878]
[0.9002716628458877, -0.08138522472704546]
[0.6804188232532375, -0.2572067367556134]
[0.4086698405988518, -0.6375299117170272]
[0.17690814730000912, -0.8494472310285074]
[0.0019598786099000176, -0.8580834538842709]
[-0.14887126175258175, -0.8355042470956895]
[-0.4292058446230932, -0.6262151564503051]
[-0.6513711002103386, -0.4145184349961548]
[-0.8237049214038155, -0.2140101220307118]
[-0.8970538764701578, -0.05481537499665001]
[-0.898096137543242, 0.07907442253569386]
[-0.6792743126046249, 0.2533959355734682]
[-0.40799665436083, 0.6348914638866476]
[-0.17261512801821638, 0.8633251508312078]
[0.0014356664544760978, 0.867826943188772]
[0.14923110304440934, 0.8312306803713128]
[0.4244350038961621, 0.6174147117484549]
[0.6474915111130121, 0.413214302888528]
[0.8226417674775649, 0.21492102538806956]
[0.8983735831821418, 0.055055969952021]
[0.9002919695606296, -0.08142800169122044]
[0.6804098818561181, -0.25718756659126857]
[0.4085755782281463, -0.6378147516634959]
[0.17678851242945973, -0.849741231942786]
[0.0018775031193192515, -0.8581195567619612]
[-0.14889002223685455, -0.8353405054753134]
[-0.4289965358076475, -0.6259924434851702]
[-0.6511701793701716, -0.41436371027768937]
[-0.8236593845214473, -0.21388212570369697]
[-0.8970916403172823, -0.05473572803447124]
[-0.8981211936305313, 0.07908751097829858]
[-0.6792867570772052, 0.2533108311004722]
[-0.40792984149367256, 0.6351054871678646]
[-0.17249402299186484, 0.8636830936798501]
[0.0015181644808917871, 0.8679150506427107]
[0.14923278610437246, 0.8310257463566587]
[0.4241995733227306, 0.6171153967424303]
[0.6472906804468971, 0.41308221128457123]
[0.822612197829768, 0.21484401209473025]
[0.898424443344857, 0.05500646738218862]
[0.9003109665881226, -0.08147166528792926]
[0.6803989914546498, -0.25717445632698205]
[0.40848292321142904, -0.638092007725565]
[0.1766714331445929, -0.8500252416375824]
[0.0017959050892895068, -0.8581546222531303]
[-0.14890969350811661, -0.8351825554708371]
[-0.42879015610045457, -0.6257771626207278]
[-0.6509727937541414, -0.4142134847383495]
[-0.8236159164933375, -0.21375665157467616]
[-0.8971294724403642, -0.05465694886417238]
[-0.8981450578252742, 0.07910129753165895]
[-0.6792976368255972, 0.25323057464822873]
[-0.4078650096196569, 0.6353108847553418]
[-0.1723759714657702, 0.8640295238597449]
[0.0015997401516325283, 0.8680017393761226]
