0.07006471164608571
0.09600078321650897
0.11875836694705542
0.13504557945949439
0.1519993927772318
0.16435774904665235
0.17846358838193058
0.1885025069888125
0.20084881525343518
0.209131020306748
0.2202263715891399
0.22724624722452147
0.23741520601825247
0.24326815550534264
0.25267473986197964
0.2577106128363554
0.2665122116160504
0.270681265411344
0.27892681905694994
0.2825661892926142
0.29036137083981217
0.29334342308551253
0.3006761359275021
0.30333817143995623
0.3103033002185543
0.31246775884188877
0.31900844027799513
0.3210013091029328
0.32722359095148423
0.32883895590067475
0.33464599452803134
0.3361879553711115
0.34171189110075645
0.3429637994305456
0.34806869010269803
0.3493082316754093
0.35416259865586985
0.3551745467649015
0.359603399711666
0.36063910997375165
0.3648528035346373
0.3657054117333544
0.3694908786458306
0.3703877247288126
0.3739973959725449
0.37474318656791455
0.37792894806331767
0.3787299482239594
0.38178169331584777
0.38245516928539647
0.38509532027726656
0.385829281112211
0.3883768043723222
0.3890008992968609
0.39115666962538415
0.39184312204833605
0.3939444568781914
0.39453456671222276
0.3962702591812956
0.3969225822956886
0.39863671125216893
0.39920323367130084
0.40058247780734013
0.4012099039451885
0.40259393012505484
0.4031439061871818
0.4042267176397635
0.40483565120644366
0.4059427382094927
0.40648094286891256
0.407321723357258
0.4079166278362452
0.40879470505068644
0.40932438249407166
0.4099708105696587
0.41055481296250407
0.411245942798524
0.4117693030558245
0.4122619718377754
0.4128372766309366
0.4133775403272749
0.4138960931215426
0.41426870956838135
0.4148368826797812
0.4152566347018
0.41577141323070077
0.41605136917431523
0.41661353298054804
0.41693788800262127
0.417449599308417
0.417658746418066
0.41821571398327806
0.41846515562241027
0.4189742823490789
0.4191297796274063
0.4196821473051728
0.41987317639111865
0.4203800462542704
0.42049518875764574
0.4210434002270012
0.4153206600109375
0.41062109031507554
0.4047146567667085
0.4001496170475314
0.39414068778856276
0.38969526801781973
0.38350947854025297
0.3792801206917638
0.3729847674893004
0.3689809611437269
0.36252176628819305
0.3587994908920888
0.35223013950736803
0.348822565331397
0.3421120883843938
0.33900617348421536
0.33219303110172793
0.3294492599081109
0.32253062067799415
0.3200559670720561
0.3130508066522785
0.3109405322031504
0.3038809682133243
0.301972935680794
0.2948509160334107
0.293279011697514
0.28617054496940664
0.284725671465853
0.2775843085977684
0.27643508939173167
0.2693914364136193
0.26830324979414705
0.261257369310958
0.260424545575194
0.2535731879272253
0.25275079028843145
0.24592325550654048
0.24532160063813016
0.2387917332742871
0.23816450072248116
0.23167446907913652
0.23124009630634057
0.22514927261756645
0.22466472340018423
0.2186163970018246
0.21830267516754656
0.21274548340287008
0.2123652097793611
0.2068394886715489
0.20661249454267638
0.2016533315229752
0.2013492268492341
0.1963991579608793
0.19623406744437225
0.1919044216586857
0.19165582938534756
0.18730559401198002
0.18718416148470415
0.18348385408909582
0.18327557318341603
0.17952235402072267
0.17943120099248688
0.17633271062020922
0.17615360415104925
0.17297162622969367
0.17290103203381676
0.17035589622197936
0.17019787955348917
0.16754386933899507
0.16748686216647063
0.16543303135514195
0.1652903020701426
0.16310952872177134
0.16306117822569077
0.16143019806190362
0.1612986375477542
0.15953071596989876
0.15948758413193592
0.1582106967459454
0.15808740752074468
0.1566712194612616
0.15663094342546496
0.15564358438298181
0.15552653900582225
0.15440391564576608
0.15436489788437693
0.1536094818528679
0.15349726252280982
0.15261536520442473
0.1525765471148734
0.15200375238443148
0.15189536222126054
0.15120791408873227
0.15116861234962267
0.15073753758420722
0.15063226689617382
0.15009989843222887
0.15005968779861192
0.14973728085204116
0.14963461434578776
0.14922460579614946
0.14918323598426364
0.14894333596243628
0.1488428895491495
0.14852855752375332
0.14848589493331887
0.14830813660454845
0.14820961500598723
0.14796953179473904
0.14792551914425311
0.1477942582605848
0.1476974268719702
0.147514601143433
0.1474692298637611
0.147372575653141
0.14727724198033956
0.14713833946152252
0.14709163105669534
0.14702062191683152
0.14692662334560963
0.14682126902806455
0.14677326265853816
0.14672119012598386
0.14662838583632654
0.146548564301305
0.1464993086341027
0.14646117800085834
0.14636944357918455
0.14630899866034794
0.14625854661285076
0.14623065525327292
0.1461398790573212
0.1460941055403622
0.14604251096542414
0.146022123713058
0.14593220437692825
0.14589752045784485
0.1458448361168673
0.1458299382681277
0.1457407829521303
0.14571447099894697
0.14566074737893725
0.14564985844896322
0.14556138157934317
0.14554138515583867
0.1454866698315046
0.1454787040973958
0.14539082643134252
0.14537559275547873
0.1453199300969314
0.1453140927414302
0.14522674065080018
0.1452150991879375
0.14515853028230832
0.14515424037866387
0.14506734528311116
0.1450584147336619
0.14500097743467844
0.1449978110269401
0.14491130893112822
0.14490442631614608
0.14484615536634607
0.14484380351336482
0.1447576346184034
0.14475230142891976
0.14469322861952297
0.1446914665346529
0.14460557490391676
0.1446014163427316
0.14454157068955606
0.14454023508095962
0.14445456834695555
0.14445130256318525
0.14439071048567537
0.14438968294195237
0.14430419204514966
0.14430160696270894
0.14424029245869863
0.1442394872819637
0.14415412623529483
0.1441520621317261
0.14409004694404823
0.14408940224962594
0.14400412792420936
0.14400246435101713
0.14393976812420933
0.1439392393364906
0.14385401126535857
0.14385265723825352
0.14378929766487508
0.14378885276892478
0.143703632966366
0.1437025196134787
0.14363851257026428
0.1436381286487407
0.14355288144343453
0.14355195649825198
0.14348731617269392
0.14348697688292086
0.14340166876342836
0.14340089244049234
0.14333563144859904
0.14333532518679504
0.1432499246582494
0.14324926656436437
0.1431833960603783
0.1431831146277513
0.143097592078786
0.14309702889916848
0.14303055867799513
0.14303029631308747
0.14294462389218657
0.1429441376563042
0.1428770762493405
0.14287682892742773
0.14279098042799118
0.14279055720894637
0.14272291197391979
0.14272267690094537
0.14263662765444576
0.14263625659260368
0.14256803379795827
0.14256780904601854
0.14248153582269243
0.14248120839185943
0.14241241329615276
0.14241219754184167
0.14232567845841027
0.14232538791352467
0.1422560248402369
0.14225581717761498
0.14216903161157435
0.14216877257231272
0.14209884498041572
0.1420986447880142
0.1420115732980698
0.14201134143430766
0.14194085198489567
0.14194065883175422
0.14185328308400755
0.14185307487768462
0.14178202549693142
0.14178183907675182
0.14169414177627207
0.14169395434064094
0.14162234627931658
0.14162216636479572
0.14153413119223435
0.14153396213426747
0.14146179602402323
0.14146162243560575
0.14137323398853197
0.14137308130384232
0.141300357210451
0.14130018979532932
0.14121143353398366
0.1412112955262855
0.1411380130000077
0.14113785161835393
0.141048713815534
0.14104858903466583
0.14097474715789796
0.14097459167415533
0.14088505936896356
0.14088494656298486
0.14081054399533333
0.1408103942730066
0.14072045522820406
0.14072035330619181
0.14064538832710688
0.14064524422593708
0.14055488688866072
0.1405547948916645
0.14047926544075842
0.14047912681548894
0.14038834028110264
0.14038825735934093
0.14031216107450764
0.14031202777468216
0.14022080175354268
0.1402207271483913
0.1401440614018364
0.14014393327223776
0.14005225805916913
0.14005219108884237
0.1399749530211269
0.13997482990258578
0.13988269634886466
0.13988263639695536
0.13980482294914928
0.1398047046795394
0.1397121041672052
0.13971205067344686
0.13963365861748345
0.1396335450327798
0.1395404694510921
0.13954042190385704
0.139461447871173
0.1394613388064949
0.13936778053037002
0.1393677384605307
0.1392881789690717
0.1392880742596611
0.13919402612992812
0.13919398910579456
0.13911384058546114
0.13911374006756902
0.1390191953728943
0.13901916299600534
0.13893842181260863
0.13893832532427577
0.1388432777846126
0.13884324968620904
0.1387619121640015
0.13876181954573003
0.13866626329715753
0.138666239135203
0.1385843015780449
0.13858421267336254
0.13848814225418596
0.13848812171083008
0.13840558042204806
0.13840549507797156
0.13830890541596205
0.13830888819536347
0.1382257394963534
0.13822565756375918
0.13812854396441931
0.1381285297908628
0.13804477003848564
0.138044691372397
0.13794704950814343
0.13794703812439957
0.13786266372721545
0.1378625881870158
0.13776441408717746
0.13776440525306302
0.13767941268644474
0.13767934013602634
0.13758063017756275
0.13758062366866844
0.13749500948883364
0.13749493979669056
0.13739569069554
0.13739568630209875
0.13730944715909596
0.1373093801983698
0.13720958900134325
0.13720958652721724
0.1371227191768995
0.13712265482538477
0.13702231890252667
0.1370223181642951
0.13693481947931188
0.136934757619428
0.1368338746567701
0.13683387548290346
0.13674574246273952
0.13674568298147557
0.13664425097411517
0.1366442532042233
0.1365554829843117
0.1365554257731486
0.1364534430185873
0.13645344650273217
0.13636403636266645
0.13636398131748137
0.13626144640916502
0.1362614510072293
0.13617139837809888
0.13617134539905576
0.13606825722006113
0.13606826280116574
0.1359775652720371
0.13597751426346638
0.1358738719802839
0.13587387842224888
0.13578253374581412
0.13578248461608491
0.13567828767245088
0.13567829486129473
0.13558630095870827
0.13558625362009513
0.13548150173083168
0.13548150956030464
0.13538886452522847
0.13538881889377458
0.13528351203859867
0.1352835204097467
0.13519022251162338
0.13519017850700238
0.13508431692426878
0.1350843257450253
0.13499037343159828
0.13499033097697555
0.1348839151573226
0.13488392434212512
0.1347893162412252
0.1347892752631202
0.1346823059429907
0.13468231541242018
0.13458705033303725
0.13458701076118754
0.13447948891619946
0.13447949859664046
0.1343835755292993
0.13438353729652716
0.1342754641346729
0.13427547395799302
0.1341788920744519
0.13417885511653396
0.13407023207118887
0.13407024197443562
0.13397300062672732
0.13397296488226795
0.13386379360499231
0.1338638035301064
0.13376590224894025
0.13376586765924883
0.1336561500123695
0.1336561599059133
0.13355759839845838
0.13355756490743056
0.13344730295639107
0.13344731276929123
0.1333480909163602
0.1333480584703637
0.13323725447583384
0.133237264163137
0.13313738201579087
0.13313735056355563
0.13302600697329353
0.13302601649393475
0.13292547426952842
0.13292544376204118
0.13281356320250312
0.13281357251908568
0.13271237059677574
0.13271234098717927
0.13259992625487343
0.13259993533345982
0.13249807424919502
0.13249804549269156
0.13238509954527453
0.13238510835518774
0.13228258879620333
0.13228256084996257
0.13216908679707792
0.13216909531071286
0.1320659181095504
0.13206589093262164
0.13195189202648175
0.13195190021912556
0.13184806634719984
0.13184803990042857
0.13173351952614132
0.131733527375803
0.1316290379365378
0.13162901218248593
0.13151397384813
0.13151398133537823
0.13140883755693256
0.13140881245980304
0.13129325978625447
0.1312932668940637
0.1311874701216709
0.13118744564723567
0.13107138235775118
0.13107138907135513
0.13096494075929627
0.13096491687482817
0.13084834678438906
0.13084835309114187
0.13074125479437554
0.13074123146858363
0.13062415847300615
0.13062416436225033
0.13051641772772057
0.13051639493068873
0.1303988229955059
0.13039882845844694
0.13029043521609077
0.13029041291921953
0.13017234606833997
0.13017235109792757
0.13006331305140337
0.13006329122735474
0.12994473353150382
0.12994473812231916
0.1298350571394769
0.12983503576212221
0.12971599132707065
0.1297159954752194
0.12960567347833377
0.1296056525227041
0.12948612547728908
0.12948612918030022
0.12937516813608615
0.12937514757832544
0.12925514206226849
0.1292551453189985
0.12914354722842955
0.1291435270457502
0.12902304719727586
0.1290230500078178
0.1289108168957663
0.12891079706640712
0.12878984700966573
0.12878984937526375
0.12867698327998162
0.12867696378316787
0.12855554761546528
0.12855554953843332
0.12844205250089152
0.1284420333167971
0.12832015509563316
0.1283201565792786
0.12820603063238276
0.12820601174209448
0.1280836754720112
0.1280836765205625
0.1279689236782617
0.1279689050637452
0.12784611468298507
0.12784611530152393
0.12773073754782854
0.12773071919189602
0.12760747855886995
0.12760747875326697
0.12749147803119104
0.12749145991747063
0.1273677727970331
0.1273677725738877
0.1272511507743306
0.12725113288723724
0.1271270029367669
0.12712700230335042
0.1270097612539316
0.12700974357863934
0.1268851743339207
0.12688517329812318
0.12676731475198305
0.1267672972743987
0.12664229213530057
0.12664229070558075
0.1265238163301602
0.1265237990368982
0.12639836125284296
0.1263983594381815
0.12627927080399148
0.1262792536823498
0.126153386337567
0.1261533841474225
0.12603368271681423
0.12603366575475164
0.12590737175330788
0.12590736919757572
0.12578705631352188
0.12578703949963582
0.12566032155023243
0.12566031863920651
0.1255393955141019
0.12553937883760763
0.12541223943813673
0.12541223618247344
0.125290703886964
0.1252906873376742
0.12516312875952235
0.1251631251702072
0.12504098462205449
0.12504096819036
0.12491299246244827
0.12491298855076462
0.12479024050375256
0.12479022418060358
0.12466183307315255
0.12466182885065244
0.12453847388354232
0.12453845766043017
0.12440965266843675
0.1244096481469139
0.12428568665245247
0.12428567052139221
0.12415645284780526
0.12415644803926977
0.12403188021325513
0.12403186416676837
0.12390223470535022
0.12390222962200514
0.12377705545241331
0.12377703948351162
0.12364699880137116
0.12364699345559059
0.12352121271176618
0.12352119681393485
0.12339074513371845
0.12339073953802729
0.12326435175993967
0.12326433592712181
0.1231334731088486
0.12313346727590359
0.12300647176346972
0.12300645599005058
0.12287518151257813
0.12287517545515021
0.12274757125762474
0.1227475555384163
0.12261586848052353
0.12261586221148149
0.12248764811691322
0.1224876324471389
0.12235553146821386
0.12235552500050897
0.12222669952526269
0.12222668390054217
0.12209416722086273
0.12209416056751447
0.12196472194585559
0.12196470636218983
0.12183177174278645
0.12183176491686895
0.12170171109060834
0.12170169554436437
0.12156834026645583
0.12156833328108542
0.1214376618892801
0.12143764637717606
0.12130386722117002
0.12130386008949316
0.12117256845819845
0.12117255297728828
0.121038346201341
0.1210383389365231
0.12090642406859003
0.12090640861624824
0.1207717699343793
0.12077176254959403
0.12063922111450563
0.12063920568841185
0.12050413024817282
0.12050412275659182
0.1203709510803306
0.12037093567845389
0.12023541803815235
0.12023541045293543
0.12010160450787309
0.12010158912845599
0.11996562323393967
0.11996561556822531
0.11983117096302558
0.1198311556045679
0.11969473476557667
0.1196947270324729
0.11955963900199582
0.11955962366323816
0.11942274052933674
0.11942273274191202
0.11928699613710878
0.11928698081701557
0.11914962735312265
0.11914961952439715
0.11901322880218192
0.11901321349992407
0.11887538096145915
0.11887537310439605
0.11873832231748105
0.1187383070324182
0.11859998594009248
0.11859997806758935
0.11846226085426793
0.11846224558593026
0.118323425700213
0.1183234178250932
0.11818502739895476
0.11818501214702415
0.11804568244232218
0.11804567457732636
0.11790660371688577
0.11790658848117662
0.1177667371197709
0.11776672927754839
0.11762697031577164
0.11762695509621089
0.11748656940200077
0.117486561595101
0.11734610640880774
0.11734609120541453
0.1172051576375274
0.11720514987839128
0.11706398987751412
0.11706397469037863
0.11692247881671032
0.1169224711176616
0.11678059723434106
0.11678058206360288
0.11663850853436165
0.11663850090759818
0.11649590358509183
0.11649588843091759
0.11635322095225338
0.11635321340983837
0.11620988259122203
0.1162098674537824
0.1160665887615905
0.1160665813154439
0.1159225064320822
0.1159224913115282
0.1157785831455265
0.11577857580741623
0.11563374576718057
0.11563373066361927
0.11548917374180595
0.11548916652333929
0.11534356969855036
0.11534355461201991
0.11519832860562822
0.11519832151824329
0.11505194573331692
0.11505193066376083
0.11490601417283665
0.1149060072277941
0.11475883974656939
0.11475882469381032
0.11461219522354721
0.1146121884319221
0.11446421594465242
0.11446420090836541
0.11431683484634107
0.11431682821901502
0.11416803682900434
0.11416802180868926
0.11401989440315631
0.11401988795081007
0.11387026316067908
0.11387024815563282
0.11372133349502518
0.11372132722813172
0.11357085392570163
0.11357083893498969
0.11342110992881463
0.11342110385763267
0.11326976630141758
0.11326975132384534
0.11311917968513865
0.11311917381970701
0.11296695562401024
0.11296694065809398
0.11281549688762312
0.11281549123775575
0.11266237535737061
0.11266236040130824
0.11251001377371489
0.11251000834899691
0.11235597706351781
0.11235596211515968
0.11220268066723889
0.11220267547702346
0.1120477103747802
0.11204769543159973
0.11189344595291664
0.11189344100632338
0.11173752296795787
0.11173750802702276
0.11158225605307281
0.11158225135898714
0.11142536054070216
0.1114253455986457
0.11126905540676546
0.11126905097383957
0.1111111667903557
0.11111115184334873
0.1109537864515855
0.11095378228824104
0.1107948833955099
0.1107948684392337
0.11063638960838186
0.11063638572281424
0.11047645000054639
0.11047643503016649
0.11031680326917605
0.11031679966936066
0.11015580420343819
0.11015578921357955
0.10999496378853814
0.10999496048223875
0.10983288154709528
0.10983286653181909
0.10967080547870323
0.10967080247348251
0.10950761551454682
0.10950760046732919
0.10934426060871259
0.10934425791194516
0.10917993752825801
0.10917992244197097
0.10901525940786838
0.10901525702675616
0.10884977695388519
0.1088497618207805
0.10868373007379332
0.1086837280153838
0.10851706110877551
0.10851704592047123
0.10834959878538812
0.10834959705659529
0.10818171527551858
0.1081817000229894
0.10801278972097861
0.1080127883286069
0.10784366272085795
0.10784364739442946
0.10767322508194305
0.1076732240327144
0.10750282472026743
0.10750280930961482
0.10733082512210419
0.10733082442268799
0.10715912058849159
0.10715910508264338
0.10698550818316534
0.10698550784021205
0.10681246771634449
0.10681245210369185
0.10663719073646101
0.10663719075663883
0.10646278161404935
0.10646276588236138
0.10628578743128035
0.10628578782131533
0.10610997596139064
0.1061099600978367
0.10593121115001018
0.10593121191672984
0.1057539626649356
0.10575394665611465
0.10557337307032674
0.10557337422070703
0.1053946519225635
0.10539463575454155
0.10521218273464855
0.10521218427586433
0.10503195229552229
0.10503193595387851
0.10484754812704113
0.10484755006652002
0.10466577078820809
0.10466575425809008
0.10447937575774205
0.10447937810322164
0.10429601293583855
0.10429599620202745
0.1041075707554488
0.104107573515037
0.10392258290016189
0.10392256594714808
0.10373203696748473
0.1037320401497234
0.10354538357331373
0.10354536638538354
0.10335267706792871
0.10335268068186017
0.10316431668990048
0.10316429925123465
0.10296939267376208
0.10296939672899844
0.10277928294735277
0.102779265242137
0.10258208446905308
0.10258208897584815
0.10239018213455606
0.10239016414710443
0.10219065233716426
0.10219065730648771
0.10199691326872637
0.10199689498361762
0.10179499550093131
0.10179500094454492
0.10159937474045928
0.10159935614268678
0.10139501267072501
0.10139501860126063
0.10119746446683955
0.1011974455419748
0.10099060220026893
0.1009906086313077
0.10079108005245685
0.10079106078682706
0.10058166225004761
0.10058166919620014
0.10038011895813113
0.10038009933901054
0.10016809095810045
0.10016809843508752
0.09996447867710963
0.09996445869292488
0.0997497866179584
0.09974979464269174
0.0995440569184559
0.09954403655900487
0.09932664786344206
0.09932665645410448
0.09911875179731125
0.09911873105399545
0.09889857386000311
0.09889858303612781
0.09868846203167002
0.09868844089773952
0.0984654645022551
0.09846547428480326
0.09825308714527266
0.09825306561608332
0.09802722061730507
0.09802723102874122
0.09781252767618635
0.09781250574946825
0.09758374417346596
0.09758375523783067
0.09736668539061012
0.09736666306674606
0.09713493849389997
0.09713495023687875
0.09691546350141216
0.09691544078372531
0.09668070847471467
0.096680720923703
0.09645876689088113
0.09645874378593006
0.09622096080701131
0.09622097399117442
0.09599650233715079
0.09599647885503028
0.09575560420236176
0.095755618152689
0.09552857874373814
0.09552855489838412
0.09528454962117384
0.0952845643705264
0.09505490737162112
0.09505488318111753
0.09480771050338975
0.09480772608654131
0.09457540207327066
0.09457537756015595
0.09432500300095144
0.09432501945462074
0.09408997952804538
0.09408995471961631
0.09383634621146
0.09383636357433443
0.09359855947835499
0.09359853440696504
0.09334166241245109
0.0933416807252009
0.09310106496599935
0.09310103966934898
0.09284087729570968
0.09284089660099129
0.09259742256809579
0.0925973970895117
0.09233392020104876
0.09233394054349708
0.09208756263201627
0.09208753702071638
0.09182072434898379
0.09182074577519202
0.09157141950876735
0.09157139382010845
0.09130122707174325
0.09130124963022976
0.09104893178426197
0.09104890607996674
0.09077537004206679
0.09077539378322792
0.0905200425079489
0.09052001685630884
0.09024309949925656
0.09024312447530478
0.08998469941828555
0.08998467389433652
0.08970436647196268
0.08970439273684899
0.08944285516456103
0.0894428298502279
0.08915912699720056
0.0891591546065203
0.08889446752459824
0.08889444250880517
0.08860734233511491
0.08860737134599642
0.08833949961788651
0.08833947499662956
0.08804897917902504
0.08804900964999987
0.0877779201137183
0.08777789599009693
0.08748400986030194
0.08748404185115631
0.0872097034339252
0.08720967991812958
0.08691241254764712
0.08691244611925332
0.08663482994982873
0.08663480715907951
0.08633417144035839
0.08633420665448578
0.08605328617303916
0.08605326423147701
0.0857492769551835
0.08574931387428804
0.08546506493975226
0.08546504397827415
0.08515772590637538
0.08515776459336716
0.08487016558820593
0.08487014574424587
0.08455952167857375
0.08455956219656179
0.08426859412896916
0.08426857554622083
0.08395467439214598
0.08395471680415958
0.0836603634077408
0.08366034623582032
0.0833432010606258
0.08334324542931217
0.08304549326033903
0.08304547765438591
0.0827251257398906
0.08272517212718784
0.08242401065955897
0.08242399677977406
0.0821004796687172
0.08210052813550268
0.08179594985357112
0.0817959378646904
0.08146930140035268
0.08146935200606634
0.08116135249552264
0.08116134256622647
0.08083163692472918
0.08083168972697141
0.08052026776398925
0.08052026006624659
0.08018753978094184
0.08018759483504635
0.07987275247390828
0.07987274718225645
0.0795370711595968
0.07953712851817825
0.07921887117760221
0.0792188684683628
0.07888029999462068
0.07888035970709771
0.07855869625547823
0.07855869630591034
0.07821730304410687
0.07821736515620083
0.07789230799596344
0.0778923109833562
0.07754816495975471
0.0775482295129652
0.07721979466420759
0.07721980076491422
0.07687297834443997
0.07687304537549809
0.07654125255905757
0.07654126194747395
0.07619184379743549
0.07619191333773631
0.07585678605777925
0.07585679890527039
0.07550486994678204
0.07550494202179801
0.07516650764797494
0.07516652412175362
0.07481217346829398
0.07481224809697139
0.07447053794612077
0.07447055820808307
0.07411387909066851
0.07411395628480943
0.07376900570212473
0.07376902990764792
0.07341011958615669
0.07341019934978946
0.07306204778928968
0.07306207608599827
0.07270103574624727
0.07270111807498865
0.07234980917905133
0.07234984170555844
0.07198677634181104
0.0719868612222239
0.0716324428998553
0.07163247978448627
0.071267498067158
0.07126758547610877
0.07091010997953694
0.07091015133904335
0.07054336546746784
0.0705434553714883
0.07018297937057585
0.07018302530884866
0.06981455084907257
0.06981464320373114
0.06945122785761358
0.06945127846440433
0.06908123417209329
0.06908132892138119
0.06871503994664939
0.06871509529630926
0.06834360292496724
0.06834370000070564
0.06797460773536429
0.0679746678856114
0.0676018519804419
0.06760195130171595
0.06723013076407088
0.06723019575479607
0.06685618343266385
0.06685628490529054
0.0664818158468425
0.0664818856989649
0.06610680641504979
0.06610690993108609
0.06572987688244378
0.06572995159682725
0.06535393689869556
0.06535404233599401
0.06497453464476269
0.06497461420120443
0.06459779747115715
0.06459790469297579
0.064216016552533
0.06421610090883581
0.06383861709552321
0.06383872595019714
0.06345455641823501
0.0634546455093745
0.06307663084979395
0.06307674117047521
0.06269039417617027
0.06269048791356827
0.06231207964668255
0.06231219125115526
0.0619237755898233
0.06192387386073787
0.06154520993406408
0.061545322624641303
0.06115495193874672
0.06115505460578932
0.06077627337641171
0.06077638693991995
0.06038417968533742
0.06038428658612671
0.060005526517678515
0.06000564072553543
0.059611720122007085
0.05961183106896801
0.05923323042620672
0.059233345034596804
0.058837838999389686
0.05883795377970577
0.05845965032237068
0.05845976507252307
0.058062806136370354
0.05806292451209572
0.057685055189785894
0.057685169808357285
0.0572868950128619
0.057287016721198555
0.05690971737104189
0.056909831570606924
0.056510382346396736
0.056510507100140876
0.056133912149039907
0.05613402562869007
0.055733547653739425
0.05573367514189948
0.05535791731513628
0.055358029761187214
0.054956672798858935
0.0549568026874459
0.054582012725406685
0.054582123812212814
0.05418004152872646
0.054180173461715775
0.053806479846455396
0.05380658923732928
0.05340393899852373
0.053404072598985976
0.053031601292292965
0.053031708640525574
0.052628651287955824
0.05262878615935163
0.052257660353897416
0.05225776530387447
0.051854464910460765
0.0518546006380936
0.05148494052315409
0.05148504271156197
0.05108166631719302
0.05108180246981167
0.05071372501293774
0.050713824070051615
0.050310541397730134
0.05031067752927075
0.049944296275156765
0.04994439182620213
0.04954137497950742
0.04954151063096343
0.0491769355186213
0.049177027185199416
0.04877445032802677
0.04877458502943327
0.048411922228625365
0.04841200963019173
0.04801004864990931
0.048010181922426946
0.04764953369014634
0.04764961644553075
0.047248448600868055
0.047248579958950196
0.04689004451656275
0.04689012224551883
0.04648992580066701
0.04649005475429265
0.04613372618577517
0.0461337985105465
0.04573475235710371
0.04573487841405783
0.045380846585581634
0.04538091313247159
0.04498319640100834
0.044983319069190335
0.04463166957011251
0.044631729971044434
0.044235521634189534
0.044235640423930134
0.043886454529067774
0.043886508423122285
0.043491986892178605
0.04349210131854521
0.04314545597142408
0.04314550300634057
0.042752845723530566
0.04275295530860118
0.04240892312519053
0.04240896295882022
0.042018345987332444
0.04201845026241832
0.04167709955469144
0.041677131856389944
0.04128872947044742
0.0412888279782454
0.04095022279674267
0.04095024724869092
0.04056423152589173
0.040564323822547876
0.040228524016967276
0.040228540315410365
0.039845080733597577
0.039845166390664814
0.039512227687366216
0.03951223554376121
0.0391314985846643
0.039131577190938086
0.03880155128612393
0.03880155042818831
0.038423699190041814
0.03842377035325947
0.03809670502048629
0.03809669519314072
0.0377218890144278
0.03772195236281856
0.03739789157340347
0.03739787253960343
0.037026266635993094
0.037026321819668286
0.036705305874481835
0.03670527741593448
0.036337022532383835
0.03633706922455823
0.03601913489564087
0.03601909681340487
0.03565433889328097
0.03565437679131862
0.03533955747172333
0.035339509586690944
0.03497838945963397
0.03497841828591423
0.03466674414616126
0.03466668629942342
0.03430933938952535
0.0343093588921266
0.03400085704165913
0.034000789094755755
0.03364734515046747
0.03364735510366878
0.033342049755718264
0.03334197159077747
0.03299255443778547
0.032992554642388164
0.03269046728069673
0.03269037880046755
0.03234510611860124
0.03234509640207472
0.032046245947974936
0.03204614707575969
0.031705130200802345
0.031705110417260374
0.03140951339568248
0.031409404075175625
0.03107274782626135
0.031072717856276827
0.03078038855933559
0.030780268754376835
0.030448071287461864
0.03044803103772975
0.030158981684637303
0.03015885137888725
0.02983120406659084
0.029831153469450367
0.029545394361606525
0.02954525355815382
0.0292222408960727
0.02922217990890115
0.028939719579125084
0.028939568300034028
0.02862126783944785
0.028621196443939217
0.028342041798926347
0.028341880084734192
0.028028362391438872
0.028028280592781337
0.027752437047993416
0.027752264957166383
0.027443593595999332
0.02744350142196607
0.027170973028289556
0.02717079063664639
0.026867022181105035
0.026866919681072948
0.026597709242708864
0.02659751664282025
0.026298700709022613
0.0262985879529337
0.02603269713610955
0.026032494436681215
0.025738673740777436
0.025738550818057045
0.025475980250276684
0.025475767575523226
0.02518697801353961
0.025186845031985577
0.024927594391653613
0.024927371880669454
0.02464364262965337
0.024643499714309108
0.024387567810682683
0.02438733561681552
0.024108689256050204
0.024108536548074145
0.02385592139160431
0.023855679681835606
0.023582132332809685
0.023581969988352373
0.023332668851579023
0.023332417805915193
0.023063979289661894
0.023063807478760915
0.022817816948018682
0.022817556758895585
0.022554230769261736
0.022554049674763446
0.02231136569304057
0.02231109656474307
0.02205288085610766
0.022052690672623453
0.02181330857398967
0.02181303072208716
0.021559917310022825
0.021559718242926212
0.021323632779011118
0.021323346429809074
0.02107532180316726
0.02107511406763692
0.02084231942669425
0.020842024816701124
0.02059907015960211
0.020598853979714563
0.02036934379885229
0.02036904117426051
0.0201311325964818
0.020130908204356247
0.019904675575546683
0.019904365191725917
0.01967147396600668
0.019671241601003267
0.01944827907151203
0.019447961192512454
0.01922005399732576
0.0192198139052975
0.019000113473185098
0.018999788371248133
0.0187768275376367
0.018776579970234172
0.018560133075590464
0.018559801030664253
0.01834174479178769
0.01834149000581487
0.01812828751838475
0.018127948817641536
0.01791475155974257
0.017914489816561265
0.01770452202041021
0.017704176957762805
0.017495789471326066
0.01749552103630587
0.017288777612157948
0.01728842648777268
0.017084796217720938
0.017084521359731073
0.016880991365589033
0.016880634485392603
0.016681705779240802
0.016681424770179806
0.016481096620809602
0.0164807342959878
0.016286448648954056
0.016286161763313118
0.01608902320914252
0.016088655755628862
0.01589895205178296
0.01589865956623845
0.015704697672183406
0.015704325410136378
0.015519140158748328
0.01551884235177918
0.015328043476472663
0.01532766672974052
0.015146934296075488
0.015146631447601066
0.014958981223457684
0.014958600319030346
0.01478225314891843
0.01478194553995278
0.014597428854459736
0.014597044121907727
0.014425012959499281
0.014424700871817872
0.01424330185039904
0.014242913621299907
0.014075127719497265
0.014074811435312687
0.013896513426068586
0.0138961220334217
0.013732509356555983
0.01373218915819942
0.013556974718782382
0.013556580496413442
0.013397067914810415
0.013396744084416183
0.013224594971256656
0.013224198253213637
0.013068711729364753
0.013068384548555577
0.01289928170861407
0.012898882828556685
0.012747347594679763
0.012747017344251002
0.01258094090943001
0.01258054020001508
0.012432880926853773
0.012432547886455233
0.0122694771707669
0.012269074963032305
0.012125215919804077
0.012124880367618485
0.011964793867168132
0.011964390489918146
0.01182425569537655
0.011823917907794317
0.011666793303605726
0.011666389082800791
0.011529902447430015
0.011529562698720186
0.011375376862397703
0.011374972120551684
0.011242057579958347
0.01124171614193616
0.011090445144129903
0.01109004019971795
0.01096062183932862
0.010960278981020347
0.010811898102634906
0.01081149326951502
0.010685495440725785
0.010685151428031925
0.01053963517409597
0.010539230760947314
0.010416578188906527
0.01041623328426458
0.010273555400358111
0.010273151710138938
0.01015376959337387
0.010153424055422244
0.010013557546540854
0.010013154875968834
0.00989696897809295
0.009896623061337637
0.009759540213057598
0.00975913885211508
0.009646075585874495
0.00964572954036035
0.009511401942156087
0.009511002173622638
0.009400988677558557
0.009400642748546989
0.009269041319102351
0.009268643418116642
0.0091616076261352
0.009161262053790243
0.009032357068136687
0.00903196130178955
0.008927832005942058
0.008927487025026668
0.008801248143336413
0.00880085477029658
0.00869956167708109
0.008699217516665532
0.008575613814523587
0.008575223084697388
0.008476696865198176
0.008476353748382258
0.0083553537483594
0.008354965902585306
0.008259138236769796
0.008258796380420654
0.008140368084769693
0.008139983354548422
0.00804678697004138
0.008046446584548273
0.007930557508846931
0.007930176116107421
0.00783954482176076
0.00783920611080831
0.0077258233183750144
0.007725445475276412
0.007637314189849347
0.0076369773502103925
0.00752606748712342
0.007525693395892849
0.007439998172151954
0.0074396633935010555
0.007331192724056374
0.007330822576862102
0.007247500621404404
0.0072471680861528375
0.007141102528602147
0.007140736507461475
0.007059726196555479
0.007059396079708343
0.006955701242125566
0.006955339518846562
0.0068765804105774386
0.0068762528796133425
0.006774894095745434
0.006774536831901473
0.00669796967489679
0.006697644889670346
0.00659858725463598
0.006598234601571848
0.006523801340573695
0.0065234794532409235
0.006426687858949398
0.006426339957817571
0.0063539837363557694
0.006353664891322265
0.006259104061493296
0.006258761043318916
0.006188426203728952
0.006188110537620563
0.006095745062294692
0.006095407048067617
0.006027039129084726
0.006026726770740293
0.005936521140178702
0.005936188240970942
0.005869733973120315
0.005869425043605893
0.005781343681487105
0.005781015998593904
0.005716423297584877
0.005716117910228733
0.005630125206058849
0.005629802831161608
0.0055670207894818954
0.005566719049929445
0.005482779390591358
0.0054824624059406045
0.005421441282835076
0.005421143289122845
0.0053392210894983
0.005338909568114856
0.005279600778121465
0.005279306620769047
0.005199366353376041
0.005199060359268589
0.005141416459473312
0.005141126221592251
0.005063132445188006
0.005062832033585271
0.005006806709746475
0.005006520467164915
0.004930437854272866
0.0049301430718686305
0.004875691123551198
0.004875408944953128
0.0048012023082793925
0.004800913193488662
0.004747990518337599
0.004747712465415481
0.004675346783127603
0.004675063366352254
0.004623626943625899
0.004623353071245426
0.004552793511092771
0.004552515814995087
0.004502523688468792
0.004502254044844574
0.004433465987105815
0.004433194026888401
0.004384605287230619
0.004384339914111539
0.004317288973361127
0.00431702275705175
0.004269797523765817
0.004269536456628848
0.004204188502319003
0.004203928031058998
0.004158027434076139
0.0041577707023274435
0.004094091878188008
0.004093837146522962
0.004049223307524634
0.00404897093470677
0.0039869276769693195
0.003986678673140841
0.003943314686681115
0.003943066690685235
0.003882625745142574
0.003882382451380038
0.003840232365872432
0.0038399887591543938
0.0037811171970700067
0.0037808795898812433
0.0037399083885079443
0.003739669178307312
0.0036823344111931835
0.003682102461653174
0.003642276043249049
0.00364204123181
0.0035862110250940164
0.0035859846991307402
0.003547269859089095
0.003547039443882312
0.003492681929489356
0.0034924611881660093
0.003454825599407993
0.0034545995733526844
0.003401683261226146
0.0034014680610190444
0.0033648802550640903
0.0033646586067493304
0.0033131523953415383
0.003312942688413074
0.003277372036583475
0.003277154750488117
0.0032270279362502175
0.0032268236707163377
0.003192240365505241
0.003192027422215725
0.0031432497081190797
0.0031430508283107994
0.0031094258649389905
0.0031092172413644177
0.003061758744486745
0.003061565191205292
0.003028870349389465
0.0030286660189733695
0.0029824972771839136
0.002982308987949159
0.0029505168139005466
0.0029503167468288645
0.002905408724607784
0.002905225633899668
0.0028743094225699177
0.002874113585974695
0.0028304376794021746
0.0028302597188948992
0.0028001934964830026
0.002800001854641444
0.0027575298955927444
0.0027573569943815392
0.002728115501113812
0.002727928015642327
0.0026866322752248273
0.002686464360045175
0.0026580230332376997
0.0026578396632806465
0.002617692854549318
0.002617529849988527
0.0025898648074002533
0.002589685509813132
0.0025506607898003785
0.00255050261850146
0.002523590641983885
0.0025234153715107737
0.002485486342606768
0.0024853329254646067
0.0024591514449127036
0.0024589801543577774
0.002422120865076561
0.0024219721214263873
0.0023964991990342408
0.00239633183942724
0.0023605167845937515
0.002360372632391962
0.002335586947215024
0.002335423467970596
0.0023006275883630323
0.0023004879443604405
0.002276368777185453
0.002276209126256297
0.0022424078077373996
0.002242272587644996
0.002218799806167637
0.002218643930191443
0.002185813002361997
0.002185682121009349
0.0021628361653187526
0.002162684009758928
0.002130799744165266
0.0021306731156516823
0.0021084349840202387
0.002108286493300456
0.0020773256012276593
0.002077203139066268
0.0020555543740424687
0.0020554094916750854
0.002025349121555913
0.002025230738810815
0.0020041534136122858
0.00200401208232071
0.00197482981678987
0.001974715426206535
0.0019541921314098886
0.001954054293244985
0.0019257281458669848
0.0019256176599960798
0.0019056314905198787
0.0019054970869705147
0.0018780054986685983
0.0018778988299834225
0.001858433372360027
0.0018583023444578917
0.0018316241796702923
0.0018315212406780185
0.0018125605606097632
0.0018124328490285856
0.001786547391617311
0.001786448094964226
0.0017679767251592715
0.0017678522703085853
0.0017427392192449014
0.0017426434778158432
0.001724646406098676
0.0017245251482122853
0.0017001646130620663
0.0017000723400742534
0.0016825349977656054
0.0016824168769849067
0.0016587893732156302
0.0016587004823070857
0.0016416087328679579
0.0016414936893202926
0.0016185801334507686
0.0016184945387635312
0.0016018346666979502
0.0016017226405701526
0.0015795043451825956
0.0015794219614409168
0.0015631806614517586
0.0015630715930590707
0.0015415302616924084
0.0015414510042761204
0.001525615370668618
0.0015255092005191544
0.0015046269224610045
0.001504550707474254
0.0014891082238012812
0.0014890048926562087
0.0014687641376503859
0.0014686908819859122
0.0014536294109297994
0.0014535288598594193
0.0014339124727442254
0.0014338420941433655
0.0014191498676282709
0.0014190520380641689
0.001400043233356237
0.00139997565046483
0.0013856412599943624
0.001385546093777807
0.001367128450214891
0.0013670635826352488
0.0013530759698496657
0.001352983409276419
0.0013351408643316371
0.0013350786326707478
0.0013214270801183467
0.0013213370679800638
0.0013040539123593202
0.0013039942382734374
0.0012906683603907114
0.0012905808400130838
0.0012738417121461413
0.0012737845183819153
0.001260774252677231
0.0012606891679550409
0.0012444790484901738
0.0012444242589224653
0.001231719857358079
0.0012316371527873189
0.001215941359098176
0.0012158888987646927
0.001203480919331933
0.0012034005400391426
0.001188204720752069
0.00118815451588496
0.0011760338143678108
0.0011759557061367758
0.0011612458356856452
0.0011611978137401797
0.0011493555356623154
0.001149279644958272
0.0011350420181732816
0.0011349961078537302
0.0011234236806043482
0.0011233499545958282
0.0011095711813318872
0.0011095273126147276
0.001098216437748697
0.0010981448243271496
0.0010848118241368813
0.0010847699282914363
0.0010737125739993263
0.0010736430217966324
0.0010607430186521903
0.0010607030282587995
0.001049891422002556
0.0010498238804065646
0.001037344397473847
0.0010373062464396792
0.0010267328677499646
0.0010266672869181607
0.0010145961413865728
0.0010145597649591723
0.0010042173383903452
0.0010041536692617602
9.924789672318027E-4
9.92444302010458E-4
9.823257902494991E-4
9.822639845549711E-4
9.70974115985672E-4
9.709410999306982E-4
9.61039697056473E-4
9.609797073273465E-4
9.500633410448569E-4
