0.004909063818049139
0.012765559482748306
0.020496076663535957
0.027751473846197933
0.03476930568316703
0.04135046264111839
0.04773886250238878
0.05373470263770039
0.05956923927778278
0.06499961475475687
0.07028239324534863
0.07521400320689935
0.08001099725791824
0.08443925848035719
0.08872701645015915
0.09273318562657691
0.09659849110168776
0.10016919558446728
0.10357107312421243
0.10679862912104915
0.10984728217514741
0.11271488680633514
0.11535132161796317
0.11794396927593677
0.1202934181914937
0.12259850577983919
0.1245848874521446
0.12666141305060938
0.12841563020656374
0.13026629526663627
0.13169959099265197
0.1333457597276408
0.13458893175227163
0.13605933797312994
0.13701698449815994
0.13829124813317217
0.1390914103510936
0.14023129175208154
0.14077780930469708
0.14172221537372634
0.14213843517994673
0.1429843571744978
0.14317877718974895
0.14382830672232114
0.14391638116989625
0.14449969469226331
0.1444000147446415
0.14478786999542717
0.14460284885169078
0.14495347888591334
0.14461767278398088
0.14477698392331953
0.14437308340830624
0.144520393709823
0.14400515767278926
0.14396862751225584
0.14339780445593953
0.14337010470838688
0.14272873309475068
0.14252757003306651
0.14183781176776475
0.14166157848742889
0.1409419397031456
0.14060485575176387
0.13983878333913724
0.13953807549734054
0.1387811752168205
0.13833373468204438
0.13752774938860737
0.13712391630522164
0.1363631939831884
0.13582752660622213
0.13501151287330115
0.1345231326512918
0.1337844403914293
0.13317923565769504
0.13237672885320195
0.13181969218663117
0.13112180742968718
0.13046249896037745
0.12969118787471104
0.12907867814808255
0.12843416771468422
0.1277332358467296
0.12700566874084443
0.1263451654180686
0.12576142250140732
0.12502876010822206
0.12435313824151949
0.12365543346226168
0.12313575968638951
0.12237906967498446
0.12176005986433305
0.12103355576862296
0.12057816893714017
0.11980334747984492
0.1192428363593601
0.11849400418034438
0.11810091999180207
0.11731241127255045
0.11611834278481538
0.11331090182341425
0.1107697316221953
0.10797433062404943
0.1053207563588741
0.10261917455821422
0.10012689897407545
0.09748407929455954
0.09491231333319805
0.09240247821193287
0.09000880865793448
0.08758956667749067
0.0851447721965494
0.08288182113823045
0.08062704902445811
0.0784601852580093
0.07617150822519408
0.07416350754525934
0.07206842605827475
0.07014295721054559
0.06802031273377905
0.06623855851487062
0.06430719798510981
0.06258966904371789
0.060632012274010536
0.05903658529702735
0.057267435822401236
0.05572483071251427
0.053931067718777495
0.05249065475172121
0.05088602932620753
0.04949726610973393
0.04787183186607909
0.04656955885708919
0.04513610904634664
0.04389189472803225
0.04244379492581256
0.04127349066401362
0.04002035787840987
0.03891764848145654
0.037656074324929206
0.03661587100900472
0.035551996114097484
0.03458837377086493
0.03351836537582899
0.03260577848325457
0.031733338652319476
0.03090376029731955
0.030023768836458197
0.029233481223308468
0.02854648142094427
0.02784240388936948
0.027143919768822748
0.026467607427930223
0.025952540000500898
0.0253625527262855
0.024831153613425715
0.02425834688477527
0.02389604931723381
0.023407092506547
0.023024166792822695
0.022543359986425603
0.02231129610790805
0.021909854931121176
0.021654462085061655
0.021254049826275413
0.021128501202719543
0.020801502108161323
0.020652055391958215
0.02032096009111978
0.020278841778687898
0.02001420486806411
0.019949820883058623
0.019677835685178568
0.019698011913189508
0.019484924432724697
0.019486386639421233
0.019264317886039776
0.01932840483833847
0.019157408982823018
0.01920775855290932
0.019027523783986477
0.019120240383482524
0.018983212923823406
0.019068020345355093
0.018923808452325646
0.01903297613329978
0.018923045307393555
0.019030434458751504
0.01891535835297621
0.019031663711955252
0.018943115509888565
0.019063618753466228
0.018971949280020432
0.019088571364883622
0.019016721162957176
0.019143028447051593
0.019070025514605665
0.019182210259378232
0.019123270529701464
0.019249928208883525
0.01919169696200366
0.019296335817287655
0.019247285089457222
0.019370383584230905
0.01932374946126468
0.019418996669010556
0.019377454645352166
0.019494330770634026
0.01945672902041673
0.019541674259842084
0.01950578718948951
0.019614756207090356
0.019584133504023993
0.019658534368539336
0.019627759050478248
0.019727882932277216
0.01970260928836454
0.019766680286387426
0.019739831100627384
0.019830726386279005
0.019809520179157367
0.01986377221242098
0.019839935219696393
0.019921616726494572
0.019903478361675095
0.019948599510273092
0.019927076920921643
0.01999983421642651
0.01998398995272015
0.020020759578420633
0.02000102001202397
0.020065322062912953
0.02005117721438789
0.020081354449336043
0.02006299367383005
0.02011941635624971
0.020106516666119654
0.02013203641849052
0.020114747030439206
0.02016392011978281
0.020151920863253743
0.020173280946937874
0.0201568290781585
0.020199399232493746
0.020188040675454152
0.02020571511457376
0.020189922380753025
0.02022652688251985
0.020215614469154562
0.02023004320674214
0.020214773018961033
0.02024602237498732
0.020235411245011523
0.020246995043152253
0.020232142276319816
0.020258609418912162
0.020248192400668042
0.020257291234033272
0.02024277445730528
0.020264988762945694
0.02025468712450546
0.020261620841182295
0.020247376490720476
0.020265821233151744
0.020255577599996605
0.020260627979237743
0.020246605995621364
0.020261599003421914
0.0202513719669679
0.020254785616583497
0.02024094618303166
0.020252885828731474
0.020242645850254027
0.020244637381250673
0.02023094848178035
0.020240201779557793
0.020229928103108353
0.02023068345105465
0.020217119045226162
0.020224011154601658
0.02021368948563108
0.02021336916336807
0.020199907818660084
0.02020472568003529
0.020194346445971578
0.020193088615436162
0.020179712480159387
0.02018270847644788
0.020172265528112656
0.020170188832386405
0.020156882862013944
0.02015827837392278
0.020147768019664974
0.020144974148592832
0.020131725520709555
0.020131714292288966
0.02012113458241018
0.020117710566309795
0.02010450823606588
0.02010325950235838
0.02009260970126121
0.020088629940636295
0.02007546430101743
0.02007312565443442
0.020062405853173298
0.020057933900331948
0.020044796520789842
0.020041496509895524
0.020030707343454995
0.020025797456225375
0.02001268088005682
0.020008531345801543
0.01999767378828147
0.019992372277836554
0.019979269863766032
0.019974368025446526
0.019963443243039357
0.019957789638051664
0.019944695435219664
0.0199391257427302
0.019928134989438826
0.01992216303798831
0.01990907168631749
0.019902907457468793
0.019891852002325107
0.019885590531595748
0.01987249718155385
0.019865802044024182
0.019854683121430895
0.019848156773536654
0.01983505702082889
0.019827886178144384
0.019816704955109024
0.019809934815575102
0.019796824647417468
0.019789225987579765
0.019777983543215173
0.019770987676827258
0.01975786342728191
0.019749878491511618
0.01973857580537613
0.019731369712374866
0.019718228024842598
0.01970989285255864
0.019698530799303716
0.019691127803285035
0.01967796559870767
0.019669311463431986
0.019657890811891524
0.019650302389298734
0.01963711683896342
0.019628170888407806
0.019616692303758246
0.019608928363526974
0.019595716865619457
0.019586502677825815
0.01957496672581459
0.019567035846552706
0.019553796005796546
0.019544334071896076
0.019532741224408415
0.019524650855456783
0.019511380465319368
0.0195016886082673
0.019490039249703727
0.019481795881514993
0.019468492908569297
0.019458702619490717
0.019446997053492288
0.019438606300195352
0.019425268870190485
0.019415387590424743
0.019403626046957903
0.019395092832106636
0.019381719217857432
0.019371741904841932
0.019359924547146884
0.01935125321323703
0.019337841823730318
0.019327764332844544
0.01931589126422105
0.01930708565945134
0.01929363503010558
0.019283453984698995
0.019271525255054996
0.019262588806840283
0.019249097590784258
0.019238810271555884
0.019226825883664016
0.01921776166095155
0.019204228621196865
0.01919383287201371
0.019181792787443305
0.01917260355356862
0.01915902755596858
0.019148400740594165
0.0191363048853436
0.01912699321135559
0.019113373218353644
0.01910251811351179
0.019090366383197027
0.01908093461695074
0.01906726968174111
0.019056189900918907
0.019043982165678278
0.01903443246392521
0.019020721725269144
0.01900942107518541
0.018997157184248853
0.018987491540246246
0.018973734217773743
0.018962216659531378
0.018949896445465294
0.018940116712518173
0.01892631210246132
0.018914581718705536
0.018902205001346987
0.018892312912912868
0.018878460384222483
0.018866521351402713
0.01885408794149681
0.01884408512838354
0.01883018411918691
0.01881804068415466
0.018805550386710505
0.018795438391813846
0.018781488406175467
0.01876914486646573
0.018756597483845262
0.018746377774802245
0.01873237837975303
0.01871983906699422
0.01870723440174832
0.018696908381823005
0.018682859204627568
0.018670128470607065
0.01865746632807283
0.0186470353455403
0.01863293607117398
0.018620018276157307
0.01860729846682934
0.0185967638230817
0.018582614191892922
0.018569513694853677
0.018556736036541538
0.018546098993104217
0.018531898798638834
0.018518619949107428
0.018505784268891046
0.018495046053507203
0.018480795140474456
0.018467342271757333
0.018454448407750523
0.018443610219666423
0.018429308482028273
0.01841568590558485
0.018402733708517173
0.01839179672308044
0.01837744410224678
0.018363656103044235
0.018350645437670222
0.01833961081033427
0.018325207293449376
0.018311258126140397
0.018298188872484678
0.018287057742298874
0.018272603360604846
0.018258497246397633
0.018245369300843618
0.018234142793495035
0.018219637620760155
0.018205378744868234
0.018192192021097967
0.0181808712515608
0.018166315402561355
0.01815190791213807
0.018138662341929724
0.0181272484167696
0.0181126420458152
0.01809809004829127
0.018084785582180792
0.01807327960155361
0.018058622901046973
0.018043930462801994
0.018030567070614678
0.018018970129993678
0.018004263329016945
0.017989434474325786
0.017976012145583323
0.01796432533724309
0.01794956870016316
0.0179346074103671
0.01792112615457538
0.01790935056885696
0.017894544393943827
0.017879571533251003
0.017866031380081516
0.017854168024446667
0.017839312642463613
0.017824328130388173
0.017810729129734294
0.01779877901245475
0.01778387478532652
0.017768878035338994
0.017755220257274048
0.017743184388556543
0.017728231707995444
0.017713222201529367
0.017699505736164037
0.017687385128726918
0.017672384414853123
0.017657361697724583
0.017643586654967455
0.01763138232447914
0.017616334024432707
0.01760129770351869
0.017587464212744222
0.017575177178133596
0.017560081764675543
0.017545031504813492
0.017531139714441153
0.017518770998089093
0.01750362896818935
0.017488564489265404
0.0174746145662538
0.017462165194073842
0.017446977067484555
0.017431898141682275
0.01741789027094196
0.017405361272357575
0.017390127590170504
0.01737503403935574
0.017360968423084475
0.017348360830909616
0.017333082154096617
0.01731797384731788
0.017303850704261773
0.017291165554490992
0.017275842462427228
0.01726071931351369
0.017246538878157854
0.017233777209671775
0.01721841029864105
0.017203272263882734
0.017189034785574864
0.01717619763976662
0.01716078752144915
0.017145634597346263
0.017131340339356777
0.017118428759684275
0.01710297605962699
0.01708780828069731
0.01707345751921915
0.01706047255068854
0.017044977906758182
0.017029795343393026
0.0170153883664847
0.01700233105506963
0.016986795115889432
0.016971597872250003
0.01695713497872519
0.01694400637072623
0.016928429794096873
0.01691321800604448
0.016898699504311287
0.01688550064566044
0.016869884096965958
0.01685465793002018
0.01684008413687348
0.016826816072387576
0.016811160222987467
0.01679591987030757
0.016781291109677528
0.016767954882265138
0.016752260407873386
0.01673700608825911
0.016722322689918995
0.016708919339744645
0.01669318691879702
0.016677918874705287
0.01666318117294166
0.016649711736551543
0.016633942048562028
0.016618660544137073
0.01660386887638541
0.016590334385798284
0.016574528109705996
0.01655923342882039
0.01654438813426913
0.016530789616036382
0.016514947428543942
0.01649963987284898
0.016484741291014807
0.01647107976525316
0.01645520233915768
0.016439882226141667
0.01642493069541881
0.016411207174819534
0.016395295177337302
0.016379962838390237
0.016364958694576878
0.01635117418339456
0.016335228274480473
0.016319884052964487
0.01630482762776858
0.01629098312079328
0.016275003951455903
0.016259648200780536
0.016244539820307956
0.016230636301823635
0.016214624512436934
0.016199257594138622
0.016184097577366
0.01617013602009868
0.01615409223871104
0.016138714520536317
0.016123503177771246
0.016109484541829654
0.016093409382471186
0.016078021236463003
0.016062758867793882
0.01604868409960581
0.01603257816059434
0.01601717996118124
0.016001866854919267
0.015987736886166046
0.01597160074841248
0.015956192870500305
0.015940829301615698
0.01592664504816799
0.015910479273481454
0.01589506209054684
0.01587964831910184
0.015865410679958836
0.015849215809351967
0.01583378969153775
0.015818325961118165
0.015804035817353016
0.015787812369347495
0.015772377681559296
0.015756864217707115
0.01574252243142064
0.01572627090035344
0.01571082800035705
0.015695265009005813
0.015680872422291072
0.015664593276620915
0.015649142513140188
0.015633530179055565
0.015619087612974895
0.015602781293589512
0.015587323004404057
0.015571661489631178
0.01555716974320821
0.015540836661731592
0.015525371171774048
0.015509660614093796
0.015495120463321995
0.015478761000421894
0.015463288619873799
0.015447529131270057
0.015432941328139705
0.015416555831834709
0.015401076854220916
0.01538526851936039
0.015370633790905612
0.015354222574871618
0.015338737275152082
0.015322880149878999
0.01530819919724645
0.015291762539121966
0.015276271171780785
0.015260365281627998
0.015245638779168607
0.015229176918858344
0.015213679715989034
0.015197725054707704
0.015182953649092945
0.01516646678706925
0.015150963956455816
0.015134960484565495
0.015120144793929313
0.015103633089530777
0.015088124812723907
0.015072072456085045
0.015057213069192806
0.015040676638919375
0.015025163069307144
0.015009061717718
0.01499415919316318
0.014977598108967635
0.01496207936984022
0.014945928875660144
0.014930983741090309
0.01491439802866495
0.014898874211272662
0.014882674388074031
0.014867687139446544
0.014851076776505047
0.014835547938109707
0.014819298559360422
0.014804269660228844
0.014787634574782802
0.014772100736701594
0.01475580153448064
0.014740731415312812
0.014724071483942374
0.01470853262958449
0.014692183293332734
0.014677072350860807
0.014660387396979621
0.014644843469875306
0.014628443645183871
0.014613292241787193
0.014596582033901365
0.014581032935723753
0.014564582223162701
0.014549390686283912
0.014532654936245145
0.014517100524825115
0.014500598478814639
0.01448536710040955
0.01446860546166289
0.014453045548997415
0.014436491676724839
0.014421220712746234
0.014404432778572982
0.014388867128828073
0.014372260889212847
0.014356950559128712
0.014340135860885337
0.01432456418839456
0.01430790499110457
0.01429255547745082
0.014275713482805161
0.01426013545006503
0.014243422654587303
0.014228034102555123
0.01421116421372139
0.014195579429385789
0.014178812344154447
0.014163384861212346
0.014146486413186799
0.014130894430062366
0.014114072311647465
0.014098605967197905
0.01408167822599773
0.014066078539042943
0.014049200591403516
0.014033695416474033
0.014016737577382138
0.0140011296217132
0.013984194995517943
0.013968650982486477
0.013951662168305663
0.01393604531721283
0.013919053109232195
0.013903470211586319
0.013886449470906854
0.013870823033885234
0.01385377228645874
0.013838150418588319
0.013821096724073278
0.013805459944872924
0.013788349645455557
0.01377268868247836
0.013755600929172131
0.013739952983872778
0.01372278206466434
0.013707081842283966
0.0136899588459499
0.013674298841066149
0.013657066178727806
0.013641326493123171
0.013624166988616897
0.013608493959240629
0.01359119837470289
0.013575418982448439
0.013558221622134431
0.013542534530121851
0.01352517478848802
0.013509355406503703
0.01349211875872351
0.013476416490934775
0.013458991301484374
0.013443131607014538
0.013425854154615691
0.013410135521216029
0.013392643537512558
0.013376743168132296
0.013359423307068415
0.013343687039900375
0.01332612686000778
0.013310185413655968
0.013292821451668622
0.013277066202705981
0.013259436369518332
0.013243453404555626
0.013226043559950657
0.013210267899845071
0.013192566901533882
0.013176541936824746
0.013159084337355811
0.013143286754088235
0.01312551302467206
0.013109445539689157
0.013091938221562533
0.01307611711921274
0.013058269039253258
0.013042158474202849
0.01302459938121928
0.013008753078866463
0.012990828976295736
0.01297467473226287
0.012957061715111937
0.012941188445881517
0.012923186596964698
0.012906988036076433
0.01288931885180154
0.012873416762072966
0.012855335392510936
0.012839091838116592
0.012821364149768184
0.012805431298560085
0.012787268584736158
0.012770979321603086
0.012753190698100046
0.012737225056648996
0.012718979127024098
0.012702643401548022
0.012684791317767086
0.0126687907693176
0.012650459705977985
0.01263407672640678
0.012616158563521431
0.012600120903344714
0.01258170274370638
0.012565271680376607
0.012547284726467357
0.012531207662127418
0.012512700400801002
0.012496220386386819
0.012478161837345498
0.012462042989230903
0.01244344458005125
0.012426914709825298
0.012408781670576992
0.012392618572717451
0.0123739269309415
0.012357346263048232
0.012339135749114391
0.012322925850301028
0.012304138854977656
0.012287506410719663
0.012269215350146823
0.012252956015375197
0.012234071511890892
0.012217386276029403
0.012199011511707627
0.012182700023962403
0.01216371582676612
0.012146976747837528
0.01212851504023323
0.012112148602632709
0.01209306249814345
0.012076268488794334
0.012057716519121147
0.01204129225744004
0.012022102007140732
0.012005251944484279
0.011986606318336058
0.011970111367996916
0.011950814711718116
0.011933907451917058
0.011915164703386955
0.011898566493799079
0.011879161153195962
0.01186219556077319
0.011843352157080973
0.011826647795412124
0.011807131477635804
0.011790106384098607
0.011771158730738614
0.011754345271612099
0.011734715673181772
0.011717629877558842
0.011698574323998845
0.011681648773659077
0.011661903584537009
0.01164475585396974
0.011625588699913378
0.01160854802084338
0.011588684928716215
0.011571473999112881
0.011552191501341201
0.01153503261734291
0.011515049312112224
0.011497773888875438
0.011478372268679753
0.01146109207042626
0.011440986248911975
0.01142364500775006
0.011404120458966027
0.0113867158100325
0.011366485180892155
0.011349076768726755
0.011329425466376098
0.01131189320975415
0.011291535498621224
0.011274058534604328
0.01125427664414719
0.01123661360924456
0.011216126564089006
0.011198579640743365
0.011178663327940706
0.01116086633806562
0.011140247734779332
0.011122629419277443
0.011102574860658496
0.011084640740985141
0.011063888389195108
0.011046197224792647
0.011026000618718425
0.011007926204726787
0.01098703795383831
0.010969272461478455
0.010948930039787507
0.010930712186167866
0.0109096859316398
0.010891844611745756
0.010871352651963824
0.010852988241972655
0.01083182193182604
0.010813903266299251
0.010793258104389372
0.01077474405964031
0.010753435701201337
0.010735438155643009
0.010714636199267848
0.010695969489937751
0.010674517156814984
0.010656439182988855
0.010635476925251679
0.010616654580678621
0.010595056419973593
0.010576896458527205
0.01055577049215321
0.01053678961179972
0.010515043851548772
0.01049680033501037
0.010475507366924673
0.010456365131676264
0.010434470088520371
0.010416141444587525
0.010394678310841565
0.010375370110639126
0.010353324197716623
0.010334908856241729
0.010313272537235279
0.010293781502339951
0.010271583237395212
0.01025307965700453
0.010231267292947226
0.01021159036509892
0.010189238378799613
0.010170645027171538
0.010148653933716138
0.010128788173195702
0.01010628121764681
0.010087596576235853
0.010065424260224292
0.010045375991712499
0.010022712949154664
0.010003935500957437
0.009981579676206845
0.009961373402293836
0.00993855329397073
0.00991968149340257
0.009897140096459473
0.009876773036763617
0.009853795031936934
0.009834827361279833
0.009812098567078346
0.009791568098844693
0.009768431523938793
0.009749366499417603
0.009726448736752848
0.009705752408684504
0.009682456756535084
0.009663292934750168
0.009640184901494618
0.009619320447574915
0.009595865386754335
0.009576601371463387
0.009553302049448565
0.009532267402702032
0.00950865278689039
0.009489287236128234
0.009465795905614223
0.009444589211753975
0.009420815089121922
0.009401346722643698
0.00937766297629978
0.009356282607208577
0.009332349229774656
0.009312776836803743
0.009288900593124741
0.00926734516011748
0.009243252993039481
0.009223575440297843
0.00919950695638301
0.009177775323198608
0.009153525053955607
0.009133741293950613
0.009109481177574237
0.009087572473046073
0.00906316502046477
0.009043274100002751
0.009018823320909291
0.008996736951264201
0.008972173474340664
0.008952174543234406
0.008927534443594318
0.008905270104331738
0.008880552010797434
0.008860444330731253
0.008835616634698172
0.008813174322002482
0.00878830327658147
0.00876808623009497
0.008743073052409577
0.008720453074050593
0.008695431006353118
0.00867510410590213
0.008649907959492881
0.008627110945171358
0.008601940057168253
0.008581502954219245
0.008556126756755638
0.00853315366785252
0.008507836440874121
0.008487288934986882
0.008461736014346223
0.008438588153036743
0.00841312735423999
0.008392469402092073
0.008366743500706575
0.008343422518402185
0.008317821206650254
0.008297052930955947
0.008271158209012464
0.008247666114095695
0.00822192764519567
0.008201049343472237
0.008174990380942625
0.00815133123192671
0.008125459263172749
0.008104471411884882
0.00807825320937017
0.008054442470488407
0.008028440964462076
0.008007344197598415
0.007980972175973426
0.007957013391264658
0.007930886618838066
0.007909681767017333
0.00788316176587885
0.007859058863007685
0.007832811405512747
0.007811499503501029
0.007784837778408673
0.007760595071537577
0.007734231822059655
0.0077128141159091106
0.007686017334425473
0.00766163952615279
0.007635165689913684
0.0076136436436852915
0.007586718880222733
0.007562211062563524
0.007535632156364296
0.007514007458400196
0.00748696218788543
0.0074623298422732244
0.007435651692972646
0.007413926261687167
0.007386768352057961
0.007362017348346632
0.007335246090357219
0.007313422079519307
0.007286159783070428
0.007261296377516563
0.007234438449306093
0.007212518252789636
0.007185160196387752
0.007160191028594462
0.007133253168187649
0.007111239424169912
0.007083794598359094
0.0070587266871634195
0.007031715926644557
0.007009611521237056
0.006982089268258213
0.00695693000654481
0.006929853665569227
0.006907661735868836
0.006880071736617873
0.006854828885042852
0.006827694563370979
0.006805418499922995
0.006777770759873567
0.0067524524394830384
0.006725268008557776
0.0067029114572257405
0.006675216291343428
0.0066498309750727845
0.006622604568666577
0.00660017143190691
0.006572439448582495
0.00654699595162358
0.006519735955587643
0.006497230393129826
0.0064694724771601295
0.006443979946185129
0.006416694987338617
0.006394095459078537
0.006366322753728933
0.006340790755093042
0.006313489689280472
0.006290759392418997
0.006262983280588603
0.006237421854771471
0.006210113754152357
0.006187258520844032
0.006159490605358464
0.0061339100942332
0.006106604233885957
0.006083630267248271
0.00605588235033273
0.006030293381223771
0.006002999225063666
0.005979913096807839
0.005952197158765478
0.005926610627281528
0.005899337813370956
0.005876146460401491
0.005848474637533642
0.0058229016891838984
0.005795660014494076
0.005772370734478064
0.0057447552962851724
0.005719207306892782
0.005692006711577052
0.005668627157485514
0.005641080483190683
0.005615569038123365
0.005588419589363047
0.005564957762987258
0.00553749231742776
0.005512029189672304
0.005484941065156107
0.005461405309602273
0.0054340336185381595
0.005408630745652868
0.005381614216750192
0.005358013207916128
0.005330747832809508
0.005305417292796623
0.005278482707483927
0.005254825444521169
0.005227678956844474
0.005202432942992864
0.005175590708590768
0.005151886503355491
0.0051248714584921674
0.00509972225324971
0.005072982819026143
0.005049241284522106
0.005022370195328723
0.004997330143272734
0.004970703982965091
0.004946935020781772
0.004920220330886082
0.004895301810869906
0.004868799405176254
0.004845013191925379
0.004818467248840886
0.004793682645404192
0.004767314464490486
0.0047435214372446455
0.004717156465387981
0.004692518139528094
0.004666294625595056
0.004642505466332889
0.004616333540036068
0.0045918537994471915
0.004565785349397254
0.0045420109684608575
0.004516043985076104
0.0044917350539725245
0.00446583200221365
0.00444208352078581
0.004416333173985835
0.004392207162634166
0.004366479764054182
0.0043427684956653815
0.004317246249046696
0.004293315123140406
0.0042677735362821965
0.0042441109673604874
0.004218828028461437
0.004195103578478645
0.004169757848943417
0.004146155618424157
0.004121122913272824
0.004097616723964796
0.004072476768067991
0.004048946646084818
0.004024174794394298
0.004000898214558041
0.003975973803259715
0.003952527668943683
0.0039280269600738904
0.003904991072766321
0.0038802918158958415
0.003856962179238298
0.0038327425490671807
0.0038099580248924843
0.003785493355718269
0.0037623247294679366
0.0037383957382659512
0.0037158727319094686
0.003691651892027609
0.0036686550795638983
0.003645025890935709
0.0036227742029603664
0.0035988062274519826
0.003575991954910568
0.0035526713160048606
0.003530700367494415
0.0035069940704923735
0.0034843729633295987
0.0034613691863933783
0.0034396879948715964
0.003416251955499951
0.0033938345148920514
0.0033711554602729892
0.0033497726170453467
0.0033266151657459137
0.003304411744892562
0.0032820648055858315
0.003260988454643688
0.0032381176599045715
0.0032161384403123676
0.003194130528140145
0.003173368346758637
0.003150792002260412
0.003129046970087865
0.003107384503590409
0.00308694368474141
0.0030646692969376137
0.003043168219489086
0.003021857113595808
0.003001744350285647
0.002979779126435631
0.002958531528897119
0.0029375771864346982
0.002917798658063391
0.0028961494947370714
0.0028751646372516494
0.0028545719423341566
0.002835133303158753
0.0028138067752344013
0.0027930936304194987
0.0027728669437525485
0.0027537733135218206
0.002732775663699925
0.0027123428947120765
0.0026924860508297345
0.0026737420076412594
0.0026530791364991614
0.0026329350757545254
0.0026134513821940014
0.0025950609576076682
0.002574738414221567
0.0025548910428820626
0.002535783281287281
0.0025177499577118314
0.002497772930874391
0.0024782298592098072
0.002459500288341161
0.0024418269986924836
0.0024222003087558328
0.0024029687574916203
0.0023846191181053633
0.0023673082477175043
0.002348036339092882
0.0023291231218512654
0.002311154643398784
0.002294208034150787
0.00227529496849707
0.0022567064754361347
0.002239119884520305
0.002222538841124756
0.0022039882912590343
0.002185730474009757
0.002168526004523538
0.002152311302905886
0.002134126547469604
0.002116204905465252
0.002099382310326174
0.0020835342080080055
0.0020657181269223197
0.0020481376952075883
0.0020316962595913596
0.0020162145079759388
0.0019987695787194535
0.001981534917318718
0.001965473473285809
0.0019503573317304445
0.0019332856264716624
0.0019164008113864781
0.0019007177537872393
0.0018859660053348205
0.001869269188950271
0.0018527378048461829
0.0018374311083831406
0.0018230420770143166
0.0018067214060213212
0.0017905465406530532
0.0017756137779732161
0.0017615853472316152
0.0017456416696622944
0.0017298259100747202
0.0017152642707604843
0.0017015939035959402
0.0016860276598359735
0.0016705730903660188
0.0016563794006901789
0.0016430641603592867
0.0016278753849714733
0.0016127835870634083
0.0015989543303722858
0.001585990902231879
0.0015711792267804443
0.0015564512806141868
0.0015429826182024973
0.0015303673322296812
0.0015159319891167552
0.0015015684770357765
0.0014884562693780507
0.0014761851232503067
0.0014621249505709494
0.0014481259622835144
0.0014353657904891532
0.001423434473059673
0.001409747920476494
0.0013961130599912993
0.0013837002473539506
0.0013721041623607324
0.0013587892979932891
0.001345517692238377
0.0013334473257549362
0.0013221816156070401
0.001309236133925253
0.0012963264429873508
0.0012845933947276305
0.0012736529642185166
0.0012610741949229782
0.0012485246238334892
0.0012371235720482219
0.0012265031118537043
0.001214288029719437
0.0012020963417031284
0.0011910217915653656
0.001180715801392741
0.0011688610370464436
0.0011570245681396625
0.0011462708720227843
0.001136273683287559
0.0011247755348820084
0.0011132912098190612
0.0011028525870232612
0.0010931583849406743
0.0010820128306836191
0.0010708771799428818
0.0010607477357910827
0.0010513505807810645
0.001040553292269871
0.0010297624701652186
0.0010199362143988096
0.0010108300627148284
0.001000376419022363
9.89926222720834E-4
9.803970871351572E-4
9.71575810639638E-4
9.614609130914315E-4
9.513468024344931E-4
9.421086577036531E-4
9.335660627248604E-4
9.23784750302679E-4
9.140018683061901E-4
9.050485399563048E-4
8.967783851738384E-4
8.873252504763399E-4
8.778684443832518E-4
8.691937278826251E-4
8.611897412006224E-4
8.520591468879533E-4
8.429229896478556E-4
8.345206645916743E-4
8.267765589704574E-4
8.179626546164703E-4
8.091414666673645E-4
8.010053100431948E-4
7.935147982712245E-4
7.850115375444674E-4
7.76499408774432E-4
7.686232073030869E-4
7.613800157015639E-4
7.531811737944269E-4
7.449719855641693E-4
7.373495471182369E-4
7.303474281805357E-4
7.224466194048866E-4
7.145340665163856E-4
7.0715923062586E-4
7.003919746029435E-4
6.927826700702873E-4
6.851602825718073E-4
6.780269300327709E-4
6.714883754839251E-4
6.641639207885495E-4
6.568250855120803E-4
6.499271471202579E-4
6.436111904557328E-4
6.365648232804743E-4
6.295028050140781E-4
6.228342694502473E-4
6.167348734987244E-4
6.099597410648584E-4
6.031677032693592E-4
5.967226241680491E-4
5.908338258072849E-4
5.843230020925735E-4
5.777940270793865E-4
5.715665293160941E-4
5.658824462095624E-4
5.596289488616444E-4
5.533560573562453E-4
5.473403425914688E-4
5.4185517907741E-4
5.358519859534473E-4
5.29828155976896E-4
5.240185074976843E-4
5.187265596796937E-4
5.12966624947432E-4
5.071848099564069E-4
5.015755968579192E-4
4.964712569480736E-4
4.90947526688147E-4
4.8540067292201117E-4
4.79986353672718E-4
4.750641136393767E-4
4.6976954089376634E-4
4.64450603885226E-4
4.592257293199817E-4
4.5448018389278723E-4
4.4940774310971507E-4
4.4430970332350376E-4
4.3926891910878353E-4
4.3469476819314626E-4
4.298374690243106E-4
4.249533465960333E-4
4.2009139521121644E-4
4.156834457637551E-4
4.1103434617559693E-4
4.063572147302881E-4
4.016689370080223E-4
3.974221044230989E-4
3.9297432308967284E-4
3.884973226267264E-4
3.839776588942024E-4
3.798869679499492E-4
3.7563369590089783E-4
3.7135004473876033E-4
3.6699403560017975E-4
3.630546210103032E-4
3.5898913251329893E-4
3.5489213829365224E-4
3.5069492509237063E-4
3.4690203170761516E-4
3.4301769437042773E-4
3.3910076412746915E-4
3.350575891242617E-4
3.3140657182479977E-4
3.2769685590778073E-4
3.239535052136461E-4
3.2005971151535556E-4
3.1654603483260204E-4
3.130045217677902E-4
3.094283829701056E-4
3.0567941424060563E-4
3.022986517440682E-4
2.9891904186230586E-4
2.9550387143432983E-4
2.918952714173376E-4
2.886431048992071E-4
2.854192243715367E-4
2.821589093993192E-4
2.7868632128015173E-4
2.7555853976740793E-4
2.7248434677157774E-4
2.693729106060476E-4
2.6603207623697363E-4
2.6302457485791593E-4
2.600895025412026E-4
2.571211645255207E-4
2.5390792360764224E-4
2.5101675678340955E-4
2.481856995308484E-4
2.4535516863744965E-4
2.4226545814198024E-4
2.394871292725726E-4
2.367572303924202E-4
2.3405932276596636E-4
2.310891754164196E-4
2.2842025734514821E-4
2.2578865890439273E-4
2.232183027277142E-4
2.203638458744233E-4
2.1780098066616596E-4
2.1526483172038286E-4
2.1281707140222337E-4
2.1007452584919452E-4
2.0761442450419314E-4
2.0517088864992214E-4
2.0284088836382798E-4
2.0020656715940738E-4
1.9784600927382642E-4
1.9549227153860079E-4
1.932753181438667E-4
1.907456253449057E-4
1.8848145872757085E-4
1.8621473181617128E-4
1.8410623719293984E-4
1.816776666105251E-4
1.7950680686362687E-4
1.7732433678207879E-4
1.7531983961356477E-4
1.7298897354688948E-4
1.7090840361695734E-4
1.6880747469826853E-4
1.6690264173362405E-4
1.6466614969723925E-4
1.6267291940138157E-4
1.606508587590044E-4
1.5884148559060864E-4
1.566961230391263E-4
1.5478734857036084E-4
1.528415300069659E-4
1.5112354139591068E-4
1.4906614844918122E-4
1.4723901186368537E-4
1.4536685926398943E-4
1.4373630904730315E-4
1.4176380921819293E-4
1.4001555790643503E-4
1.382145481436458E-4
1.3666761875632115E-4
1.347770176824613E-4
1.3310496382545612E-4
1.313726292113493E-4
1.29905630855606E-4
1.2809401503582874E-4
1.2649553504716167E-4
1.2482946535597114E-4
1.2343883484935202E-4
1.2170337038502408E-4
1.2017590433881521E-4
1.1857374843499252E-4
1.1725604776793466E-4
1.1559397910896567E-4
1.141350301535735E-4
1.1259449725311322E-4
1.113464118855488E-4
1.0975506058054543E-4
1.0836219433753848E-4
1.0688105493198676E-4
1.0569939185733436E-4
1.0417615530712835E-4
1.0284699925486784E-4
1.014230857263742E-4
1.0030477133002247E-4
9.884712154365287E-5
9.757936438471374E-5
9.621057133956975E-5
9.515264907760785E-5
9.375813142975047E-5
9.254952244136649E-5
9.123380678843525E-5
9.023343471102059E-5
8.889966669982438E-5
8.774801506654667E-5
8.648339586584147E-5
8.553784400817691E-5
8.42625140124978E-5
8.316568814031296E-5
8.195024624576027E-5
8.105689390823573E-5
7.983775994331333E-5
7.879368675455755E-5
7.762556427370052E-5
7.678189721132398E-5
7.561678568204886E-5
7.462344989057281E-5
7.350335423130418E-5
7.270693279878043E-5
7.159373715872132E-5
7.064914586730803E-5
6.959106056321906E-5
6.883936507670042E-5
6.777604407497756E-5
6.687804237675105E-5
6.587873899594602E-5
6.516937168411056E-5
6.415394872549551E-5
6.330046158009833E-5
6.235686142034045E-5
6.168754168394433E-5
6.07181035687135E-5
5.9907133745370635E-5
5.901630254282418E-5
5.8384862287087005E-5
5.745955794609663E-5
5.668918397302346E-5
5.584832663759789E-5
5.525270568860839E-5
5.436974491367632E-5
5.363811903591253E-5
5.284457443218264E-5
5.228281604694576E-5
5.1440468216787575E-5
5.074581436453656E-5
4.999705015495264E-5
4.946729663325166E-5
4.8663889435382595E-5
4.800450120492635E-5
4.7298108769920046E-5
4.679859717481653E-5
4.603251532398131E-5
4.5406753973220695E-5
4.4740443420851E-5
4.426950141341254E-5
4.3539185367242536E-5
4.294547782788328E-5
4.2317073103850333E-5
4.187311489655971E-5
4.117705956928742E-5
4.061389647765167E-5
4.002133058482755E-5
3.96028530170925E-5
3.8939606492263144E-5
3.840554024065606E-5
3.7846850575744796E-5
3.7452429313987416E-5
3.682059155721038E-5
3.631423436771048E-5
3.578755818124106E-5
3.541584404520023E-5
3.481406561806231E-5
3.433408764053352E-5
3.383765762510858E-5
3.3487373041223996E-5
3.291435381756055E-5
3.245948125360655E-5
3.199162126416748E-5
3.166155684623534E-5
3.111604473200375E-5
3.068505798649626E-5
3.024417889532102E-5
2.993319015200801E-5
2.941397981005206E-5
2.9005711671771882E-5
2.8590307359977868E-5
2.8297311528246E-5
2.78032431092627E-5
2.7416576962093522E-5
2.7025220448583365E-5
2.674919345161452E-5
2.627915133264705E-5
2.5913019398654945E-5
2.5544359106693476E-5
2.5284332634497235E-5
2.4837244166277E-5
2.4490625781901864E-5
2.4143381942858423E-5
2.389844065339995E-5
2.3473274917849845E-5
2.3145194844322432E-5
2.281815603753482E-5
2.2587434875925295E-5
2.2183201455111904E-5
2.187272822409685E-5
2.1564748051310862E-5
2.134742968435488E-5
2.0963177442144876E-5
2.066942173749701E-5
2.037941562990411E-5
2.0174727993096385E-5
1.9809543870731054E-5
1.953165694713468E-5
1.9258599102659244E-5
1.9065813056557086E-5
1.8718820883310615E-5
1.845599302246233E-5
1.819891347063814E-5
1.8017340563409796E-5
1.7687699883440636E-5
1.743915888832038E-5
1.7197140679834367E-5
1.7026131012685685E-5
1.6713035929128986E-5
1.647804565679632E-5
1.625022217456531E-5
1.6089162366678914E-5
1.579184040396283E-5
1.5569699337208185E-5
1.535525172568326E-5
1.5203562975263851E-5
1.4921273960561835E-5
1.4711313818638319E-5
1.4509468527898698E-5
1.4366604765896571E-5
1.409863973055743E-5
1.3900224119120493E-5
1.3710250560219353E-5
1.3575696693304669E-5
1.3321376795025167E-5
1.3133899895310466E-5
1.2955108203267559E-5
1.2828378442645272E-5
1.2587053909076732E-5
1.2409939206257479E-5
1.2241678107051547E-5
1.212231437973872E-5
1.1893363474141259E-5
1.1726062524719066E-5
1.1567717302614605E-5
1.1455287741847032E-5
1.1238115751330785E-5
1.1080106989334014E-5
1.0931097550879425E-5
1.0825195062370155E-5
1.0619233309186093E-5
1.0470020890873808E-5
1.0329799921928078E-5
1.0230040822765634E-5
1.0034745699035868E-5
9.893858385735432E-6
9.761909597916903E-6
9.667932324963745E-6
9.482784351167822E-6
9.349774429808436E-6
9.22561089280793E-6
9.137074777539281E-6
8.961577685003215E-6
8.836019925848475E-6
8.719182482108857E-6
8.635766588914935E-6
8.469446426482744E-6
8.350937077511144E-6
8.240992835845527E-6
8.162394860909062E-6
8.004799125910054E-6
7.892954943241817E-6
7.789495848039958E-6
7.715431075990887E-6
7.566127869555331E-6
7.460585183280931E-6
7.363226656037052E-6
7.2934269716798575E-6
7.1520041783955635E-6
7.052417993121431E-6
6.960797643104767E-6
6.895010595606516E-6
6.761075087454533E-6
6.66711821684655E-6
6.580894617830172E-6
6.518882534853855E-6
6.39205939930741E-6
6.3034216338831925E-6
6.22227316393989E-6
6.163812313299287E-6
6.043744105423833E-6
5.960131412818976E-6
5.88375515429263E-6
5.828634950801891E-6
5.714980969145932E-6
5.636114726057901E-6
5.56422542291538E-6
5.5122476781966996E-6
5.40468326422418E-6
5.330299519220185E-6
5.262628589089872E-6
5.213606802196286E-6
5.111822662970203E-6
5.041671429331061E-6
4.977966027630801E-6
4.9317247144293485E-6
4.835426268223732E-6
4.7692708459864455E-6
4.709292979644752E-6
4.665667038995059E-6
4.574573783478934E-6
4.512190109832479E-6
4.455715798201839E-6
4.4145499130490355E-6
4.328394815658928E-6
4.269570842844829E-6
4.216389323503352E-6
4.177537395089579E-6
4.09606630518101E-6
4.040601405048757E-6
3.990514382280313E-6
3.953838995759502E-6
3.876810078106116E-6
3.824514472475029E-6
3.7773354063102683E-6
3.7427073261295756E-6
3.6698905153195324E-6
3.6205847313026274E-6
3.5761381650932797E-6
3.543435858580819E-6
3.474612333842118E-6
3.4281266832934026E-6
3.3862476078805474E-6
3.3553567955527307E-6
3.2903184755275332E-6
3.2464925577830965E-6
3.2070258104050768E-6
3.1778390415774663E-6
3.1163880985514042E-6
3.0750703256431007E-6
3.037870021811733E-6
3.0102862741657688E-6
2.9522346672513756E-6
2.9132818107851974E-6
2.878210807438999E-6
2.852135109262512E-6
2.7973041360273084E-6
2.7605808949298523E-6
2.727510283250717E-6
2.7028533571331503E-6
2.651073223158984E-6
2.616451811510775E-6
2.5852604378651395E-6
2.5619383646886096E-6
2.5130477705454233E-6
2.4804075247344015E-6
2.4509815382724097E-6
2.4289154403981676E-6
2.3827611855142583E-6
2.3519881899595976E-6
2.32422061547488E-6
2.303336358079634E-6
2.2597729609910642E-6
2.230759691704188E-6
2.20455002642373E-6
2.1847779359934154E-6
2.1436672704562945E-6
2.116312255723681E-6
2.0915660887616256E-6
2.072840687801214E-6
2.0340516342547623E-6
2.008259131745695E-6
1.9848877850163536E-6
1.967147542082286E-6
1.930555653954606E-6
1.9062353435757582E-6
1.8841555330199974E-6
1.8673426272281816E-6
1.8328298115819373E-6
1.8098965034193213E-6
1.7890300194552701E-6
1.7730901186614679E-6
1.7405443306836617E-6
1.7189176873924455E-6
1.699191093555554E-6
1.6840731454471502E-6
1.6533880962941959E-6
1.632992369315805E-6
1.6143367181048823E-6
1.599992753482906E-6
1.5710676310009676E-6
1.55183141000692E-6
1.534181975002711E-6
1.5205669225709425E-6
1.493306124419538E-6
1.4751620994004335E-6
1.4584581227699252E-6
1.445529634784242E-6
1.4198425135015624E-6
1.4027272489397533E-6
1.3869117034853626E-6
1.3746299916509632E-6
1.350430611208479E-6
1.334284331791582E-6
1.3193036967467056E-6
1.3076313777834303E-6
1.2848382811884553E-6
1.2696046685406987E-6
1.2554087183547636E-6
1.2443106686819702E-6
1.2228466561971791E-6
1.2084726561238452E-6
1.1950142615188123E-6
1.1844574805409305E-6
1.1642493981008802E-6
1.1506850378601964E-6
1.1379199784780582E-6
1.1278734599797105E-6
1.1088519973961424E-6
1.096050212531012E-6
1.0839370005271426E-6
1.074371611713728E-6
1.0564711102722374E-6
1.0443875805521958E-6
1.0328872945235453E-6
1.023775662268277E-6
1.0069339313310967E-6
9.955269253726123E-7
9.846030540416475E-7
9.759194579241079E-7
9.600776001647682E-7
9.493078283148797E-7
9.389261234209793E-7
9.306463951648753E-7
9.157486400726453E-7
9.055791151580387E-7
8.957074530373153E-7
8.878088819770791E-7
8.738024272803958E-7
8.641983328400782E-7
8.548065842020596E-7
8.472678284280017E-7
8.341026890976862E-7
8.250312547333946E-7
8.160911621694908E-7
8.088921650208139E-7
7.965210295252898E-7
7.879514130191074E-7
7.794364758027731E-7
7.725583873960891E-7
7.609364808924841E-7
7.528396567562472E-7
7.447250225185305E-7
7.381501260170955E-7
7.272350801727285E-7
7.195837343081615E-7
7.11846097194855E-7
7.055577395399274E-7
6.953094686900169E-7
6.880778988525207E-7
6.806954037905942E-7
6.746779306323176E-7
6.650585139907665E-7
6.582225357634417E-7
6.511746884847979E-7
6.454133830644787E-7
6.363869527147354E-7
6.299238107122237E-7
6.23191393201963E-7
6.176724189518569E-7
6.092050533556189E-7
6.03093337389977E-7
5.966583284448277E-7
5.913686750846994E-7
5.834282978561763E-7
