[0.009194295565582019, 0.010808314856837581]
[-0.010894133473828775, -0.07193824026487503]
[-0.011397967370187459, -0.012078469682291797]
[0.014072053163904846, 0.09084999057164297]
[0.01356074652992054, 0.015458778499846691]
[-0.01719757751060686, -0.11589870674520565]
[-0.016707778294425976, -0.017115724579301814]
[0.021175436465664207, 0.14189735260114816]
[0.019724804520351684, 0.021698632574036786]
[-0.024864151795283625, -0.176295449131132]
[-0.024182674278016854, -0.023553440854679676]
[0.029239304284985515, 0.20792330551454064]
[0.028319061667826252, 0.029339193821472678]
[-0.032989076750310126, -0.2506037045250212]
[-0.034563968863229544, -0.030967822855097908]
[0.037141108220681965, 0.283991830413722]
[0.04011763912758315, 0.037757749982073506]
[-0.04032260236965861, -0.33194926197200547]
[-0.04874952807093469, -0.03856330591557342]
[0.04369572169217127, 0.36220154254655407]
[0.05602214589806283, 0.0460508402767023]
[-0.04577904849302276, -0.411755223542708]
[-0.06774931679252957, -0.0454272320612215]
[0.04810998630316378, 0.4349628893015746]
[0.07697656989372725, 0.05334906065566553]
[-0.04876962385290097, -0.4830725760626037]
[-0.09254606658445555, -0.050835905755139896]
[0.05011008073548473, 0.4974265474100717]
[0.10378700721812695, 0.05907518469288208]
[-0.04919736227806426, -0.542249294837017]
[-0.12386363996422733, -0.05442082124629208]
[0.04980568006760025, 0.5478945578477744]
[0.13688708099748148, 0.06301686806166978]
[-0.04729252676223465, -0.5886684342911441]
[-0.16192144504900977, -0.05615512199052908]
[0.047517398254109056, 0.5869290204555238]
[0.17615309159234732, 0.06524864445042575]
[-0.043470315669509596, -0.6236055151168067]
[-0.20629578729350306, -0.05623971585071798]
[0.04367332482182584, 0.6162225222954071]
[0.2208700244847811, 0.06600456149872538]
[-0.038251112250866415, -0.6491256104998602]
[-0.2559641238829799, -0.05498055412518009]
[0.038759629773744794, 0.6377719826358645]
[0.2698650559041481, 0.0655749670356034]
[-0.03220936107420577, -0.6673691324827956]
[-0.3095008803482615, -0.05270433373438397]
[0.033282918140885076, 0.6534325075033098]
[0.32173032161610765, 0.0642477802233371]
[-0.025919079375575443, -0.6802075145889659]
[-0.36532037616513446, -0.04971531308038292]
[0.027723043223302546, 0.6647431944054726]
[0.3750338984644405, 0.062281410627433614]
[-0.01989035148447854, -0.6891368954351105]
[-0.42187665914868155, -0.04627645723250211]
[0.02248037758896332, 0.672902073597977]
[0.4284639348055227, 0.05989230230358754]
[-0.014511184523377907, -0.6952914988495443]
[-0.47778938870482496, -0.04260133346137397]
[0.017834206198515806, 0.678806061665896]
[0.48090392997598436, 0.05724958007790862]
[-0.01001354959129952, -0.6995027920924852]
[-0.5319076485937451, -0.03885229830979918]
[0.013926948458914706, 0.6831102090718634]
[0.5314602733611915, 0.054475999552519375]
[-0.006473543097181261, -0.7023670083742115]
[-0.5833335865852101, -0.03514443801811956]
[0.010777743996633143, 0.6862853414008219]
[0.5794619613832738, 0.051654637076190224]
[-0.003841668842139101, -0.7043054215979029]
[-0.6314213329548515, -0.03155387178336726]
[0.00831708592246741, 0.6886663921206293]
[0.6244445533234708, 0.048838805353767875]
[-0.001989128094442738, -0.7056126892943686]
[-0.6757594798028507, -0.02812770982969523]
[0.006428320849121649, 0.6904899643019492]
[0.6661250383186759, 0.04606206982239523]
[-7.54114721411181E-4, -0.7064933978979273]
[-0.7161422407094482, -0.024893159478095603]
[0.004983434741928194, 0.6919222892292791]
[0.7043720630720087, 0.043346246706809546]
[2.293638938616338E-5, -0.7070887330202564]
[-0.752533820844152, -0.021864478248019972]
[0.0038665656023205708, 0.693079569797367]
[0.7391750585219192, 0.040706711732585346]
[4.789125334339617E-4, -0.7074955558615044]
[-0.7850303884366856, -0.019047637595075412]
[0.002984867835036431, 0.6940426423398613]
[0.7706149820475621, 0.0381553593795627]
[7.204952269556086E-4, -0.7077799065414089]
[-0.8138234147673544, -0.016443188912409284]
[0.002270060507604421, 0.6948675051197903]
[0.798838421391163, 0.03570194393307505]
[8.251115712593071E-4, -0.7079865086020444]
[-0.8391670588856214, -0.014047959673448684]
[0.0016748946106138196, 0.6955928483748196]
[0.8240358726604201, 0.03335450654646155]
[8.45987692889405E-4, -0.7081454274817024]
[-0.8613510579991268, -0.011856087008811897]
[0.0011679184394645103, 0.6962453996334521]
[0.8464242915786112, 0.03111939642571504]
[8.182209156237796E-4, -0.7082767090795054]
[-0.8806795387619254, -0.009859712482827049]
[7.285259727886628E-4, 0.6968436774994973]
[0.8662335796464355, 0.029001186806367887]
[7.642254396932335E-4, -0.7083935899635939]
[-0.8974554261741559, -0.00804951058845188]
[3.43097931396974E-4, 0.6974005961428902]
[0.8836964622855992, 0.027002630632328092]
[6.979603966427161E-4, -0.7085047041235911]
[-0.9119697033808936, -0.0064151278244451715]
[2.3310780607466164E-6, 0.6979252522986743]
[0.8990411666848843, 0.025124704563277214]
[6.279351235589647E-4, -0.7086155907511493]
[-0.9244946056234069, -0.004945559669784327]
[-3.004632572128907E-4, 0.6984241407345058]
[0.912486342179875, 0.023366739639697653]
[5.592242418952509E-4, -0.7087297193334849]
[-0.9352798329285494, -0.0036294722297074145]
[-5.703802009043857E-4, 0.6989019764428748]
[0.9242377367997527, 0.021726615992815113]
[4.947671295850165E-4, -0.7088491838532319]
[-0.9445509646625581, -0.0024554697081980437]
[-8.115094578522442E-4, 0.6993622495713054]
[0.9344862225166561, 0.02020099430076397]
[4.3618513174548124E-4, -0.708975171372485]
[-0.9525093995521061, -0.0014123093490430172]
[-0.001027267002867649, 0.6998076002282633]
[0.9434068358575225, 0.018785559718344835]
[3.8428805460771764E-4, -0.7091082773303194]
[-0.9593332916198128, -4.890675401323097E-4]
[-0.0012205827737752362, 0.7002400724082387]
[0.951158565338144, 0.0174752598232793]
[3.393861272918963E-4, -0.7092487169316077]
[-0.9651790860833207, 3.2473749398809204E-4]
[-0.0013940105255993984, 0.7006612868613872]
[0.9578846720322174, 0.01626452419646332]
[3.0148224847881266E-4, -0.7093964662170305]
[-0.9701833711171237, 0.0010390600930571259]
[-0.0015497964888672722, 0.7010725595144703]
[0.9637133753426566, 0.015147458472459213]
[2.7039119747440665E-4, -0.7095513556284043]
[-0.9744648497674123, 0.0016632722121128762]
[-0.0016899261874300242, 0.7014749831829198]
[0.9687587738877068, 0.014118009710773649]
[2.458143760400433E-4, -0.7097131315561389]
[-0.9781263031529287, 0.002206133078708983]
[-0.0018161592834968765, 0.701869484414778]
[0.9731219024733804, 0.013170102775311943]
[2.2738737065930437E-4, -0.709881496377839]
[-0.9812564648234522, 0.0026757780968274802]
[-0.001930057378165484, 0.702256863394966]
[0.9768918513668444, 0.012297749251913487]
[2.1471074509255006E-4, -0.7100561341135196]
[-0.9839317605418887, 0.003079722428660836]
[-0.002033007234578721, 0.7026378222423161]
[0.9801468943513093, 0.011495131506799733]
[2.0737032657519583E-4, -0.710236726520769]
[-0.9862178912591738, 0.0034248754696936667]
[-0.002126240706412319, 0.7030129853041078]
[0.982955588074887, 0.010756665003751859]
[2.049507678911766E-4, -0.7104229628860028]
[-0.9881712525572264, 0.003717563149331249]
[-0.0022108520959208122, 0.7033829138979244]
[0.9853778176748849, 0.01007704213185251]
[2.0704468940108134E-4, -0.7106145457013127]
[-0.9898401936319379, 0.003963555612596564]
[-0.002287813400826344, 0.7037481171746924]
[0.9874657731723049, 0.009451260686109159]
[2.132588262026558E-4, -0.7108111936914279]
[-0.9912661247120316, 0.004168098362954925]
[-0.002357987776668735, 0.7041090602526117]
[0.9892648482328178, 0.00887463989133297]
[2.232180826975405E-4, -0.711012643163783]
[-0.9924844849379417, 0.004335945378206696]
[-0.002422141466998373, 0.7044661704157527]
[0.9908144580582545, 0.0083428265361703]
[2.365680842389417E-4, -0.7112186483226042]
[-0.9935255840743491, 0.004471393061538043]
[-0.0024809544056172417, 0.7048198419282052]
[0.9921487768178799, 0.007851793436611049]
[2.5297662645357155E-4, -0.7114289809647113]
[-0.99441533164427, 0.004578314170713554]
[-0.002535029659777921, 0.7051704398480659]
[0.993297397497506, 0.007397832106630031]
[2.7213430601097377E-4, -0.7116434298255729]
[-0.9951758665949461, 0.0046601910918685485]
[-0.0025849018554718883, 0.705518303110818]
[0.9942859186217008, 0.00697754119543173]
[2.9375454194774386E-4, -0.7118617997452623]
[-0.9958260997352453, 0.004720148001029767]
[-0.0026310447036231865, 0.7058637470722561]
[0.9951364632198912, 0.006587811965140744]
[3.1757314671004844E-4, -0.7120839107589918]
[-0.9963821801184081, 0.004760981595329727]
[-0.0026738777279459724, 0.7062070656459247]
[0.9958681358430268, 0.006225811833191375]
[3.433475708223277E-4, -0.7123095971747526]
[-0.9968578954097098, 0.004785190184322996]
[-0.0027137722807283327, 0.7065485331315473]
[0.996497423535113, 0.005888966790013522]
[3.708559188914107E-4, -0.7125387066735874]
[-0.997265015154776, 0.0047950010159275025]
[-0.002751056921236339, 0.7068884058039143]
[0.9970385465313222, 0.005574943322811277]
[3.998958142493736E-4, -0.7127710994511122]
[-0.997613584797262, 0.004792395776181069]
[-0.002786022222090734, 0.7072269233126842]
[0.997503764172557, 0.005281630327035519]
[4.3028317317500564E-4, -0.7130066474085446]
[-0.9979121773093262, 0.0047791342511639134]
[-0.0028189250614584216, 0.7075643099300952]
[0.9979036411548684, 0.0050071213649351964]
[4.6185093627187923E-4, -0.7132452333953818]
[-0.9981681084059361, 0.004756776176247646]
[-0.0028499924526907416, 0.7079007756739923]
[0.9982472788139309, 0.004749697531605035]
[4.94447793550068E-4, -0.7134867505024747]
[-0.9983876205168235, 0.004726701324814342]
[-0.002879424957847765, 0.7082365173267279]
[0.9985425157100891, 0.004507811109738302]
[5.279369307173987E-4, -0.7137311014025041]
[-0.9985760399850484, 0.004690127907805486]
[-0.002907399727075932, 0.708571719365537]
[0.998796101348852, 0.004280070131636143]
[5.621948167454094E-4, -0.7139781977341552]
[-0.9987379113426268, 0.004648129368518661]
[-0.0029340732019054183, 0.7089065548164117]
[0.9990138464585565, 0.004065223918068628]
[5.971100468080692E-4, -0.7142279595261567]
[-0.9988771119742337, 0.004601649665320895]
[-0.0029595835170319607, 0.7092411860408824]
[0.9992007528595175, 0.003862149625894984]
[6.325822498485234E-4, -0.7144803146575279]
[-0.9989969500116026, 0.004551517139448347]
[-0.0029840526319762084, 0.7095757654631708]
[0.9993611256017939, 0.0036698398077966154]
[6.685210662740748E-4, -0.7147351983507189]
[-0.9991002478960169, 0.004498457066662215]
[-0.0030075882211344496, 0.7099104362437654]
[0.999498669723624, 0.0034873909663220015]
[7.048451983283632E-4, -0.714992552694728]
[-0.9991894136967054, 0.004443102990946773]
[-0.0030302853480451697, 0.7102453329043836]
[0.9996165736897383, 0.0033139930691631347]
[7.414815334682578E-4, -0.7152523261956344]
[-0.9992665019720524, 0.004386006936205472]
[-0.003052227947256625, 0.7105805819084786]
[0.9997175813070772, 0.003148919982000342]
[7.783643394227435E-4, -0.7155144733523752]
[-0.9993332657019656, 0.004327648588493299]
[-0.003073490134887946, 0.7109163022008378]
[0.9998040536831346, 0.0029915207683170464]
[8.154345284380748E-4, -0.7157789542558676]
[-0.9993912005979311, 0.0042684435370775875]
[-0.003094137366905836, 0.7112526057093211]
[0.9998780225870181, 0.002841211801507787]
[8.526389873887985E-4, -0.7160457342098556]
[-0.9994415829071515, 0.004208750657811372]
[-0.0031142274621890342, 0.7115895978114444]
[0.9999412363930011, 0.002697469632702537]
[8.899299699379193E-4, -0.716314783372067]
[-0.9994855016643804, 0.00414887871718736]
[-0.003133811505706796, 0.7119273777681859]
[0.9999951996284042, 0.0025598245574669776]
[9.272645466232854E-4, -0.7165860764144407]
[-0.9995238862058036, 0.0040890922701532495]
[-0.003152934645516303, 0.7122660391271878]
[1.0000412070097464, 0.0024278548255028676]
[9.646041086386892E-4, -0.7168595922013214]
[-0.9995575296402117, 0.004029616919474316]
[-0.0031716367958178338, 0.7126056700973052]
[1.0000803727309775, 0.0023011814393008867]
[0.0010019139210795114, -0.717135313484633]
[-0.9995871088709407, 0.003970643999211709]
[-0.003189953256970801, 0.7129463538963208]
[1.000113655663259, 0.002179463490136313]
[0.0010391627215312615, -0.7174132266151209]
[-0.9996132016750807, 0.00391233473982594]
[-0.0032079152621816154, 0.7132881690734906]
[1.0001418810351725, 0.0020623939826386883]
[0.0010763223600367966, -0.717693321268843]
[-0.9996363012722072, 0.0038548239675568474]
[-0.00322555045947831, 0.7136311898084884]
[1.0001657590838393, 0.0019496961022286707]
[0.0011133674766881652, -0.717975590188118]
[-0.9996568287514636, 0.0037982233861398873]
[-0.003242883336608493, 0.7139754861882008]
[1.0001859010995795, 0.0018411198828982012]
[0.0011502752133203953, -0.7182600289362149]
[-0.9996751436716953, 0.003742624484560003]
[-0.003259935595643526, 0.7143211244627616]
[1.000202833228115, 0.0017364392360072478]
[0.0011870249560412272, -0.7185466356650875]
[-0.9996915531031296, 0.00368810111051604]
[-0.003276726483266823, 0.7146681672821052]
[1.000217008343726, 0.0016354493039093254]
[0.001223598105552115, -0.7188354108954988]
[-0.9997063193396634, 0.0036347117454679223]
[-0.0032932730820436906, 0.7150166739142834]
[1.0002288162631072, 0.001537964105264189]
[0.0012599778724994848, -0.7191263573089146]
[-0.9997196664771748, 0.003582501513682862]
[-0.0033095905673407033, 0.7153667004466946]
[1.0002385925320398, 0.0014438144417950882]
[0.0012961490953024013, -0.7194194795505674]
[-0.9997317860245611, 0.0035315039544517313]
[-0.0033256924340174243, 0.7157182999713358]
[1.0002466259845912, 0.00135284603900096]
[0.0013320980781453273, -0.7197147840431206]
[-0.9997428416897054, 0.00348174258373804]
[-0.0033415906965273967, 0.7160715227551215]
[1.0002531652465918, 0.001264917895900941]
[0.0013678124470373199, -0.7200122788103933]
[-0.9997529734616881, 0.003433232268802433]
[-0.0033572960656173545, 0.716426416396265]
[1.0002584243311592, 0.0011799008212854956]
[0.001403281022030467, -0.7203119733106215]
[-0.99976230109271, 0.0033859804369069657]
[-0.003372818104449671, 0.7167830259676671]
[1.000262587453303, 0.0010976761361675968]
[0.001438493703887489, -0.7206138782787701]
[-0.9997709270680024, 0.0033399881369853834]
[-0.0033881653666255063, 0.7171413941482135]
[1.0002658131728897, 0.001018134524157971]
[0.0014734413736468555, -0.7209180055774249]
[-0.9997789391390134, 0.0032952509711329236]
[-0.0034033455182855277, 0.7175015613428289]
[1.000268237959904, 9.411750133618002E-4]
[0.0015081158036954756, -0.7212243680558168]
[-0.9997864124840934, 0.003251759910962687]
[-0.003418365446204996, 0.7178635657921094]
[1.0002699792628071, 8.667040751008936E-4]
[0.001542509579098128, -0.7215329794165705]
[-0.9997934115514611, 0.003209502012222809]
[-0.0034332313535700987, 0.7182274436722952]
[1.0002711381494622, 7.946348263009051E-4]
[0.0015766160280679675, -0.7218438540897757]
[-0.9997999916311757, 0.0031684610396023605]
[-0.003447948844917559, 0.7185932291863255]
[1.000271801580344, 7.248863238066561E-4]
[0.001610429160562643, -0.722157007114015]
[-0.999806200195975, 0.0031286180123125396]
[-0.0034625230015286057, 0.7189609546466638]
[1.0002720443654245, 6.57382940142559E-4]
[0.001643943614121457, -0.7224724540240035]
[-0.9998120780449684, 0.003089951679856845]
[-0.0034769584484358185, 0.7193306505505614]
[1.0002719308488817, 5.920538113857177E-4]
[0.001677154606124831, -0.7227902107445201]
[-0.999817660279195, 0.0030524389363241478]
[-0.003491259414026171, 0.7197023456483834]
[1.0002715163596307, 5.288323488525648E-4]
[0.0017100578917659814, -0.7231102934903257]
[-0.9998229771337576, 0.0030160551805969993]
[-0.003505429783144942, 0.7200760670055939]
[1.000270848460342, 4.6765580721364053E-4]
[0.0017426497270923158, -0.7234327186718015]
[-0.9998280546876519, 0.0029807746290158588]
[-0.0035194731444525007, 0.7204518400589621]
[1.0002699680230422, 4.084649024967135E-4]
[0.0017749268365341297, -0.7237575028060421]
[-0.9998329154692682, 0.0029465705862803393]
[-0.0035333928327266895, 0.7208296886675298]
[1.0002689101554625, 3.5120347415723563E-4]
[0.0018068863844213356, -0.7240846624331747]
[-0.9998375789729164, 0.0029134156797000488]
[-0.003547191966708718, 0.7212096351588377]
[1.000267704998925, 2.9581818607746224E-4]
[0.001838525950018044, -0.7244142140376855]
[-0.9998420620994632, 0.002881282061304835]
[-0.003560873483006821, 0.7215917003709016]
[1.0002663784156445, 2.4225826193494115E-4]
[0.0018698435056785367, -0.7247461739745585]
[-0.9998463795322485, 0.002850141581793475]
[-0.0035744401665290804, 0.7219759036903788]
[1.0002649525808354, 1.904752509075125E-4]
[0.0019008373977529303, -0.7250805584000422]
[-0.9998505440577942, 0.002819965939831276]
[-0.0035878946778444276, 0.7223622630873627]
[1.0002634464928517, 1.40422820149394E-4]
[0.0019315063299260582, -0.7254173832068824]
[-0.9998545668394374, 0.002790726809783567]
[-0.003601239577825599, 0.7227507951472031]
[1.0002618764127604, 9.20565708929788E-5]
[0.0019618493486896482, -0.7257566639638724]
[-0.9998584576508047, 0.0027623959506054285]
[-0.0036144773498942295, 0.7231415150997371]
[1.0002602562431322, 4.53338753938215E-5]
[0.001991865830710371, -0.7260984158595785]
[-0.9998622250750362, 0.002734945298280611]
[-0.0036276104201361514, 0.7235344368462804]
[1.0002585978545038, 2.13732263554256E-7]
[0.002021555471843517, -0.7264426536501221]
[-0.9998658766748024, 0.0027083470439128454]
[-0.0036406411755260937, 0.7239295729847257]
[1.0002569113667545, -4.334336197053812E-5]
[0.002050918277602398, -0.7267893916109025]
[-0.9998694191374045, 0.002682573699313684]
[-0.003653571980485326, 0.7243269348330547]
[1.000255205391653, -8.537552699422468E-5]
[0.002079954554905339, -0.7271386434921556]
[-0.9998728583986229, 0.0026575981517143743]
[-0.0036664051919457763, 0.7247265324515596]
[1.0002534872419533, -1.2591960019725512E-4]
[0.0021086649049271156, -0.7274904224782552]
[-0.9998761997484407, 0.0026333937090173565]
[-0.0036791431730955892, 0.725128374664054]
[1.00025176311167, -1.6501122701884086E-4]
[0.0021370502169310024, -0.7278447411506679]
[-0.9998794479213069, 0.002609934136841602]
[-0.0036917883059445766, 0.725532469078318]
[1.0002500382315205, -2.0268494144809468E-4]
[0.0021651116629409772, -0.728201611454478]
[-0.999882607173211, 0.002587193688451034]
[-0.00370434300284167, 0.7259388221060308]
[1.000248317002961, -2.389742378323123E-4]
[0.0021928506931528924, -0.728561044668414]
[-0.9998856813475032, 0.0025651471285253746]
[-0.0037168097170515724, 0.7263474389823912]
[1.0002466031137889, -2.73911635008256E-4]
[0.002220269031987132, -0.7289230513782899]
[-0.9998886739311241, 0.0025437697516103586]
[-0.00372919095250146, 0.7267583237856412]
[1.0002448996378397, -3.075287336475885E-4]
[0.002247368674693051, -0.7292876414538076]
[-0.9998915881026393, 0.0025230373959808094]
[-0.0037414892727675175, 0.727171479456676]
[1.0002432091209865, -3.3985626760596466E-4]
[0.002274151884438802, -0.7296548240286426]
[-0.9998944267732899, 0.0025029264535589846]
[-0.0037537073094011664, 0.7275869078188993]
[1.0002415336553185, -3.709241499680882E-4]
[0.0023006211898123907, -0.730024607483754]
[-0.9998971926220848, 0.0024834138764453506]
[-0.0037658477696432824, 0.7280046095984894]
[1.000239874943143, -4.0076151439821794E-4]
[0.0023267793826926564, -0.7303969994338504]
[-0.9998998881257994, 0.0024644771805528154]
[-0.0037779134436058404, 0.7284245844452033]
[1.0002382343521905, -4.2939675234066055E-4]
[0.0023526295164247313, -0.7307720067169512]
[-0.9999025155846377, 0.002446094446770658]
[-0.003789907210960619, 0.7288468309538507]
[1.0002366129632605, -4.5685754653745914E-4]
[0.00237817490428055, -0.7311496353869735]
[-0.999905077144186, 0.002428244320029138]
[-0.0038018320471925326, 0.7292713466865369]
[1.000235011611317, -4.8317090129143536E-4]
[0.002403419118150729, -0.7315298907092845]
[-0.9999075748142017, 0.002410906006589969]
[-0.003813691029459776, 0.7296981281957771]
[1.000233430920961, -5.083631698392099E-4]
[0.0024283659874576036, -0.7319127771591477]
[-0.9999100104847035, 0.002394059269843568]
[-0.003825487342098144, 0.7301271710485614]
[1.000231871337031, -5.324600791624667E-4]
[0.0024530195982528924, -0.7322982984229965]
[-0.9999123859397508, 0.00237768442486036]
[-0.0038372242818032753, 0.7305584698514406]
[1.000230333151011, -5.554867525312535E-4]
[0.0024773842924966094, -0.7326864574024621]
[-0.9999147028692541, 0.002361762331905881]
[-0.003848905262525293, 0.7309920182766917]
[1.0002288165238185, -5.774677300299513E-4]
[0.002501464667491793, -0.7330772562210865]
[-0.9999169628791005, 0.002346274389110281]
[-0.0038605338201017636, 0.7314278090896069]
[1.0002273215054611, -5.9842698729759E-4]
[0.0025252655754738895, -0.7334706962336397]
[-0.9999191674998433, 0.0023312025244452417]
[-0.003872113616658013, 0.7318658341769472]
[1.0002258480520028, -6.183879526812652E-4]
[0.002548792123348298, -0.7338667780379663]
[-0.9999213181941546, 0.0023165291871549143]
[-0.0038836484447923314, 0.7323060845765851]
[1.0002243960401902, -6.373735229833477E-4]
[0.0025720496725740727, -0.7342655014892828]
[-0.999923416363234, 0.002302237338753038]
[-0.003895142231571891, 0.7327485505083549]
[1.0002229652800747, -6.554060779627446E-4]
[0.0025950438391945108, -0.7346668657168356]
[-0.9999254633523111, 0.0022883104436997315]
[-0.003906599042356018, 0.7331932214061168]
[1.0002215555258878, -6.725074937272979E-4]
[0.0026177804940180627, -0.7350708691428446]
[-0.9999274604553805, 0.002274732459834977]
[-0.003918023084467981, 0.7336400859510419]
[1.0002201664854198, -6.886991551504074E-4]
[0.0026402657629589488, -0.7354775095036342]
[-0.999929408919277, 0.0022614878286564832]
[-0.003929418710724553, 0.7340891321061083]
[1.0002187978280948, -7.040019674186548E-4]
[0.002662506027544198, -0.735886783872871]
[-0.9999313099471874, 0.002248561465499954]
[-0.003940790422847729, 0.7345403471517996]
[1.000217449191925, -7.184363668165106E-4]
[0.0026845079255941595, -0.7362986886868117]
[-0.9999331647016758, 0.002235938749682531]
[-0.0039521428747574805, 0.7349937177229859]
[1.00021612018949, -7.320223308348583E-4]
[0.0027062783520970246, -0.7367132197714706]
[-0.9999349743072987, 0.0022236055146545586]
[-0.003963480875777137, 0.7354492298469689]
[1.000214810413076, -7.447793876868836E-4]
[0.00272782446028369, -0.7371303723716114]
[-0.9999367398528611, 0.002211548038199479]
[-0.003974809393745227, 0.7359068689826638]
[1.0002135194390864, -7.56726625301879E-4]
[0.0027491536629219437, -0.737550141181472]
[-0.9999384623933683, 0.002199753032718743]
[-0.003986133558051386, 0.7363666200608833]
[1.0002122468318162, -7.678826998664956E-4]
[0.002770273633845022, -0.7379725203771165]
[-0.9999401429517173, 0.0021882076356270763]
[-0.0039974586626082, 0.7368284675257047]
[1.0002109921466822, -7.782658439658419E-4]
[0.0027911923097302394, -0.7383975036503353]
[-0.9999417825201642, 0.0021768993998821373]
[-0.004008790168760101, 0.7372923953768717]
[1.0002097549329743, -7.87893874385992E-4]
[0.0028119178921520716, -0.7388250842439807]
[-0.9999433820615957, 0.002165816284670663]
[-0.004020133708145357, 0.7377583872132027]
[1.0002085347361904, -7.967841996190661E-4]
[0.002832458849918562, -0.7392552549886526]
[-0.9999449425106379, 0.0021549466462617572]
[-0.004031495085508929, 0.7382264262769717]
[1.0002073311000146, -8.04953827115984E-4]
[0.0028528239217215368, -0.7396880083406356]
[-0.9999464647746241, 0.0021442792290431723]
[-0.004042880281481809, 0.7386964954992188]
[1.0002061435679768, -8.124193703292482E-4]
[0.0028730221191073935, -0.7401233364209955]
[-0.9999479497344362, 0.0021338031567512405]
[-0.004054295455323653, 0.7391685775459597]
[1.0002049716848362, -8.191970555791184E-4]
[0.002893062729803164, -0.7405612310557406]
[-0.999949398245245, 0.0021235079238962895]
[-0.004065746947635507, 0.7396426548652584]
[1.0002038149977237, -8.2530272876985E-4]
[0.0029129553214023995, -0.7410016838169602]
[-0.9999508111371589, 0.002113383387392087]
[-0.004077241283052813, 0.7401187097351298]
[1.0002026730570746, -8.307518619972143E-4]
[0.002932709745446238, -0.7414446860648469]
[-0.9999521892157968, 0.002103419758395647]
[-0.004088785172912279, 0.7405967243122389]
[1.0002015454173676, -8.355595600599564E-4]
[0.002952336141901213, -0.7418902289905214]
[-0.9999535332627927, 0.0020936075943503163]
[-0.0041003855178980975, 0.7410766806813744]
[1.000200431637703, -8.397405669089975E-4]
[0.0029718449440743755, -0.7423383036595714]
[-0.9999548440362473, 0.002083937791238305]
[-0.004112049410673613, 0.7415585609056625]
[1.0001993312822286, -8.433092720493696E-4]
[0.0029912468839636275, -0.7427889010562234]
[-0.9999561222711284, 0.002074401576042967]
[-0.004123784138495623, 0.742042347077506]
[1.0001982439204382, -8.462797169164482E-4]
[0.0030105529980805623, -0.7432420121280741]
[-0.9999573686796316, 0.0020649904994108903]
[-0.004135597185808582, 0.742528021370231]
[1.0001971691273444, -8.486656012445248E-4]
[0.0030297746337445974, -0.7436976278312937]
[-0.999958583951504, 0.002055696428520243]
[-0.004147496236825865, 0.7430155660904171]
[1.0001961064835492, -8.504802894409302E-4]
[0.003048923455886088, -0.7441557391762457]
[-0.9999597687543458, 0.0020465115401412104]
[-0.004159489178088949, 0.7435049637309147]
[1.000195055575211, -8.517368169782547E-4]
[0.00306801145435065, -0.7446163372734373]
[-0.9999609237338749, 0.0020374283138923643]
[-0.004171584101008818, 0.7439961970245323]
[1.0001940159939247, -8.524478968213456E-4]
[0.0030870509517447187, -0.7450794133797444]
[-0.999962049514184, 0.002028439525683823]
[-0.004183789304386398, 0.7444892489984026]
[1.000192987336513, -8.526259258968827E-4]
[0.0031060546118127363, -0.7455449589448488]
[-0.9999631466979719, 0.0020195382413395746]
[-0.00419611329690317, 0.7449841030290256]
[1.000191969204745, -8.522829916093599E-4]
[0.003125035448375557, -0.7460129656578248]
[-0.999964215866765, 0.0020107178103936363]
[-0.004208564799588643, 0.7454807428980006]
[1.0001909612049722, -8.514308784217939E-4]
[0.003144006834827684, -0.7464834254938212]
[-0.9999652575811249, 0.0020019718600553793]
[-0.004221152748247581, 0.7459791528484617]
[1.0001899629476978, -8.500810744995202E-4]
[0.0031629825142124313, -0.7469563307607903]
[-0.9999662723808509, 0.0019932942893318706]
[-0.0042338862958569146, 0.7464793176422378]
[1.0001889740470773, -8.482447784245728E-4]
[0.003181976609878512, -0.7474316741462138]
[-0.9999672607851731, 0.001984679263303951]
[-0.0042467748149144224, 0.7469812226177599]
[1.0001879941203489, -8.459329059876397E-4]
[0.003201003636714772, -0.7479094487637812]
[-0.9999682232929411, 0.0019761212075436463]
[-0.0042598278997376116, 0.747484853748748]
[1.0001870227872003, -8.431560970539043E-4]
[0.0032200785129818388, -0.7483896481999787]
[-0.9999691603828096, 0.001967614802664025]
[-0.0042730553687121975, 0.7479901977037122]
[1.000186059669069, -8.399247225152062E-4]
[0.0032392165727280764, -0.7488722665605569]
[-0.999970072513424, 0.0019591549789979013]
[-0.0042864672664715275, 0.7484972419063095]
[1.0001851043883816, -8.362488913179478E-4]
[0.0032584335787906316, -0.7493572985168382]
[-0.9999709601236025, 0.0019507369113878348]
[-0.0043000738660110005, 0.7490059745966016]
[1.00018415656772, -8.321384575783186E-4]
[0.003277745736379567, -0.7498447393518333]
[-0.9999718236325186, 0.001942356014083435]
[-0.004313885670723494, 0.7495163848932619]
[1.0001832158289283, -8.276030277738766E-4]
[0.0032971697072364803, -0.7503345850061461]
[-0.999972663439888, 0.0019340079357303697]
[-0.004327913416348195, 0.7500284628567868]
[1.0001822817921517, -8.226519680163968E-4]
[0.0033167226243498438, -0.7508268321236342]
[-0.9999734799261542, 0.0019256885544450264]
[-0.004342168072827501, 0.7505421995537749]
[1.000181354074803, -8.17294411403352E-4]
[0.0033364221072180733, -0.7513214780968136]
[-0.999974273452676, 0.0019173939729587308]
[-0.004356660846058069, 0.7510575871223276]
[1.0001804322904628, -8.115392654401976E-4]
[0.0033562862776429503, -0.7518185211119831]
[-0.9999750443619215, 0.0019091205138241085]
[-0.004371403179533495, 0.7515746188386445]
[1.0001795160477076, -8.053952195337666E-4]
[0.003376333776021534, -0.7523179601940573]
[-0.9999757929776617, 0.0019008647146656066]
[-0.004386406755862715, 0.7520932891848802]
[1.0001786049488606, -7.988707525476146E-4]
[0.0033965837781185226, -0.7528197952510962]
[-0.999976519605168, 0.001892623323464654]
[-0.00440168349816078, 0.7526135939183327]
[1.0001776985886686, -7.919741404183167E-4]
[0.0034170560122793736, -0.7533240271185221]
[-0.9999772245314142, 0.0018843932938659713]
[-0.004417245571295192, 0.7531355301420383]
[1.0001767965528978, -7.847134638220288E-4]
[0.00343777077705254, -0.75383065760302]
[-0.9999779080252805, 0.001876171780488961]
[-0.004433105382987745, 0.7536590963768494]
[1.0001758984168474, -7.770966158851256E-4]
[0.0034587489591729748, -0.7543396895261136]
[-0.9999785703377618, 0.0018679561342274387]
[-0.004449275584751, 0.7541842926350693]
[1.0001750037437795, -7.691313099294217E-4]
[0.0034800120518618805, -0.7548511267674242]
[-0.9999792117021757, 0.0018597438975263558]
[-0.00446576907266244, 0.7547111204957185]
[1.0001741120832572, -7.608250872435107E-4]
[0.0035015821733874186, -0.7553649743076087]
[-0.9999798323343783, 0.0018515327996163622]
[-0.004482598987948894, 0.7552395831815132]
[1.000173222969394, -7.521853248739219E-4]
[0.003523482085820262, -0.755881238270985]
[-0.9999804324329746, 0.001843320751687666]
[-0.004499778717392433, 0.7557696856376273]
[1.0001723359190033, -7.432192434145002E-4]
[0.0035457352139247056, -0.7563999259678518]
[-0.999981012179534, 0.0018351058419851518]
[-0.004517321893532322, 0.7563014346123069]
[1.000171450429653, -7.339339147950097E-4]
[0.003568365664100459, -0.7569210459365167]
[-0.9999815717388044, 0.0018268863308115724]
[-0.004535242394655692, 0.7568348387394133]
[1.0001705659776134, -7.243362700454503E-4]
[0.003591398243300681, -0.7574446079850418]
[-0.9999821112589267, 0.0018186606454073384]
[-0.0045535543445758275, 0.7573699086229488]
[1.0001696820157016, -7.144331070301213E-4]
[0.003614858477825389, -0.7579706232327289]
[-0.9999826308716424, 0.0018104273746987476]
[-0.004572272112178921, 0.7579066569236386]
[1.0001687979710119, -7.042310981315025E-4]
[0.0036387726318988234, -0.7584991041513621]
[-0.9999831306925027, 0.0018021852638833435]
[-0.004591410310733179, 0.7584450984476047]
[1.0001679132425336, -6.9373679787188E-4]
[0.0036631677259184037, -0.7590300646062282]
[-0.9999836108210676, 0.0017939332088351412]
[-0.004610983796954071, 0.7589852502371899]
[1.0001670271986483, -6.829566504512885E-4]
[0.0036880715542577103, -0.7595635198969503]
[-0.9999840713410983, 0.0017856702503024346]
[-0.004631007669809228, 0.759527131663964]
[1.0001661391745045, -6.718969971928335E-4]
[0.003713512702493482, -0.7600994867981553]
[-0.9999845123207409, 0.001777395567877732]
[-0.0046514972690605005, 0.7600707645239324]
[1.0001652484692665, -6.605640838668603E-4]
[0.003739520563924792, -0.7606379836000166]
[-0.9999849338126943, 0.001769108473711617]
[-0.004672468173527289, 0.760616173134967]
[1.0001643543432308, -6.489640678813968E-4]
[0.0037661253552325746, -0.7611790301487071]
[-0.9999853358543679, 0.0017608084059437257]
[-0.004693936199068716, 0.7611633844364576]
[1.0001634560148123, -6.37103025315916E-4]
[0.003793358131119584, -0.7617226478868054]
[-0.9999857184680163, 0.0017524949218246377]
[-0.00471591739626015, 0.7617124280911651]
[1.000162552657386, -6.249869577754918E-4]
[0.003821250797767961, -0.7622688598937014]
[-0.9999860816608549, 0.0017441676905019243]
[-0.00473842804777469, 0.762263336589245]
[1.0001616433959917, -6.126217990457261E-4]
[0.00384983612492501, -0.7628176909260547]
[-0.9999864254251482, 0.0017358264854406835]
[-0.004761484665433413, 0.7628161453543946]
[1.0001607273038928, -6.000134215232711E-4]
[0.003879147756438106, -0.7633691674583569]
[-0.9999867497382698, 0.0017274711764480866]
[-0.004785103986931549, 0.7633708928520428]
[1.0001598033989865, -5.871676423975514E-4]
[0.003909220219022458, -0.7639233177236664]
[-0.9999870545627227, 0.0017191017212727644]
[-0.004809302972214158, 0.7639276206994983]
[1.000158870640064, -5.74090229556512E-4]
[0.003940088929059948, -0.7644801717545745]
[-0.9999873398461296, 0.0017107181567511398]
[-0.004834098799488373, 0.7644863737779257]
[1.0001579279229174, -5.607869071947991E-4]
[0.003971790197194458, -0.7650397614244768]
[-0.9999876055211652, 0.0017023205894656224]
[-0.004859508860860007, 0.7650472003460164]
[1.0001569740762948, -5.472633610913158E-4]
[0.0040043612305011855, -0.7656021204892266]
[-0.9999878515054473, 0.0016939091858879929]
[-0.004885550757566637, 0.7656101521551631]
[1.0001560078576952, -5.335252435311466E-4]
[0.004037840131964732, -0.7661672846292514]
[-0.9999880777013604, 0.001685484161974754]
[-0.004912242294787705, 0.766175284565952]
[1.0001550279490083, -5.195781778433994E-4]
[0.00407226589703108, -0.766735291492217]
[-0.9999882839958184, 0.0016770457721865528]
[-0.004939601476009359, 0.7667426566657152]
[1.000154032952001, -5.054277625251291E-4]
[0.004107678406949311, -0.767306180736337]
[-0.9999884702599526, 0.0016685942979001167]
[-0.00496764649690451, 0.7673123313868881]
[1.000153021383643, -4.910795749180075E-4]
[0.004144118418641152, -0.7678799940744154]
[-0.99998863634871, 0.0016601300351821724]
[-0.0049963957387052504, 0.7678843756258469]
[1.0001519916712793, -4.76539174413787E-4]
[0.004181627550806921, -0.7684567753187304]
[-0.9999887821003668, 0.0016516532819035312]
[-0.005025867761018932, 0.7684588603618889]
[1.0001509421476544, -4.618121051525037E-4]
[0.004220248265984217, -0.7690365704268578]
[-0.9999889073359314, 0.0016431643241599236]
[-0.0050560812940470545, 0.7690358607759604]
[1.0001498710457817, -4.4690389818277665E-4]
[0.004260023848259631, -0.769619427548547]
[-0.999989011858436, 0.0016346634219784328]
[-0.005087055230158677, 0.7696154563687073]
[1.00014877649367, -4.3182007305980763E-4]
[0.004300998376335685, -0.7702053970737539]
[-0.9999890954520986, 0.0016261507942892939]
[-0.005118808614750392, 0.7701977310773672]
[1.0001476565089154, -4.165661388412234E-4]
[0.004343216691651608, -0.7707945316819428]
[-0.9999891578813475, 0.0016176266031381892]
[-0.005151360636337532, 0.7707827733909932]
[1.0001465089931554, -4.0114759445972203E-4]
[0.004386724361247041, -0.7713868863927708]
[-0.9999891988896875, 0.001609090937129215]
[-0.005184730615789224, 0.7713706764634398]
[1.0001453317264017, -3.8556992843755133E-4]
[0.004431567635074629, -0.7719825186182552]
[-0.9999892181984003, 0.0016005437940762868]
[-0.005218937994639183, 0.7719615382235052]
[1.0001441223612573, -3.698386179193103E-4]
[0.004477793397460128, -0.7725814882165363]
[-0.9999892155050583, 0.001591985062866924]
[-0.005254002322357898, 0.7725554614815688]
[1.0001428784170323, -3.5395912699420773E-4]
[0.004525449112404822, -0.773183857547328]
[-0.9999891904818372, 0.0015834145045233727]
[-0.005289943242494266, 0.7731525540320326]
[1.000141597273767, -3.3793690428371437E-4]
[0.004574582762463142, -0.7737896915291489]
[-0.9999891427736078, 0.0015748317324668915]
[-0.00532678047756463, 0.7737529287508074]
[1.0001402761661784, -3.2177737977517884E-4]
[0.004625242780900485, -0.7743990576984132]
[-0.9999890719957922, 0.0015662361919955015]
[-0.005364533812558747, 0.774356703687064]
[1.0001389121775455, -3.054859608775107E-4]
[0.004677477976883282, -0.775012026270442]
[-0.9999889777319568, 0.0015576271389840246]
[-0.005403223076920871, 0.7749640021484112]
[1.000137502233555, -2.8906802768940976E-4]
[0.004731337453449891, -0.7756286702024455]
[-0.9999888595311341, 0.0015490036178326672]
[-0.005442868124849176, 0.7755749527786249]
[1.0001360430961204, -2.725289274579379E-4]
[0.0047868705180401094, -0.7762490652585012]
[-0.9999887169048423, 0.0015403644386896842]
[-0.005483488813745663, 0.7761896896270297]
[1.000134531357201, -2.55873968230208E-4]
[0.004844126585380304, -0.7768732900765234]
[-0.999988549323781, 0.001531708153988648]
[-0.005525104980630524, 0.7768083522085757]
[1.0001329634326412, -2.3910841168445218E-4]
[0.004903155072553067, -0.777501426237197]
[-0.9999883562141887, 0.0015230330343493081]
[-0.005567736416331237, 0.777431085553652]
[1.0001313355560604, -2.22237465150682E-4]
[0.004964005286102358, -0.7781335583348125]
[-0.999988136953832, 0.0015143370438957526]
[-0.005611402837229107, 0.7780580402466347]
[1.0001296437728129, -2.052662728226351E-4]
[0.005026726301073259, -0.7787697740498895]
[-0.9999878908676052, 0.0015056178150651134]
[-0.005656123854347439, 0.7786893724521599]
[1.0001278839340508, -1.8819990617532922E-4]
[0.005091366831906308, -0.7794101642234468]
[-0.9999876172227179, 0.0014968726229821483]
[-0.005701918939548689, 0.7793252439280948]
[1.0001260516909254, -1.7104335361342593E-4]
[0.005157975095154699, -0.7800548229327137]
[-0.9999873152234493, 0.0014880983594967312]
[-0.005748807388592514, 0.7799658220241903]
[1.0001241424889513, -1.538015093748013E-4]
[0.005226598664049564, -0.7807038475680304]
[-0.9999869840054425, 0.0014792915069848922]
[-0.005796808280814747, 0.7806112796653785]
[1.0001221515625722, -1.3647916172629393E-4]
[0.005297284314958406, -0.781357338910618]
[-0.9999866226295202, 0.0014704481120346724]
[-0.005845940435163344, 0.7812617953187233]
[1.0001200739299634, -1.1908098050386617E-4]
[0.005370077865856637, -0.7820154012108347]
[-0.999986230074998, 0.0014615637591458008]
[-0.005896222362331338, 0.7819175529430272]
[1.0001179043881068, -1.0161150404036645E-4]
[0.005445024006977939, -0.7826781422664687]
[-0.9999858052324775, 0.001452633544591575]
[-0.005947672212737509, 0.7825787419201529]
[1.0001156375081797, -8.40751255564709E-5]
[0.005522166123853478, -0.7833456735005256]
[-0.9999853468961007, 0.001443652050598404]
[-0.00600030772009047, 0.7832455569671479]
[1.000113267631292, -6.647607908774611E-5]
[0.005601546113025213, -0.7840181100379157]
[-0.999984853755248, 0.0014346133200223987]
[-0.006054146140292038, 0.7839181980283237]
[1.0001107888646195, -4.8818425026964096E-5]
[0.005683204190762292, -0.784695570780327]
[-0.9999843243856662, 0.0014255108317075826]
[-0.0061092041854453605, 0.7845968701465069]
[1.0001081950779618, -3.11060353914705E-5]
[0.005767178695175179, -0.785378178478513]
[-0.999983757240017, 0.0014163374767315606]
[-0.0061654979527538956, 0.7852817833127557]
[1.000105479900782, -1.3342578909031344E-5]
[0.005853505882179755, -0.7860660598011189]
[-0.9999831506378358, 0.0014070855357483925]
[-0.0062230428481097055, 0.7859731522939178]
[1.0001026367197543, 4.468493944420615E-6]
[0.005942219715822428, -0.786759345399082]
[-0.9999825027549012, 0.0013977466576694797]
[-0.006281853504215784, 0.7866711964375317]
[1.0000996586768718, 2.232396583248808E-5]
[0.0060333516535397425, -0.7874581699645538]
[-0.9999818116120072, 0.0013883118399137528]
[-0.006341943693103258, 0.7873761394536452]
[1.000096538668148, 4.022086722629825E-5]
[0.006126930426970767, -0.788162672283204]
[-0.999981075063156, 0.0013787714104850912]
[-0.0064033262329622476, 0.7880882091732833]
[1.000093269342956, 5.81564906999843E-5]
[0.006222981819009599, -0.7888729952786793]
[-0.9999802907831665, 0.0013691150121456774]
[-0.006466012889241313, 0.7888076372834079]
[1.0000898431040417, 7.61284046877364E-5]
[0.0063215284378239645, -0.7895892860479081]
[-0.9999794562547303, 0.001359331588948437]
[-0.006530014270034024, 0.7895346590383492]
[1.0000862521082543, 9.413446653261381E-5]
[0.006422589488616626, -0.7903116958858767]
[-0.9999785687549274, 0.0013494093754183867]
[-0.006595339715825654, 0.7902695129478453]
[1.0000824882680244, 1.121728346398787E-4]
[0.006526180543957871, -0.7910403802984329]
[-0.9999776253412377, 0.0013393358886639728]
[-0.006661997183745105, 0.7910124404419672]
[1.0000785432536266, 1.3024197955024963E-4]
[0.006632313313536364, -0.7917754990016135]
[-0.99997662283708, 0.0013290979237068623]
[-0.006729993126540934, 0.7917636855133594]
[1.0000744084962658, 1.4834069372970937E-4]
[0.006740995414229234, -0.7925172159059739]
[-0.9999755578169307, 0.0013186815523233697]
[-0.006799332366570654, 0.7925234943373927]
[1.0000700751920109, 1.6646809987785893E-4]
[0.006852230141406568, -0.7932656990843436]
[-0.999974426591071, 0.0013080721256815697]
[-0.00687001796519654, 0.7932921148709582]
[1.0000655343066112, 1.8462365754728927E-4]
[0.006966016242407558, -0.7940211207214479]
[-0.9999732251900246, 0.0012972542810605892]
[-0.006942051088038248, 0.7940697964308062]
[1.0000607765812224, 2.028071678719101E-4]
[0.007082347693142088, -0.7947836570438365]
[-0.9999719493487647, 0.0012862119529232219]
[-0.007015430866655237, 0.7948567892524625]
[1.0000557925390696, 2.2101877619151722E-4]
[0.007201213478779334, -0.7955534882285902]
[-0.9999705944907606, 0.0012749283886104579]
[-0.007090154257297976, 0.7956533440309005]
[1.000050572493072, 2.3925897237522809E-4]
[0.007322597379485318, -0.796330798289339]
[-0.9999691557119648, 0.0012633861689033965]
[-0.007166215897473238, 0.7964597114442704]
[1.0000451065544527, 2.575285886475265E-4]
[0.007446477762159398, -0.7971157749381951]
[-0.9999676277648317, 0.0012515672336854688]
[-0.007243607961158416, 0.7972761416621073]
[1.0000393846423608, 2.7582879472676236E-4]
[0.007572827379125513, -0.7979086094223156]
[-0.999966005042492, 0.0012394529129136356]
[-0.007322320013577965, 0.7981028838395389]
[1.0000333964945196, 2.941610901038283E-4]
[0.007701613174688371, -0.798709496333923]
[-0.999964281563185, 0.00122702396308208]
[-0.007402338866555558, 0.7989401855990877]
[1.0000271316789378, 3.1252729329872553E-4]
[0.007832796100470996, -0.7995186333927875]
[-0.9999624509550975, 0.0012142606093280273]
[-0.007483648435513635, 0.7997882925017455]
[1.0000205796066894, 3.3092952795682473E-4]
[0.007966330940396005, -0.8003362212003287]
[-0.9999605064417356, 0.0012011425933091124]
[-0.007566229599278607, 0.800647447509028]
[1.000013729545802, 3.4937020565475874E-4]
[0.00810216614615794, -0.8011624629647117]
[-0.9999584408279873, 0.0011876492269246863]
[-0.007650060063896513, 0.801517890437745]
[1.000006570636267, 3.6785200533726026E-4]
[0.008240243683984072, -0.8019975641965342]
[-0.9999562464870315, 0.0011737594519339312]
[-0.007735114231727458, 0.8023998574092228]
[0.9999990919062063, 3.8637784929923535E-4]
[0.008380498893450494, -0.8028417323749378]
[-0.9999539153482575, 0.0011594519054660135]
[-0.00782136307710174, 0.8032935802946957]
[0.9999912822892225, 4.049508756911735E-4]
[0.008522860359068407, -0.803695176584252]
[-0.9999514388863759, 0.0011447049913728413]
[-0.007908774029872279, 0.8041992861585334]
[0.9999831306429664, 4.2357440753792996E-4]
[0.00866724979532324, -0.8045581071215459]
[-0.9999488081119008, 0.0011294969573389102]
[-0.00799731086816935, 0.8051171967009101]
[0.9999746257689597, 4.422519183102658E-4]
[0.008813581945787352, -0.8054307350757491]
[-0.9999460135631906, 0.001113805977588228]
[-0.00808693362169488, 0.8060475277014313]
[0.9999657564337125, 4.609869941200606E-4]
[0.00896176449690661, -0.8063132718793119]
[-0.9999430453002449, 0.0010976102410037158]
[-0.0081775984868252, 0.8069904884651233]
[0.9999565113911854, 4.7978329266251674E-4]
[0.009111698006987523, -0.8072059288336508]
[-0.9999398929004577, 0.0010808880443893831]
[-0.008269257754790149, 0.8079462812720782]
[0.9999468794066435, 4.986444990519312E-4]
[0.009263275850896535, -0.8081089166099353]
[-0.9999365454565279, 0.0010636178905864824]
[-0.008361859754101753, 0.8089151008318922]
[0.9999368492819561, 5.175742787676685E-4]
[0.009416384180920778, -0.8090224447270451]
[-0.9999329915767347, 0.0010457785910618633]
[-0.008455348808353413, 0.8098971337438957]
[0.9999264098824165, 5.36576227948643E-4]
[0.009570901904219331, -0.8099467210088079]
[-0.999929219387787, 0.0010273493725720118]
[-0.008549665210405122, 0.8108925579640178]
[0.9999155501651267, 5.55653821328328E-4]
[0.009726700677240685, -0.8108819510228709]
[-0.9999252165404531, 0.0010083099874225732]
[-0.008644745213866378, 0.8119015422789483]
[0.999904259209039, 5.74810358153155E-4]
[0.009883644917468293, -0.8118283375037989]
[-0.9999209702181772, 9.88640826812881E-4]
[-0.0087405210426722, 0.8129242457881164]
[0.9998925262467125, 5.940489064554244E-4]
[0.010041591832810781, -0.8127860797631778]
[-0.9999164671488855, 9.683230366921702E-4]
[-0.00883692091940047, 0.8139608173938386]
[0.9998803406978698, 6.133722461011959E-4]
[0.010200391468943748, -0.8137553730896792]
[-0.9999116936201844, 9.473386355375313E-4]
[-0.008933869112852766, 0.8150113952998227]
[0.9998676922048344, 6.327828110678224E-4]
[0.01035988677487748, -0.814736408142166]
[-0.9999066354981427, 9.256706333845566E-4]
[-0.009031286005247274, 0.8160761065181062]
[0.999854570669921, 6.522826314420138E-4]
[0.010519913687011662, -0.8157293703390058]
[-0.9999012782498382, 9.033031514464329E-4]
[-0.009129088179230194, 0.8171550663843443]
[0.9998409662948617, 6.71873275651963E-4]
[0.01068030123193231, -0.8167344392467993]
[-0.999895606969851, 8.802215416044423E-4]
[-0.009227188524746466, 0.8182483780813008]
[0.9998268696223469, 6.915557934815825E-4]
[0.010840871648178763, -0.8177517879717335]
[-0.9998896064108653, 8.564125050328636E-4]
[-0.009325496365627739, 0.8193561321702839]
[0.9998122715797393, 7.113306604216163E-4]
[0.011001440527227846, -0.8187815825567201]
[-0.9998832610185238, 8.318642092219053E-4]
[-0.009423917605609566, 0.8204784061302296]
[0.9997971635250376, 7.311977239368994E-4]
[0.011161816973912275, -0.81982398138737]
[-0.9998765549706727, 8.065664026233738E-4]
[-0.009522354893329199, 0.8216152639041113]
[0.9997815372951289, 7.511561522231119E-4]
[0.011321803786514706, -0.8208791346097419]
[-0.9998694722211114, 7.805105261665252E-4]
[-0.009620707805677475, 0.8227667554523697]
[0.9997653852563781, 7.712043860359646E-4]
[0.011481197656764697, -0.82194718356258]
[-0.9998619965479381, 7.536898208910375E-4]
[-0.009718873048748522, 0.8239329163130769]
[0.9997487003575731, 7.913400941599313E-4]
[0.011639789389989663, -0.8230282602265666]
[-0.99985411160656, 7.260994309371827E-4]
[-0.009816744675481326, 0.8251137671686553]
[0.9997314761852254, 8.115601330680039E-4]
[0.011797364145656908, -0.8241224866928278]
[-0.9998458009874114, 6.977365011855974E-4]
[-0.00991421431895323, 0.8263093134190562]
[0.9997137070212183, 8.318605113029898E-4]
[0.011953701698580343, -0.8252299746526398]
[-0.9998370482783983, 6.686002688295473E-4]
[-0.01001117144017738, 0.8275195447614625]
[0.9996953879027468, 8.522363590867527E-4]
[0.01210857672105703, -0.8263508249099764]
[-0.9998278371320397, 6.386921482239571E-4]
[-0.010107503589133149, 0.8287444347767496]
[0.9996765146844822, 8.726819036024569E-4]
[0.012261759086217072, -0.8274851269181748]
[-0.9998181513372653, 6.080158083785897E-4]
[-0.010203096677686818, 0.8299839405231553]
[0.999657084102856, 8.931904503756E-4]
[0.01241301419289459, -0.8286329583416676]
[-0.999807974895772, 5.765772425126575E-4]
[-0.010297835262961685, 0.8312380021378303]
[0.9996370938423197, 9.137543711213031E-4]
[0.012562103312316608, -0.8297943846433349]
[-0.9997972921028061, 5.443848291330489E-4]
[-0.010391602839673442, 0.832506542447229]
[0.9996165426034027, 9.343650983456159E-4]
[0.01270878395694175, -0.8309694586977066]
[-0.9997860876322042, 5.114493841662099E-4]
[-0.010484282139878065, 0.83378946658755]
[0.9995954301723514, 9.550131269662199E-4]
[0.012852810271770265, -0.8321582204298653]
[-0.9997743466254652, 4.7778420371263897E-4]
[-0.010575755438567702, 0.8350866616367749]
[0.9995737574920777, 9.756880231088505E-4]
[0.012993933448454675, -0.8333606964795739]
[-0.9997620547845913, 4.4340509706813913E-4]
[-0.010665904863509601, 0.8363979962601295]
[0.9995515267341193, 9.963784401926246E-4]
[0.013131902162542952, -0.8345768998898441]
[-0.9997491984683731, 4.0833040971517687E-4]
[-0.01075461270774114, 0.8377233203711534]
[0.9995287413712433, 0.0010170721423364976]
[0.013266463034163123, -0.8358068298188615]
[-0.9997357647917544, 3.725810360419718E-4]
[-0.010841761743103251, 0.8390624648108503]
[0.9995054062502928, 0.0010377560350303822]
[0.013397361112449435, -0.837050471273957]
[-0.9997217417278479, 3.361804216313047E-4]
[-0.010927235533270685, 0.8404152410477368]
[0.999481527664821, 0.0010584162029651373]
[0.013524340383972377, -0.83830779486609]
[-0.9997071182121224, 2.99154554995712E-4]
[-0.01101091874470328, 0.8417814409019121]
[0.9994571134270043, 0.00107903795480363]
[0.01364714430538283, -0.8395787565831436]
[-0.9996918842482276, 2.6153194872648167E-4]
[-0.011092697454030742, 0.843160836296559]
[0.9994321729382782, 0.001099605874635201]
[0.013765516360432273, -0.8408632975802492]
[-0.9996760310148635, 2.2334361005982295E-4]
[-0.011172459450409677, 0.844553179040569]
[0.9994067172580936, 0.00112010387975639]
[0.013879200641429112, -0.8421613439852504]
[-0.9996595509730495, 1.846230009297789E-4]
[-0.011250094531443433, 0.8459582006462187]
[0.9993807591701389, 0.0011405152843629723]
[0.013987942455103985, -0.8434728067174672]
[-0.9996424379730944, 1.4540598763167212E-4]
[-0.01132549479132916, 0.8473756121860461]
[0.9993543132453337, 0.0011608228686722372]
[0.014091488952732267, -0.8447975813179205]
[-0.9996246873605117, 1.0573078025781502E-4]
[-0.011398554899960334, 0.8488051041932287]
[0.999327395900852, 0.001181008952923654]
[0.014189589784186774, -0.8461355477893184]
[-0.9996062960800844, 6.563786212021583E-5]
[-0.011469172371776692, 0.8502463466099053]
[0.99930002545441, 0.0012010554756616693]
[0.014281997775447142, -0.8474865704442445]
[-0.9995872627772324, 2.516990940908126E-5]
[-0.011537247823227403, 0.851698988787928]
[0.9992722221730012, 0.0012209440756443812]
[0.014368469628862401, -0.8488504977602109]
[-0.9995675878957972, -1.562829862974957E-5]
[-0.011602685217798725, 0.8531626595465707]
[0.9992440083152572, 0.0012406561766849233]
[0.014448766645231703, -0.8502271622404896]
[-0.9995472737713249, -5.6709978689506446E-5]
[-0.011665392097636729, 0.8546369672916431]
[0.9992154081665789, 0.0012601730746921447]
[0.01452265546650483, -0.8516163802799405]
[-0.9995263247189078, -9.802645123310749E-5]
[-0.011725279800842259, 0.8561215002003537]
[0.9991864480661867, 0.001279476026149598]
[0.01458990883760275, -0.8530179520353972]
[-0.9995047471146083, -1.39527256801511E-4]
[-0.01178226366364754, 0.8576158264760737]
[0.9991571564252184, 0.001298546337248116]
[0.01465030638553505, -0.8544316613005457]
[-0.9994825494695028, -1.811602804328294E-4]
[-0.011836263206711939, 0.8591194946768947]
[0.9991275637350373, 0.001317365452882191]
[0.014703635413643668, -0.8558572753856234]
[-0.9994597424953647, -2.228718838110516E-4]
[-0.01188720230488638, 0.8606320341215178]
[0.9990977025649108, 0.0013359150447041779]
[0.014749691708411727, -0.8572945450026929]
[-0.999436339161026, -2.6460704474615127E-4]
[-0.011935009339857361, 0.8621529553756285]
[0.9990676075482637, 0.001354177097440054]
[0.014788280355897243, -0.8587432041576607]
[-0.9994123547384761, -3.063095035892305E-4]
[-0.011979617335163062, 0.8636817508213882]
[0.9990373153567527, 0.0013721339926869858]
[0.014819216564424753, -0.8602029700506575]
[-0.9993878068377949, -3.479219161725833E-4]
[-0.012020964073166884, 0.865217895312134]
[0.9990068646614627, 0.00138976858941392]
[0.01484232648975109, -0.8616735429868009]
[-0.9993627154300678, -3.8938601286114816E-4]
[-0.012058992193624829, 0.8667608469137291]
[0.9989762960806002, 0.0014070643004375633]
[0.014857448058496592, -0.863154606299777]
[-0.9993371028574862, -4.3064276329253526E-4]
[-0.01209364927359391, 0.8683100477333072]
[0.9989456521131418, 0.001424005164163758]
[0.014864431785198862, -0.8646458262910665]
[-0.9993109938299249, -4.716325463726412E-4]
[-0.012124887888491198, 0.8698649248353879]
[0.9989149770579844, 0.0014405759109327038]
[0.0148631415779521, -0.8661468521879845]
[-0.9992844154073621, -5.122953250856904E-4]
[-0.012152665654202366, 0.871424891244513]
[0.9988843169182773, 0.0014567620233562617]
[0.014853455527183812, -0.8676573161240094]
[-0.9992573969676387, -5.525708256539502E-4]
[-0.01217694525022639, 0.8729893470327037]
[0.9988537192907199, 0.0014725497900867773]
[0.01483526667177898, -0.8691768331451497]
[-0.9992299701591438, -5.923987205776957E-4]
[-0.012197694423938477, 0.8745576804891103]
[0.9988232332397498, 0.0014879263525293673]
[0.014808483736429512, -0.870705001246295]
[-0.9992021688381603, -6.31718815044327E-4]
[-0.012214885976129852, 0.8761292693683137]
[0.9987929091567082, 0.0015028797440628794]
[0.014773031833819728, -0.8722414014416502]
[-0.9991740289907485, -6.704712361886231E-4]
[-0.012228497728106635, 0.8777034822127874]
[0.9987627986042119, 0.0015173989214252448]
[0.014728853125050123, -0.8737855978734201]
[-0.9991455886391849, -7.085966246319284E-4]
[-0.012238512470709062, 0.8792796797440913]
[0.9987329541461346, 0.0015314737879753987]
[0.014675907431564883, -0.8753371379629303]
[-0.999116887733153, -7.4603632770779E-4]
[-0.012244917895727903, 0.8808572163164344]
[0.9987034291637849, 0.0015450952086513425]
[0.014614172791779678, -0.8768955526082983]
[-0.9990879680260341, -7.827325937357771E-4]
[-0.012247706510320588, 0.8824354414253562]
[0.9986742776590252, 0.0015582550165008091]
[0.01454364595563673, -0.8784603564326413]
[-0.9990588729368237, -8.186287666442915E-4]
[-0.01224687553511361, 0.8840137012634004]
[0.998645554045284, 0.0015709460107784096]
[0.014464342810448949, -0.8800310480865605]
[-0.9990296473983796, -8.536694802343814E-4]
[-0.012242426786831517, 0.885591340313912]
[0.9986173129275775, 0.0015831619466678062]
[0.014376298731588855, -0.8816071106083988]
[-0.9990003376928711, -8.87800851276592E-4]
[-0.01223436654638077, 0.8871677029733154]
[0.9985896088728319, 0.0015948975167926482]
[0.014279568851931268, -0.8831880118453648]
[-0.9989709912754665, -9.209706706183318E-4]
[-0.012222705413473922, 0.8887421351916676]
[0.9985624961719943, 0.0016061483247630307]
[0.014174228244377973, -0.8847732049382081]
[-0.9989416565874711, -9.531285914163232E-4]
[-0.012207458148963957, 0.8903139861207199]
[0.998536028595546, 0.0016169108511009528]
[0.01406037201234489, -0.8863621288716496]
[-0.9989123828602555, -9.842263135636797E-4]
[-0.012188643506210961, 0.8918826097583563]
[0.9985102591442196, 0.0016271824119702682]
[0.013938115283712582, -0.8879542090921896]
[-0.9988832199114852, -0.001014217763327864]
[-0.012166284052887888, 0.8934473665779993]
[0.9984852397968257, 0.0016369611112217672]
[0.013807593104516735, -0.8895488581943672]
[-0.9988542179352465, -0.0010430592671961322]
[-0.012140405984770286, 0.8950076251314462]
[0.9984610212572238, 0.001646245786353466]
[0.013668960229479388, -0.8911454766758757]
[-0.9988254272878009, -0.0010707097188707992]
[-0.0121110389331186, 0.896562763613625]
[0.9984376527025672, 0.0016550359490411573]
[0.013522390807398144, -0.8927434537612874]
[-0.998796898270761, -0.0010971307383538173]
[-0.012078215767383549, 0.8981121713779285]
[0.9984151815350144, 0.0016633317209950038]
[0.013368077960415947, -0.8943421682934634]
[-0.9987686809135464, -0.0011222868220402554]
[-0.012041972394990719, 0.8996552503911112]
[0.9983936531391391, 0.0016711337659221157]
[0.01320623325725101, -0.8959409896910229]
[-0.9987408247570142, -0.0011461454827272205]
[-0.012002347560060134, 0.9011914166172044]
[0.998373110647296, 0.0016784432184620904]
[0.013037086081549076, -0.8975392789695491]
[-0.9987133786401542, -0.0011686773784969975]
[-0.01195938264291041, 0.9027201013205355]
[0.998353594715162, 0.0016852616109885657]
[0.012860882897664627, -0.8991363898235499]
[-0.9986863904917318, -0.0011898564294061317]
[-0.011913121462219456, 0.9042407522786957]
[0.998335143309648, 0.0016915907991950016]
[0.01267788641728873, -0.9007316697655054]
[-0.9986599071286989, -0.0012096599210035391]
[-0.011863610081696008, 0.9057528348971997]
[0.9983177915112689, 0.0016974328874332367]
[0.012488374671477676, -0.9023244613177258]
[-0.9986339740631257, -0.001228068593731868]
[-0.011810896623086209, 0.9072558332185855]
[0.9983015713329684, 0.0017027901547492612]
[0.012292639993715215, -0.9039141032521462]
[-0.9986086353192971, -0.0012450667173460016]
[-0.011755031087228196, 0.9087492508198266]
[0.9982865115572384, 0.0017076649825870371]
[0.012090987920687746, -0.9054999318726539]
[-0.9985839332624926, -0.0012606421495699113]
[-0.011696065184820137, 0.9102326115931166]
[0.9982726375932027, 0.001712059785090314]
[0.011883736018412638, -0.9070812823340473]
[-0.9985599084408143, -0.0012747863783263078]
[-0.011634052178403409, 0.9117054604063632]
[0.9982599713551435, 0.0017159769429254262]
[0.011671212642244688, -0.9086574899913245]
[-0.9985365994412589, -0.0012874945469639326]
[-0.011569046736912947, 0.9131673636410232]
[0.9982485311637093, 0.0017194187414924268]
[0.011453755640065566, -0.9102278917726158]
[-0.9985140427610357, -0.0012987654620735777]
[-0.011501104803985696, 0.914617909606257]
[0.9982383316708034, 0.0017223873143446672]
[0.011231711008608536, -0.9117918275688224]
[-0.9984922726949408, -0.0013086015835877193]
[-0.011430283480986514, 0.9160567088297021]
[0.9982293838089082, 0.0017248845925615687]
[0.011005431513414488, -0.9133486416327791]
[-0.9984713212393677, -0.0013170089970183513]
[-0.01135664092550992, 0.9174833942264832]
[0.9982216947652824, 0.001726912260755116]
[0.010775275283282926, -0.9148976839806425]
[-0.9984512180133316, -0.0013239973678540115]
[-0.011280236265850507, 0.9188976211493403]
[0.998215267981234, 0.0017284717202911588]
[0.010541604390327586, -0.9164383117881157]
[-0.9984319901966627, -0.0013295798782734965]
[-0.011201129531707266, 0.9202990673239667]
[0.9982101031763432, 0.0017295640602089345]
[0.01030478342684149, -0.9179698907741575]
[-0.998413662485294, -0.00133377314650205]
[-0.011119381601091605, 0.9216874326747533]
[0.9982061963972473, 0.0017301900362313126]
[0.010065178090095328, -0.9194917965648632]
[-0.9983962570633715, -0.0013365971292966516]
[-0.011035054163168634, 0.9230624390471805]
[0.9982035400903113, 0.001730350058120226]
[0.009823153785986749, -0.9210034160303732]
[-0.9983797935917111, -0.0013380750081944844]
[-0.010948209696473477, 0.9244238298339874]
[0.998202123197234, 0.0017300441855461392]
[0.009579074262099585, -0.9225041485878565]
[-0.9983642892119361, -0.001338233060308466]
[-0.010858911461698928, 0.9257713695130195]
[0.9982019312723983, 0.0017292721324998674]
[0.009333300280228274, -0.923993407463889]
[-0.9983497585654588, -0.001337100514596977]
[-0.01076722350799375, 0.9271048431053305]
[0.9982029466205262, 0.001728033280164517]
[0.009086188337804946, -0.9254706209098442]
[-0.9983362138263343, -0.0013347093946605715]
[-0.010673210691487411, 0.9284240555625691]
[0.9982051484529986, 0.001726326698047542]
[0.00883808944694342, -0.9269352333643173]
[-0.998323664746863, -0.0013310943492337926]
[-0.01057693870453047, 0.9297288310930562]
[0.9982085130610117, 0.0017241511730521821]
[0.008589347978954498, -0.9283867065569834]
[-0.9983121187147435, -0.0013262924716447438]
[-0.010478474113980174, 0.9310190124361691]
[0.9982130140035907, 0.001721505246069014]
[0.008340300581308413, -0.9298245205487282]
[-0.998301580820474, -0.001320343109610829]
[-0.010377884406687521, 0.932294460094686]
[0.998218622308352, 0.001718387255554987]
[0.008091275173015666, -0.9312481747034297]
[-0.9982920539336673, -0.001313287666788448]
[-0.010275238040224788, 0.933555051534679]
[0.9982253066828314, 0.0017147953874752332]
[0.007842590023398599, -0.932657188587199]
[-0.9982835387869058, -0.001305169397576432]
[-0.010170604496807734, 0.9348006803623239]
[0.9982330337341196, 0.001710727730905747]
[0.007594552918153363, -0.9340511027914774]
[-0.9982760340657628, -0.0012960331966837277]
[-0.010064054338325912, 0.9360312554866801]
[0.9982417681945385, 0.0017061823385139258]
[0.007347460415574991, -0.9354294796769063]
[-0.9982695365036419, -0.0012859253850059284]
[-0.009955659260355243, 0.9372467002770157]
[0.9982514731511014, 0.0017011572910757078]
[0.007101597194742126, -0.936791904035447]
[-0.9982640409801189, -0.001274893493350734]
[-0.009845492143089163, 0.9384469517227497]
[0.9982621102765303, 0.0016956507651450245]
[0.006857235496450009, -0.9381379836687898]
[-0.9982595406215445, -0.0012629860455394676]
[-0.009733627097154196, 0.9396319596034497]
[0.998273640059697, 0.0016896611029576603]
[0.00661463465670209, -0.9394673498816596]
[-0.9982560269027418, -0.0012502523423734415]
[-0.009620139502395597, 0.9408016856756347]
[0.9982860220334304, 0.0016831868836196108]
[0.006374040731628616, -0.9407796578891852]
[-0.9982534897487116, -0.001236742247911557]
[-0.009505106037840938, 0.941956102882398]
[0.998299214997777, 0.0016762269946495956]
[0.006135686211849234, -0.9420745871380398]
[-0.9982519176354006, -0.0012225059794451188]
[-0.009388604701204173, 0.9430951945911219]
[0.9983131772369298, 0.0016687807029279436]
[0.0058997898235094715, -0.9433518415416275]
[-0.9982512976886527, -0.0012075939024759142]
[-0.00927071481648456, 0.9442189538637117]
[0.9983278667282209, 0.0016608477241496522]
[0.005666556412517565, -0.9446111496300794]
[-0.998251615780632, -0.0011920563319202716]
[-0.009151517028437195, 0.945327382763062]
[0.9983432413417318, 0.0016524282898931876]
[0.00543617690788889, -0.9458522646163607]
[-0.9982528566230957, -0.0011759433406702243]
[-0.00903109328288565, 0.9464204916986291]
[0.9983592590292789, 0.0016435232114853076]
[0.005208828359597573, -0.9470749643802495]
[-0.9982550038570291, -0.0011593045765335283]
[-0.008909526792122313, 0.9474982988132464]
[0.9983758780017161, 0.0016341339398785086]
[0.004984674045897419, -0.9482790513724074]
[-0.9982580401382823, -0.0011421890884618525]
[-0.008786901984867979, 0.9485608294125948]
[0.9983930568937027, 0.0016242626208400933]
[0.0047638636447505656, -0.9494643524411904]
[-0.9982619472189537, -0.0011246451628742476]
[-0.008663304440517106, 0.9496081154380815]
[0.9984107549152659, 0.0016139121448234305]
[0.004546533463753777, -0.9506307185852327]
[-0.9982667060243768, -0.0011067201707519927]
[-0.008538820807670766, 0.9506401949831937]
[0.9984289319897067, 0.0016030861909652801]
[0.0043328067228176614, -0.951778024635195]
[-0.998272296725673, -0.0010884604260614616]
[-0.008413538707158552, 0.951657111852893]
[0.9984475488775517, 0.0015917892647532884]
[0.004122793883769904, -0.9529061688683949]
[-0.9982786988079092, -0.001069911055953516]
[-0.00828754662003306, 0.9526589151650426]
[0.9984665672864663, 0.001580026728983724]
[0.00391659302106695, -0.9540150725602965]
[-0.9982858911340008, -0.0010511158830577537]
[-0.008160933761215294, 0.9536456589924566]
[0.9984859499671801, 0.0015678048277367514]
[0.003714290227900041, -0.9551046794771068]
[-0.9982938520045403, -0.0010321173200809539]
[-0.008033789939686842, 0.9546174020437622]
[0.9985056607956468, 0.0015551307031751622]
[0.0035159600520988654, -0.9561749553138994]
[-0.9983025592138088, -0.0010129562767976948]
[-0.007906205406308375, 0.955574207380928]
[0.9985256648417952, 0.001542012405067305]
[0.003321665956446118, -0.957225887082856]
[-0.998311990102261, -9.936720794323783E-4]
[-0.007778270690503186, 0.9565161421711194]
[0.998545928425346, 0.0015284588930328212]
[0.0031314607982751985, -0.9582574824563332]
[-0.9983221216058019, -9.743024023086012E-4]
[-0.007650076427193397, 0.9574432774702801]
[0.998566419159276, 0.001514480031587679]
[0.0029453873234873695, -0.959269769069544]
[-0.9983329303022035, -9.548832115760554E-4]
[-0.007521713175480671, 0.9583556880357531]
[0.998587105981606, 0.0015000865781444831]
[0.0027634786704583414, -0.9602627937876551]
[-0.9983443924550083, -9.354487206987873E-4]
[-0.0073932712306690185, 0.9592534521651785]
[0.9986079591762498, 0.001485290164202591]
[0.0025857588796250885, -0.96123662194215]
[-0.9983564840552623, -9.160313573523381E-4]
[-0.007264840431250863, 0.9601366515588319]
[0.9986289503837273, 0.0014701032700330258]
[0.0024122434049170804, -0.9621913365412119]
[-0.9983691808614308, -8.966617412818675E-4]
[-0.007136509962573201, 0.9610053712026407]
[0.9986500526025804, 0.0014545391932174433]
[0.0022429396235348342, -0.9631270374588426]
[-0.9983824584378015, -8.773686726161536E-4]
[-0.007008368158861189, 0.9618596992691256]
[0.9986712401823503, 0.0014386120114725266]
[0.002077847340968275, -0.9640438406073364]
[-0.9983962921916782, -8.581791300833128E-4]
[-0.006880502305274816, 0.962699727033614]
[0.9986924888089901, 0.0014223365402082702]
[0.0019169592884702435, -0.9649418770975597]
[-0.9984106574096316, -8.391182785273225E-4]
[-0.006752998441656999, 0.963525548803214]
[0.9987137754835912, 0.0014057282853337204]
[0.001760261610601832, -0.965821292391354]
[-0.9984255292930373, -8.202094850942275E-4]
[-0.006625941169555616, 0.9643372618561192]
[0.9987350784952651, 0.00138880339184096]
[0.001607734340754008, -0.9666822454501898]
[-0.9984408829930947, -8.014743434179919E-4]
[-0.006499413464034598, 0.9651349663890277]
[0.9987563773890338, 0.0013715785887230443]
[0.0014593518629166802, -0.9675249078839875]
[-0.998456693645493, -7.829327051302147E-4]
[-0.006373496491696717, 0.9659187654706013]
[0.9987776529295087, 0.001354071130786224]
[0.0013150833582321608, -0.9683494631037964]
[-0.9984729364048296, -7.646027180038331E-4]
[-0.0062482694362224755, 0.9666887649990541]
[0.9987988870611383, 0.0013362987379491285]
[0.0011748932351957064, -0.9691561054817925]
[-0.9984895864788792, -7.465008700301458E-4]
[-0.006123809332647889, 0.9674450736621901]
[0.9988200628657249, 0.0013182795325773489]
[0.0010387415425927582, -0.969945039521801]
[-0.9985066191627412, -7.28642038738226E-4]
[-0.006000190911419456, 0.9681878028983308]
[0.9988411645178883, 0.0013000319754464633]
[9.06584364520624E-4, -0.9707164790432972]
[-0.9985240098728883, -7.110395450759879E-4]
[-0.005877486453197189, 0.9689170668568241]
[0.998862177239082, 0.0012815748008646495]
[7.783741970619484E-4, -0.9714706463815626]
[-0.9985417341810864, -6.937052111812871E-4]
[-0.005755765655172218, 0.9696329823569483]
[0.9988830872507235, 0.0012629269514997411]
[6.54060306358617E-4, -0.9722077716064368]
[-0.9985597678481395, -6.766494214012729E-4]
[-0.005635095509588961, 0.9703356688442322]
[0.9989038817269407, 0.0012441075134164183]
[5.335890680170374E-4, -0.9729280917617885]
[-0.9985780868573814, -6.598811859216992E-4]
[-0.005515540194969248, 0.9710252483433812]
[0.9989245487473789, 0.0012251356518045084]
[4.16904287928066E-4, -0.9736318501276314]
[-0.9985966674478179, -6.434082064337189E-4]
[-0.00539716098043419, 0.9717018454071213]
[0.9989450772504638, 0.001206030547843153]
[3.0394750470563725E-4, -0.9743192955064951]
[-0.9986154861468063, -6.272369432529859E-4]
[-0.005280016143355382, 0.9723655870604767]
[0.9989654569874553, 0.0011868113371226452]
[1.9465827406217606E-4, -0.9749906815354445]
[-0.9986345198021418, -6.113726833706749E-4]
[-0.005164160900473003, 0.973016602740067]
[0.998985678477583, 0.0011674970499945259]
[8.897443554245488E-5, -0.9756462660248815]
[-0.9986537456134195, -5.958196089412837E-4]
[-0.0050496473524598295, 0.9736550242281959]
[0.999005732964499, 0.0011481065541891107]
[-1.3167637907041119E-5, -0.9762863103250341]
[-0.9986731411625209, -5.805808657527722E-4]
[-0.004936524441819579, 0.9742809855815899]
[0.9990256123742443, 0.001128658499999123]
[-1.1183280697280029E-4, -0.9769110787208175]
[-0.9986926844430899, -5.656586312541532E-4]
[-0.0048248379238935435, 0.9748946230547219]
[0.9990453092748824, 0.0011091712682913153]
[-2.0708694901594438E-4, -0.9775208378555537]
[-0.9987123538888485, -5.510541817676136E-4]
[-0.004714630350653226, 0.9754960750178183]
[0.9990648168379107, 0.001089662921560916]
[-2.9899675649736057E-4, -0.9781158561838063]
[-0.9987321284006176, -5.367679585367713E-4]
[-0.004605941066866959, 0.9760854818696488]
[0.9990841288015323, 0.001070151158208691]
[-3.8762955011262257E-4, -0.9786964034534477]
[-0.9987519873719088, -5.227996323166374E-4]
[-0.00449880621815979, 0.9766629859453132]
[0.9991032394358327, 0.0010506532701841098]
[-4.7305310596923444E-4, -0.9792627502168819]
[-0.9987719107129649, -5.09148166232546E-4]
[-0.004393258770409414, 0.9772287314193069]
[0.9991221435098867, 0.0010311861040988649]
[-5.55335496127296E-4, -0.9798151673711973]
[-0.9987918788731446, -4.958118766786382E-4]
[-0.004289328539874848, 0.977782864204157]
[0.9991408362607911, 0.001011766025873724]
[-6.34544941812587E-4, -0.9803539257269016]
[-0.9988118728615434, -4.827884920734146E-4]
[-0.004187042233392835, 0.978325531844996]
[0.9991593133645956, 9.924088889686558E-4]
[-7.107496786293854E-4, -0.9808792956047379]
[-0.9988318742657746, -4.7007520929059216E-4]
[-0.004086423497967839, 0.9788568834104712]
[0.9991775709090993, 9.731300061851175E-4]
[-7.840178331048886E-4, -0.9813915464599997]
[-0.9988518652688401, -4.5766874765825957E-4]
[-0.0039874929790121305, 0.9793770693803893]
[0.9991956053684508, 9.539441250267233E-4]
[-8.544173099096497E-4, -0.9818909465336619]
[-0.998871828664037, -4.455654004104845E-4]
[-0.0038902683865255083, 0.9798862415305459]
[0.9992134135794886, 9.348654065699617E-4]
[-9.220156891178721E-4, -0.9823777625295431]
[-0.9988917478678605, -4.337610835286783E-4]
[-0.0037947645684446307, 0.9803845528151696]
[0.9992309927197411, 9.159074077626783E-4]
[-9.868801328902777E-4, -0.9828522593166736]
[-0.9989116069308881, -4.222513819215311E-4]
[-0.0037009935904291913, 0.9808721572474525]
[0.9992483402870136, 8.970830670650409E-4]
[-0.0010490773009863563, -0.9833146996559684]
[-0.9989313905466286, -4.1103159292589855E-4]
[-0.003608964821328553, 0.9813492097785986]
[0.9992654540804631, 8.784046933150505E-4]
[-0.001108673274533012, -0.9837653439502666]
[-0.9989510840583561, -4.000967671195961E-4]
[-0.003518685023600976, 0.9818158661758636]
[0.9992823321830788, 8.598839576929584E-4]
[-0.001165733487498155, -0.9842044500167495]
[-0.9989706734639421, -3.8944174647618027E-4]
[-0.003430158447964682, 0.9822722829000038]
[0.9992989729454735, 8.415318886416875E-4]
[-0.0012203226653498822, -0.9846322728807723]
[-0.9989901454187238, -3.790611998795053E-4]
[-0.0033433869315838693, 0.9827186169825821]
[0.9993153749708914, 8.233588695857608E-4]
[-0.001272504770401306, -0.9850490645900405]
[-0.9990094872364628, -3.68949656064238E-4]
[-0.0032583699991213244, 0.9831550259035491]
[0.9993315371013496, 8.053746392960651E-4]
[-0.001322342953367306, -0.9854550740481651]
[-0.9990286868884395, -3.5910153403950415E-4]
[-0.003175104966011255, 0.983581667469478]
[0.9993474584048115, 7.875882947244242E-4]
[-0.0013698995106836698, -0.9858505468665237]
[-0.999047733000771, -3.495111710643123E-4]
[-0.0030935870433508317, 0.9839986996928617]
[0.9993631381633226, 7.700082961377003E-4]
[-0.0014152358471659632, -0.9862357252334479]
[-0.9990666148500136, -3.4017284826882294E-4]
[-0.003013809443820681, 0.9844062806728142]
[0.99937857586201, 7.526424743746277E-4]
[-0.0014584124436030077, -0.986610847799717]
[-0.9990853223571436, -3.310808140009683E-4]
[-0.0029357634881134187, 0.9848045684775242]
[0.9993937711788812, 7.354980400519143E-4]
[-0.001499488828909823, -0.9869761495793696]
[-0.9991038460800072, -3.2222930501012853E-4]
[-0.002859438711349971, 0.9851937210287709]
[0.9994087239753349, 7.18581594540954E-4]
[-0.0015385235564872035, -0.9873318618648793]
[-0.9991221772043353, -3.136125655589586E-4]
[-0.0027848229690224935, 0.9855738959887912]
[0.9994234342873287, 7.018991425387922E-4]
[-0.0015755741844525328, -0.9876782121557502]
[-0.9991403075334224, -3.0522486457261466E-4]
[-0.00271190254205822, 0.9859452506497772]
[0.999437902317121, 6.854561060717079E-4]
[-0.0016106972594195357, -0.9880154240996315]
[-0.9991582294765787, -2.9706051093303376E-4]
[-0.0026406622405820146, 0.9863079418262357]
[0.9994521284255471, 6.692573397534748E-4]
[-0.0016439483035519675, -0.9883437174450609]
[-0.9991759360364492, -2.8911386703165537E-4]
[-0.0025710855060517845, 0.9866621257504329]
[0.9994661131247541, 6.533071471414922E-4]
[-0.0016753818046030267, -0.988663308005002]
[-0.9991934207953227, -2.81379360680116E-4]
[-0.002503154511440564, 0.9870079579711205]
[0.9994798570713603, 6.376092980435802E-4]
[-0.0017050512086901337, -0.9889744076303733]
[-0.9992106779005177, -2.738514954992652E-4]
[-0.0024368502591995966, 0.987345593255705]
[0.9994933610599795, 6.221670466117629E-4]
[-0.001733008915562051, -0.9892772241927894]
[-0.9992277020489675, -2.6652485987797847E-4]
[-0.002372152676739736, 0.9876751854960271]
[0.9995066260170835, 6.069831500965378E-4]
[-0.0017593062761467326, -0.9895719615757723]
[-0.9992444884710938, -2.5939413462282984E-4]
[-0.002309040709237875, 0.9879968876178523]
[0.9995196529951432, 5.920598881145878E-4]
[-0.0017839935921638572, -0.9898588196737446]
[-0.9992610329140759, -2.524540993913624E-4]
[-0.002247492409582552, 0.9883108514941956]
[0.9995324431670405, 5.773990823204553E-4]
[-0.0018071201176047547, -0.9901379943981508]
[-0.9992773316246146, -2.456996380010637E-4]
[-0.002187485025303304, 0.9886172278625494]
[0.9995449978206943, 5.630021163467239E-4]
[-0.001828734061926185, -0.9904096776900617]
[-0.99929338133128, -2.3912574272682424E-4]
[-0.002128995082372298, 0.9889161662460896]
[0.9995573183539015, 5.488699559154236E-4]
[-0.0018488825947621246, -0.9906740575386935]
[-0.9993091792265378, -2.3272751765777977E-4]
[-0.002071998465781544, 0.9892078148788931]
[0.999569406269345, 5.350031690177365E-4]
[-0.0018676118520243312, -0.9909313180052686]
[-0.9993247229485371, -2.2650018121455479E-4]
[-0.002016470496816858, 0.989492320635204]
[0.9995812631697616, 5.214019460635239E-4]
[-0.0018849669432408067, -0.9911816392517224]
[-0.9993400105627444, -2.204390678999732E-4]
[-0.001962386006991168, 0.9897698289627455]
[0.9995928907532557, 5.080661199233436E-4]
[-0.001900991960002596, -0.9914251975737609]
[-0.9993550405434941, -2.1453962937262316E-4]
[-0.0019097194085995195, 0.9900404838200786]
[0.9996042908087297, 4.949951857808194E-4]
[-0.0019157299854037912, -0.991662165437808]
[-0.9993698117555366, -2.087974348963309E-4]
[-0.0018584447618978928, 0.9903044276179949]
[0.9996154652114311, 4.821883207254962E-4]
[-0.0019292231043575025, -0.9918927115214363]
[-0.9993843234356414, -2.0320817125750457E-4]
[-0.0018085358389005046, 0.9905618011648911]
[0.9996264159186022, 4.6964440302840055E-4]
[-0.0019415124146952012, -0.9921170007568818]
[-0.9993985751743228, -1.977676421964225E-4]
[-0.0017599661838393343, 0.9908127436160993]
[0.9996371449652219, 4.5736203104229656E-4]
[-0.0019526380389476294, -0.9923351943772856]
[-0.9994125668977432, -1.9247176742542838E-4]
[-0.0017127091702979769, 0.9910573924271018]
[0.999647654459832, 4.4533954168037015E-4]
[-0.001962639136732447, -0.9925474499653045]
[-0.9994262988498448, -1.8731658127440348E-4]
[-0.0016667380550988709, 0.9912958833105739]
[0.9996579465804465, 4.335750284275991E-4]
[-0.001971553917652802, -0.9927539215038279]
[-0.999439771574756, -1.8229823103148302E-4]
[-0.001622026028971546, 0.9915283501971638]
[0.999668023570537, 4.2206635885526367E-4]
[-0.0019794196546620846, -0.9929547594284477]
[-0.9994529858995193, -1.7741297501110143E-4]
[-0.0015785462641094705, 0.9917549251999525]
[0.9996778877350897, 4.1081119160075313E-4]
[-0.00198627269779994, -0.993150110681486]
[-0.9994659429171687, -1.7265718040118672E-4]
[-0.0015362719586571316, 0.9919757385824648]
[0.9996875414367338, 3.998069927996367E-4]
[-0.001992148488269896, -0.9933401187672781]
[-0.9994786439702008, -1.6802732092670303E-4]
[-0.0014951763782360405, 0.9921909187301765]
[0.9996969870919422, 3.8905105193832307E-4]
[-0.0019970815727750058, -0.9935249238085452]
[-0.9994910906344583, -1.6351997436084287E-4]
[-0.0014552328945938164, 0.992400592125375]
[0.9997062271673001, 3.785404971169276E-4]
[-0.00200110561808875, -0.9937046626035908]
[-0.9995032847034575, -1.5913181992198433E-4]
[-0.0014164150214630578, 0.9926048833253021]
[0.9997152641758393, 3.682723097149995E-4]
[-0.002004253425796021, -0.9938794686842047]
[-0.9995152281731738, -1.5485963558228844E-4]
[-0.0013786964477452424, 0.9928039149434356]
[0.9997241006734467, 3.5824333844905465E-4]
[-0.00200655694717633, -0.9940494723740437]
[-0.999526923227312, -1.5070029531139006E-4]
[-0.0013420510681011466, 0.9929978076338286]
[0.9997327392553441, 3.4845031281616895E-4]
[-0.00200804729818993, -0.9942148008473685]
[-0.9995383722230621, -1.4665076628224416E-4]
[-0.0013064530110666883, 0.9931866800783621]
[0.9997411825526339, 3.388898559325629E-4]
[-0.002008754774524557, -0.9943755781879939]
[-0.9995495776773644, -1.427081060592153E-4]
[-0.0012718766647886737, 0.9933706489768102]
[0.9997494332289235, 3.295584967596618E-4]
[-0.0020087088666906894, -0.9945319254483179]
[-0.9995605422536786, -1.388694597812476E-4]
[-0.0012382967004919143, 0.9935498290396043]
[0.9997574939770214, 3.204526817265907E-4]
[-0.002007938275116583, -0.994683960708311]
[-0.9995712687492737, -1.3513205736144507E-4]
[-0.0012056880937756365, 0.9937243329831458]
[0.9997653675157112, 3.115687857614402E-4]
[-0.002006470925239201, -0.9948317991343767]
[-0.9995817600830306, -1.3149321071243003E-4]
[-0.0011740261438464294, 0.9938942715276023]
[0.9997730565866019, 3.02903122731929E-4]
[-0.0020043339825521755, -0.9949755530379811]
[-0.9995920192837656, -1.2795031101276583E-4]
[-0.0011432864907943152, 0.9940597533970077]
[0.9997805639510611, 2.9445195531496715E-4]
[-0.0020015538676050326, -0.9951153319339665]
[-0.999602049479065, -1.245008260203767E-4]
[-0.0011134451310020888, 0.9942208853216042]
[0.9997878923872228, 2.8621150430033215E-4]
[-0.0019981562709211476, -0.995251242598477]
[-0.999611853884633, -1.2114229744205479E-4]
[-0.0010844784308023936, 0.9943777720422666]
[0.9997950446870864, 2.781779573514456E-4]
[-0.0019941661678355427, -0.9953833891264291]
[-0.9996214357941455, -1.1787233837099592E-4]
[-0.001056363138466021, 0.9945305163169252]
[0.9998020236536944, 2.703474772295378E-4]
[-0.0019896078332214406, -0.9955118729884641]
[-0.9996307985695981, -1.1468863078663294E-4]
[-0.001029076394625572, 0.9946792189288536]
[0.9998088320983964, 2.6271620950308466E-4]
[-0.001984504856108349, -0.9956367930873413]
[-0.9996399456321466, -1.1158892313289231E-4]
[-0.001002595741218526, 0.9948239786967246]
[0.9998154728382012, 2.5528028975689565E-4]
[-0.0019788801541663625, -0.9957582458137094]
[-0.9996488804534247, -1.0857102797180024E-4]
[-9.768991290515228E-4, 0.9949648924863251]
[0.9998219486932158, 2.4803585031896863E-4]
[-0.0019727559880567958, -0.9958763251012214]
[-0.9996576065473326, -1.0563281971188998E-4]
[-9.519649240568029E-4, 0.9951020552238095]
[0.9998282624841739, 2.4097902652207154E-4]
[-0.0019661539756361535, -0.9959911224809641]
[-0.9996661274622813, -1.027722324220201E-4]
[-9.27771912337727E-4, 0.995235559910407]
[0.9998344170300524, 2.3410596252126242E-4]
[-0.0019590951060060036, -0.9961027271351656]
[-0.9996744467738794, -9.99872577223393E-5]
[-9.042993040735414E-4, 0.9953654976384798]
[0.9998404151457749, 2.2741281667856134E-4]
[-0.001951599753401645, -0.9962112259501499]
[-0.999682568078055, -9.72759427589967E-5]
[-8.815267363746493E-4, 0.9954919576088243]
[0.9998462596400148, 2.2089576654238385E-4]
[-0.0019436876909121326, -0.9963167035685206]
[-0.9996904949845937, -9.46363882549997E-5]
[-8.594342751385708E-4, 0.9956150271491336]
[0.9998519533130761, 2.145510134312495E-4]
[-0.0019353781040319928, -0.99641924244056]
[-0.9996982311110828, -9.206674664273551E-5]
[-8.380024160055122E-4, 0.9957347917335237]
[0.9998574989548726, 2.0837478664471887E-4]
[-0.0019266896040326387, -0.99651892287481]
[-0.9997057800772419, -8.956522027848968E-5]
[-8.172120844595065E-4, 0.9958513350030448]
[0.9998628993429941, 2.023633473205999E-4]
[-0.0019176402411510418, -0.9966158230878494]
[-0.9997131454996336, -8.713005972268983E-5]
[-7.970446351555083E-4, 0.9959647387870771]
[0.9998681572408591, 1.965129919490674E-4]
[-0.0019082475176017688, -0.9967100192532208]
[-0.9997203309867331, -8.475956210800273E-5]
[-7.77481850511963E-4, 0.9960750831255543]
[0.9998732753959633, 1.9082005557161802E-4]
[-0.0018985284003895098, -0.99680158554954]
[-0.9997273401343459, -8.245206956751516E-5]
[-7.585059386636672E-4, 0.9961824462919139]
[0.9998782565382072, 1.8528091466989832E-4]
[-0.0018884993339426392, -0.9968905942077442]
[-0.9997341765213577, -8.020596774212241E-5]
[-7.400995307862424E-4, 0.9962869048167187]
[0.9998831033783171, 1.7989198976923332E-4]
[-0.0018781762525503787, -0.9969771155575048]
[-0.9997408437058047, -7.801968434681394E-5]
[-7.222456778789299E-4, 0.9963885335118654]
[0.9998878186063485, 1.746497477710246E-4]
[-0.0018675745926053366, -0.9970612180727805]
[-0.9997473452212424, -7.589168781068495E-5]
[-7.049278470417919E-4, 0.9964874054953201]
[0.9998924048902738, 1.6955070403073397E-4]
[-0.0018567093046500949, -0.9971429684165278]
[-0.9997536845734138, -7.382048597284752E-5]
[-6.881299172916133E-4, 0.9965835922163173]
[0.9998968648746565, 1.6459142418965428E-4]
[-0.001845594865234279, -0.9972224314845551]
[-0.9997598652371856, -7.18046248390572E-5]
[-6.718361749682433E-4, 0.9966771634809515]
[0.9999012011794032, 1.5976852578251238E-4]
[-0.0018342452885671268, -0.9972996704485394]
[-0.9997658906537518, -6.984268739584215E-5]
[-6.56031308765348E-4, 0.9967681874781231]
[0.9999054163985965, 1.5507867963282518E-4]
[-0.0018226741379773204, -0.9973747467981884]
[-0.9997717642280863, -6.793329247953978E-5]
[-6.407004044345355E-4, 0.9968567308057532]
[0.9999095130994088, 1.505186110509274E-4]
[-0.0018108945371752005, -0.9974477203825677]
[-0.9997774893266358, -6.6075093695106E-5]
[-6.258289391862792E-4, 0.9969428584972484]
[0.9999134938210892, 1.460851008404998E-4]
[-0.0017989191813142513, -0.9975186494505988]
[-0.99978306927523, -6.426677838473199E-5]
[-6.11402775835046E-4, 0.997026634048144]
[0.9999173610740255, 1.4177498613492795E-4]
[-0.0017867603478621819, -0.9975875906907253]
[-0.999788507357211, -6.250706664368E-5]
[-5.974081567129419E-4, 0.9971081194428817]
[0.9999211173388818, 1.375851610728382E-4]
[-0.001774429907266839, -0.9976545992697597]
[-0.9997938068117619, -6.079471037699624E-5]
[-5.838316973814095E-4, 0.9971873751816884]
[0.999924765065805, 1.3351257731938904E-4]
[-0.0017619393334348254, -0.9977197288709182]
[-0.9997989708324242, -5.9128492399702914E-5]
[-5.706603801804988E-4, 0.9972644603075065]
[0.9999283066736984, 1.295542444461062E-4]
[-0.0017492997140053923, -0.9977830317310508]
[-0.9998040025657932, -5.7507225577853316E-5]
[-5.578815476218191E-4, 0.9973394324329391]
[0.9999317445495653, 1.2570723018903718E-4]
[-0.001736521760438925, -0.9978445586770781]
[-0.9998089051103829, -5.592975200285205E-5]
[-5.454828956698021E-4, 0.9974123477671687]
[0.9999350810479124, 1.2196866057748168E-4]
[-0.0017236158179050332, -0.9979043591616391]
[-0.9998136815156471, -5.439494220313423E-5]
[-5.334524669180496E-4, 0.9974832611428317]
[0.9999383184902224, 1.1833571995741032E-4]
[-0.0017105918749816817, -0.9979624812979696]
[-0.9998183347811493, -5.2901694386098264E-5]
[-5.217786436991778E-4, 0.9975522260427943]
[0.9999414591644784, 1.1480565091108452E-4]
[-0.0016974595731625852, -0.9980189718940061]
[-0.9998228678558734, -5.1448933713948986E-5]
[-5.10450141126384E-4, 0.9976192946268198]
[0.9999445053247518, 1.1137575408311229E-4]
[-0.0016842282161737554, -0.9980738764857383]
[-0.9998272836376585, -5.003561160639436E-5]
[-4.994560000989301E-4, 0.9976845177580846]
[0.9999474591908465, 1.0804338792241852E-4]
[-0.0016709067791055299, -0.9981272393698217]
[-0.9998315849727621, -4.8660705070750765E-5]
[-4.887855802873098E-4, 0.9977479450295396]
[0.9999503229479927, 1.0480596833978284E-4]
[-0.0016575039173505335, -0.9981791036354487]
[-0.9998357746555304, -4.732321605665363E-5]
[-4.784285531057586E-4, 0.9978096247900591]
[0.9999530987465934, 1.0166096830169224E-4]
[-0.0016440279753652254, -0.9982295111954996]
[-0.9998398554281757, -4.602217083827381E-5]
[-4.6837489469919724E-4, 0.9978696041703947]
[0.9999557887020231, 9.860591735481178E-5]
[-0.0016304869952433743, -0.9982785028169854]
[-0.9998438299806529, -4.475661941373554E-5]
[-4.586148789351707E-4, 0.9979279291088826]
[0.9999583948944684, 9.56384010898162E-5]
[-0.001616888725107568, -0.9983261181507848]
[-0.9998477009506246, -4.352563493054823E-5]
[-4.491390704441933E-4, 0.9979846443769084]
[0.999960919368819, 9.275606055737101E-5]
[-0.001603240627322644, -0.9983723957607026]
[-0.9998514709235111, -4.232831312613733E-5]
[-4.399383176829641E-4, 0.9980397936040892]
[0.9999633641345964, 8.995659163053837E-5]
[-0.001589549886533037, -0.9984173731518354]
[-0.9998551424326176, -4.116377179280012E-5]
[-4.3100374606841463E-4, 0.9980934193031943]
[0.9999657311659274, 8.723774433243986E-5]
[-0.0015758234175193842, -0.9984610867982908]
[-0.9998587179593341, -4.003115025413839E-5]
[-4.2232675115250196E-4, 0.9981455628947464]
[0.9999680224015539, 8.459732211417437E-5]
[-0.0015620678728891502, -0.9985035721702402]
[-0.9998621999333976, -3.8929608861523746E-5]
[-4.1389899187083135E-4, 0.9981962647313233]
[0.9999702397448808, 8.203318111459079E-5]
[-0.0015482896505898402, -0.9985448637603331]
[-0.9998655907332199, -3.7858328505356587E-5]
[-4.057123838787646E-4, 0.9982455641215457]
[0.9999723850640564, 7.954322937648445E-5]
[-0.0015344949012510156, -0.9985849951094828]
[-0.9998688926862637, -3.681651014001558E-5]
[-3.977590929507002E-4, 0.99829349935372]
[0.9999744601920888, 7.712542604627198E-5]
[-0.0015206895353704342, -0.9986239988320319]
[-0.9998721080694761, -3.580337432398939E-5]
[-3.9003152847572053E-4, 0.9983401077191515]
[0.9999764669269922, 7.477778054965079E-5]
[-0.0015068792303198908, -0.9986619066403165]
[-0.9998752391097633, -3.4818160770395956E-5]
[-3.8252233704527683E-4, 0.9983854255351118]
[0.99997840703196, 7.249835174707314E-5]
[-0.001493069437202954, -0.9986987493686227]
[-0.9998782879845078, -3.386012791259385E-5]
[-3.7522439613024705E-4, 0.9984294881674481]
[0.9999802822355675, 7.02852470758214E-5]
[-0.0014792653875411732, -0.9987345569965749]
[-0.9998812568221225, -3.292855247887666E-5]
[-3.681308078682388E-4, 0.998472330052836]
[0.9999820942320015, 6.813662167996087E-5]
[-0.0014654720998116266, -0.9987693586719423]
[-0.9998841477026403, -3.2022729080968815E-5]
[-3.612348929475928E-4, 0.9985139847206725]
[0.9999838446813114, 6.605067752801785E-5]
[-0.0014516943858225995, -0.9988031827328845]
[-0.9998869626583324, -3.114196981024442E-5]
[-3.5453018459574714E-4, 0.9985544848145905]
[0.9999855352096829, 6.402566252425995E-5]
[-0.0014379368569364948, -0.998836056729656]
[-0.9998897036743527, -3.0285603842168662E-5]
[-3.480104226909475E-4, 0.9985938621136226]
[0.9999871674097336, 6.205986961690946E-5]
[-0.0014242039301468612, -0.9988680074457583]
[-0.9998923726894049, -2.9452977056802776E-5]
[-3.4166954796022164E-4, 0.9986321475529691]
[0.9999887428408283, 6.015163590065292E-5]
[-0.0014104998340040975, -0.9988990609185828]
[-0.9998949715964351, -2.8643451660877173E-5]
[-3.355016963096924E-4, 0.9986693712444119]
[0.9999902630294111, 5.829934171898421E-5]
[-0.0013968286143917208, -0.9989292424595241]
[-0.999897502243337, -2.7856405823589725E-5]
[-3.295011932660241E-4, 0.9987055624963415]
[0.999991729469354, 5.6501409766776534E-5]
[-0.00138319414016852, -0.9989585766735857]
[-0.9998999664336718, -2.709123331540164E-5]
[-3.2366254851956544E-4, 0.9987407498334117]
[0.9999931436223202, 5.475630419489452E-5]
[-0.0013696001086604959, -0.9989870874785107]
[-0.9999023659274083, -2.6347343161654824E-5]
[-3.179804505977213E-4, 0.9987749610158192]
[0.9999945069181441, 5.3062529720190876E-5]
[-0.0013560500510181317, -0.999014798123404]
[-0.9999047024416647, -2.5624159296078197E-5]
[-3.124497616457944E-4, 0.9988082230582099]
[0.9999958207552191, 5.1418630737112836E-5]
[-0.0013425473374409913, -0.9990417312068994]
[-0.9999069776514653, -2.4921120227172633E-5]
[-3.0706551232517754E-4, 0.998840562248211]
