[0.9999970865009022, 4.9823190437073284E-5]
[-0.0013293800183871163, -0.9990658239349379]
[-0.9999147641168931, -1.7915858911678184E-5]
[-1.902461863478866E-4, 0.9993133597637484]
[0.9999970865009022, 4.9823190437073284E-5]
[-0.0013293800183871163, -0.9990658239349379]
[-0.9999147641168931, -1.7915858911678184E-5]
[-1.902461863478866E-4, 0.9993133597637484]
[0.9999970865009022, 4.9823190437073284E-5]
[-0.0013293800183871163, -0.9990658239349379]
[-0.9999147641168931, -1.7915858911678184E-5]
[-1.902461863478866E-4, 0.9993133597637484]
[0.9999970865009022, 4.9823190437073284E-5]
[-0.0013293800183871163, -0.9990658239349379]
[-0.9999147641168931, -1.7915858911678184E-5]
[-1.902461863478866E-4, 0.9993133597637484]
[0.9999970865009022, 4.9823190437073284E-5]
[-0.0013293800183871163, -0.9990658239349379]
[-0.9999147641168931, -1.7915858911678184E-5]
[-1.902461863478866E-4, 0.9993133597637484]
[0.9999970865009022, 4.9823190437073284E-5]
[-0.0013293800183871163, -0.9990658239349379]
[-0.9999147641168931, -1.7915858911678184E-5]
[-1.902461863478866E-4, 0.9993133597637484]
[0.9999970865009022, 4.9823190437073284E-5]
[-0.0013293800183871163, -0.9990658239349379]
[-0.9999147641168931, -1.7915858911678184E-5]
[-1.902461863478866E-4, 0.9993133597637484]
[0.9999970865009022, 4.9823190437073284E-5]
[-0.0013293800183871163, -0.9990658239349379]
[-0.9999147641168931, -1.7915858911678184E-5]
[-1.902461863478866E-4, 0.9993133597637484]
[0.9999970865009022, 4.9823190437073284E-5]
[-0.0013293800183871163, -0.9990658239349379]
[-0.9999147641168931, -1.7915858911678184E-5]
[-1.902461863478866E-4, 0.9993133597637484]
[0.9999970865009022, 4.9823190437073284E-5]
[-0.0013293800183871163, -0.9990658239349379]
[-0.9999147641168931, -1.7915858911678184E-5]
[-1.902461863478866E-4, 0.9993133597637484]
[0.9999970865009022, 4.9823190437073284E-5]
[-0.0013293800183871163, -0.9990658239349379]
[-0.9999147641168931, -1.7915858911678184E-5]
[-1.902461863478866E-4, 0.9993133597637484]
[0.9999970865009022, 4.9823190437073284E-5]
[-0.0013293800183871163, -0.9990658239349379]
[-0.9999147641168931, -1.7915858911678184E-5]
[-1.902461863478866E-4, 0.9993133597637484]
[0.9999970865009022, 4.9823190437073284E-5]
[-0.0013293800183871163, -0.9990658239349379]
[-0.9999147641168931, -1.7915858911678184E-5]
[-1.902461863478866E-4, 0.9993133597637484]
[0.9999970865009022, 4.9823190437073284E-5]
[-0.0013293800183871163, -0.9990658239349379]
[-0.9999147641168931, -1.7915858911678184E-5]
[-1.902461863478866E-4, 0.9993133597637484]
[0.9999970865009022, 4.9823190437073284E-5]
[-0.0013293800183871163, -0.9990658239349379]
[-0.9999147641168931, -1.7915858911678184E-5]
[-1.902461863478866E-4, 0.9993133597637484]
[0.9999970865009022, 4.9823190437073284E-5]
[-0.0013293800183871163, -0.9990658239349379]
[-0.9999147641168931, -1.7915858911678184E-5]
[-1.902461863478866E-4, 0.9993133597637484]
[0.9999970865009022, 4.9823190437073284E-5]
[-0.0013293800183871163, -0.9990658239349379]
[-0.9999147641168931, -1.7915858911678184E-5]
[-1.902461863478866E-4, 0.9993133597637484]
[0.9999970865009022, 4.9823190437073284E-5]
[-0.0013293800183871163, -0.9990658239349379]
[-0.9999147641168931, -1.7915858911678184E-5]
[-1.902461863478866E-4, 0.9993133597637484]
[0.9999970865009022, 4.9823190437073284E-5]
[-0.0013293800183871163, -0.9990658239349379]
[-0.9999147641168931, -1.7915858911678184E-5]
[-1.902461863478866E-4, 0.9993133597637484]
[0.9999970865009022, 4.9823190437073284E-5]
[-0.0013293800183871163, -0.9990658239349379]
[-0.9999147641168931, -1.7915858911678184E-5]
[-1.902461863478866E-4, 0.9993133597637484]
[0.9999970865009022, 4.9823190437073284E-5]
[-0.0013293800183871163, -0.9990658239349379]
[-0.9999147641168931, -1.7915858911678184E-5]
[-1.902461863478866E-4, 0.9993133597637484]
[0.9999970865009022, 4.9823190437073284E-5]
[-0.0013293800183871163, -0.9990658239349379]
[-0.9999147641168931, -1.7915858911678184E-5]
[-1.902461863478866E-4, 0.9993133597637484]
[0.9999970865009022, 4.9823190437073284E-5]
[-0.0013293800183871163, -0.9990658239349379]
[-0.9999147641168931, -1.7915858911678184E-5]
[-1.902461863478866E-4, 0.9993133597637484]
[0.9999970865009022, 4.9823190437073284E-5]
[-0.0013293800183871163, -0.9990658239349379]
[-0.9999147641168931, -1.7915858911678184E-5]
[-1.902461863478866E-4, 0.9993133597637484]
[0.9999970865009022, 4.9823190437073284E-5]
[-0.0013293800183871163, -0.9990658239349379]
[-0.9999147641168931, -1.7915858911678184E-5]
[-1.902461863478866E-4, 0.9993133597637484]
