0.020032464792857554
0.028280368869861426
0.034585039598596344
0.03984567118547157
0.04460589156574153
0.048815031979240885
0.05262338488370224
0.056116055968728235
0.05934066820369252
0.06252010837556174
0.0654293291884935
0.06815001050922646
0.07065678373167812
0.07278002171356382
0.07579196524011511
0.07771322964996091
0.07917910536290808
0.08040681115481839
0.08150099979373272
0.08324370492460753
0.08461045043238448
0.08601552668815805
0.08744650820256226
0.08858871986463975
0.09140587661218363
0.09179828656874484
0.09197746145543026
0.09217438813919891
0.0924307874844736
0.09374243637347149
0.09418874996556148
0.09479147368307243
0.09569456270204507
0.09658277929092048
0.09944166412050402
0.09949171036201603
0.0996176330726365
0.09983378063666941
0.10012122060776486
0.10130937330342023
0.10152541844588124
0.1017733186254587
0.10229581642539551
0.10296306603239738
0.10565761733684728
0.10569743264718963
0.10584139898976809
0.1060925373913739
0.10644293280692105
0.10745934835928302
0.1075354208282073
0.10766252746071923
0.10806607703473936
0.10866709178524413
0.11121620457974833
0.11123817427517842
0.1113536495300363
0.11157782638969688
0.11191039555089019
0.11287704671732758
0.11296781446951007
0.11305960323158544
0.11341392743157751
0.11401167823879511
0.11630176199195362
0.11631499752524899
0.11640410642786958
0.11660705160135822
0.11695397995160972
0.11778217413338926
0.11782422904270967
0.11789013262430208
0.11822560678606149
0.11883812201607251
0.12092445870544752
0.120934678604506
0.12100374040787151
0.12118599815068305
0.12151344024374362
0.12234887763325634
0.1224154632765017
0.1224604224514253
0.12276475899229404
0.12337826465141508
0.12531518518579163
0.1253283701175132
0.12537702562668057
0.12553779324592304
0.12587509352018228
0.1265934549977466
0.12663608888086092
0.12667153331712344
0.12696802534099
0.127597188860183
0.12936042356735425
0.1293831419234552
0.12942236146335695
0.12956868439696853
0.12988495472528386
0.13062979956592025
0.1291504675619985
0.12762150405819367
0.12634082224939155
0.1254351134752701
0.12561835884953107
0.12407526051814895
0.12253863300726099
0.121120516521671
0.11993227795361198
0.11903566777566807
0.1175189220141122
0.11598551346913996
0.11478768854928813
0.1142005901228898
0.114092255703364
0.1128435958984102
0.11184957879215324
0.11111594623416572
0.11068744181162736
0.11022974009177498
0.1092689122710697
0.10818146939160714
0.10734391245278439
0.10721105833797484
0.10681521989287143
0.10653659485677683
0.10640491426133211
0.10637088168147828
0.10654529398630874
0.106179098270039
0.10585661307580539
0.10533426052789423
0.1048365795496169
0.10486561554923943
0.10409548037345626
0.10412254269540482
0.10402512609871543
0.10395111257289782
0.10406164154598589
0.10376709911227834
0.10364897153120278
0.10341551099244538
0.10320700787844622
0.10341168431763367
0.10261563329837511
0.10264679082914148
0.10251514434946778
0.10237579716401952
0.10241160741187669
0.10212791985555644
0.10212850116465329
0.102008315016629
0.10188757754324433
0.10213939314882979
0.10123818843457033
0.10129854648342108
0.10118929387269465
0.10106031892398068
0.10107883818768006
0.1008447779699905
0.10083851544298818
0.10074353237840296
0.10063504504792752
0.10087228686101318
0.10010774280438253
0.10016844981468649
0.1000769272911787
0.09994601259424062
0.09993530967825265
0.09972390285888151
0.09975715079472651
0.09969218049157537
0.09957904813691909
0.09977624125783237
0.09904749376820234
0.09911975006744338
0.09904861522176125
0.09893027480967725
0.09891071071450933
0.0986978934002287
0.09870884577660426
0.09866084184029572
0.09854924253338312
0.09872672735049914
0.09805900088320199
0.09811601331684257
0.09806201120453004
0.09794885756503109
0.09790525276088166
0.09771797237998696
0.09774448573110378
0.09771164476860879
0.097585317114852
0.0977151839145189
0.09710771406213216
0.0971568962563584
0.09711399065852737
0.0970117326395783
0.09696720792304994
0.09675586843069503
0.09675709109995016
0.09673509425457544
0.0966089046820867
0.09672660725571171
0.09610794103891315
0.0961352816292124
0.0961022059675739
0.09600564285983446
0.09594434058890114
0.09575600792550872
0.0957643680826961
0.09574990883515219
0.09560834492200207
0.09568543466466092
0.09512643715065754
0.09513733116490515
0.09510878058421146
0.09502163726958175
0.09496657842109328
0.09474732373815527
0.0947328680180299
0.09472485182868896
0.09458378052923101
0.09464891905619263
0.09405068653395973
0.09404664190449681
0.09402386549811392
0.09394190292564883
0.09387771449500634
0.09368110301240165
0.09367270290681953
0.09366758407493808
0.09351399788195203
0.09354585737037396
0.09301085100184127
0.09299025817143321
0.09296874345584194
0.09289403219263649
0.09283915354058486
0.09261020839238361
0.09258276938003603
0.09258182501494477
0.09243139965882924
0.0924480313066137
0.09187546515943858
0.09185058211406297
0.09183403679632826
0.09176396521737179
0.09170542232012731
0.09150059517579553
0.0914802890764264
0.09147926289993298
0.09132036093442923
0.09131030105787591
0.0908061702646994
0.09076714711382226
0.09075060715654458
0.09068577812455297
0.09063680628556244
0.0903991364240083
0.09036317716446506
0.09036533648143688
0.09021316472825953
0.09018669369126492
0.08965361622332575
0.08961854663834114
0.08960726379490011
0.08954647559238617
0.08949644653041154
0.08928556284058903
0.08925800831571432
0.08925825811001391
0.08910108818850816
0.08905376207104004
0.08859096223912193
0.08854427972191799
0.08853254377060728
0.08847552643579
0.08843419585452222
0.08818969323537951
0.08814931400723675
0.08815247124376581
0.08800485433037791
0.08794315720447302
0.08745776486024534
0.0874198831824647
0.08741369516044088
0.08736003932437766
0.0873178776346017
0.08710354581258271
0.08707240600553023
0.08707271007931609
0.08692252830335603
0.08684446505898359
0.08642792134414311
0.08638069767928142
0.0863738193471716
0.08632299592911166
0.08628848479694898
0.0860393415801507
0.08599784187882846
0.08600113037461593
0.08586192234247438
0.08577379091550101
0.08533767341688492
0.08530143887970447
0.08530015309638599
0.08525200917978791
0.08521536705191343
0.08499983998429071
0.08496773266013646
0.0849678351282796
0.08482773826351649
0.08472621417805369
0.084355707010636
0.08431207083351208
0.08430983353560277
0.08426398871489058
0.08423415600419966
0.08398245166215658
0.08394234341258193
0.08394559497174715
0.08381655345395088
0.08371023181771357
0.08332093085629269
0.08328877937908974
0.08329201659641414
0.08324827680186331
0.08321429444159059
0.0829990823227912
0.08296776543052987
0.08296786003907429
0.0828392245044861
0.08272125331585937
0.08239344093450018
0.0823554313319823
0.0823573377992522
0.08231562010966757
0.08228785831997945
0.08203535740364407
0.08199853077913799
0.0820018756659262
0.08188340514712761
0.08176581824686373
0.08141903051899772
0.08139210297804236
0.08139935473453978
0.08135937087725811
0.08132532962965902
0.08111125649540651
0.08108190482323253
0.08108230449071106
0.08096537984081009
0.08083714151935342
0.08054703700694782
0.08051538234133725
0.080520790815537
0.08048267239869669
0.08045440924159768
0.0802026205940392
0.08017053092137123
0.08017418670767933
0.0800660007931628
0.07994253092441732
0.07963336728459332
0.07961202318792311
0.07962274024193519
0.07958624309017007
0.07954985738733324
0.07933741476002094
0.0793108700124348
0.07931185945645651
0.07920628121379464
0.07907289222324858
0.07881471327424629
0.0787894057987906
0.07879765791186029
0.07876287660289569
0.07873183902529272
0.07848223998048114
0.07845603551634205
0.0784602333234259
0.07836181786041684
0.07823638431923743
0.07795995744035011
0.07794410131634535
0.07795774420083171
0.07792473661773278
0.0778842545771904
0.07767400927443127
0.07765093401441876
0.07765273567388699
0.07755789530798549
0.07742336314962495
0.07719105683947788
0.07717171786439397
0.07718220747061527
0.07715068740041035
0.07711504057405846
0.07686930419455189
0.07684987024483159
0.07685484315362023
0.07676572382877543
0.07664098189032079
0.07639264695765557
0.07638191412507928
0.07639796081011418
0.0763685949763814
0.07632282878216783
0.07611569900961272
0.07609662804034684
0.07609941188634385
0.07601468262602125
0.07588193850497457
0.07566959247649915
0.07565567619920165
0.07566786683459822
0.07563962794652558
0.07559806392429406
0.07535816910949486
0.07534610679942547
0.07535208977662022
0.07527194409699885
0.075149510411519
0.07492495816944518
0.07491881772706946
0.07493675087074327
0.07491120813214326
0.07485955101693266
0.07465688332459518
0.07464220624949103
0.07464610390612854
0.07457094694715415
0.07444191546870986
0.07424412372346482
0.07423502488596158
0.07424844254158386
0.07422351672943409
0.07417531970999117
0.07394351043821681
0.0739390874195439
0.07394630759401297
0.07387496999371528
0.07375564689485364
0.07355093551078391
0.07354875856722964
0.07356805556007126
0.07354644896123666
0.0734888818207807
0.07329235921703858
0.07328227812935745
0.07328738812227321
0.07322137427363529
0.07309707615682455
0.07290924039094407
0.07290435511155989
0.07291857775651335
0.072896947394463
0.07284202604104915
0.07262065644934433
0.07262376556356316
0.072632420643862
0.0725698269650609
0.07245382279872013
0.07226537588236741
0.07226649392269566
0.07228663103446278
0.07226894445473853
0.07220600858770534
0.0720174656668296
0.07201196239101415
0.07201834725640852
0.07196112925490938
0.07184181939074842
0.07166034279441247
0.07165910648130534
0.07167375928794906
0.07165532540092213
0.07159418984585632
0.07138552058484596
0.07139567011254207
0.07140590138490106
0.07135201056186431
0.07123915040105859
0.07106373301940014
0.07106749104668285
0.07108796084496209
0.07107402813298014
0.07100674295979252
0.07082796335630125
0.0708267938642076
0.07083447416225772
0.07078573885514558
0.07067107379993728
0.07049342118579083
0.07049533028719429
0.0705100861993953
0.0704946639483322
0.07042833536468304
0.0702343400024249
0.07025068456299281
0.07026255284582351
0.07021727252380323
0.07010718479174814
0.06994187310737579
0.06994767286488242
0.0699680076700665
0.06995752551035894
0.0698872503256785
0.06971979720696425
0.06972251572942355
0.06973146547498488
0.06969088636269005
0.06958010736207987
0.06940473643567807
0.06940935540435757
0.06942393726922323
0.06941127042318235
0.06934113257440648
0.06916335054422157
0.06918476018510707
0.06919823135842844
0.06916136301146827
0.06905362566129333
0.06889578867773169
0.06890311698057114
0.06892291054329205
0.06891547339672213
0.06884373424714937
0.0686888366009203
0.06869484250119555
0.06870498840931938
0.06867219013824327
0.06856430523629303
0.06839049961051026
0.06839745562901482
0.06841163675563536
0.06840142151411997
0.06832904196221833
0.06816849255385732
0.06819365011689746
0.06820859350496317
0.06817980321336811
0.06807403981228557
0.06792134552504905
0.06792978619061016
0.0679487083998575
0.06794385298944783
0.06787216753434994
0.06773066442409192
0.06773926106822387
0.06775048597491576
0.06772502491388012
0.0676189751795326
0.0674466228685403
0.06745559296660071
0.067469194926125
0.06746110528924994
0.06738806021262836
0.06724521671031188
0.06727272940504724
0.06728892880118517
0.06726774303092917
0.06716366960627246
0.0670141152597473
0.0670233465826606
0.06704114928945129
0.06703839824344911
0.06696812950973847
0.0668404629815869
0.06685091794874182
0.06686306747207442
0.06684442739862084
0.06673922533768695
0.06656858734079517
0.06657928304451977
0.0665921710718779
0.06658588088557732
0.06651361153614532
0.06638842584115699
0.06641693556875763
0.06643410995188113
0.06641993145891335
0.06631736401134859
0.0661693181611992
0.06617909997360893
0.06619561456159992
0.06619451231467323
0.06612677059215387
0.06601301332880118
0.0660246116564129
0.06603750269883607
0.06602510199439218
0.06591993385133885
0.06575143930809767
0.06576359289803625
0.06577566992547158
0.06577086941423105
0.06570058552901283
0.0655925496408418
0.06562082795227787
0.06563865741965705
0.06563079442644476
0.06552963169669045
0.06538186995962143
0.06539202500283255
0.0654071537756853
0.06540729144934478
0.06534288905865489
0.06524279268012938
0.06525487813286922
0.06526830796760914
0.06526151407774354
0.06515580201923114
0.06498989307360421
0.06500324777211057
0.06501444812184096
0.06501085461680366
0.06494348691497506
0.06485171686064185
0.06487873424005271
0.06489688646250913
0.06489458805583749
0.0647947841170274
0.06464650238144047
0.06465689634989906
0.06467060028002579
0.06467162925337155
0.06461108116826872
0.0645241334148426
0.06453613601143762
0.06454989111415006
0.06454803858522284
0.06444146356969137
0.06427849835390081
0.06429280309047977
0.06430308653937884
0.06430045016937834
0.06423664454811705
0.06415997363999051
0.06418493818535694
0.06420309154612551
0.06420558329900511
0.06410712115869299
0.06395791748749696
0.06396844109945012
0.06398072630304211
0.06398236217371187
0.06392591906285157
0.06385140156266998
0.06386285210952543
0.06387671631358387
0.06387912572898226
0.06377161646771551
0.06361182593696961
0.06362683416456932
0.0636361807406303
0.06363428626492211
0.06357442769704362
0.06351149856294248
0.0635338647336736
0.06355172578627269
0.06355824134800674
0.06346111390155983
0.06331093954330223
0.06332149471202046
0.06333239948162295
0.06333441906652512
0.06328211805810187
0.06321915988417232
0.06322969375973116
0.0632434555814432
0.06324945168985263
0.06314114850063658
0.06298463452584568
0.06300010597133725
0.06300851158220706
0.06300717755345218
0.06295143118433581
0.06290077916776668
0.062920231765294
0.06293754622743146
0.0629473525216478
0.06285155262480835
0.06270063999206435
0.06271113091708896
0.06272071448984819
0.06272294862545554
0.06267466931951704
0.06262229434075947
0.06263164732709915
0.06264510640495691
0.06265403443896844
0.06254523829142425
0.062391997156448636
0.06240770127693322
0.06241517412950915
0.0624142503940929
0.06236260933168996
0.06232273300739917
0.06233915413417563
0.062355711917943604
0.0623681272309977
0.0622736454333164
0.062122424731816846
0.06213275371195039
0.06214108733813037
0.06214341181905075
0.062098928836742236
0.06205609665305163
0.06206409551225053
0.06207706809120403
0.06208830770473452
0.06197942428080477
0.06182938076690426
0.06184510086237142
0.061851658578952175
0.06185102288603996
0.06180335516935785
0.061772772402667465
0.061786199674591195
0.0618018352302898
0.0618162406377145
0.061723067576041034
0.06157208386264392
0.06158215095880613
0.06158931135131605
0.061591637694467884
0.06155066487819818
0.061516305954581726
0.061522856018933154
0.06153517936774513
0.06154815586451888
0.06143964249830627
0.06129268343684327
0.061308220660492935
0.06131388798897193
0.06131344225882023
0.06126953245288525
0.0612468223912278
0.061257405591699385
0.06127199510610951
0.06128784032998138
0.0611959706749774
0.061045810572684794
0.06105551592925084
0.06106158085354024
0.06106384791702985
0.06102607236611944
0.060999118119777485
0.061004189644740504
0.061015725281879415
0.06102991796615539
0.06092223865341034
0.06077823941986879
0.060793416208965216
0.06079822323102487
0.06079788985115665
0.06075747312869384
0.06074130569757784
0.06074926706977057
0.06076272393743527
0.06077952893969584
0.06068896457343054
0.06054019816143536
0.06054944576799131
0.06055449136404613
0.06055665831090054
0.06052176449881276
0.06050117287775459
0.06050478742078667
0.06051542306423052
0.06053037068548187
0.0604239616955268
0.06028280324414208
0.060297465911755735
0.06030144665969089
0.0603011650368553
0.06026395331234813
0.0602531083036602
0.060258709479723706
0.06027097913477496
0.06028833267688054
0.060199083884867916
0.06005222366948673
0.06006092551508267
0.06006502489669714
0.06006706561747346
0.06003475097566681
0.0600195277733048
0.060021745453570655
0.06003139569185029
0.06004669909973657
0.05994194557238213
0.05980352254356724
0.05981754291917251
0.0598207343166695
0.059820457807911696
0.05978615853906166
0.05977953642063138
0.059783053081988835
0.05979410789529333
0.059811664077947156
0.05972374854050877
0.05957922464452218
0.059587304485794204
0.059590527195942704
0.05959242608101075
0.059562409881808435
0.05955162582569467
0.059552533991068655
0.059561139770021025
0.05957646203672258
0.05947368450547252
0.059337906528183416
0.05935118263057073
0.059353623678288496
0.05935331694983803
0.059321645753695966
0.05931827210082384
0.05931997609787651
0.05932981071214673
0.05934728425880414
0.05926072430532044
0.059118873327587675
0.05912626958220794
0.05912868155941346
0.05913043040643698
0.059102457781457854
0.05909526137570157
0.05909496494507245
0.05910249204997128
0.059117556434146755
0.059017005458267956
0.05888379424429202
0.058896250034636596
0.05889798117037493
0.05889761798290647
0.058868306384711896
0.05886733150381566
0.058867479368691036
0.05887610660724541
0.05889326743416119
0.05880808633800959
0.058669150624572515
0.058675818161119116
0.058677481961331414
0.05867907777628899
0.05865292047247704
0.058648546646424216
0.05864716019883023
0.05865359696714949
0.05866818317061079
0.05857004003040261
0.058439324601737036
0.05845090891205749
0.05845197148804792
0.05845153287617206
0.058424332455219656
0.05842502744449527
0.058423853909107676
0.05843130125397991
0.058447968701722704
0.05836418681281154
0.05822832087678693
0.05823423167534189
0.05823520677840864
0.058236650245454304
0.058212105391296384
0.058209880158511834
0.058207521700249114
0.05821287622061803
0.05822681541810943
0.058131196943447136
0.058002908723993524
0.058013593492311284
0.05801402932718796
0.05801350212509611
0.0579881861493673
0.05798993637264537
0.05798765150820221
0.057993958079410025
0.058009995065233445
0.05792762641368125
0.05779490765460197
0.057800050452162396
0.05780039355184643
0.05780168798410083
0.05777857580263675
0.05777791730505251
0.05777470355567779
0.05777900059750707
0.05779216970464769
0.05769913560260576
0.057573204423749455
0.05758298239221222
0.05758283337019686
0.05758220902990258
0.057558572453225564
0.057560869201760685
0.05755765798207632
0.05756287193485594
0.05757817920992789
0.057497228976415404
0.05736767044441438
0.05737204956035901
0.05737181478886427
0.057372965413743426
0.05735112652306107
0.05735154297930686
0.057347585969584065
0.057350863854545124
0.05736317944901042
0.057272740853688116
0.05714909233711685
0.0571579743816305
0.057157282084366996
0.05715655573425151
0.057134414212416135
0.05713684518385462
0.057132868533255665
0.05713704480016395
0.057151555446150394
0.05707201846051068
0.05694558202754855
0.056949215597769644
0.05694845467074189
0.05694946814163961
0.05692876084639425
0.056929846014728565
0.056925250774451576
0.05692755835588082
0.056938970595252984
0.056851098909504266
0.056729653269365604
0.05673766552821231
0.056736470894320705
0.05673564059077709
0.056714828981409435
0.05671706809712459
0.056712464743242826
0.056715663066660156
0.05672933733099886
0.05665119757503233
0.05652780642473959
0.05653072427140018
0.05652948656024449
0.056530370617938225
0.056510668419009556
0.056512095216568844
0.056506958337732956
0.0565083522061062
0.05651883900517989
0.056433474403479074
0.0563141464577043
0.056321327413394295
0.05631967042689417
0.056318736558665865
0.0562991072142599
0.056300904208939045
0.056295792883800926
0.0562980761021628
0.056310896643202366
0.056234127612114
0.05611367740361883
0.056115918743069065
0.05611425129171958
0.05611501452313908
0.05609620395006983
0.05609771684745754
0.0560921257292994
0.056092667717541865
0.05610222936848696
0.05601928857009617
0.055901988637058864
0.055908386283108284
0.055906305694783956
0.05590527050673078
0.05588669155233339
0.055887861692033414
0.05588234339794268
0.05588377596204336
0.05589574355044979
0.05582030926631362
0.05570267765977655
0.0557042888143523
0.05570223632072449
0.05570288798043918
0.055684866772446794
0.055686273519456146
0.05568030612918764
0.05568006115437382
0.05568871550205213
0.055608098604959265
0.05549273394479983
0.05549840314095706
0.055495936227267124
0.0554948034369675
0.05547715713980389
0.055477571351342285
0.05547173153182508
0.05547237823516377
0.05548350793552272
0.05540936439270856
0.05529441885648777
0.05529545109473646
0.055293055875815116
0.05529360574799367
0.05527628136327502
0.05527744451345929
0.05527116952504001
0.05527020377435648
0.05527798200012768
0.05519957829626106
0.05508605479670957
0.05509105488610561
0.055088237249235186
0.05508701173565769
0.055070193017400924
0.05506976864187976
0.055063679180126016
0.055063604090520975
0.05507392192710879
0.05500101876783027
0.05488862273759895
0.05488913032754245
0.05488643228354029
0.054886890570504075
0.054870178980540106
0.05487100758384848
0.054864484783837326
0.0548628642323359
0.054869807254160956
0.05479350003466238
0.05468172390810118
0.05468611664101633
0.054682982051897124
0.05468166960022226
0.05466558470714658
0.05466427702494309
0.05465799804263876
0.054657263622726764
0.054666803716607315
0.054595085970251485
0.05448510351841167
0.05448514204323051
0.05448217863195924
0.0544825558609134
0.054466380578597214
0.05446682231376108
0.05446010318667385
0.05445789242124773
0.0544640478852866
0.05438971830052983
0.05427959763134649
0.0542834454149884
0.05428002569915221
0.05427863278972288
0.05426319811569621
0.0542609927314818
0.05425457418910474
0.05425324059226921
0.05426204274369594
0.05419145250526113
0.05408375172213799
0.054083376678882474
0.05408018290731716
0.0540804898502934
0.05406478114193552
0.054064815071492175
0.054057943496720676
0.05405520481343686
0.0540606246310418
0.05398815470189569
0.05387960074859526
0.05388296522172706
0.05387929018609095
0.05387782381851955
0.053862964865776464
0.053859870991847386
0.053853354105142595
0.05385147863190828
0.05385958631263179
0.053790064276002025
0.053684519576928144
0.05368378525699017
0.05368039369346361
0.05368064129761045
0.053665335534935736
0.05366496559013142
0.05365797859850448
0.05365477133743804
0.05365950970936899
0.05358878460076672
0.053481712810088025
0.05348465372594056
0.05348075112324836
0.05347921866903933
0.05346486912815531
0.05346091376359896
0.053454332255836824
0.05345196895447907
0.05345942766879039
0.05339091446549845
0.05328740803108938
0.053286366665818166
0.053282807473544594
0.05328300680012642
0.05326804591641214
0.05326729515845912
0.053260223709384984
0.05325660379110567
0.05326071565576645
0.053191625326378805
0.05308595605536225
0.05308853044579433
0.05308442597252595
0.05308283505131587
0.0530689359820485
0.05306415895417994
0.05305754016391877
0.05305473955828161
0.05306159552900397
0.05299403285079948
0.05289245538960654
0.052891156534746894
0.052887457525448774
0.05288761969658715
0.0528729507193329
0.05287185637741115
0.052864726127752185
0.05286074575753876
0.05286428560005296
0.05279672593693634
0.052692384904586026
0.0526946464923053
0.052690363815389434
0.05268872219118254
0.05267522128799732
0.05266967110049195
0.05266303696246789
0.05265984588986044
0.052666145025436165
0.052599476529212284
0.05249972752821249
0.05249821765569977
0.05249440436090175
0.052494540513423484
0.05248011515340955
0.052478724407006704
0.05247155645089835
0.0524672639597853
0.05247028492210744
0.052404158459702706
0.05230107696482098
0.05230307578783107
0.0522986365953891
0.05229695209007789
0.05228380301904914
0.05227753343717252
0.052270901351130064
0.052267362893630265
0.052273149994287726
0.05220732200149798
0.052109309604349195
0.05210763186830195
0.05210372762522176
0.05210384887110769
0.0520896231539333
0.0520879896055944
0.05208080117075598
0.0520762409660669
0.052078794203713405
0.05201401051474569
0.051912125463272146
0.051913907675711746
0.05190933174722999
0.05190761216932327
0.05189477396599688
0.051887841261925624
0.05188122486148041
0.05187737835490333
0.05188269651902502
0.05181765852983536
0.05172129915789393
0.05171949330239045
0.05171551935115081
0.05171563674409313
0.051701570675172406
0.05169975144727355
0.051692556538314734
0.05168776914001181
0.05168990337738949
0.05162637921061398
0.0515256329968031
0.051527240812189394
0.051522546103875064
0.05152079919078152
0.05150823571113933
0.05150069649014732
0.051494106321490214
0.0514899874275368
0.05149487762325577
0.05143058266962193
0.05133580047779079
0.0513339028563435
0.051329878445318604
0.05133000295284815
0.05131606021045213
0.05131411359408985
0.051306923577170246
0.05130194571989875
0.05130370696288986
0.05124136619027267
0.05114170647334521
0.0511431782192412
0.05113838096078581
0.05113661433327412
0.051124293752002094
0.051116203281895894
0.051109647400399125
0.05110528822895715
0.0511097890002647
0.05104619386310014
0.050952920102360195
0.05095096378223163
0.05094690627861628
0.05094704875918662
0.05093319641262601
0.05093117999623559
0.05092400412240079
0.050918868906386514
0.05092030027734371
0.050859073701796105
0.05076045311489591
0.05076182337164114
0.05075693817113194
0.050755159298754224
0.05074305365056601
0.0507344646210001
0.05072794911253277
0.05072337838264161
0.050727525663577265
0.050664590978193695
0.050572763319422065
0.05057077824754857
0.05056670325061329
0.05056687443494731
0.050553082686598624
0.050551051894892424
0.050543897761663306
0.050538634838555564
0.05053977650487523
0.050479601569421925
0.05038197739196923
0.05038327719193504
0.05037831714617438
0.05037653332253157
0.0503646180833862
0.050355579727581624
0.05034910916048891
0.050344352390013364
0.050348179404608125
0.05028586967646587
0.05019543153582467
0.050193444746770295
0.050189366201679284
0.05018957667760712
0.05017581862839869
0.05017382560738804
0.05016669955985739
0.05016133534217721
0.05016222451500035
0.05010304494540736
0.050006378764055996
0.05000763583162105
0.05000261263960487
0.05000083096637674
0.049989084672133074
0.04997964219028277
0.0499732200034234
0.04996829971894574
0.04997183694836257
0.049910120498448875
0.049821020393026154
0.049819056242843676
0.04981498655332526
0.049815246753275845
0.049801498191654005
0.04979959098191722
0.049792498455824535
0.04978705634088111
0.04978772732515734
0.0497294927305843
0.04963375010845971
0.04963498912436586
0.04962991320211642
0.049628140580793165
0.04961654448125342
0.0496067387119395
0.04960036754381323
0.049595303503604485
0.04959857870528805
0.04953742756156045
0.049449618514760686
0.0494476989277508
0.04944364906629342
0.04944396925655085
0.049430208470993824
0.049428430418272405
0.04942137622837606
0.049415876829378785
0.04941636111052225
0.04935902656062666
0.04926417672961954
0.04926541960645649
0.04926030020179166
0.04925854333204205
0.04924708107853325
0.04923694837139301
0.049230630335145964
0.04922543975929237
0.049228478025874566
0.04916786777443033
0.04908130678350189
0.04907945150156895
0.04907543111615811
0.0490758213869567
0.049062029001918396
0.04906041836106938
0.04905340693869236
0.04904786831734257
0.04904819467305132
0.04899172026503562
0.04889773585176456
0.04889900201000119
0.04889384731614938
0.04889211269975047
0.04888077006444778
0.04887034231383182
0.048864079222745764
0.04885877702557515
0.04886160087378606
0.04880151048090585
0.04871615805361343
0.04871438488019939
0.048710402396903926
0.04871087265241414
0.04869703148725587
0.048695621182233216
0.04868865676618898
0.048683094662321465
0.048683289290883044
0.04862763971609669
0.048534496508737784
0.04853580314496698
0.04853062041220392
0.04852891436144413
0.04851767898660883
0.048506983791912865
0.04850077733982673
0.04849537636070166
0.04849800584263131
0.048438417456675466
0.04835423722014532
0.048352562252600935
0.04834862497356035
0.048349184920808606
0.04833527987088448
0.04833409737956819
0.04832718416482744
0.048321612219723024
0.048321698878362095
0.048266842995098716
0.048174519755545014
0.048175882096463646
0.04817067774115775
0.048169006390612314
0.048157867565843025
0.04814692848948368
0.048140780390438155
0.04813529161976552
0.048137744450545486
0.048078643190878775
0.047995601572762045
0.04799403941852269
0.04799015361508246
0.04799081275085138
0.04797683068950093
0.04797589802773033
0.047969040276211385
0.04796347024705325
0.04796347039565973
0.0479093808125798
0.047817859136236804
0.04781929067338726
0.04781407038399807
0.04781243970456284
0.04780138817007212
0.04779022506869396
0.04778413715992074
0.04777856995788281
0.04778086165524977
0.04772223539392544
0.047640301373971586
0.04763886534709399
0.047635036347986257
0.04763580394275517
0.04762173364255943
0.04762106742661622
0.04761426954440401
0.047608711508033176
0.04760864445501072
0.04755529712804155
0.04746456135186184
0.04746607405336755
0.04746084289305186
0.04745925870711096
0.04744828648096052
0.04743691588942521
0.04743089020161796
0.04742525250767141
0.04742739653997831
0.04736923568079166
0.047288380609468425
0.047287082905006765
0.047283315179584
0.047284200257593244
0.04727003232888897
0.04726964389991452
0.047262910485064064
0.047257373029732465
0.04725725607778476
0.04720462992228298
0.04711466708026973
0.04711627157676079
0.047111034082307136
0.04710950207889999
0.04709860230606942
0.04708703785713243
0.047081076655737575
0.04707537518737038
0.04707738312746469
0.04701968038614729
0.04693987786589023
0.046938729710299686
0.046935026946902624
0.04693603826145908
0.04692176510579218
0.04692166070324164
0.046914996568121564
0.04690948697236784
0.046909335562847244
0.0468574120821558
0.04676821190639916
0.046769917649099824
0.046764677925938775
0.04676320367478518
0.04675237049591841
0.04674062336130239
0.04673472916235943
0.04672896960195467
0.04673085128498428
0.04667360147370281
0.04659482729756665
0.04659383907387038
0.04659020425345376
0.04659135025664029
0.04657696603258238
0.046577147006853704
0.04657055717875166
0.04656508157685819
0.046564909431879936
0.04651367236308303
0.0464252273273318
0.046427042716920476
0.04642180452994955
0.04642039349318878
0.046409621930861275
0.04639770127175307
0.04639187683560287
0.04638606400454959
0.04638782768821427
0.04633102750711291
0.04625325964890456
0.04625244099579321
0.04624887646094668
0.046250165266959305
0.046235665865511304
0.04623612892239133
0.046229618625848554
0.04622418215959483
0.046224001421507316
0.04617343639911181
0.046085741800834794
0.046087674286237196
0.04608244114615876
0.04608109868666394
0.046070384547042945
0.04605829796393937
0.04605254626991187
0.04604668428933687
0.046048336815407306
0.0459919846536411
0.045915203302947294
0.04591456318734142
0.04591107070683343
0.04591251004825046
0.04589789307491682
0.04589863054650452
0.04589220517058229
0.045886812127206585
0.045886633495234086
0.04583672773362069
0.04574978180941388
0.045751837956191796
0.0457466132009957
0.0457453445861426
0.045734684373970366
0.04572243834733913
0.045716762552336886
0.045710854990021976
0.04571240194612068
0.045656497694621455
0.045580685329442754
0.045580232092374336
0.0455768129213177
0.04557841009771269
0.045563674858247215
0.045564674996592475
0.04555834005000744
0.045552993986438285
0.04555282685040223
0.045503568846138466
0.04541737291414372
0.045419558442632714
0.04541434531376635
0.045413155713573676
0.04540254655848778
0.045390146872953945
0.04538455025667088
0.04537860025987663
0.04538004614057685
0.045324591018631406
0.045249732507569584
0.04524947388356216
0.045246128819255625
0.045247890637707976
0.0452330381245081
0.04523428541538327
0.045228046472188546
0.04522275032572239
0.0452226028967232
0.04517398215216213
0.04508854077386825
0.04509086056772538
0.045085662280390945
0.04508455675901443
0.04507399635132786
0.04506144849709558
0.045055934396458254
0.045049944810507246
0.045051293176777744
0.04499628957433614
0.044922372299454665
0.04492231540992787
0.044919044843375125
0.04492097755061782
0.04490601042677749
0.0449074859218132
0.044901348560053685
0.04489610474574468
0.04489598418356964
0.04484799095352321
0.044763312105936794
0.04476577019230826
0.04476058999921702
0.04475957349888332
0.044749060033077444
0.044736369579100946
0.044730941314395055
0.044724914786983566
0.04472616842290636
0.044671619760341216
0.04459863375095744
0.04459878507257323
0.04459558903562309
0.044597698241805775
0.04458262081992923
0.04458430248582641
0.04457827222136558
0.04457308271646762
0.04457299525330167
0.04452562031692591
0.04444171556467629
0.04444431506779894
0.044439156315605716
0.044438233632222664
0.04442776575655745
0.04441493869062857
0.044409599485680004
0.04440353855699269
0.04440469962252794
0.04435061022929748
0.04427854829612866
0.044278913605446335
0.04427579181344505
0.04427808240778973
0.044262900620821236
0.044264763704525804
0.044258845922030596
0.04425371233789814
0.044253663397675516
0.044206897857985705
0.04412378251354344
0.0441265255842599
0.04412139176181071
0.04412056751169889
0.04411014428251467
0.04409718731397801
0.04409194021269434
0.044085847391498414
0.04408691756988624
0.04403329258318738
0.04396215044154027
0.04396273473786396
0.043959686627667735
0.04396216268666093
0.04394688404820074
0.04394890145682277
0.043943101339706456
0.043938024981626904
0.04393801929409675
0.043891854407692533
0.043809547666643536
0.04381243539103627
0.04380733016849964
0.04380660874596378
0.04379622958543655
0.043783150406717916
0.043777998188259844
0.043771876014258214
0.04377285665245419
0.04371970193646338
0.043649478306632725
0.04365028571551773
0.043647310478689964
0.04364997516788911
0.04363460871974793
0.043636751413652426
0.04363107387461399
0.043626055790116254
0.0436260974984295
0.04358052453800256
0.04349904957536354
0.04350208186648371
0.04349700912441824
0.043496394650220246
0.04348605930653542
0.04347286681011385
0.04346781190495079
0.04346166299777992
0.043462555238144164
0.04340987732382359
0.043340573996661046
0.043341607657184276
0.043338704268204964
0.043341559739235404
0.04332611598432901
0.043328353381255104
0.043322802994917295
0.04331784401118353
0.04331793677157061
0.04327294692354441
0.0431923309365806
0.04319550641403922
0.043190470261488874
0.043189966522697396
0.04317967503182285
0.04316637947973056
0.04316142388882974
0.043155250984202316
0.04315605588552751
0.04310386193021952
0.043035483786071485
0.04303674572564745
0.043033912964998165
0.04303696024986684
0.04302145106897284
0.043023751456294265
0.043018332395328894
0.04301343314643243
0.04301358021835924
0.0429691645175355
0.042889438700606755
0.04289275456357179
0.04288775934439052
0.04288736972655718
0.042877122375021316
0.042863735518458616
0.042858880737850207
0.04285268671146364
0.04285340535736084
0.042801703122522856
0.042734258092523986
0.042735749093731006
0.04273298556579304
0.042736224471225256
0.04272066302261247
0.042722993973986746
0.04271770995002052
0.042712870894823916
0.04271307521991602
0.0426692245222534
0.04259042396001616
0.042593875859871184
0.042588926146668725
0.042588653559803596
0.04257845084811274
0.04256498599535326
0.042560232948288444
0.04255402082824987
0.04255465442093792
0.0425034522654147
0.04243695122555142
0.04243867069008377
0.042435974835901176
0.042439403840985795
0.042423804442480555
0.04242613323421152
0.04242098744472214
0.04241620887639268
0.04241647314442989
0.042373178138056064
0.04229534160500963
0.04229892352452196
0.04229402409989791
0.04229387090026263
0.04228371350681674
0.04227018553828655
0.042265534517143544
0.04225930748579613
0.04225985742347998
0.042209164308723325
0.04214362089920127
0.042145566714633285
0.0421429368197454
0.04214655298071029
0.04213093097437244
0.04213322499590567
0.042128220078236814
0.04212350212647029
0.04212382882689519
0.04208108008017809
0.04200424973713592
0.04200795388338946
0.04200310970848172
0.04200307761875394
0.041992966364332786
0.04197939169460022
0.04197484231457538
0.041968603700747995
0.041969071637038446
0.04191889713973528
0.04185432750499402
0.041856495920476806
0.041853930118210037
0.0418577289845942
0.04184210058482636
0.0418443277369925
0.041839465730527804
0.041834808357706005
0.04183519981537263
0.041792987859405765
0.04171720884100489
0.04172102555951146
0.041716241730316975
0.04171633176116452
0.04170626757424683
0.04169266406167401
0.04168821522810442
0.04168196849093982
0.04168235637516659
0.04163271070190943
0.04156913315006328
0.04157151866731756
0.041569014938133246
0.0415729904849202
0.04155737261150477
0.041559501685511466
0.041554784002940576
0.041550186995575326
0.04155064538988867
0.041508960831162386
0.0414342807229208
0.04143819844017154
0.04143348013258372
0.04143369250907458
0.04142367639241118
0.0414100631983906
0.0414057130892769
0.041399461794917276
0.041399771892711955
0.041350665890732906
0.041288100475141386
0.0412906957611068
0.04128825192881583
0.041292396509189686
0.04127680660741414
0.04127880763724702
0.041274235045720704
0.04126969800264547
0.04127022536979671
0.041229059027244545
0.04115552723577004
0.04115953243697703
0.04115488484199762
0.04115521893851541
0.04114525193749276
0.0411316493385042
0.041127395403428614
0.04112114319594286
0.04112137809010116
0.041072823247782476
0.04101129127766306
0.04101408710486961
0.04101170083072598
0.041016005153958666
0.04100046100461957
0.041002305585523764
0.04099787819832124
0.040993400517167114
0.04099399873582869
0.04095334179498615
0.04088100882047106
0.04088508606834801
0.04088051431943596
0.04088096860682664
0.040871051780222
0.04085748093735238
0.04085331991351844
0.040847070481535026
0.040847233053876095
0.04079924148482503
0.04073876497604575
0.04074175019615848
0.040739418972012845
0.04074387211055119
0.040728391633187255
0.04073005319931673
0.040725770478431664
0.04072135134195541
0.0407220221035258
0.04068186627935783
0.04061078290512159
0.04061491490425736
0.040610423999234826
0.04061099600774499
0.04060113040148216
0.04058761309349002
0.04058354103905547
0.04057729807961005
0.04057739147529408
0.040529975880282045
0.04047057696140593
0.0404737385164497
0.04047145965825922
0.04047604908733761
0.04046065014049731
0.04046210419566823
0.04045796496545925
0.040453603329266355
0.04045434809449802
0.040414685793672134
0.04034490221283986
0.040349069922557323
0.04034466464286156
0.04034535094402292
0.040335537568487706
0.04032209589588096
0.04031810824013474
0.04031187542124534
0.040311902997738173
0.040265076599771944
0.04020677689174752
0.04021009986626274
0.040207870509297125
0.04021258218136265
0.04019728236402976
0.04019850666078593
0.04019450913253785
0.04019020371565375
0.04019102366020454
0.040151848133319054
0.04008341303732921
0.04008759583395637
0.040083280664268625
0.040084076874238456
0.04007431668560695
0.04006097275443892
0.04005706436371741
0.04005084528715743
0.040050810550689625
0.04000458699988165
0.03994740699018416
0.039950874706041355
0.03994869180308373
0.039953510258022795
0.03993832671647789
0.03993930138032358
0.03993544318723691
0.039931192466823216
0.03993208841888354
0.03989339389347377
0.039826353550592546
0.03983052943789769
0.039826308489266986
0.03982720929527323
0.03981750318115362
0.03980427877622624
0.039800444033810736
0.03979424219945856
0.039794148732363144
0.03974854197902871
0.03969250041231138
0.039696094566194856
0.03969395488990423
0.03969886340056654
0.03968381264493544
0.03968452024252588
0.039680798484311115
0.03967660069560055
0.03967757306921395
0.039639354855273305
0.03957375220932259
0.03957789807360461
0.0395737750130966
0.03957477422360591
0.03956512299310734
0.03955203925090386
0.039548272148535166
0.03954209092153944
0.039541942304223
0.039496966440639276
0.03944207974789913
0.03944578058965224
0.03944368074003455
0.0394486614909526
0.039433759225477615
0.039434184777658775
0.03943059607357784
0.03942644921582164
0.039427497943791204
0.03938975250502025
0.03932562632487337
0.03932971822899376
0.03932569621863034
0.039326786836723374
0.03931719121485959
0.03930426830673235
0.03930056254486351
0.039294405126679595
0.03929420485815158
0.0392498739315198
0.03919615571837357
0.03919994226659171
0.03919787868423059
0.03920291297983751
0.03918817395051043
0.03918830489322378
0.039184845442117006
0.03918074729101326
0.03918187176134319
0.03914459674728364
0.03908198085625762
0.039085994364902656
0.03908207601222924
0.039083250330510376
0.03907371095664062
0.039060967792500456
0.03905731688602508
0.03905118629015872
0.03905093771099612
0.03900726551218527
0.03895472612416816
0.03895857641374691
0.03895654539909328
0.0389616138962652
0.038947051758901494
0.038946877856962034
0.038943543502547126
0.03893949162926821
0.03894069062891716
0.038903884865395866
0.0388428074765349
0.038846718003345646
0.0388429053253979
0.0388441550396734
0.03883467246949595
