4.0129964567707743E-4
0.001040843188286499
0.0016570919559673887
0.002232587043201681
0.0027825935594485594
0.003306011006915052
0.0037930380775732632
0.004248025207139524
0.0046727350374316315
0.005084463052682469
0.005477308347251999
0.0058373526785423565
0.006166377076978254
0.006445419196470331
0.006786529679625132
0.007095752162819448
0.007266650301206093
0.007375949603863573
0.007453053806935271
0.007587145626514464
0.00772458746138841
0.007831107523972652
0.007952152492342612
0.008063496123390601
0.008345307884329072
0.008521854870479573
0.008495412818138705
0.008468307056875797
0.00845120092373606
0.008542121100601615
0.008576617263469378
0.008550763609711153
0.008561960961075294
0.008582337029360442
0.008810133171902757
0.009017752408919935
0.008963134799219867
0.008904468202370562
0.008856193508849967
0.008910220771575184
0.008938557979153635
0.008880541976268717
0.008818287853886502
0.008774261736139268
0.008953783586096619
0.009151513877768504
0.00907707514704862
0.00900018519897782
0.00893436924193119
0.008947504190350368
0.00897824399718177
0.00890816499246123
0.008810005353279448
0.008732854005317911
0.00887404114842979
0.00905014467113398
0.008972496531219537
0.008887273955846394
0.00881017026604913
0.008805643733041185
0.008829834938163366
0.008769016803279529
0.008662382442308813
0.008571003323954097
0.00866767894911545
0.008807981506864819
0.00873043143884398
0.0086375806059094
0.008549974817879398
0.008517368924791264
0.008539016063880476
0.008466888178806605
0.008344982420566966
0.008238071567515494
0.008296282749494597
0.008403057425502852
0.008328582958617036
0.00822976075074171
0.008130036560105375
0.008082639764706594
0.008083521610165068
0.008024033470725759
0.007896874131758512
0.007777644037366587
0.007802692006390369
0.007879912251222925
0.007813154645714401
0.007712151037448778
0.007604689559620549
0.007533607140529719
0.007513373387636467
0.007449316132466849
0.007311545963350988
0.007180487999827332
0.00717284821576832
0.007216053627585109
0.007154756510123631
0.0070498644408642855
0.0069311942208909755
0.006847332170672831
0.006931177140381916
0.006913171793586215
0.006803243867726628
0.006696488629006683
0.006709552110287407
0.006770356774259462
0.0067367486155975355
0.00665470398497839
0.006560207978408639
0.006490135258611522
0.006456817389669656
0.00640778624906702
0.006286125144440466
0.006199945597939699
0.00617828184227962
0.006208346950532165
0.00621100745557534
0.006190438977086129
0.006169682329124035
0.006137266215322864
0.006143794556795385
0.0061468686524551504
0.006052353049358027
0.00597855220346587
0.0058812363265344355
0.005915515086486154
0.005947650682700528
0.005924112086552977
0.005883839631995209
0.0057878488413826415
0.005807733914342267
0.00584362400199966
0.005780474855335478
0.005749372684095906
0.005655616382132056
0.005606516167090346
0.005644025173935762
0.005644132891967103
0.005628418222250766
0.005558353696444264
0.0055517531025515345
0.005597818953382119
0.005575674610214812
0.005574331161343539
0.005485857144131557
0.005420860637908598
0.005474632138976113
0.005487481248393235
0.005482224884193772
0.005431378691705927
0.00540004741437359
0.0054439120725818186
0.005441312201186794
0.005456078674461616
0.005366500248673224
0.005288255942074579
0.005340436375559549
0.005352349388975393
0.005345621651504424
0.005300195890636151
0.005262809758964582
0.005299674478454664
0.005296091142456774
0.0053088064355126295
0.005233778281554163
0.00516698640861107
0.005216770749755848
0.0052311351268263745
0.005226056149719882
0.005188848347986255
0.005143938612878978
0.0051854311966746955
0.005187319383703262
0.005202127488031911
0.005135305613544072
0.0050755098150158315
0.005120144426429124
0.005133995094978246
0.005130213775181573
0.005096079161068437
0.005059362233762375
0.0050928022284955346
0.005093967759396206
0.005106324840977291
0.005045943334360707
0.0049930835316688
0.005030799904785939
0.005044771836112041
0.005041200842922793
0.005013646280098546
0.004988116374823503
0.005022056101044885
0.005026095613892508
0.005037087948987104
0.004984767376213984
0.0049430770263706935
0.00497422913373661
0.004987274962398325
0.004985648883243782
0.004958982871294635
0.004937623241829032
0.004964241515617031
0.004968056080724077
0.004977378921900483
0.004923907815273715
0.004882544393634927
0.004906859252833104
0.004919132608242999
0.004917227794738872
0.0048956730473162105
0.004881834553440816
0.004903754690619227
0.00490941267903777
0.004916200434039263
0.004869126495993811
0.00483831445237406
0.004856349106216596
0.004867286833056499
0.004867097044691977
0.004844837435451594
0.004832539194800711
0.0048472399376725565
0.004853000389255842
0.004858431943241729
0.004807204255988683
0.0047720896153663
0.004785912742493537
0.0047961194874055505
0.004795513040693253
0.004777390559992386
0.00477000836715835
0.004780800545911994
0.004787922029377268
0.004790521938817932
0.004745170707316438
0.004719563643102712
0.004728338302754944
0.004737252360441462
0.004738033207313157
0.004718275504600997
0.004711177988025685
0.004716589374698936
0.004724031582738378
0.004725485591411707
0.004676298660800141
0.0046453760774484085
0.004652757487535704
0.004661376114079599
0.00466174572133282
0.004645623593024634
0.004641680769721007
0.00464411299354004
0.004652630121136832
0.004651383445852579
0.004608090140779223
0.004585192851970352
0.004588662099519422
0.004596216092013789
0.004597711935010083
0.004579365118289188
0.004575242644462279
0.004573619235894613
0.004582547210960683
0.00458059260518953
0.004534711840716978
0.004508620500756714
0.00451274434628619
0.004520485078813406
0.0045216058516795166
0.004506733316960022
0.004504604587481145
0.004500669480757186
0.004510480593561723
0.004506139194853451
0.004465990260339413
0.004444722476112086
0.004445705597685647
0.004452578955888987
0.004454633468566171
0.004437118476934876
0.0044347496451994295
0.0044277661937256975
0.004437970943808067
0.004433549390325467
0.004391932101177248
0.004370160094685829
0.004371221823394814
0.00437869104250726
0.004380387547469036
0.004366389950619525
0.004365280542496492
0.004356441547493333
0.004367405710913921
0.004360923092082295
0.004324618050751074
0.004307245834857096
0.004307477917325984
0.004314177404722083
0.004316667633535661
0.004299726826248179
0.004298510710770893
0.004287426651229187
0.004298720555019654
0.0042928340893423666
0.004255852544207398
0.004237946712635976
0.004234319471732525
0.00424193625050639
0.004244055702110443
0.004230749027113945
0.004230337822733201
0.004221736300992254
0.0042337088460103695
0.0042260090444416224
0.004193762746741882
0.0041799370758824035
0.004177758636934504
0.004184597466481991
0.004187408819453674
0.004170972901035547
0.004170682404706338
0.004161403683914144
0.004173657434375099
0.004167174406110517
0.00413477195079382
0.004120194398855513
0.004112906483932493
0.004120914875623172
0.004123318209357378
0.004110605184861652
0.004110802777866287
0.004103856023710418
0.004116718541468286
0.004108570959678369
0.0040802345444837015
0.004069423722100977
0.004064186337579229
0.004071317889705647
0.004074335725597034
0.004058436959852194
0.004059033401886126
0.004051103639300827
0.004064255227507472
0.004057838775739742
0.0040297015283308115
0.004017903709433678
0.00400759661834814
0.004016102281668082
0.004018670543515561
0.004006505728872096
0.0040073406452385595
0.004001448417950786
0.004015120974281873
0.0040071052122600875
0.0039822895765436106
0.00397394676699072
0.0039662028354449114
0.003973665632419741
0.003976782455011402
0.003961515439968005
0.003963063728060826
0.003956021068213624
0.003970062996984153
0.0039641589937367775
0.00393982634745169
0.00393030972328006
0.003917384584385042
0.00392638969592187
0.003929025341832278
0.003917411952059738
0.003918958719850415
0.003913732511939941
0.003928170180496589
0.003920674929455737
0.003898839087192292
0.003892454080998335
0.003882547620331042
0.0038903028918486006
0.0038934224788860837
0.0038789275533485804
0.0038786809190824874
0.003872253741645601
0.003887209039098887
0.0038820716676520707
0.0038610106905136
0.003853371150073272
0.0038397211207105847
0.003849151982379453
0.003851778678031176
0.0038407748498541466
0.003840403838112255
0.003835606410955634
0.0038507858773647323
0.0038440382735072352
0.0038245733905863054
0.003819721715679192
0.0038078765140133783
0.0038158352607710142
0.003818877070849056
0.0038053323041342567
0.0038001950697064855
0.0037942321985050408
0.0038101276809806225
0.0038058562856834134
0.003787514573570533
0.0037814533527201913
0.0037697650172388584
0.003779493184459156
0.0037820549644654814
0.0037717735304163393
0.0037676064158536984
0.0037631024276584706
0.0037790047941761796
0.003773099419228329
0.0037553964987084416
0.003751747748046479
0.0037404674712904246
0.003748510938330111
0.003751410238007705
0.003739016731168311
0.0037293483346176924
0.003723770278640807
0.003740613243139461
0.0037371820632923413
0.003721013368611472
0.0037163020230256815
0.0037063486883908933
0.003716210368688763
0.0037186687661000875
0.0037092624003558787
0.003701534823668202
0.0036972549663208485
0.0037138499765618166
0.003708775073112575
0.0036922729300256905
0.003689575397092658
0.0036799903959727704
0.003687986695272837
0.0036906961260505604
0.0036796575668892597
0.0036658346748155365
0.003660606550568055
0.0036783673865554358
0.0036756663302207103
0.0036594124913321285
0.0036558874505560803
0.0036474428969974267
0.003657257007666958
0.0036595910348248503
0.003651231490917801
0.0036402069353918165
0.0036361249210170527
0.003653359434610476
0.0036490304797254843
0.003633259581538797
0.003631338317410376
0.0036232135356254838
0.003631031008656248
0.003633523548463738
0.0036240261038300602
0.0036064290616803015
0.0036015430548487076
0.0036164399421146636
0.003611899854020542
0.0035938855600948392
0.0035914418438085702
0.003584288972827069
0.003593872723294802
0.0035960799544729853
0.0035889409907022348
0.0035749104493766597
0.0035710261022204033
0.0035862812810560103
0.0035825744046106907
0.003566715372348405
0.0035654804241194884
0.0035586039717604647
0.0035661205770438514
0.0035683919889164016
0.0035605930630539305
0.003542205202963057
0.0035376663682394464
0.003549864446985822
0.0035424364503050167
0.0035226780777693426
0.003521226495348628
0.003515163275832242
0.0035243493405015818
0.003526441245815554
0.0035206741923424724
0.0035063961935104986
0.003502720620631803
0.003515414804438505
0.003509803007164556
0.0034922951133058424
0.003491695786976751
0.0034858802927922807
0.003492993674062673
0.003495056635454302
0.0034890647183266105
0.0034731941125043645
0.00346900987783678
0.003478742495121045
0.0034686717085107214
0.0034472117802148428
0.0034466573130238873
0.0034415027925365476
0.003450152320867259
0.0034521499576193127
0.003447865482205331
0.0034354127120446143
0.0034319595078163155
0.0034423099660630314
0.0034346481083736722
0.003415609264486991
0.003415605066257317
0.0034106893510486474
0.0034173227136481046
0.00341920158811826
0.003415062550564863
0.0034017992105329817
0.0033979736093129854
0.0034054426301684576
0.003392973721488354
0.0033698767060285273
0.00337011034680771
0.00336570889022626
0.00337369469859644
0.0033756238573490614
0.0033728813027241785
0.003362346248402946
0.003359125867194295
0.0033673272938899395
0.0033577777494283117
0.0033373690892176404
0.003334528253741796
0.0033303766074820195
0.0033364783001087303
0.003338205410864316
0.0033359084353568017
0.003325238820342687
0.003321767248867175
0.003327143426980258
0.0033125247105110114
0.003289496205758063
0.0032880217853646773
0.0032842438419915586
0.0032897011437792545
0.0032915878115700684
0.0032903997723477915
0.0032817981142867106
0.0032788142692743373
0.0032850386553790593
0.003273758904060073
0.003252177880759992
0.0032456788609669654
0.003242178230495011
0.0032477205315871558
0.0032493298176024116
0.0032488118466576727
0.0032406302113434675
0.0032374973873168017
0.0032443579008197593
0.0032300753513139677
0.0032083808466564453
0.0032036858790240974
0.003200427507921089
0.003203590514394438
0.003205455093916463
0.0032057779877316065
0.003199037691709547
0.003196287713798898
0.003203043181239682
0.0031901853764848068
0.0031680714241213363
0.003158086607141557
0.0031551447853345755
0.0031601234446812718
0.0031616441471443973
0.003162784532253521
0.0031568880009175027
0.0031540738192997802
0.003162304875061301
0.003149434606566988
0.0031288521175655464
0.0031209860434214653
0.003118166157666528
0.003119270483984888
0.0031211255077254873
0.0031228667910272114
0.0031178515509333
0.003115327744312768
0.0031232099353962596
0.0031111410417558423
0.0030899220217210036
0.0030766053474896703
0.003074147430857555
0.003078576872441313
0.0030800315758982813
0.003082666577404028
0.003078793669081469
0.0030762743605531975
0.003085643062085803
0.0030740517364212967
0.0030543950912176876
0.0030434123541354333
0.0030409687516573867
0.0030402455148937717
0.0030420948230920415
0.0030451222387979362
0.0030416530017884445
0.0030393444004487864
0.00304816985111425
0.0030370471451863744
0.0030166653188241277
0.0030001659924117673
0.002998129978686291
0.003002038017879515
0.0030034419705462032
0.0030073828996047157
0.003005249283420911
0.0030029972667609955
0.003011581048592725
0.0030011322200160003
0.0029822596854545006
0.002968238939341614
0.002966123124133489
0.0029638152755213885
0.0029656545491144725
0.0029698122808479856
0.002967694722279859
0.0029655876029675288
0.002972225479421725
0.002961925480143584
0.002942343955551061
0.0029260157043411567
0.0029243489138886182
0.0029277726085380753
0.0029291338306384816
0.0029341798883339124
0.002933499236543036
0.0029314848152025047
0.0029358798983879827
0.0029264382608252854
0.0029082515074290946
0.0028935438734448335
0.0028917172525661436
0.002889724114214775
0.0028915423516688993
0.002896658040929513
0.0028956913916650534
0.002893771089441886
0.0028964830651199403
0.0028869008974184533
0.002868086960265571
0.0028528605392902293
0.002851517366839596
0.002854499837609276
0.002855820096091936
0.0028617663898353528
0.0028622622382509888
0.002860456492707418
0.002860798324531478
0.002852233541893313
0.0028346626403053642
0.002820717634437259
0.002819148893804094
0.002817421870625576
0.0028192035568667664
0.0028250973228729805
0.002825084940630583
0.002823336884800208
0.002822267807170739
0.002813317013961643
0.002795238622047349
0.002781077281913289
0.0027800178077219267
0.002782490024865984
0.0027837664266205362
0.002790335961050669
0.002791750739112271
0.002790127674048378
0.0027865633245174105
0.0027787537174706347
0.0027617541683753587
0.0027485646256978483
0.00274722695715805
0.0027457245364252295
0.002747451896525621
0.00275148013177806
0.0027522391232821177
0.002750649086851974
0.0027459496601935514
0.0027375596122802427
0.0027201925580991105
0.002707058109482377
0.0027062459206426215
0.002707869525759862
0.002709096340722453
0.002712057120202934
0.002714164434819619
0.002712699592359487
0.0027053872078485765
0.002698220588375433
0.002681778999030857
0.0026693606011789026
0.0026682290127163035
0.0026669152957692678
0.002668570087770046
0.0026690893634777873
0.0026704553580884868
0.0026690096928687775
0.0026608377429717107
0.00265294957628188
0.0026362827927701336
0.0026241453827834773
0.0026235459778698954
0.002624440939392066
0.0026256111161058727
0.0026250410003630063
0.002627641574847869
0.0026263148932610253
0.0026170219858341866
0.002610397762819627
0.002594514073037472
0.0025828827510541905
0.0025819343969421906
0.0025807797657729577
0.002582345177138945
0.002579504778520061
0.002581326768223015
0.002580014004923836
0.0025713356600112138
0.0025639009810090345
0.0025479171263504963
0.0025367309005447105
0.002536314088796941
0.002536586907744073
0.0025376932081222236
0.0025337477433780603
0.002536667781776043
0.0025354646518885955
0.002527397140891556
0.0025212287987512946
0.002505901603228758
0.002495054657482419
0.0024942693739115705
0.002493250301172673
0.002494712353143942
0.002488667366259255
0.0024908085813885768
0.0024896195996786876
0.002482096178434281
0.0024750753052617744
0.002459749876406629
0.0024494554710502805
0.0024491952457325345
0.00244893947192267
0.002449975479629102
0.0024428175639101633
0.002445910541498439
0.00244482034739937
0.002437838975953731
0.002432053312481466
0.002417282587512798
0.0024072076877392993
0.002406566999576378
0.0024056644907603686
0.002407012523616193
0.002397927048327086
0.002400269747758778
0.0023991967372786393
0.002392706532770964
0.0023860655644337377
0.0023713755997795453
0.002361914446990486
0.002361787520448304
0.0023611946658643125
0.002362155432789532
0.002352029115176462
0.0023551764891093755
0.002354190682373976
0.002348166752307396
0.0023427026961911858
0.0023284888959328644
0.00231916713089596
0.0023186539540164188
0.0023178526524067137
0.002319079513736532
0.0023094869237019894
0.0023119321319302875
0.002310968245550579
0.0023053963628122667
0.002299106215345852
0.0022850254376385443
0.002276334985670404
0.002276321269541702
0.0022758305412425082
0.0022767128797516844
0.0022676721929637145
0.002270779726130087
0.002269891634121228
0.0022647088717882096
0.002259518131868232
0.0022458504953615063
0.0022372409912299824
0.0022368405413822887
0.0022361284513099313
0.002237230640975109
0.0022287290655982357
0.002231195465862671
0.0022303344476557155
0.0022255743815857137
0.002219610500764665
0.002206103695767693
0.002198111267520931
0.002198194351557483
0.0021977947689573243
0.002198597324994173
0.0021905940173543455
0.0021935903616055854
0.002192793784774457
0.002188347047590604
0.0021833910763180537
0.0021702546543308646
0.0021623092589880123
0.00216200814498771
0.0021613755120009235
0.0021620606908322472
0.002154544750910679
0.0021569690653948943
0.002156204678008538
0.0021521579304393792
0.0021464977804143224
0.002133532132191636
0.0021261706347830375
0.002126335990879491
0.002126018097728886
0.002126741293031234
0.002119665922573531
0.002122499222126289
0.002121788125173357
0.0021179827533093286
0.002113230506880053
0.002100608610086466
0.002093278212320189
0.0020930641505389745
0.002092502908372991
0.0020923879875104994
0.0020857570906810383
0.002088091623099949
0.00208741766610876
0.0020839942211232716
0.002078616662432108
0.002066161685701417
0.002059369947291203
0.002059604761867689
0.0020593604149047075
0.0020600038114944636
0.002053754167384202
0.002056388577084051
0.002055757091099368
0.00205250847140703
0.0020479348839289075
0.0020358090988060293
0.0020290450714267297
0.0020289068941352303
0.0020284103399451827
0.00202757580735691
0.002021735168015729
0.0020239454317199233
0.002023355770725274
0.002020474315347324
0.0020153594156374715
0.0020033858696043056
0.001997107487896287
0.0019974006278504694
0.001997222826908541
0.0019972009770895575
0.001991682831150282
0.0019940954979730573
0.001993537952511317
0.0019907709397743584
0.0019863556067708623
0.001974706191032923
0.001968461746250969
0.0019683893927552342
0.001967951921892337
0.0019664719584304353
0.001961333666499683
0.00196339628351222
0.001962884909658686
0.0019604726646356404
0.0019556014252759104
0.001944082065098632
0.0019382665570921867
0.0019386083262692222
0.0019384910449265868
0.0019378582075386945
0.001932985344544067
0.0019351638624332472
0.0019346747903610443
0.001932323120695372
0.0019280494202386681
0.00191685482110452
0.0019110844360765884
0.0019110689871200811
0.001910685879703526
0.0019086284254963848
0.0019041116247768097
0.0019060123551593003
0.0019055734058089054
0.001903565866944309
0.0018989203510334349
0.0018878287381417585
0.001882429949079868
0.0018828120745818747
0.0018827501241258397
0.0018815619579956033
0.0018772562304984286
0.0018791964844491514
0.001878770622761548
0.0018767761782270216
0.001872630411766272
0.0018618678119956403
0.0018565279791811318
0.0018565615898682687
0.001856228818023982
0.0018539368972995732
0.001849967861144043
0.0018516998957575632
0.0018513276578166126
0.0018496681152739207
0.0018452315156990665
0.001834541567170586
0.0018295169011066355
0.0018299324220872912
0.0018299213093492016
0.001828227812660244
0.0018244188578153712
0.0018261231953748624
0.0018257554711005027
0.0018240675484028283
0.0018200383369456688
0.0018096838366906043
0.0018047330087646895
0.0018048088399391627
0.001804522908887441
0.0018024238070866833
0.0017989358657767103
0.0018004983109701804
0.0018001872270456897
0.0017988261589130747
0.0017945828243971721
0.0017842687734765336
0.0017795788576534263
0.00178002197056493
0.00178005776712549
0.0017779059721434543
0.0017745308490797432
0.0017760065169820983
0.0017756920398462176
0.0017742666002705982
0.0017703443806375725
0.0017603734182138075
0.0017557722152016756
0.0017558843318581216
0.001755642149107908
0.001753712974127383
0.001750646440828921
0.0017520429661391445
0.0017517876914361185
0.0017506820949250328
0.0017466174557895504
0.001736654648637258
0.0017322640981643164
0.001732729942386995
0.0017328091881645257
0.0017308061927344643
0.0017278088961260837
0.001729066712997317
0.001728800766387949
0.0017275997088231762
0.0017237763608906735
0.001714164029823441
0.0017098752295171841
0.0017100184933016615
0.0017098172627762695
0.0017080372066357985
0.0017053388145175407
0.0017065765048887948
0.001706371872886631
0.0017054846086626892
0.0017015852826189368
0.0016919494452557393
0.0016878254578244231
0.001688310043364329
0.001688429638606291
0.0016865625751906928
0.001683893713040951
0.0016849469431649297
0.0016847250512551733
0.001683715509218274
0.0016799839314083547
0.0016707061965275456
0.0016666961166820478
0.0016668660627079113
0.0016667032309372043
0.0016650534327486354
0.0016626760891721843
0.0016637644437752794
0.0016636055422854254
0.0016629046711487433
0.001659158345357196
0.0016498266045022396
0.0016459400155873953
0.0016464400221506152
0.0016465971741641292
0.0016448482220031834
0.001642464423990006
0.0016433278843027827
0.0016431458293670103
0.00164229955624919
0.0016386534761136035
0.001629687442363146
0.001625925852204975
0.0016261186091520894
0.0016259918193981071
0.0016244552423328657
0.0016223575149160547
0.0016233076321509818
0.0016231898229188608
0.001622647994634965
0.0016190434146225088
0.0016099943519583034
0.0016063193655749724
0.0016068320398701515
0.0016070242085682843
0.0016053775318689851
0.0016032408526507078
0.0016039301981561102
0.0016037840312262033
0.001603076832733457
0.0015995106740995964
0.001590834766268439
0.0015872947132598253
0.0015875069292528728
0.0015874139879111563
0.001585975298510071
0.0015841208837293326
0.001584944801983596
0.0015848637334926216
0.0015844576147838925
0.001580984557691825
0.00157219823406651
0.0015687121366132603
0.001569235201915938
0.0015694600553988714
0.0015679016288183529
0.0015659789682078398
0.0015665101298780618
0.001566396176301158
0.0015658073919722457
0.0015623161795731099
0.0015539102519755014
0.001550567843666646
0.0015507966187992795
0.0015507354714481285
0.0015493809210458869
0.001547738119024039
0.0015484482935958718
0.0015483999085606306
0.0015481096574175954
0.0015447588903445193
0.001536216847792065
0.0015328997250291497
0.0015334313021203236
0.0015336866812444593
0.001532204127940176
0.0015304666813713824
0.0015308554334718593
0.001530770294237224
0.0015302823285591922
0.0015268616173618348
0.0015187070045247573
0.001515541164835046
0.0015157839909571344
0.001515752705827101
0.0015144700143910547
0.0015130112249498544
0.0015136201221382607
0.0015136006604574753
0.001513409450196467
0.0015101726765565067
0.0015018579181964099
0.0014986923799240005
0.0014992309190174939
0.001499514809709929
0.0014980972505639959
0.0014965199984581937
0.0014967816346005906
0.0014967221841746903
0.001496320086410375
0.001492965906647858
0.0014850454264949407
0.0014820376412930233
0.001482292349186168
0.0014822891062753437
0.00148106734920901
0.0014797685991633925
0.0014802883895226502
0.0014802943873751333
0.0014801879809963057
0.0014770577780801263
0.0014689547280165446
0.0014659256443239393
0.0014664698672857744
0.0014667803794123021
0.0014654182924299325
0.001463979533230289
0.0014641286326894988
0.0014640920139780465
0.0014637631047473882
0.001460471916627444
0.00145276983712289
0.001449903900106423
0.0014501686138066506
0.001450191698228866
0.0014490211968038625
0.0014478617043676037
0.0014483040385317063
0.0014483323242118365
0.0014482986976030148
0.0014452684484324682
0.0014373628949972716
0.0014344571471038364
0.0014350059990547812
0.0014353413507271465
0.0014340264399186182
0.001432707368615071
0.0014327576365890905
0.0014327412535431812
0.001432474795429647
0.001429243449700142
0.0014217454288292753
0.001419007195495596
0.0014192802932700957
0.0014193280917086206
0.001418200307799108
0.0014171620868032849
0.0014175379389488021
0.0014175856259617593
0.001417614637175566
0.001414678459428803
0.0014069574856642258
0.0014041637334914038
0.0014047163427625283
0.001405074849066265
0.0014037999223413733
0.001402584254142505
0.0014025484216933163
0.0014025499299947283
0.0014023368389436911
0.001399162541056239
0.0013918555486549964
0.0013892327035815715
0.0013895127849116906
0.001389583784275534
0.0013884912200094765
0.0013875587242995484
0.0013878782900986412
0.0013879427679717277
0.0013880258690173067
0.0013851785433757527
0.0013776304487073873
0.001374938916494063
0.0013754945618602316
0.0013758746270896161
0.0013746334828330018
0.0013735071201350388
0.0013733968915068005
0.0013734141877033202
0.0013732467816994886
0.0013701270583607412
0.0013629992868600576
0.0013604811275133033
0.0013607669853594267
0.001360859772916227
0.001359795875755644
0.0013589556825006292
0.0013592283202106333
0.0013593072434245621
0.0013594372306251106
0.0013566741304301805
0.001349288347204251
0.0013466906277557285
0.0013472487118861814
0.0013476488244810094
0.0013464361465524508
0.0013453868863836352
0.0013452129232265555
0.0013452441326377077
0.0013451159140510436
0.00134204858161337
0.001335089351362091
0.0013326665901420005
0.0013329571877483345
0.0013330704521483771
0.0013320295257873422
0.0013312700553716197
0.001331504260432317
0.0013315955358329896
0.0013317663346941798
0.0013290833583486127
0.0013218503664354975
0.001319339244002173
0.0013198992721238838
0.0013203180016091176
0.0013191292625420123
0.0013181465411061495
0.0013179184748160974
0.0013179619384897118
0.0013178674065221583
0.001314850541051306
0.001308050204599126
0.0013057147897192322
0.0013060092412408816
0.0013061417739591967
0.001305118895299094
0.0013044301648471412
0.001304633569956039
0.0013047353429706582
0.0013049418235945593
0.001302335330730588
0.0012952465728343688
0.0012928158641532744
0.0012933774270066538
0.0012938134223368471
0.001292644794506076
0.001291719465208175
0.0012914459301057665
0.0012915001910730759
0.0012914346808842424
0.0012884665899397668
0.001281816438539015
0.001279561393556149
0.001279858947842408
0.0012800096446568285
0.0012790005869935085
0.0012783739942891983
0.0012785533883653238
0.001278664028314908
0.0012789018476105658
0.0012763685996905437
0.0012694163994266849
0.0012670608121188758
0.0012676235723841545
0.0012680755611876112
0.0012669238356972003
0.0012660479770179403
0.0012657366584277179
0.0012658004474773651
0.0012657599927827898
0.001262839189025228
0.0012563313636616237
0.0012541506449369843
0.0012544506718719422
0.0012546185340689823
0.001253619696512312
0.0012530478310232617
0.001253209191735931
0.0012533272765078234
0.001253592743742339
0.0012511298494633268
0.0012443073337221524
0.001242022341006047
0.0012425860224827587
0.0012430528107843528
0.001241915323795361
0.0012410820735173668
0.0012407397659674024
0.0012408119871346148
0.001240793203328719
0.0012379183800747431
0.0012315457885603285
0.0012294341595925169
0.001229736138468028
0.0012299202735290037
0.0012289286165751104
0.0012284050944035205
0.0012285536300322703
0.0012286779303503335
0.001228967892915567
0.0012265727585569998
0.0012198737851880045
0.0012176555157251525
0.0012182198946497252
0.0012187003667255844
0.0012175749329118753
0.0012167783454328357
0.0012164110171840915
0.0012164907331299627
0.0012164907182651064
0.001213660727082192
0.0012074169681260323
0.0012053698894991726
0.0012056733989695432
0.0012058730205390287
0.001204886007630859
0.001204405327426099
0.0012045455247390955
0.0012046749882452872
0.0012049867348588132
0.0012026570195374175
0.0011960761109816751
0.0011939212525990234
0.0011944861505818138
0.0011949792686637766
0.0011938641214523664
0.0011930990452043327
0.0011927119061496403
0.001192798323585871
0.0011928145748229214
0.001190028405210656
0.001183907699906505
0.001181921233502586
0.0011822259427409728
0.0011824403697205134
0.001181455914562755
0.0011810133317032986
0.0011811490073074756
0.001181282742646217
0.001181613921542741
0.0011793474972144156
0.0011728797803819593
0.0011707854963963994
0.001171350774547152
0.0011718555781503623
0.0011707493163763372
0.001170011288676145
0.0011696088593356108
0.0011697013146319878
0.0011697316580541895
0.0011669884192137996
0.001160985550028002
0.0011590562761316454
0.0011593619368724674
0.0011595905915161191
0.0011586070108551697
0.0011581984275059575
0.0011583327807494854
0.0011584700418253982
0.00115881859181467
0.0011566135077813575
0.0011502546602130492
0.0011482185171052973
0.0011487840709933591
0.001149299675687764
0.0011482012162723468
0.0011474863732327863
0.0011470725531328775
0.0011471704982279607
0.0011472130301706464
0.0011445119348249837
0.0011386221919114036
0.0011367471378630788
0.0011370535770716553
0.0011372959819878283
0.0011363119535249032
0.001135933822477951
0.0011360694884922171
0.0011362096590524153
0.0011365737516145474
0.00113442820324712
0.0011281744054077421
0.0011261943106406923
0.001126760065803619
0.0011272856612900889
0.0011261941975348943
0.0011254991969558222
0.0011250773311302206
0.0011251803198501795
0.0011252333581384596
0.0011225737083347467
0.0011167928428263362
0.0011149694219387773
0.001115276534898574
0.0011155323088862658
0.0011145468339598783
0.0011141960744559386
0.00111433517632743
0.0011144777550014537
0.0011148557458566086
0.0011127680472251356
0.0011066159406355825
0.0011046900894773667
0.0011052559972489927
0.0011057908446349609
0.0011047058097150195
0.0011040277651394466
0.001103600707847591
0.0011037083827236016
0.0011037704264261021
0.001101151601233808
0.001095475785044217
0.0010937017445727469
0.0010940094882224917
0.0010942783408905072
0.0010932907115418456
0.0010929646355395195
0.0010931088349181368
0.0010932534208317856
0.0010936438096569806
0.001091612369760466
0.0010855590205812108
0.001083685850867106
0.0010842518843450215
0.001084795312543955
0.0010837163477762056
0.0010830527721341818
0.0010826229471733412
0.001082735026834657
0.0010828047233322003
0.0010802261683372804
0.0010746519599346828
0.0010729253369756201
0.0010732337233638953
0.0010735154485004444
0.0010725252185197433
0.00107222146612044
0.0010723720118144472
0.001072518290878046
0.0010729196880494192
0.001070942990352361
0.0010649858579670085
0.001063164011811348
0.001063730161825094
0.0010642815630302783
0.0010632084904918428
0.0010625572479634462
0.00106212670516579
0.001062242972373334
0.0010623190907077566
0.0010597803092002901
0.0010543046247756922
0.0010526237090512057
0.001052932798805963
0.001053227266484176
0.0010522342260265959
0.0010519507089767008
0.0010521084832685493
0.0010522562152255426
0.0010526673146409934
0.0010507438996488325
0.001044880809756117
0.0010431091013009765
0.0010436753722777388
0.0010442341964849592
0.001043166995555791
0.001042526260464718
0.0010420967281340075
0.001042217018508184
0.0010422984281190672
0.0010397989738717291
0.0010344190633042323
0.0010327823658723182
0.0010330922616082708
0.001033399409032039
0.0010324035623865242
0.0010321384147619695
0.0010323039773142651
0.0010324529836223172
0.0010328725408089243
0.001031000991444389
0.001025230113141119
0.0010235075015002568
0.0010240739071555554
0.0010246396557327061
0.0010235784431392207
0.0010229466648424032
0.001022519598005918
0.001022643789492255
0.0010227294435701333
0.0010202689151075472
0.0010149823421206094
0.0010133885691229723
0.0010136994087320448
0.001014019229846969
0.0010130207759402683
0.0010127723112743443
0.0010129459405906615
0.0010130960931945077
0.001013522908029623
0.001011701837603687
0.0010060216639234292
0.0010043472305459114
0.0010049137893542194
0.0010054860076796287
0.0010044310206192163
0.0010038068934888397
0.0010033835179273456
0.001003511521034536
0.0010036004438201877
0.0010011784800819043
9.95983105980989E-4
9.944311366081949E-4
9.947430863982906E-4
9.950756203156064E-4
9.940749355354553E-4
9.938416097801152E-4
9.940233422484643E-4
9.941745532915773E-4
9.946074567684907E-4
9.928354993702189E-4
9.872448307278354E-4
9.8561776046579E-4
9.861844908911684E-4
9.867627601074964E-4
9.857143420380216E-4
9.850967797434928E-4
9.846781318230626E-4
9.848098806599192E-4
9.849011581027597E-4
9.825174354034004E-4
9.774114057820727E-4
9.759002736947791E-4
9.762135213609677E-4
9.765588396686606E-4
9.75556462594964E-4
9.753368424113695E-4
9.755265089953058E-4
9.756787215057899E-4
9.761165660566802E-4
9.743923692133942E-4
9.688902991907644E-4
9.673098644098719E-4
9.678767799005259E-4
9.684607078583517E-4
9.67419296541899E-4
9.668074099342648E-4
9.663943723043112E-4
9.665298164350727E-4
9.66622589691884E-4
9.642768198795125E-4
9.592585536755138E-4
9.577874311739837E-4
9.581021786045483E-4
9.584603716701104E-4
9.57456989310909E-4
9.572497252689088E-4
9.574469859276371E-4
9.57600165502611E-4
9.580418184555731E-4
9.56364037936532E-4
9.509499408282685E-4
9.494154879493242E-4
9.49982591723181E-4
9.505718032179546E-4
9.495379206145464E-4
9.489309985978983E-4
9.485243318452857E-4
9.48663428976434E-4
9.48756890286916E-4
9.464488199935748E-4
9.415170002681445E-4
9.400851845515079E-4
9.404016404897664E-4
9.407728028933421E-4
9.39769238034097E-4
9.39573042365026E-4
9.397774182837367E-4
9.399315457856423E-4
9.403758855811193E-4
9.387431822328174E-4
9.334167017526116E-4
9.319276396591868E-4
9.324949193305371E-4
9.330890457689226E-4
9.32063289384471E-4
9.314607822307818E-4
9.310611525945806E-4
9.312038621008293E-4
9.312972526209147E-4
9.290266634871457E-4
9.241802292906846E-4
9.227871301951148E-4
9.231055027968719E-4
9.234897180717601E-4
9.224869173625545E-4
9.223005459573897E-4
9.225114496562664E-4
9.226665149239318E-4
9.23112429751099E-4
9.215234682591315E-4
9.162845067892609E-4
9.148402965825392E-4
9.154077187025297E-4
9.160063873686303E-4
9.149894226728867E-4
9.143909273012176E-4
9.139989305604392E-4
9.141452078526322E-4
9.14237817062316E-4
9.120045267999459E-4
9.072426654777918E-4
9.058877941317722E-4
9.062082834777194E-4
9.066056083767241E-4
9.056046308036563E-4
9.054268691809207E-4
9.056436325491103E-4
9.05799629115833E-4
9.062460176534416E-4
9.046994671238853E-4
8.995481748753836E-4
8.981483205048885E-4
8.987158251110687E-4
8.993186482390505E-4
8.983112017850121E-4
8.977164485850303E-4
8.973326302358165E-4
8.974824219688957E-4
8.975735883005089E-4
8.953774524357087E-4
8.906995917229669E-4
8.893825496111609E-4
8.89705340253435E-4
8.901157888032733E-4
8.891177942183416E-4
8.889474472048196E-4
8.891693474773615E-4
8.89326268277747E-4
8.897720422386354E-4
8.882665784806761E-4
8.832033419242377E-4
8.818473812748776E-4
8.824148765664883E-4
8.830214404621904E-4
8.820242933596863E-4
8.814331341945664E-4
8.810580060367673E-4
8.812112461516009E-4
8.813003585089151E-4
8.791412726213251E-4
8.745470718803766E-4
8.732675398682134E-4
8.735927935100809E-4
8.7401632116022E-4
8.730225585796984E-4
8.728584434534725E-4
8.730847271177004E-4
8.732425611542455E-4
8.73686649340242E-4
8.722209587114638E-4
8.672463876445943E-4
8.659338837185225E-4
8.665012409938642E-4
8.671110954823837E-4
8.661250769065929E-4
8.655374739827624E-4
8.651715272412111E-4
8.653281338295379E-4
8.654146336896698E-4
8.632925359351534E-4
8.587818759090117E-4
8.575396028504323E-4
8.578674512770281E-4
8.583039394916686E-4
8.573157349168237E-4
8.571566777575198E-4
8.573865823439737E-4
8.57545312273422E-4
8.579866658496875E-4
8.565594504968499E-4
8.516743631369564E-4
8.504048950349867E-4
8.509719440440111E-4
8.51584592550406E-4
8.506105730020186E-4
8.500265883435754E-4
8.496703034587903E-4
8.498301764356777E-4
8.499135602462195E-4
8.478284339225983E-4
8.434014044173351E-4
8.421961950499528E-4
8.425267334450525E-4
8.429759751245519E-4
8.419947186912278E-4
8.418395536680917E-4
8.420723273523915E-4
8.422319279407323E-4
8.426695266377973E-4
8.412795109304202E-4
8.364849164723778E-4
8.352580699552272E-4
8.358245948328928E-4
8.364394854264345E-4
8.354783695047633E-4
8.348981548190489E-4
8.345520080573323E-4
8.347150276200018E-4
8.347948492246743E-4
8.32746725114734E-4
8.284036100898451E-4
8.272353120156887E-4
8.27568592813479E-4
8.280302789609558E-4
8.270574112856861E-4
8.269049825916138E-4
8.271399015111811E-4
8.273003388948E-4
8.277331978447256E-4
8.263791357587885E-4
8.216762139140013E-4
8.204915714084917E-4
8.210573073610811E-4
8.216738251065986E-4
8.207265436103816E-4
8.201503303782454E-4
8.198147974332297E-4
8.199808232787249E-4
8.200566961277205E-4
8.180456543349446E-4
8.137869139755722E-4
8.12655403630921E-4
8.12991431061091E-4
8.134651391275631E-4
8.125021367866598E-4
8.123513028975107E-4
8.125876860732229E-4
8.127489177523714E-4
8.131760946648366E-4
8.118567778322289E-4
8.072468549780027E-4
8.061039849864154E-4
8.066686159023521E-4
8.072860768620841E-4
8.063535780944403E-4
8.057816677639485E-4
8.054572245510601E-4
8.05626095817838E-4
8.056976947448635E-4
8.037238657284724E-4
7.995501151998208E-4
7.984552828319276E-4
7.987940083199264E-4
7.992791926632698E-4
7.983275528160081E-4
7.981771927216089E-4
7.984144144720441E-4
7.985763899517295E-4
7.989969923383238E-4
7.977112584382183E-4
7.931957801524935E-4
7.920942261218863E-4
7.926573832692827E-4
7.932750304823633E-4
7.923582707049632E-4
7.917910249103432E-4
7.914781457918898E-4
7.91649681681974E-4
7.917167440599154E-4
7.897803085801244E-4
7.856922933213761E-4
7.846340271091489E-4
7.849753456894888E-4
7.85471330565416E-4
7.845325548103237E-4
7.843815758294702E-4
7.846190755762023E-4
7.847817375593041E-4
7.851949297218914E-4
7.839416708571502E-4
7.795221707925058E-4
7.784614396008842E-4
7.79022701555134E-4
7.796397032869824E-4
7.787396363417409E-4
7.781774671097365E-4
7.778766208300278E-4
7.780506218589982E-4
7.781129479804127E-4
7.762141356854513E-4
7.722127032841131E-4
7.711908728582118E-4
7.715346207464508E-4
7.720405962106051E-4
7.711161738415755E-4
7.709635206012581E-4
7.712008099889843E-4
7.713640960173209E-4
7.717691055306241E-4
7.705472762100662E-4
7.662253414669404E-4
7.652048917793176E-4
7.657637856950456E-4
7.663792361943372E-4
7.654968023855635E-4
7.6494016232845E-4
7.64651805983268E-4
7.648280557953047E-4
7.648855083626357E-4
7.6302459478803E-4
7.591106636785119E-4
7.581251034067409E-4
7.584710568543428E-4
7.589860778920689E-4
7.580774687942969E-4
7.579221329271349E-4
7.581588002223155E-4
7.583226446541989E-4
7.587187680948101E-4
7.575273924350111E-4
7.533046258180175E-4
7.523238566512204E-4
7.528798609540188E-4
7.534927838804731E-4
7.52628898282699E-4
7.520782708104535E-4
7.51802842220051E-4
7.519811098949458E-4
7.520336125479006E-4
7.502109143564366E-4
7.463854397980369E-4
7.454359322965062E-4
7.457838078222351E-4
7.463067969363434E-4
7.454154144265184E-4
7.452564445237076E-4
7.454921563088804E-4
7.456564925170645E-4
7.460431002216217E-4
7.448812779932685E-4
7.407592577636227E-4
7.398174976672132E-4
7.403700461929656E-4
7.409794007866881E-4
7.401349412088615E-4
7.395908308216795E-4
7.393287397175499E-4
7.39508782486659E-4
7.395563173393752E-4
7.377721857062293E-4
7.340361237021056E-4
7.331223841032004E-4
7.334718401556221E-4
7.340015935345002E-4
7.331287875006754E-4
7.329652988544264E-4
7.331997990999996E-4
7.333645617724587E-4
7.337411014464488E-4
7.326080126226047E-4
7.285882505784298E-4
7.276847478838624E-4
7.282332354388252E-4
7.288379253948845E-4
7.280137202860706E-4
7.274766430319489E-4
7.272282615006466E-4
7.274098277798406E-4
7.274524319867725E-4
7.25707244125498E-4
7.220615141304322E-4
7.211831756781373E-4
7.215338157376012E-4
7.220690130000772E-4
7.212160537301415E-4
7.210472374125725E-4
7.212803440802033E-4
7.214454715083931E-4
7.216632933638505E-4
7.205581981533759E-4
7.166422423398325E-4
7.157764125549413E-4
7.163201865451705E-4
7.166663469003789E-4
7.158631567080742E-4
7.153337283297288E-4
7.15099514419159E-4
7.152823866468833E-4
7.153202099374821E-4
7.136143585904202E-4
7.100602708714852E-4
7.092174511837564E-4
7.095687952724895E-4
7.101080347797798E-4
7.092760511054479E-4
7.091013338502809E-4
7.093329211029566E-4
7.094983970336334E-4
7.095383541779722E-4
7.084605901280072E-4
7.046500977830241E-4
7.038217109424224E-4
7.043600661987722E-4
7.043674527591117E-4
7.035859602044212E-4
7.030648133372105E-4
7.028451993706823E-4
7.030291654748275E-4
7.030624187172353E-4
7.013963025797628E-4
6.979351576305052E-4
6.971279835445625E-4
6.974794937874538E-4
6.980212910725331E-4
6.972112879755013E-4
6.97030222406015E-4
6.972602301176757E-4
6.974260517846756E-4
6.972956044526749E-4
6.962445873625935E-4
6.925410835114372E-4
6.917498953836423E-4
6.922821042190269E-4
6.919612038290087E-4
6.912020054953385E-4
6.906897525593164E-4
6.904850953130168E-4
6.906699405573345E-4
6.906988716120247E-4
6.890728824039586E-4
6.85705797100527E-4
6.849342223855643E-4
6.852853201603104E-4
6.858281205414251E-4
6.850409816814252E-4
6.848532051547556E-4
6.850816356008947E-4
6.852478033578636E-4
6.849542897557813E-4
6.839295117400287E-4
6.803342630109809E-4
6.795798533475548E-4
6.801051863488856E-4
6.794667893494586E-4
6.787303873440711E-4
6.782276126609355E-4
6.780381838852295E-4
6.78223694654864E-4
6.782485817855839E-4
6.766630900018343E-4
6.73390965308939E-4
6.726547663818498E-4
6.73004841953479E-4
6.735470420678681E-4
6.727835217125649E-4
6.725887579741949E-4
6.728156661999739E-4
6.729821851876654E-4
6.725328043437653E-4
6.715338284095754E-4
6.680478104294251E-4
6.673295831687296E-4
6.678473212579995E-4
6.669024840692656E-4
6.661892793305629E-4
6.65696532006041E-4
6.655225106192831E-4
6.65708478037703E-4
6.657296230701302E-4
6.641849633609515E-4
6.610084563665801E-4
6.603072320549501E-4
6.606556550061892E-4
6.611956258972725E-4
6.60456343268995E-4
6.602544022196015E-4
6.604798853447474E-4
6.606467667907723E-4
6.601920780079635E-4
6.592185349600726E-4
6.558422685129384E-4
6.551592265637685E-4
6.556686878401175E-4
6.546735082175122E-4
6.539838073277738E-4
6.535015002973498E-4
6.533428400949383E-4
6.53529027119057E-4
6.535466876898636E-4
6.520431419282654E-4
6.489622095543237E-4
6.48294863432435E-4
6.486410317888433E-4
6.491771226625376E-4
6.484626091148358E-4
6.482532401234635E-4
6.48477424354882E-4
6.486446533623486E-4
6.48209807631866E-4
6.472613921883648E-4
6.439948142469738E-4
6.433453997061177E-4
6.438459619522307E-4
6.428887078680454E-4
6.422227139848271E-4
