0.41884331004777664, 
0.044678539221237656, 
0.059836436130396464, 
0.062297119048913885, 
0.06278101103421108, 
0.06425515856960118, 
0.054670412041453176, 
0.05920524964685825, 
0.06004351313008982, 
0.05489431043542936, 
0.04976476537427743, 
0.046100870187558485, 
0.05653472411572125, 
0.05575859093059421, 
0.0603973552221575, 
0.055233714314987026, 
0.05262960443848641, 
0.05583685705312291, 
0.060971639663584654, 
0.046575036756735244, 
0.2571261601847681, 
0.21457840504657355, 
0.15242365002222868, 
0.10271615969560344, 
0.1102123959928818, 
0.036683865163162466, 
0.1140670392337455, 
0.05178234067169285, 
0.044197000512312457, 
0.01791450517586668, 
0.005202130699949237, 
0.006883186045989476, 
0.01388691944699616, 
0.025688750169926777, 
0.006935432986743706, 
0.04673114615504659, 
0.05600655788366993, 
0.017049974264985224, 
0.010148135769171063, 
0.02712658825321057, 
0.006878619784643547, 
0.01744185011393995, 
0.013792586655760886, 
0.04049565223407825, 
0.024656751129803922, 
0.02876757296034782, 
2.6448306757487217E-4, 
0.010694002991826324, 
0.010542763574214575, 
0.005774934614528604, 
0.05572404502196093, 
0.01777522530831277, 
0.02153519619854194, 
0.06511548312577276, 
0.019483651117141676, 
0.011726023907073113, 
0.0459510855065659, 
0.06458578295870865, 
0.016857296778034936, 
0.003941235956091305, 
0.006183206318965517, 
0.010510862685492839, 
0.037065838348716795, 
0.0038338064270106997, 
0.008085593759133758, 
0.04731612949390751, 
0.04381461694003974, 
0.004097179827375896, 
0.05980980379894518, 
0.06968863386848412, 
0.07889772920604088, 
0.07265636768489614, 
0.05950815941840304, 
0.055568432941292656, 
0.07010534334663276, 
0.06346982584674166, 
0.06680149133839919, 
0.05862904486052045, 
0.06671766202959972, 
0.05787504111413, 
0.061469157390646956, 
0.0599556214231427, 
0.0573260957997519, 
0.07091490306682147, 
0.06041835874378876, 
0.06232315005462752, 
0.06777243144876266, 
0.06912201350435154, 
0.2158541669251015, 
0.2744242325839181, 
0.3063623351522011, 
0.21840476324710778, 
0.3510771521640734, 
0.28983036149070074, 
0.27521896381404076, 
0.3294107098599426, 
0.2802677901164117, 
0.2806517669835884, 
0.2846044782986681, 
0.27410264160474185, 
0.21378971353206566, 
0.3234410646543253, 
0.2840728669133412, 
0.27025718333817395, 
0.30895569759010755, 
0.2788141505409243, 
0.24454974909981786, 
0.28064219303017524, 
0.24639764849908374, 
0.2714694396783983, 
0.26200544102698586, 
0.25782255328796566, 
0.2654266293745806, 
0.22832489199418404, 
0.2685372099569605, 
0.2939798266879592, 
0.26948614048910713, 
0.228490812447518, 
0.31975312059815053, 
0.305092619140396, 
0.21305009518065532, 
0.2534503817625975, 
0.2757111092923097, 
0.2410276685163666, 
0.2987411455868809, 
0.27693414315569953, 
0.27446186896605695, 
0.291522910072878, 
0.24615284742248633, 
0.2616048210619013, 
0.2921561196672613, 
0.2369486217003569, 
0.2588129385687594, 
0.2877632654873423, 
0.2411597213457668, 
0.24491323046656532, 
0.2863914684431279, 
0.26093625764921313, 
0.2750613631800789, 
0.24125933915921394, 
0.23198877105528481, 
0.06617060314091106, 
0.06499450854976985, 
0.061031800835021244, 
0.056840613060956, 
0.06348210121375075, 
0.06419909443936689, 
0.06646779247069645, 
0.06428330931418103, 
0.0608735734877861, 
0.06662617532793291, 
0.06607376197588621, 
0.05874520261994931, 
0.05520998526577259, 
0.06851462642522321, 
0.048265762044220395, 
0.06412138843261062, 
0.06495095138053841, 
0.06205404526407321, 
0.06531304651226932, 
0.06597791860185609, 
0.4067015287274742, 
0.31919932900822445, 
0.2985799085364462, 
0.2553211557594892, 
0.24767754102435902, 
0.2876846443761849, 
0.33213028637187136, 
0.30375330115510124, 
0.32736578109743064, 
0.2880632901866669, 
0.3323325187215467, 
0.3214070967401952, 
0.32431084550525213, 
0.2568626297322609, 
0.3089738993690432, 
0.2439579948589028, 
0.2912917272955866, 
0.32059794294736577, 
0.3228777626382353, 
0.3070547782410671, 
0.2866734650462206, 
0.2985530657575879, 
0.2503939764964116, 
0.3240115414944995, 
0.2626626737744573, 
0.23704611921655783, 
0.2736830975023423, 
0.2775054005073869, 
0.26338203599301124, 
0.26983266208658563, 
0.2853020308270686, 
0.2689324130111004, 
0.28865835358644887, 
0.33209697753083134, 
0.25401141696228535, 
0.27562883863707555, 
0.2465982429560114, 
0.22930221917948757, 
0.29194902724604077, 
0.27339612612155406, 
0.2906524831211357, 
0.2840486781469238, 
0.27625087871140863, 
0.26669080240314713, 
0.27793540761764035, 
0.3212287315465474, 
0.2801228013959971, 
0.2724853245363903, 
0.24868291873008985, 
0.27993523657318065, 
0.22739316369047913, 
0.251644642286891, 
0.2686282658445549, 
0.28644644719709333, 
0.29304914065869525, 
0.29106228729818895, 
0.2736507249173883, 
0.2283595558900089, 
0.2859199138171533, 
0.29216909163040583, 
0.24350805463423342, 
0.1706918458401958, 
0.26464253922515724, 
0.26308791541514154, 
0.29687847218093566, 
0.26527131063291165, 
0.22268822264581445, 
0.23531870475298433, 
0.22299957236246115, 
0.22427341571003723, 
0.25487246048538736, 
0.2639512360199632, 
0.25001121265196957, 
0.1775037305661229, 
0.24708560767199117, 
0.24856629801271168, 
0.28089389473429804, 
0.26069833415143506, 
0.21115378536556761, 
0.031023177190888873, 
0.030751123138607284, 
0.03074808434441678, 
0.03152271397435413, 
0.030403710797301642, 
0.03047296140032074, 
0.030662085005552342, 
0.031173498603038752, 
0.03045136564947626, 
0.03131613194666727, 
0.030433096520184222, 
0.03091297346185229, 
0.030894811016906942, 
0.03140841116490378, 
0.031001893997434138, 
0.03089935369489183, 
0.03068135282360629, 
0.031261814624883755, 
0.03113433911463659, 
0.1558947120891503, 
0.15629280761773856, 
0.15456970775317558, 
0.15560051494144034, 
0.1557432026436203, 
0.15580003009490895, 
0.1575495599573813, 
0.1807803900337035, 
0.17581988795849313, 
0.15549732177096942, 
0.15458668819391974, 
0.1538625620960694, 
0.15519548611357337, 
0.1539206360338632, 
0.15368574311316152, 
0.1520893895316071, 
0.15272376988767888, 
0.15283339963920284, 
0.15636220745088636, 
0.15173559046098717, 
0.15672006191281085, 
0.1564411647880135, 
0.15505653607242564, 
0.15283520478830326, 
0.15325295435913944, 
0.15322554667962862, 
0.157872194912283, 
0.1565980646352969, 
0.1576318167351367, 
0.15530529378617075, 
0.15319098701768752, 
0.15413489988035423, 
0.15526937636331795, 
0.1538703752511843, 
0.15533318574458832, 
0.15398687332487881, 
0.15364920653716396, 
0.15770492698301197, 
0.15668855154626726, 
0.15427558476941527, 
0.15853607969802752, 
0.15603015499090844, 
0.15746255931038178, 
0.15502498147760946, 
0.15762057752805703, 
0.15905014784504345, 
0.15900014432341436, 
0.16002971372889618, 
0.15988956982780422, 
0.15954170590466532, 
0.15563122425162135, 
0.1562579370419499, 
0.15574729077938798, 
0.16062945565573727, 
0.15925642285341723, 
0.15742814301044916, 
0.1600547752242889, 
0.15651663042031316, 
0.16010873197137698, 
0.12399077742470865, 
0.12073902469197506, 
0.014169614818914766, 
3.552713678800501E-14, 
0.2617452243149927, 
0.1315450905969513, 
0.13008692539717615, 
0.13177460590002, 
0.13286244603833097, 
0.1319820664668292, 
0.13140185941989202, 
0.1317710817345379, 
0.12883630317647743, 
0.12917286389780713, 
0.13129771472309315, 
0.12989413434457475, 
0.13200652775001487, 
0.13015658364826166, 
0.13068776114980096, 
0.12926064287599104, 
0.13081517227843875, 
0.12717947193342027, 
0.1305271726148014, 
0.1288133703655987, 
0.13082030513344733, 
0.1276744720526608, 
0.12747990185442504, 
0.1301349455145271, 
0.13030808979869235, 
0.131943451085764, 
0.13077704797042955, 
0.12797811621310373, 
0.13202082233239665, 
0.12654481087233194, 
0.12638014227576377, 
0.12650375053692642, 
0.1264596707013581, 
0.12690831367312683, 
0.1263741578312576, 
0.13100282214611525, 
0.12973707834347792, 
0.12947217523854349, 
0.12765217771454473, 
0.13104570738364885, 
0.12755143073013286, 
0.12703096312651851, 
0.12654961126147413, 
0.1267744385300844, 
0.12731531774429783, 
0.12586481365251956, 
0.1270898052838092, 
0.1293956200832298, 
0.12649891990148632, 
0.1289760688954935, 
0.12928466160881413, 
0.12734354677052906, 
0.12643633040946867, 
0.12652081781179803, 
0.12574509067207273, 
0.12577604672218, 
0.12478775708975576, 
0.12934940795761918, 
0.12420180661081304, 
0.12609662725720483, 
0.1255330325841264, 
0.12810294817270673, 
0.12912399809695785, 
0.12750994523663195, 
0.12628037636005018, 
0.12620285904666417, 
0.1264988048701099, 
0.12416022582333142, 
0.12440786173337415, 
0.1263613901405236, 
0.12767479639676793, 
0.12440653489661457, 
0.12740066683003448, 
0.12411731077621369, 
0.12466045713854612, 
0.12361734960759918, 
0.12639851432145122, 
0.1227702019253556, 
0.12428125922510702, 
0.12252359217075082, 
0.12360109934135721, 
0.12301898120139754, 
0.09983823073399378, 
0.09887834484237601, 
0.09957812909777886, 
0.09963624417390804, 
0.0995996789068272, 
0.1035971496720478, 
0.10233661751109224, 
0.09931697856285382, 
0.10113079715012674, 
0.10361858271159718, 
0.1039475453842087, 
0.1002803584534, 
0.1000774798794275, 
0.09988471609452176, 
0.10505436517745181, 
0.10297608890302001, 
0.10185618887243919, 
0.1017075440472972, 
0.10456447924604717, 
0.10074373584275875, 
0.10146867677434201, 
0.10064906879570401, 
0.10285617508561273, 
0.1027698640809227, 
0.10272784798473467, 
0.10281852498885868, 
0.10373155006197621, 
0.10155102160299023, 
0.10067935866571531, 
0.105768291219146, 
0.10075406696211786, 
0.10482909949392294, 
0.1039626367680917, 
0.10483140680277359, 
0.10139409173341463, 
0.08107946147021394, 
0.08133689297036284, 
0.03817846451060447, 
0.04065522675094613, 
0.1413050633436015, 
0.07054407540915264, 
0.07313203735452944, 
0.06863741909080545, 
0.07171796589197754, 
0.2598332529217089, 
0.2272468497924507, 
0.23720065697256842, 
0.28358979260325157, 
0.24320028590742737, 
0.22470954019470923, 
0.2830717993594618, 
0.27103755364073123, 
0.229261359255041, 
0.2888227211974197, 
0.31128426045887636, 
0.3097031079988497, 
0.2679653350392144, 
0.24849158447722175, 
0.3000504297690014, 
0.2701741059217113, 
0.2525622953450153, 
0.277758054087883, 
0.23790188653627808, 
0.21847800561136665, 
0.25488858838795636, 
0.2804666377510827, 
0.2485855484177435, 
0.23506588635638792, 
0.2753107746803849, 
0.2756904346683271, 
0.21319302156565811, 
0.22015831595926727, 
0.2962285933733426, 
0.2503479068422436, 
0.25366479566704214, 
0.2800539191331879, 
0.23577538965655975, 
0.20282339969442376, 
0.2938198117562507, 
0.2528573617769254, 
0.24979231318649653, 
0.259975843686874, 
0.19445965840086643, 
0.28971675678629083, 
0.23022946816623602, 
0.2709259349225732, 
0.23524035699755075, 
0.2135200226058913, 
0.24402078000257177, 
0.2440646355419389, 
0.23744986103223198, 
0.2153843617735518, 
0.26508078167736926, 
0.22700370499423883, 
0.2221812666736085, 
0.27061798243218504, 
0.2472433853852678, 
0.26485712438969955, 
0.21611602859834989, 
0.24446142697230755, 
0.17594910529879826, 
0.24078933938812952, 
0.24016805398094476, 
0.21527515255919383, 
0.23621680385205224, 
0.25174657651736254, 
0.01758296311907083, 
0.018149349708566704, 
0.017621505120222862, 
0.017884502591603197, 
0.01735187493848332, 
0.01818944802155563, 
0.017702152352321074, 
0.017429162751374655, 
0.017654618879219684, 
0.017810368816893588, 
0.017813738383576794, 
0.017793270699724095, 
0.017136561606698394, 
0.017805618342886402, 
0.017895245268131767, 
0.017267592663626187, 
0.017103948942545796, 
0.017361774508389143, 
0.018018420412909856, 
0.017280038253362957, 
0.00590970938683287, 
0.006010073009028956, 
0.003629742448024109, 
0.006869312239568326, 
0.007416528167795797, 
0.005810997961546001, 
0.00700752773586228, 
0.005423858936365704, 
0.006101846623930582, 
0.00459875447172544, 
0.007599022039874077, 
0.003486622927540789, 
0.007292063345604238, 
0.005897151134638796, 
0.004147728732008832, 
0.0034448391663682992, 
0.0036469623788458194, 
0.007194143332319287, 
0.002822535007252318, 
0.004160370177699449, 
0.0030234526633140454, 
0.0056607154057388, 
0.0027318599709875435, 
0.0071020104615432955, 
0.005560680456246893, 
0.007178222393617394, 
0.005253941331679897, 
0.003951732994719653, 
0.00567957953725156, 
0.00694371101050828, 
0.004483372512680921, 
0.0053770222434300005, 
0.0011408083868680308, 
0.002890857540679373, 
0.005186172064525624, 
0.004465359226126876, 
8.995884664284928E-4, 
0.006598556565217448, 
0.001878541236630303, 
0.0045665315726211506, 
0.003624248548253349, 
0.002173024284928625, 
0.002689728505118689, 
3.608005195882974E-4, 
0.001185883499275349, 
0.0021063910356716453, 
0.002330271798519426, 
7.632537800533398E-4, 
3.882644665349766E-5, 
0.0046584925168400015, 
0.001481065093230094, 
0.0023120358439853543, 
0.005280349286470781, 
0.00455450594807837, 
0.004987569832648732, 
0.001035393238379135, 
5.76853024846849E-4, 
0.0025103767525384915, 
7.785170012285375E-4, 
0.0012336824555624348, 
6.53276830338563E-4, 
0.002209750073723503, 
3.123332152833551E-4, 
0.0041906607161341335, 
0.003483895958118377, 
0.003944880418098658, 
6.579617778602123E-4, 
0.0025397410454846385, 
0.0012543348012225668, 
0.002301108594133322, 
0.0015546595105590012, 
9.583952905861601E-4, 
0.0015598018046471401, 
0.001503089964553301, 
0.0018851505818741135, 
0.0033681881308015374, 
0.0019739557983632083, 
0.002988753788343089, 
2.721075932514694E-4, 
0.0023822105428307656, 
0.0024567318454108214, 
0.0015767648480653623, 
0.0012008219022180897, 
5.178489251683044E-4, 
5.812256035485491E-4, 
1.8762918292127007E-4, 
0.0021803181818257286, 
2.0392055934051467E-4, 
0.003150421021435562, 
9.891412015488946E-4, 
0.08825662438007705, 
0.08625231695217023, 
0.08655962997740412, 
0.09127320549345384, 
0.08871856565967604, 
0.08751375959507868, 
0.0868664328387908, 
0.0910180487881113, 
0.09070274878013304, 
0.0913942639548288, 
0.08955440099179415, 
0.08719496852275876, 
0.08751696738324348, 
0.0877689330641452, 
0.08867978690683606, 
0.08900855781635728, 
0.09229119735460624, 
0.08905721394890286, 
0.08951715348109808, 
0.08825357440538564, 
0.0875465430639075, 
0.08951920733350913, 
0.08803906757648686, 
0.0926936677189173, 
0.08827839102265292, 
0.09051076827229002, 
0.09325310510177456, 
0.0916858640645522, 
0.09246182863144077, 
0.09357829936507507, 
0.09138120103723965, 
0.08914112900999915, 
0.09159899201914244, 
0.09371050131629673, 
0.08868697128032085, 
0.09246086615735366, 
0.09323003512508407, 
0.0933014239095109, 
0.09084067118087873, 
0.09068571027253876, 
0.09390569219177584, 
0.08839882694437867, 
0.0917408991678147, 
0.09106621143728161, 
0.09014160652089791, 
0.08894811541730943, 
0.09256651637874037, 
0.08970757815158395, 
0.09427547679864523, 
0.08933770947329181, 
0.09136394332693941, 
0.09015802506465617, 
0.08997492574920014, 
0.09074495210308012, 
0.09026483309573634, 
0.09035704923377522, 
0.09223406351746968, 
0.09022263862298505, 
0.0922781412957544, 
0.08985251647014222, 
0.09140928123890944, 
0.0894038779548047, 
0.09277544454353974, 
0.0914041588620354, 
0.08955799461933824, 
0.09237029352513373, 
0.09082899523732595, 
0.09121469152186365, 
0.09282668523306536, 
0.09315176800393078, 
0.09547349495868412, 
0.09075364499375098, 
0.0919572702072008, 
0.09046058887272791, 
0.09434002924114789, 
0.09198606737388577, 
0.09575707928828583, 
0.09245504152439056, 
0.09325513459926572, 
0.023460374992520728, 
0.015756551521876425, 
0.015906060834059637, 
0.015801198114350223, 
0.015824057237391553, 
0.015746110061245957, 
0.0158210784219502, 
0.015763799090905473, 
0.015735934104666345, 
0.015764524797684705, 
0.01561266932217311, 
0.01574190480306936, 
0.015652347772490267, 
0.015644180145893576, 
0.01573230622931132, 
0.015656278030700514, 
0.015653279905017248, 
0.015498106220490953, 
0.015672439173964124, 
0.015555108346864487, 
0.015474027396798842, 
0.015553367155770749, 
0.015523681047127556, 
0.015550563229303496, 
0.015498776399557313, 
0.015378671917097124, 
0.015381218571983643, 
0.015552036806555418, 
0.01542892844778166, 
0.01546549065690505, 
0.015374556653856897, 
0.01541519329639588, 
0.01540132998222173, 
0.015402995808400148, 
0.015459336317220188, 
0.0152519047644742, 
0.015380428034195252, 
0.015306644785086573, 
0.015330040397465331, 
0.01518802725505004, 
0.2634020358475062, 
0.30253676818902947, 
0.3005355320535903, 
0.29001354926674605, 
0.29208085116381843, 
0.238971218829963, 
0.31801752308860304, 
0.33286549055294007, 
0.26756656772155396, 
0.34034162963873144, 
0.31283412187725934, 
0.31510226411912107, 
0.30723279007944754, 
0.28789982293280514, 
0.2562801959983451, 
0.24708525207419244, 
0.2940241088341766, 
0.29665896474941456, 
0.23237808948298544, 
0.23579058779667786, 
0.3580848115613593, 
0.284679248982544, 
0.27266271785822804, 
0.31029462079378434, 
0.3221099002382362, 
0.3869024869896095, 
0.29340361119817177, 
0.2495062982415862, 
0.2966174279798367, 
0.2765547096125121, 
0.28281281318250995, 
0.285633885245751, 
0.2619730065656125, 
0.2998329934098851, 
0.2857872189384631, 
0.29081379720833705, 
0.3124477152798635, 
0.30255273182210174, 
0.21805536870602182, 
0.31545271347142007, 
0.24701304774187305, 
0.27899908429751874, 
0.3259669544832916, 
0.3298987584868023, 
0.28778673401102706, 
0.29266728825653393, 
0.2594745312969055, 
0.2517898910947435, 
0.23891753514921918, 
0.24394298747029028, 
0.24983268982675255, 
0.2921273054822094, 
0.27156620927916864, 
0.26306041744480574, 
0.2881005629502481, 
0.25706183923278475, 
0.2655989616302076, 
0.24206088828770086, 
0.26585159173484807, 
0.28972022113563906, 
0.2760404546787046, 
0.2586773447379885, 
0.2865905471549607, 
0.3023579210679367, 
0.29937543768781544, 
0.2967068839428416, 
0.254298513004673, 
0.27338410124403034, 
0.2849826665616112, 
0.2711312606473066, 
0.2464687986865995, 
0.2708207571628265, 
0.295851759211565, 
0.2903190793147699, 
0.2423558871749263, 
0.2321541075753394, 
0.2867945653363717, 
0.2599595377555502, 
0.26557830889158707, 
0.24735130341037181, 
0.21895404783749223, 
0.2443016127889122, 
0.18283584777399098, 
0.1468902731895624, 
0.10619788828266172, 
0.001071121213640003, 
0.0010733817238085424, 
0.0010891778213710736, 
0.0010727877972032522, 
0.0010927489655999279, 
0.0010820965830246976, 
0.0010792562557671672, 
0.0010891439572968098, 
0.0010887324665819426, 
0.0010835293898593305, 
0.0010894244649760749, 
0.0010956529334856019, 
0.0010802232509534314, 
0.0010867621660361493, 
0.0010753374887627106, 
0.0010796621827566663, 
0.001085769113031884, 
0.0010847092666187185, 
0.001089672559092074, 
0.0010962272934132472, 
0.005464825609508959, 
0.005511940634805501, 
0.005445122661047704, 
0.005452875396513821, 
0.005463690054360175, 
0.0055119635990814675, 
0.005505920524193499, 
0.00550561945922561, 
0.00556189457884694, 
0.005561617977645185, 
0.005536907666721276, 
0.005612690890558672, 
0.005642944878392536, 
0.005590987414477077, 
0.0023828967740942802, 
0.00114101199439373, 
0.0012407018780425266, 
0.0012057937969705858, 
0.0012143372043441779, 
0.0011993198980292735, 
0.16197859089187722, 
0.08350318295679116, 
0.08177762588470197, 
0.08386328403855879, 
0.083371922801705, 
0.08196357830971684, 
0.0830996929457204, 
0.07855058723761388, 
0.08072204850665778, 
0.07831119243137763, 
0.08085766115062308, 
0.07884979237195136, 
0.07979074061429647, 
0.08104662680742092, 
0.08269681373976694, 
0.07933080202514836, 
0.07825223887936414, 
0.07827589547031169, 
0.08121128369204364, 
0.07776062879556554, 
0.07895045956636311, 
0.07881452022009518, 
0.08132877198844277, 
0.07863470406430872, 
0.07805017073483653, 
0.07796652495334916, 
0.07890613338163636, 
0.08307590609531076, 
0.08011780911636247, 
0.08239252140742637, 
0.07764317312889296, 
0.07917183501430328, 
0.0811745195217956, 
0.0811226518100876, 
0.08241692152281226, 
0.08243130155186905, 
0.08243515832546093, 
0.08231037184960358, 
0.0776737330919394, 
0.07956413193748997, 
0.08197629675070607, 
0.08262926729918474, 
0.07727176836074713, 
0.08067654598704616, 
0.07887752615505035, 
0.07978481582491433, 
0.08160570655907455, 
0.07718761505916183, 
0.07805708360266705, 
0.08056070496046039, 
0.07921410946294588, 
0.07783634041356999, 
0.08121854957967795, 
0.08151536348192129, 
0.07706687866555453, 
0.07704667613471504, 
0.07950627762889995, 
0.07980837264479619, 
0.11855072719628935, 
0.11776474166679318, 
0.11451492251456687, 
0.11371102081682762, 
0.11650577585038542, 
0.11738479449388677, 
0.11509943993481096, 
0.11412667222921313, 
0.11873703680235008, 
0.11852951366667618, 
0.11907793219929698, 
0.11764802167221688, 
0.11825643987493692, 
0.11847428946896675, 
0.11568330406047549, 
0.11511516876317157, 
0.11368502284127413, 
0.11499723213147411, 
0.11678137739583751, 
0.11593502143520004, 
0.11769618388534661, 
0.1170863984548009, 
0.11434550930606098, 
0.11823010915722959, 
0.2741737127983076, 
0.2964069768134851, 
0.2939979437902032, 
0.3215646466848423, 
0.27710905499233757, 
0.29592128449898714, 
0.2821838340304022, 
0.2621148313996885, 
0.3204231759576728, 
0.30360609800546445, 
0.30112443191415694, 
0.2877628259463526, 
0.2663684990134438, 
0.2613140779088887, 
0.28432370773307136, 
0.3141588855868724, 
0.2994757702773304, 
0.27779895789957765, 
0.27613467750202475, 
0.27178356497899037, 
0.27326650253466955, 
0.2804408725892162, 
0.2338493207261593, 
0.16271159465993573, 
0.14569740532219738, 
0.09818972884652669, 
0.031913712799502364, 
0.05399761337488485, 
0.005972979739113082, 
0.0338928783166967, 
0.08405338123803213, 
0.03225977190062892, 
0.013398674590972303, 
0.017001202322197442, 
0.044075352168772855, 
0.0269856639423859, 
0.008684219330867262, 
0.010375056608350851, 
0.015151709729446483, 
1.4317665300215063E-4, 
0.034998484405479924, 
0.004558564584279017, 
0.051347033845537224, 
0.006335757749613219, 
0.0010718796777607728, 
0.005855898529074456, 
0.009424513054521938, 
0.004062712144934015, 
0.013738477293166663, 
0.034149283204643346, 
0.05284613068759825, 
0.05638873151322343, 
0.06386732667212414, 
0.05977420152595414, 
0.07121835732046122, 
0.04915121123450206, 
0.05454139030469207, 
0.06062039916170647, 
0.06812948374852823, 
0.0525799573493444, 
0.050015185085939606, 
0.06290512510239665, 
0.055233853978322145, 
0.06722865492836405, 
0.05809301425345126, 
0.06510759656251963, 
0.05698795757498942, 
0.059778351609722336, 
0.05252781131452622, 
0.24856864916082344, 
0.29174499603138315, 
0.28743674154000587, 
0.27527685977819516, 
0.2673104993064115, 
0.2712549894944871, 
0.2611098481312766, 
0.2446213665563235, 
0.28357527559416695, 
0.2648173002206704, 
0.2584150650467478, 
0.26903366358795466, 
0.2828942888638508, 
0.29163944308605494, 
0.24049385275691293, 
0.24847003941994217, 
0.2626566200521552, 
0.24838834545572297, 
0.2644788581280437, 
0.2768606974281198, 
0.30552376208976995, 
0.24808470551202788, 
0.17369070598077485, 
0.12918215248456022, 
0.11681015339136991, 
0.06045017121407881, 
0.08199788101133265, 
0.055036747209996406, 
0.06221863172837061, 
0.0014994485226083043, 
0.012856023310057196, 
0.022917987858541267, 
0.0022610659802495547, 
0.0038998174137816477, 
0.006338701530467006, 
0.030951705747426672, 
0.02572325650184837, 
0.014100922385459569, 
0.029448447464965, 
0.01979370544715664, 
0.032722020280644415, 
0.04350605874442692, 
0.02938788925789737, 
0.01421350250551967, 
1.0256294253707665E-4, 
0.06533055589603975, 
0.026502517469786824, 
0.010526413785086675, 
0.04080672074405811, 
0.04197715124288237, 
0.013606364025562812, 
0.0110763334590942, 
0.04780075300074316, 
0.022834930061435443, 
0.07024347008216125, 
0.010989632237460967, 
0.011497143146094402, 
0.03005948398014624, 
0.024560686732144177, 
0.015402175607285074, 
0.006361456718579461, 
0.010187749490832232, 
0.007199259071306585, 
0.043400198927095346, 
0.026856395725978643, 
0.04207964865950231, 
0.056241274904330396, 
0.020577541084996653, 
0.05974348931311724, 
0.06941179887661164, 
0.052781708311488984, 
0.062285063029989374, 
0.057215264038656954, 
0.05975207873700583, 
0.060101573147775866, 
0.05803356271029969, 
0.051158086064411634, 
0.05396387405698988, 
0.0565374234599858, 
0.06540075872513285, 
0.05823628001758152, 
0.050089495291821606, 
0.0595920501022249, 
0.06901891860294995, 
0.05376675272145803, 
0.06309340313155332, 
0.06262244228341274, 
0.051953572560933026, 
0.286596093791033, 
0.2411454500900163, 
0.23725394832187874, 
0.2630277578794846, 
0.2609087573339295, 
0.2390715983743874, 
0.2394575368309262, 
0.2648741976458666, 
0.2813995704025771, 
0.27551899295840343, 
0.2815383719246398, 
0.26880433307794505, 
0.24223065200770577, 
0.23124083152750785, 
0.20759797015218595, 
0.2861704426331926, 
0.2469436997399157, 
0.2628135512929646, 
0.28956832544098887, 
0.2676777856044197, 
0.2662553620019992, 
0.23760026387215305, 
0.24202117899717024, 
0.2647937851596751, 
0.22881923149814298, 
0.25152074744897135, 
0.2402680789957543, 
0.2151691887780416, 
0.2352672711450836, 
0.28299140940067957, 
0.231232631191844, 
0.25921719037854274, 
0.26037402152455513, 
0.22379577565136088, 
0.2283106395661818, 
0.1922587924280208, 
0.21036628161774473, 
0.20071450341620078, 
0.2789037149803306, 
0.24440245130031713, 
0.19384670776041446, 
0.24735894169682382, 
0.2669556571487206, 
0.24327334159765002, 
0.205278903010651, 
0.25424083181902546, 
0.22947170434916586, 
0.2615208987583628, 
0.25115237799621326, 
0.20291909313969114, 
0.25679199885432524, 
0.26154836514850643, 
0.2159251152503998, 
0.20701608027374618, 
0.21010998029219508, 
0.2378609615656373, 
0.202445329330331, 
0.19866492711810224, 
0.06983887023566382, 
0.06215956676842893, 
0.062407733403034626, 
0.0635159804622134, 
0.05994040348169705, 
0.058066889979130565, 
0.06546647114755189, 
0.07811894672714459, 
0.06760399090168079, 
0.06565389711578717, 
0.05796017820470922, 
0.056979686468295654, 
0.061211112897694875, 
0.06634328168615866, 
0.06301339220129876, 
0.05638820618521834, 
0.07411993294854824, 
0.06820169890056604, 
0.05672209386946747, 
0.2905306840395241, 
0.2916495436136586, 
0.2662621348666221, 
0.23898841263167014, 
0.22224750454788733, 
0.26846558807996956, 
0.3240264182676498, 
0.24887188855140607, 
0.25893300926809104, 
0.296893086953375, 
0.28871838813007855, 
0.32711661430353445, 
0.23314946327900543, 
0.29567348268739835, 
0.31543971923939296, 
0.25873878327406885, 
0.31938627019119536, 
0.2642948408316528, 
0.2849933493380945, 
0.22192188597456664, 
0.2665166476460854, 
0.30226600422803784, 
0.2931590516086615, 
0.30683638513609424, 
0.28642315693416265, 
0.25156781193778244, 
0.29861893371656123, 
0.29716153321637506, 
0.3060253933730408, 
0.26774716335463467, 
0.2207204438425734, 
0.2547821204310168, 
0.25293166027206127, 
0.2342640227544308, 
0.30002328927648847, 
0.22707203424812406, 
0.2644684619108091, 
0.24189779591786476, 
0.2742419064121293, 
0.2510769536210731, 
0.24079380819945584, 
0.286528445761391, 
0.26504681379291384, 
0.26313799644620417, 
0.26928683136929976, 
0.24674532273579075, 
0.2420636268723726, 
0.24500152398503872, 
2.322281649891874, 
2.316445929933946, 
2.4567294321631628, 
2.451785873369223, 
2.458859208758102, 
2.478293553969903, 
2.479307960986902, 
2.4465476698000836, 
2.4659890196140446, 
2.4682402274475206, 
2.4551171251857222, 
2.4819022122163514, 
2.466187712021256, 
2.4399978628926817, 
2.4320059165577534, 
2.46767821051537, 
2.455485932451646, 
2.434942193370021, 
2.474733796492352, 
2.42762080831319, 
2.461158082206164, 
2.477036324032063, 
2.478144471168327, 
2.503986889806042, 
2.505781939297639, 
2.509357891387407, 
2.507589168893045, 
2.480871191644344, 
2.503582205560251, 
2.5073711178171028, 
2.4935094415842416, 
2.493326982911749, 
2.514867013883125, 
2.4640985399675475, 
2.5012330744605924, 
2.4950513003033232, 
2.4992536650238106, 
2.5033860655905187, 
2.550423265434123, 
2.482356289236567, 
2.496444844868093, 
2.4858876573963498, 
2.4923013311441693, 
2.498405337526205, 
2.4692253558418247, 
2.52148463743466, 
2.523948627305015, 
2.472482263076599, 
2.5660485572257823, 
2.4810090560533262, 
2.508158377014447, 
2.515544817732004, 
2.5164275217622394, 
2.525587011981564, 
2.5411808214025107, 
2.5211672065757114, 
2.5407000959478983, 
2.4710960810901152, 
2.5234131767430066, 
2.514196679997062, 
2.521110434180545, 
2.5109790303787367, 
2.5173540998822537, 
2.5379176683420916, 
2.554889120465191, 
2.5068292801738012, 
2.5375213296826247, 
2.5619766445635825, 
2.617558016379525, 
2.5340086099795833, 
2.569457368197292, 
2.498422722108022, 
2.5145367811475725, 
2.546409908572027, 
2.5510334430934485, 
2.5212823583114927, 
2.519575024452617, 
2.5269615862978476, 
2.541119767139671, 
2.5710209915403355, 
2.5165542534063867, 
2.550298409107806, 
2.5446303746586554, 
2.5785079441628453, 
2.552358587613405, 
2.5699792896627516, 
2.5048639159067467, 
2.5241227300772624, 
2.556118985169864, 
2.5657580258902293, 
2.545011354682631, 
