0.9655404526730376, 
0.41684929646078217, 
0.41884331004777664, 
0.41255023840557214, 
0.4242281826980303, 
0.42403980290486487, 
0.41654006062385207, 
0.41983698628706634, 
0.41532730837377585, 
0.4068899384752882, 
0.40590710069949765, 
0.41944912229379483, 
0.4156486759955236, 
0.4164146581205621, 
0.4165830718237622, 
0.4094742502566042, 
0.41390818533878715, 
0.4180711477503145, 
0.40834187559234536, 
0.4142522461431959, 
0.40960446488071867, 
0.03944687796295554, 
0.04195477757469135, 
0.22952731704227247, 
0.074915359169335, 
0.0795695266081502, 
0.03337458066198806, 
0.013649582570227636, 
0.10018646321997338, 
0.07251814458313888, 
0.08841311039384792, 
0.10372152852910332, 
0.10048209328682489, 
0.08878675257328084, 
0.0726621937676093, 
0.013389898980410209, 
0.01765820938824092, 
0.050752837219999236, 
0.06734592137224027, 
0.12894827574482903, 
0.009165156513660122, 
0.002473242637847761, 
0.0074415020691560585, 
0.007800338963448894, 
0.004860687704180577, 
0.00734995763970403, 
0.007291853034175233, 
0.00340225991232046, 
0.002938662034182471, 
0.005859343198281408, 
0.006749227893848797, 
0.0068672055005691846, 
0.004464677809224327, 
0.005789966414468495, 
0.00659013102217898, 
0.002988315693386312, 
0.0012218728724064931, 
7.869854253499398E-4, 
0.00221107714480695, 
0.0024423431070488277, 
0.0043354759625913175, 
0.06168977241920004, 
0.013400915878321484, 
0.05472567889225388, 
0.05050314784689647, 
0.03679538955621808, 
0.021074555394463346, 
0.0036755981919611713, 
0.005022876087920736, 
0.005456014834862799, 
0.035651960350790546, 
0.027754715111939277, 
0.012085508260966549, 
0.050558791088036514, 
2.476428713045433, 
2.4761206954995663, 
2.2182685699304328, 
2.2143107533242175, 
2.2154205645530314, 
2.211910904408212, 
2.2072084671995116, 
2.204187733078419, 
2.204548320297756, 
2.204704443466343, 
2.198508442584631, 
2.1957276815956095, 
2.1915071898810674, 
2.1935542032939175, 
2.188336028877165, 
2.1875282984210562, 
2.1919234417011637, 
2.1891953026556767, 
2.1872289472749187, 
2.177904172685561, 
2.181703787989672, 
2.175775730523908, 
2.1796269733615965, 
2.1770282384770527, 
2.1705934870943144, 
2.1760698123725017, 
2.1737716979371586, 
2.1658558638979923, 
2.1642727619940882, 
2.164823971417191, 
2.1601135267435345, 
2.1597632573081746, 
2.1624881220403305, 
2.1532986604869646, 
2.1520157112087768, 
2.1557459313871354, 
2.149810502820791, 
2.153701708808011, 
