18.281058935523816
2.2645723533661197, 
2.2687898603875354, 
2.2683085639474476, 
2.26821639978435, 
2.2682233720634115, 
2.2677013428203256, 
2.2677881919286222, 
2.2669081225632524, 
2.2668661220661708, 
2.2666399379987303, 
2.266459368640964, 
2.265849310690008, 
2.268783020755688, 
2.268121226077463, 
2.268524388023867, 
2.268306007073935, 
2.2678603409500036, 
2.2672435556295785, 
2.267259826488753, 
2.266920961943756, 
2.195040849333746, 
2.197116838233475, 
2.195596435239508, 
2.1885167128814254, 
2.192335719951525, 
2.189294894481686, 
2.188829741497173, 
2.182277724944542, 
2.1808641984122676, 
2.1794152091818333, 
2.1793938286064236, 
2.1803493550484063, 
2.1809300963719993, 
2.1790260300023263, 
2.175838574670517, 
2.1771163241869456, 
2.50629765046569, 
2.512741047208734, 
2.5131566507922694, 
2.519538935225056, 
2.5257887063473463, 
2.523869639398962, 
2.527074915976422, 
2.530421429230132, 
2.539811101796957, 
2.5460260676785, 
2.5466977388306633, 
2.551681497948316, 
2.552409754237149, 
2.5617824763735926, 
2.567392039215231, 
2.5680882290049047, 
2.5695777241380373, 
2.575363406618372, 
2.581178179559648, 
2.585059617117892, 
2.5850511137318612, 
2.592169979680618, 
2.5962658329870116, 
2.598600557262629, 
2.6017256807166627, 
2.611641816681817, 
2.6171002684829334, 
2.618188736445898, 
2.624617007098548, 
2.6242720669198434, 
2.6289544865933614, 
2.6346059289352897, 
2.6399436081108623, 
2.6455208319247006, 
2.644161542563762, 
2.655608786938996, 
2.485047657694077, 
2.484922887770365, 
2.492834784288129, 
2.5028495309177687, 
2.50165486820535, 
2.513883767028316, 
2.519809119258088, 
2.525082941594016, 
2.5303442104602087, 
2.5354096215932462, 
2.541678338146285, 
2.544266338318432, 
2.5490702855011165, 
2.5550269572459734, 
2.5579525070949423, 
2.560871985097804, 
2.568771283761846, 
2.5734366985194552, 
2.5750808693104474, 
2.58441240545232, 
2.584069773726927, 
2.5913580515008667, 
2.5972363316107305, 
2.6029653038413594, 
2.604492398221195, 
2.6050128077937176, 
2.613143243920364, 
2.6195707202909793, 
2.624097100368528, 
2.631111215256002, 
2.6293541201076485, 
2.6386848605315647, 
2.6376856425998096, 
2.6431306710334446, 
2.6505672550504005, 
2.652312808711682, 
2.6621251019099637, 
2.6618160817387775, 
2.663563101664271, 
2.672925862053565, 
2.677133675030917, 
2.684870348232692, 
2.6873755158081893, 
2.691811762565595, 
2.6092582862874285, 
2.622364864930045, 
2.622816066544644, 
2.630562469615552, 
2.634172183833014, 
2.636738977078723, 
2.6406095172515363, 
2.6457284533503675, 
2.646310808961453, 
2.647915670799059, 
2.6606544401360317, 
2.6641711568888153, 
2.67102558365601, 
2.6662256429685876, 
2.674681262646084, 
2.6816149671331124, 
2.6794195213190077, 
2.6886666233871237, 
2.6869854901729884, 
2.692289117077048, 
2.694068247867032, 
2.695287768225407, 
2.7045246369874523, 
2.704599993667767, 
2.708856620824128, 
2.715710463747965, 
2.7237005810713177, 
2.7177135156457726, 
2.7237189927875987, 
2.7250708244818918, 
2.7365675912265948, 
2.7320031670020075, 
2.7377226039766844, 
2.7465659170525316, 
2.6295640026666414, 
2.634419745481546, 
2.6373377085793557, 
2.6359912213287133, 
2.631670662013472, 
2.643165467336747, 
2.6423158681361105, 
2.6399023083874327, 
2.638589661533646, 
2.6470653159182316, 
2.649119074009727, 
2.6485847999743086, 
2.6494154539914057, 
2.6459819022063154, 
2.651628306514594, 
2.6532120893064035, 
2.6547567776320347, 
2.6576520210158803, 
2.660288805602925, 
2.662473872622565, 
2.6610450586307177, 
2.6651901115989163, 
2.6598013851794473, 
2.671743327868318, 
2.6684227866672496, 
2.663311169439562, 
2.6683601731383613, 
2.675081948268167, 
2.673663272630532, 
2.680569056843939, 
2.6756445275140748, 
2.6787466467692784, 
2.6762160931185726, 
2.68018425079231, 
2.686919257429845, 
2.68440797872127, 
2.6865071318822515, 
2.6877920357450766, 
2.692878466010187, 
2.620465673664527, 
2.556349279543516, 
2.5563539013285053, 
2.556361546264989, 
2.556365922209961, 
2.556365297914856, 
2.556369402769728, 
2.556358921415812, 
2.556374275557766, 
2.556373074737125, 
2.5563663816583597, 
2.5563650474984483, 
2.5563689787709807, 
2.556362938765185, 
2.556379617017531, 
2.556361829251898, 
2.556383542669069, 
2.5563839018982955, 
2.5563792535111505, 
2.556367749477503, 
2.5563785000426362, 
2.556371138280261, 
2.5563884208420924, 
2.5563790576235537, 
2.556382667022232, 
2.5563675404531883, 
2.5563744171334175, 
2.556377859850418, 
2.556387538364546, 
2.5563728889996353, 
2.55638464985568, 
2.556374741592278, 
2.5563847143620664, 
2.556382829287554, 
2.556367441216546, 
2.5563815245463184, 
2.556374263495951, 
2.55637177324916, 
2.5563807181928198, 
2.556382409026144, 
2.556389624622869, 
2.5563693090023474, 
2.556377274773652, 
2.5563786855082045, 
2.5563670380998227, 
2.556380806204134, 
2.556363644048154, 
2.5563616598192476, 
2.5563677660048483, 
2.5563734138414365, 
2.5563704070113378, 
2.5563838485589168, 
2.5563629435517963, 
2.556363941445497, 
2.5563581308428693, 
2.5563626572327975, 
2.55636938683912, 
2.5563570445307824, 
2.556371326098622, 
2.5563487563144887, 
2.556346164481632, 
2.556375061399092, 
2.5563680727633327, 
2.5563438186032497, 
2.5563723453021656, 
2.556367409339299, 
2.5563670651325996, 
2.5563492903214757, 
2.5563390014493823, 
2.5563498571205128, 
2.556341360385175, 
2.556340479444557, 
2.5563257819853553, 
2.556336581849689, 
2.5563422399374196, 
2.5563468086015, 
2.556323520627481, 
2.5563272870616256, 
2.5563377132961547, 
2.556314224817394, 
2.556331833162851, 
2.556331901115737, 
2.556321551016422, 
2.556308871984587, 
2.5563142991171848, 
2.5563092251520323, 
2.556327362047048, 
2.5563245347064316, 
2.5562921908783096, 
2.5563013868633937, 
2.5562880510030386, 
2.556311036452662, 
2.5562980941700366, 
2.556295728976709, 
2.556284893706929, 
2.556276692894345, 
2.556271277586409, 
2.5562942112777947, 
2.556275292173607, 
2.5562796550319917, 
2.556263494960509, 
2.5562850775282717, 
2.5562661696595956, 
2.5562674952941538, 
2.556246232503266, 
2.277217136458677, 
2.277218757341242, 
2.277179434191584, 
2.2771796789680097, 
2.277200093343143, 
2.2771969624639947, 
2.2771738854462775, 
2.2771655417463594, 
2.2771369375437445, 
2.2771553757537677, 
2.2771361205434477, 
2.277145731464093, 
2.277151895557709, 
2.277122423883455, 
2.2771525328060216, 
2.277137849722693, 
2.2771382326835576, 
2.2771287775221176, 
2.2771193510452363, 
2.2771108255129486, 
2.277092904714398, 
2.277119043243838, 
2.27711219405587, 
2.2770832464213977, 
2.2771129382177158, 
2.277060959172994, 
2.2770827676094605, 
2.2770865926753006, 
2.277072496998277, 
2.2770542721091305, 
2.277061311842944, 
2.27703409633555, 
2.2742154483301107, 
2.2742148375366966, 
2.2741992000635496, 
2.274239462439749, 
2.2741774447967806, 
2.274177623872179, 
2.2742669696418716, 
2.274263486290892, 
2.274220393322069, 
2.274195126716413, 
2.2742533287649103, 
2.2742536775029514, 
2.2742972974853224, 
2.2742320189017153, 
2.274233785662494, 
2.274270049278623, 
2.274327680736541, 
2.274252487094969, 
2.274312590391382, 
2.2742953549216516, 
2.274354719453003, 
2.2743655192159262, 
2.274406496561734, 
2.274371576780598, 
2.274341171174266, 
2.274436895624172, 
2.274451241771669, 
2.274425268734124, 
2.274414616200472, 
1.718599084273741, 
1.669857482685324, 
1.5726459405757218, 
1.6310875497913155, 
1.7654234186737288, 
1.593696223059013, 
1.5502501874369536, 
1.540306772708158, 
1.5092230425774193, 
1.4726037339081075, 
1.4660825356657639, 
1.383029108169692, 
1.4728904025396545, 
1.4953344399045463, 
1.423411093021175, 
1.4204154462176855, 
1.4132064327554814, 
1.2972024209155446, 
1.3291387722633412, 
1.2986616278096945, 
1.3547743069886047, 
1.3770600648614213, 
1.4176748445340353, 
1.3092814794165963, 
1.2848951831652395, 
0.07353845662390412, 
0.06970412561885198, 
0.07643561130371879, 
0.07316048205557024, 
0.06703026464143846, 
0.06039826140250426, 
0.05919680448318587, 
0.06311639909139544, 
0.07213019143886257, 
0.06399036507184519, 
0.05683279623449522, 
0.06953237984325256, 
0.06599494192517952, 
0.06637195071013835, 
0.06926758476203076, 
0.059045915135804705, 
0.07034976021449069, 
0.06561119515910363, 
0.0639862346112956, 
0.6187025559364656, 
0.6084297179389466, 
0.5173473020556614, 
0.5286245022666662, 
0.5966348610149623, 
0.5532049646181036, 
0.621046260071509, 
0.556828312751179, 
0.6196469925352304, 
0.5933913792988861, 
0.5293762826527484, 
0.5633851383032606, 
0.5146389399034916, 
0.5821569378333038, 
0.6090324612354365, 
0.570644188454132, 
0.5872163776196118, 
0.5086123909097964, 
0.5252144439959068, 
0.4600250670835351, 
0.48518984930033326, 
0.5095221136081989, 
0.5129674565891804, 
0.5379931022376923, 
0.517537403715906, 
0.4749257015262174, 
0.438851011696201, 
0.5163074809036488, 
0.43151720547690076, 
0.3529385457853351, 
0.5067383657610378, 
0.49522923016940723, 
0.49958721714522625, 
0.4911178361976809, 
0.4548580876921875, 
0.3892767283105414, 
0.4864410842922453, 
0.4738074939937107, 
0.027278127397081898, 
0.02977301518761499, 
0.03102684102921649, 
0.033646585838454035, 
0.0323461934745095, 
0.03206202021605952, 
0.03163019695190861, 
0.027325853615593355, 
0.030540873617439727, 
0.03138799745369147, 
0.03089579267640351, 
0.030523151186187418, 
0.029202452497073973, 
0.029325186473286406, 
0.03128588993133951, 
0.031292650587502406, 
0.03635619335103945, 
0.02895296512788525, 
0.034093760753463924, 
0.028421518748927833, 
0.27943501247767694, 
0.28441234557297423, 
0.2905121214446353, 
0.3009267630702083, 
0.31261160304833874, 
0.27811410947657567, 
0.16499606959443713, 
0.2984515793730934, 
0.18714976753780366, 
0.257603367956058, 
0.3259647271543215, 
0.34187461707637107, 
0.35929149427498425, 
0.27144186911812784, 
0.35022856088698967, 
0.2962396154681883, 
0.37234647248219227, 
0.2996226888217989, 
0.3787542424451686, 
0.38369037458085126, 
0.38365738882617245, 
0.35941755096811073, 
0.3391863510749288, 
0.35860394385051103, 
0.3728265772925709, 
0.3888667152712059, 
0.33918772263265845, 
0.39925845768752305, 
0.32131119279257797, 
0.3994159003164696, 
0.39021208051080686, 
0.417625822437337, 
0.3415568408538973, 
0.42183538475153876, 
0.43439253409163564, 
0.39231609598239453, 
0.428658424161064, 
0.4490487644676903, 
0.14152620353833337, 
0.14699709200591102, 
0.023959759606043213, 
0.034626195000633964, 
0.02504080121308029, 
0.020861049877922602, 
0.043311873794408304, 
0.09340070123353464, 
0.09210276863267076, 
0.05184917292453441, 
0.06235140867355663, 
0.016817181548376366, 
0.024291937227950474, 
0.007618098531445328, 
0.09662341541936545, 
0.015944506882078966, 
0.008801632054762693, 
0.013040602577482975, 
0.0206221861939471, 
0.04121906096788993, 
0.052566729899745035, 
0.056831341153127574, 
0.010227090850442532, 
0.034596413192531095, 
0.03251165225341911, 
0.07561694505739805, 
0.028832780892592464, 
0.06343874184463516, 
0.061803793482880565, 
0.06588802100156244, 
0.0708237269791212, 
0.06498098320910373, 
0.05309123177897135, 
0.06040966999147557, 
0.05907285056612821, 
0.0526856479553075, 
0.056887354914035626, 
0.05447643174218442, 
0.04671752331685752, 
0.05607955874114623, 
0.056788297851067426, 
0.05817231951578705, 
0.05929392047006132, 
0.05622558175097936, 
0.05341570295477993, 
0.06105864970882635, 
0.495994012391634, 
0.5408995332090001, 
0.4691141424741119, 
0.5033509974883543, 
0.5096315285139497, 
0.5347659676792063, 
0.5137624972707613, 
0.48841736735903396, 
0.5286537065419452, 
0.5087392829839814, 
0.49581537842490775, 
0.4699611683972478, 
0.5172130616881816, 
0.5262164972826113, 
0.45887213646579994, 
0.49579774897187434, 
0.42829439795178814, 
0.4466975004268434, 
0.4867545515929592, 
0.5047506938983872, 
0.48711595718112477, 
0.3975184007691652, 
0.4685630863147878, 
0.5103751663647245, 
0.5103674465343886, 
0.4853101681825507, 
0.1520671741147637, 
0.1525065163916247, 
0.15205676235092222, 
0.1519754257083888, 
0.1519110140471147, 
0.1529561251008377, 
0.15238319446132165, 
0.15253971260522586, 
0.1524740430275644, 
0.15216588159696137, 
0.15199980461211648, 
0.15240153011720797, 
0.15198967390280138, 
0.15188110430581947, 
0.15259064137826917, 
0.15199557888804616, 
0.15272246845523058, 
0.1526968220674657, 
0.15209153317390453, 
0.15190704618386375, 
0.1522788123133181, 
0.1526052001400337, 
0.15301625530739635, 
0.15281605198126244, 
0.15260118317715707, 
0.15287183423444306, 
0.15257199209639333, 
0.15296997536444346, 
0.15282400812161306, 
0.10314113755642246, 
0.10687947849574386, 
0.09925595031857437, 
0.1044453810128588, 
0.10926463913854065, 
0.10644510820124695, 
0.10252159677888958, 
0.10790216045889958, 
0.10349086805065033, 
0.11061646284335835, 
0.1076293656253873, 
0.10313444244354919, 
0.10165394525843097, 
0.10432639806779759, 
0.10608953696772766, 
0.1060914896474712, 
0.10216646371729035, 
0.10618051477366816, 
0.10230849326489588, 
0.10739839207628704, 
0.100114397225777, 
0.10338881562430213, 
0.10082065717972233, 
0.10348282729465264, 
0.1052701651125238, 
0.11130219085597462, 
0.10404187578906726, 
0.1067957411923145, 
0.11123430119186792, 
0.10479376262864956, 
0.11037803772509525, 
0.11083866262028158, 
0.10603770232203047, 
0.1079082088353564, 
0.1051482002158875, 
0.10529513676454472, 
0.10076776524391601, 
0.10076459535122603, 
0.11010084769389339, 
0.11148249880549979, 
0.1088782270774615, 
0.1065643461434084, 
0.10256474917316716, 
0.1054347383337681, 
0.10509734841707619, 
0.11148642588600866, 
0.11014966881737479, 
0.10882561340096508, 
0.10155584184744085, 
0.10451130911243067, 
0.11007996365657213, 
0.10999764166196163, 
0.10677624782809536, 
0.09695886007401394, 
0.10210369124801927, 
0.09761569791634589, 
0.09416863064174558, 
0.09254607986350766, 
0.09838812601564517, 
0.093345538367128, 
0.09838732941433831, 
0.09148370226430888, 
0.09675138108506257, 
0.09895787188880203, 
0.10331799155036836, 
0.0997380584804678, 
0.10096878621730282, 
0.09485646168920397, 
0.0941208058611527, 
0.09890157519653864, 
0.10025557534256868, 
0.09183848447594395, 
0.08818476612106649, 
0.09550369230619807, 
0.09407268806223767, 
0.09410371906640061, 
0.0937318160167116, 
0.09067218510309899, 
0.09072733723316281, 
0.08894726639882111, 
0.0929860143152467, 
0.09875745011639842, 
0.09102904946124754, 
0.09682420858068069, 
0.0891967634768231, 
0.09498701919989316, 
0.09691165438888905, 
0.10009215855630457, 
0.09098413003228137, 
0.09178409543162461, 
0.09099845566806619, 
0.09084415903709994, 
0.0906754442166654, 
0.09931542840686336, 
0.09303749559686508, 
0.09752452865997879, 
0.09308146882270385, 
0.09283417397468449, 
0.09066854226760088, 
0.09240248593423356, 
0.09141898254837491, 
0.09130292684866215, 
0.09759717345971322, 
0.0993130113306172, 
0.0911599150024795, 
0.4826844798375577, 
0.4789404968347283, 
0.4768055428515971, 
0.4777665305440065, 
0.476172692093596, 
0.46826107219431334, 
0.4647122811429757, 
0.4657620105567205, 
0.47174950245227176, 
0.46108795329614627, 
0.4597879971114863, 
0.466289438276532, 
0.4629622381258179, 
0.46204158235450443, 
0.45863305196328974, 
0.45055641571545013, 
0.4573314480623568, 
0.4557138071600654, 
0.4447637418528507, 
0.45009681454559214, 
0.44969445544406716, 
0.44949000928416794, 
0.4401643532121992, 
0.4436555457292567, 
0.444876356559442, 
0.4422567772991976, 
0.439777346727901, 
0.4360956221963498, 
0.43696176198605874, 
0.4307538895163046, 
0.42998778896353274, 
0.42966477534637654, 
0.4272275022160082, 
0.4212839647441088, 
0.41627822349699617, 
0.39809267096044365, 
0.11493245139823216, 
0.1649866677199583, 
0.0943877611306263, 
0.00931680656455569, 
0.01634359307326605, 
0.05429407613067383, 
0.017093575628173596, 
0.03358921007430382, 
0.007891785114928496, 
0.07428754686903005, 
0.06221255682916649, 
0.036018670494662786, 
0.045826767220525255, 
0.15082272375014583, 
0.04672942919682299, 
0.1275703655403433, 
0.021603447660730524, 
0.048213830034100624, 
0.04479627706340494, 
0.04916989996923604, 
0.07896677328088231, 
0.14274222423079408, 
0.022018106349236177, 
0.1276530702083818, 
0.12785162485572243, 
0.09392245305238589, 
0.03711380673686193, 
0.070138662081078, 
0.052659314774352595, 
0.022839270037962933, 
0.054276291288509526, 
0.055638838977806415, 
0.04183230945002947, 
0.04837656818909153, 
0.04632415426492997, 
0.05813122100913404, 
0.03316805556811886, 
0.04268400334187561, 
0.04689036790180978, 
0.050921347548104734, 
0.05826865065721876, 
0.04810062034997031, 
0.048214885863529844, 
0.05093028305626035, 
0.050512073885911946, 
0.04456460270203877, 
0.05870159407900388, 
0.045613272609593025, 
0.04786859773538765, 
0.055277767751313434, 
0.4120852998861153, 
0.4924034467385141, 
0.2847793207485907, 
0.3802946415478843, 
0.409682548597047, 
0.476722003316425, 
0.43437632419892225, 
0.46175517154225076, 
0.4141609286132706, 
0.42568223183594256, 
0.4571022962512856, 
0.452776085191843, 
0.39996661800233824, 
0.4252248776016856, 
0.5219847127896884, 
0.3966514584886056, 
0.4343195166323781, 
0.19574891417498463, 
0.12256626177276786, 
0.1691714966727318, 
0.04260652853324132, 
0.055756611034198045, 
0.031265393818195264, 
0.08384441332886183, 
0.10267637836941645, 
0.005297222802951751, 
0.008128970800171942, 
0.0032273582271642454, 
0.003442479112763408, 
0.08842123549271719, 
0.06373595425406364, 
0.06896462465630293, 
0.06159998661945565, 
0.006815202372891349, 
0.01660747138591745, 
0.01894065063077477, 
0.05894336653543064, 
0.02230320314733092, 
0.015444014544485185, 
0.040193598628150085, 
0.013169196206348488, 
0.12550013411588878, 
0.014139306089305137, 
0.014289329400902773, 
0.008990303096872765, 
0.009227320736080458, 
0.01751331568375747, 
0.0594933703724152, 
0.05538853119914933, 
0.05029248821696797, 
0.0561151867507661, 
0.05005495453536213, 
0.05351927869200068, 
0.05530784615253026, 
0.04399556259171078, 
0.05314087864083916, 
0.06073778971232713, 
0.061513640418652926, 
0.055961190182998166, 
0.044667572265225886, 
0.056502234048899425, 
0.050331821865547965, 
0.05587828637050052, 
0.05830542119800697, 
0.04236230128740459, 
0.05463240010529802, 
0.05513900805014771, 
0.05613757973381439, 
0.4993517694553731, 
0.4611005872309448, 
0.391066929434281, 
0.48952489059139026, 
0.4313368145663361, 
0.48555363195850276, 
0.5043168461845866, 
0.438053006841308, 
0.4789245988690354, 
0.49309897480994636, 
0.41946596412361714, 
0.46224671583799903, 
0.4990448506241165, 
0.40668128316774244, 
0.47029558059469423, 
0.4206306194450633, 
0.49849283435462866, 
0.44211472526912843, 
0.4702660293531693, 
0.3970599159395434, 
0.45502058709731585, 
0.4285696679472153, 
0.45299710014906935, 
0.061099022070763453, 
0.0542781569803239, 
0.055993720909413014, 
0.05694560326895015, 
0.06136063766680877, 
0.05372844480434935, 
0.053566663108149726, 
0.04957660658823215, 
0.05924130031753094, 
0.05816490524454565, 
0.06182049529174094, 
0.05205471959687458, 
0.05769365014025851, 
0.061746430722124046, 
0.04381078537488747, 
0.05487562900957954, 
0.06875477515934847, 
0.05457980153147446, 
0.05490562566877344, 
0.4912730017606748, 
0.5135112481004427, 
0.5143029134054444, 
0.2465108745537421, 
0.2369916731330406, 
0.02032308775245184, 
0.047715539256927286, 
0.06779971698943399, 
0.10202286224789248, 
0.1521008948454181, 
0.07912750894313803, 
0.023141909319278398, 
0.04274065516086978, 
0.10364192357113922, 
0.0798084751746444, 
0.01933684127462243, 
0.04570160460944095, 
0.04111335210420464, 
0.05196351704162794, 
0.091225019150869, 
0.09547691940331049, 
0.15108603421371924, 
0.006610689221858479, 
0.01590535031591145, 
0.001445598548258431, 
0.12888696443979342, 
0.09495164957083801, 
