0.250972019866019, 
1.9758377200342718E-72, 
1.9462133928130547E-72, 
1.9673929941881182E-72, 
1.990498391503919E-72, 
1.9970762641054727E-72, 
1.9148673741059254E-72, 
1.9932762100575757E-72, 
1.8594138106223098E-72, 
1.8872006006405873E-72, 
2.0039950566039274E-72, 
1.995253014244549E-72, 
1.8554147882407704E-72, 
1.9716703579684133E-72, 
1.9956778588900238E-72, 
2.0116128133167936E-72, 
2.009131130599759E-72, 
1.9311824366026555E-72, 
1.9958543236747497E-72, 
1.9645284592539217E-72, 
1.9381081557103304E-72, 
1.9176973062560675E-72, 
1.8770383524662776E-72, 
1.9094252564745116E-72, 
1.964830850959509E-72, 
1.9628156779106886E-72, 
1.9644673256457673E-72, 
1.932040100803718E-72, 
1.9513888513458102E-72, 
1.9489476081704896E-72, 
1.8642070095526029E-72, 
5.493861959856494E-72, 
7.24306461360481E-72, 
6.172772999634039E-72, 
6.727421896797548E-72, 
6.55047148847283E-72, 
6.388121539620351E-72, 
6.056529948653328E-72, 
7.116042759005022E-72, 
8.013443202199913E-72, 
5.084023992030757E-72, 
7.107747791578769E-72, 
7.018304382679281E-72, 
6.038761907409938E-72, 
4.260918667214535E-72, 
3.574506734829526E-72, 
3.966746455762795E-72, 
2.7209671207019865E-72, 
3.7988924764617686E-72, 
3.189628401018428E-72, 
2.8572266825886277E-72, 
2.333247853438696E-72, 
2.350630449056415E-72, 
2.6419207143212723E-72, 
2.313387354737767E-72, 
2.3675331362358676E-72, 
2.2815362632184537E-72, 
2.881660303555463E-72, 
1.868760796254563E-72, 
2.361761417130112E-72, 
2.2437900119667394E-72, 
2.323531634929352E-72, 
2.324344260490301E-72, 
2.381726945229898E-72, 
2.3017653772236826E-72, 
2.7143300340942753E-72, 
1.9332941936021412E-72, 
2.774192826564179E-72, 
2.1250936450220637E-72, 
2.362459211539316E-72, 
2.294486422621942E-72, 
2.483119943721738E-72, 
1.7838846755875944E-72, 
2.159749292888629E-72, 
2.031682905953597E-72, 
2.78782875972039E-72, 
2.6042820475891845E-72, 
2.1012055735220439E-72, 
2.795857506377295E-72, 
1.8262748364523626E-72, 
2.088079950277268E-72, 
2.2735805428597E-72, 
2.351187770926317E-72, 
2.387632006373476E-72, 
1.8355658845720786E-72, 
2.2718394150101787E-72, 
2.5244277443377706E-72, 
1.8165874562928952E-72, 
2.591008878436152E-72, 
2.2171622067654663E-72, 
1.5570617207546986E-42, 
1.5545732523092447E-42, 
1.55562114042304E-42, 
1.555270453422896E-42, 
1.5537884415079948E-42, 
1.5546300030242426E-42, 
1.55677549081608E-42, 
1.5553996084907273E-42, 
1.552705190887838E-42, 
1.5551614902415532E-42, 
1.5545298535418934E-42, 
1.5515346352811947E-42, 
1.551949012634756E-42, 
1.5535136652941245E-42, 
1.5540475530715813E-42, 
1.552162311892715E-42, 
6.90980932127818E-43, 
6.9040096216548404E-43, 
6.902016873907248E-43, 
6.832653554249696E-43, 
6.818437198459488E-43, 
6.844924569116592E-43, 
6.84791260962878E-43, 
6.433795736855286E-43, 
9.536461970900456E-43, 
1.2337561879328177E-42, 
1.2379677092711136E-42, 
1.2415237583699345E-42, 
1.2379947526899856E-42, 
1.2434222735419362E-42, 
1.245264089601187E-42, 
1.2517759568919098E-42, 
1.2505971974331046E-42, 
1.2512223831410093E-42, 
1.2401869623770872E-42, 
1.256990547120471E-42, 
1.2409865363058787E-42, 
1.2429418822016542E-42, 
1.2486295171558073E-42, 
1.25715598465318E-42, 
1.2566870446948987E-42, 
1.2577292565586376E-42, 
1.2430056313283592E-42, 
1.248256998813325E-42, 
1.2457541529233733E-42, 
1.2545162827759963E-42, 
1.2625726523854878E-42, 
1.2602975751087853E-42, 
1.2573967429458791E-42, 
1.2630037126505586E-42, 
1.2589929712164892E-42, 
1.2643998314763315E-42, 
1.2664120329661376E-42, 
1.253767181071993E-42, 
1.2580375482096422E-42, 
1.2669510146084842E-42, 
1.2536788822347759E-42, 
1.2628486334997893E-42, 
1.2589705862163762E-42, 
1.2678978552254805E-42, 
1.2601587093126747E-42, 
1.2563171674906007E-42, 
1.2573387525184642E-42, 
1.2548257885358853E-42, 
1.2561353468331688E-42, 
1.2581138558358512E-42, 
1.2717527896746076E-42, 
1.2704906034209232E-42, 
1.2729619375291291E-42, 
1.2578304361850396E-42, 
1.2631007028877054E-42, 
1.26984874008335E-42, 
1.2621010730410999E-42, 
1.2743858166514976E-42, 
1.2634922238843261E-42, 
1.458601898436274E-42, 
1.4803161258522098E-42, 
1.8474234841877953E-42, 
1.9029988160052727E-42, 
3.371361255667502E-42, 
3.4300690601466784E-42, 
3.393263942635622E-42, 
3.425725445357977E-42, 
3.395489798257893E-42, 
3.36947389308998E-42, 
3.406674051379654E-42, 
3.376809835425556E-42, 
3.382625395169886E-42, 
3.369119783368194E-42, 
3.3878416999359076E-42, 
3.392071123821658E-42, 
3.366095883508775E-42, 
3.399801621535939E-42, 
3.3765700375552574E-42, 
3.3961154051584916E-42, 
3.3938577375766424E-42, 
3.4267742991113265E-42, 
3.4000177582706963E-42, 
3.377272053792609E-42, 
3.3894039809406305E-42, 
3.388264113669859E-42, 
3.3684429742069586E-42, 
3.354289175744111E-42, 
3.3502341680615455E-42, 
3.3920388709173757E-42, 
3.3575869394620576E-42, 
3.402529071243356E-42, 
3.369865719706544E-42, 
3.3619485833903075E-42, 
3.3682707976258655E-42, 
3.3555983839916864E-42, 
3.364467046833693E-42, 
3.34547197958237E-42, 
3.370872160015162E-42, 
3.386668852183109E-42, 
3.359736226594559E-42, 
3.365516971144296E-42, 
3.3380801965638234E-42, 
3.369486553657936E-42, 
3.4047351498852135E-42, 
3.361862819919555E-42, 
3.3529396627154514E-42, 
3.383483680921748E-42, 
3.366163658283006E-42, 
3.3209819531002246E-42, 
3.361750169156951E-42, 
3.369279683992157E-42, 
3.3845634253963065E-42, 
3.330058456854968E-42, 
3.354122814685877E-42, 
3.33153127328798E-42, 
3.3316576560081565E-42, 
3.361959752752841E-42, 
3.379292020393075E-42, 
3.310972420975375E-42, 
3.3505237513652515E-42, 
3.322861919964113E-42, 
3.3542794310002186E-42, 
3.317449746416186E-42, 
1.522873529551155E-42, 
1.7214496821505303E-42, 
1.7011314208485234E-42, 
1.714131498544791E-42, 
1.694032556530118E-42, 
1.7278069695565612E-42, 
1.6988224285210837E-42, 
1.7095163930348124E-42, 
1.7229101761532205E-42, 
1.710200640323952E-42, 
1.723929019600526E-42, 
1.7318009502897098E-42, 
1.7282241575942055E-42, 
1.7257496383897295E-42, 
1.7262218369815367E-42, 
1.742089188332626E-42, 
1.7187591919517208E-42, 
1.7156465751906145E-42, 
1.7401929058967E-42, 
1.7287611652681097E-42, 
1.719614467046314E-42, 
1.7173521372938817E-42, 
1.7513902213804453E-42, 
1.7424572966094196E-42, 
1.7453988367400542E-42, 
1.7274253890178133E-42, 
1.726251802631232E-42, 
1.7270315325046772E-42, 
1.7535759974340585E-42, 
1.731523476779576E-42, 
1.7419395178021583E-42, 
1.7334179040699306E-42, 
1.7395877298319717E-42, 
1.7324754638535138E-42, 
1.7412141389134624E-42, 
1.758237070440496E-42, 
1.7418463143221208E-42, 
1.7378484663835205E-42, 
1.7637027803345287E-42, 
1.755874172825293E-42, 
1.7522886043439275E-42, 
1.7518918218170324E-42, 
1.758025122327445E-42, 
1.764601283096445E-42, 
1.7488736899810948E-42, 
1.761130117091427E-42, 
2.545802141963318E-42, 
3.0081795528806447E-42, 
2.383693753831482E-42, 
2.39683182766218E-42, 
1.1309134645408122E-42, 
1.4635697672601755E-42, 
1.4683483875211957E-42, 
1.4641748361810905E-42, 
1.4602521987460387E-42, 
7.032737006034435E-42, 
6.968238111661329E-42, 
6.354992821016635E-42, 
6.52279616152841E-42, 
7.63803820888974E-42, 
6.528690397442308E-42, 
8.397594470481763E-42, 
6.364352300797905E-42, 
7.772928124529941E-42, 
7.152494743407379E-42, 
8.086790008257613E-42, 
7.74490892433707E-42, 
6.943309602169739E-42, 
6.988541037716992E-42, 
7.218891928660969E-42, 
7.358942152595123E-42, 
6.288656434902698E-42, 
7.907214459808189E-42, 
7.749666093269166E-42, 
8.261811990878703E-42, 
7.567579955696717E-42, 
7.184977837655418E-42, 
7.578299294158041E-42, 
7.804053791985142E-42, 
6.459889395912377E-42, 
7.210037974470721E-42, 
7.331094991845534E-42, 
6.66542234797852E-42, 
7.710496861633361E-42, 
8.520697702407337E-42, 
7.037625786338592E-42, 
5.436998826427091E-42, 
4.790547593045171E-42, 
5.19162138363201E-42, 
4.0639315225023244E-42, 
3.579989583716877E-42, 
3.088325524563747E-42, 
3.9841598864624503E-42, 
3.705571952532402E-42, 
3.433072992540786E-42, 
4.0456570159752783E-42, 
2.6708318623874776E-42, 
3.495765927035226E-42, 
3.3652031356862775E-42, 
3.778364122992465E-42, 
2.0996141628747108E-42, 
2.9341894468338786E-42, 
3.008899502278009E-42, 
2.7235789435149138E-42, 
3.171423533933482E-42, 
2.6496973206714683E-42, 
0.022699059901415755, 
0.022695732112994322, 
0.030965821851706724, 
0.030921339801225634, 
0.031026134782470977, 
0.03073476186696438, 
0.030410378109023598, 
0.0305572808051554, 
0.030384877005182817, 
0.030137202090630283, 
0.030684903401371366, 
0.03020935306353143, 
0.03048244475383429, 
0.03023082759149443, 
0.029996008428651938, 
0.029939336660512343, 
0.029974641519808443, 
0.029833585013044433, 
0.02995091257851406, 
0.029481132270202437, 
0.029463353962372277, 
0.029729102957005454, 
0.02964497488475635, 
0.029289906678809298, 
0.02962679699600744, 
0.02908565012077887, 
0.02918943530048073, 
0.029065092955453196, 
0.028781901813005016, 
0.02903075226018455, 
0.028644161322248993, 
0.02855306999414637, 
0.028617025603840357, 
0.028686658158952674, 
0.02841975629580714, 
0.028200490204925363, 
0.02855710132372133, 
0.028349504492545585, 
0.02830482221784784, 
0.028437711248832515, 
0.02813666894627397, 
0.02811875791149835, 
0.02785540530440449, 
0.02787818183552644, 
0.027898070664142495, 
0.027776833454764657, 
0.027745212363085803, 
0.02763458298585831, 
0.027498116895734247, 
0.027257198241848902, 
0.027415289010150858, 
0.027478831650596613, 
0.027432271483464783, 
0.02712870974565968, 
0.027260389695374292, 
0.0270586063125275, 
0.02704127687642585, 
0.026850664025110386, 
0.026643807447333294, 
0.02661767183647508, 
0.026626988088099286, 
0.026514335546050545, 
0.02672332085907126, 
0.02641407344437194, 
0.026525057329933176, 
0.02624601732533005, 
0.02606968334835653, 
0.02627126703666014, 
0.02581119158164079, 
0.025983903301382165, 
0.025833555842422792, 
0.025684817938623664, 
0.025637327051402523, 
0.025588000386373662, 
0.02549866380561669, 
0.02527613988480462, 
0.025452722240254654, 
0.008898812050397673, 
0.01356948112195877, 
0.013744785379066864, 
0.013576075687305187, 
0.013723148710228786, 
0.013775484627088226, 
0.013676860119201592, 
0.013558182662792361, 
0.013620499208655249, 
0.013578408589236118, 
0.013582856289622759, 
0.013585373988485798, 
0.013522168403323199, 
0.01364948057439969, 
0.0135671504455882, 
0.013498619070336646, 
0.013621171431389089, 
0.013594897049061139, 
0.013407061639400315, 
0.013523073204547879, 
0.01338310415716754, 
0.013469800062756245, 
0.013501874309606518, 
0.01361196498683543, 
0.013556358696125329, 
0.013443750703011976, 
0.013533258863183607, 
0.013521786526312536, 
0.013541161128698312, 
0.013345855997904789, 
0.01344387220373936, 
0.013415441048188433, 
0.013384600043043066, 
0.013461667909695382, 
0.013474468969730324, 
0.013402714152091749, 
0.013442059016740806, 
0.013397290240347661, 
0.013252679863163235, 
0.013359212011062955, 
0.013333318394983347, 
0.013444692203925714, 
0.013498479010359415, 
0.013428552984621445, 
0.013339850499393761, 
0.013202125099938896, 
0.013368501596455163, 
0.0133402341664158, 
0.013261009176260243, 
0.01328090974964196, 
0.013296832202639813, 
0.013236785610987668, 
0.013307662795892818, 
0.013268563103071453, 
0.013181769791065232, 
0.013191833858906255, 
0.013375549818285285, 
0.013258836495889156, 
0.0131485313781117, 
0.01315507817644735, 
0.01328373287660085, 
0.013236071733590135, 
0.013204995634985514, 
0.01330123839658165, 
0.013209082010770316, 
0.013275641327558256, 
0.013239128173485232, 
0.013268436045514732, 
0.013137046735058873, 
0.013166988344688072, 
0.013082747812761204, 
0.013185058237453383, 
0.01318021221430866, 
0.013182668595338363, 
0.013273835562990706, 
0.01321623184171347, 
0.013107587120204173, 
0.013192572037082767, 
0.013158302789726604, 
0.013103281814552583, 
0.013161912707882473, 
0.013105684542650951, 
0.013177275223701056, 
0.013115979833013876, 
0.013041273502293633, 
0.013035570882111665, 
0.013081372447976896, 
0.013015552471655395, 
0.013098670206603897, 
0.013041311830877896, 
0.013022910071162845, 
0.01309580429681088, 
0.012906774810259428, 
0.013043730116620366, 
0.013014791651420596, 
0.013119978406829639, 
0.012928963015778882, 
0.013031969108591097, 
0.01286881310676799, 
0.013052052040782174, 
0.013008546388219558, 
0.01590576990137251, 
0.01593060543101922, 
0.015883254018646865, 
0.01577326849209986, 
0.01577578357110669, 
0.015932640844150296, 
0.01581988553115011, 
0.01585359386009421, 
0.015770391916781645, 
0.01580783067324735, 
0.015795302855643418, 
0.015797013718276402, 
0.015848851464656203, 
0.0156589302291384, 
0.015776888279685257, 
0.01570946718877951, 
0.015731097233420036, 
0.015601222017437587, 
0.01798434611518701, 
0.01495594983671513, 
0.014981215860647063, 
0.015293492095953227, 
0.013715909629561793, 
0.01184721830874804, 
0.01707219036583767, 
0.014115656968058572, 
0.01611206769733742, 
0.018134524147856143, 
0.016419816002624852, 
0.01500155257957154, 
0.015295489999503663, 
0.013256977264636713, 
0.014801874337097414, 
0.014109672429760706, 
0.013590312896970307, 
0.012707053267855845, 
0.01097240279715117, 
0.01498958785326389, 
0.0165743615322258, 
0.015243473822233271, 
0.014556529169243864, 
0.015925279842229665, 
0.013717525452048778, 
0.015278086545106406, 
0.01317352953194643, 
0.0110687167960054, 
0.01646418502462842, 
0.013710447932148226, 
0.015077403673118151, 
0.015117629866622745, 
0.015865511087562532, 
0.016271431545588983, 
0.012631503288549529, 
0.013356100568480075, 
0.014925906883260804, 
0.014547516165398483, 
0.010484657145926933, 
0.014977131939762967, 
0.011457890836787069, 
0.013089946624917678, 
0.01622568957262148, 
0.015589854214663721, 
0.013480499328748834, 
0.013682079213910233, 
0.011117391503308, 
0.012731330356997481, 
0.010460936345871402, 
0.010257202038970813, 
0.011586855526181657, 
0.012343236742877562, 
0.011996286879292228, 
0.011293696935994092, 
0.013028675555403765, 
0.011165890251875817, 
0.011891405331813237, 
0.011035841602717162, 
0.012458727701652999, 
0.012231070469689003, 
0.013944238709581447, 
0.016759211966699307, 
0.027278885461978517, 
2.2723571868689447, 
2.276380290860182, 
2.2656857044909726, 
2.2642227204247214, 
2.262703038075145, 
2.2612886811401025, 
2.25971479565378, 
2.2581316343594082, 
2.2565325044923004, 
2.254929989117187, 
2.2539321818000007, 
2.2529777844823897, 
2.252039798856795, 
2.2510191436433526, 
2.247037711760987, 
2.2764917259271256, 
2.2811295176191018, 
2.2856885286273125, 
2.2901710243679476, 
2.2947440147924247, 
2.29924583565035, 
2.3038446021164396, 
2.3084411486644356, 
2.3128813341635794, 
2.3175967934756176, 
2.3224638058758016, 
2.276490634799658, 
2.281458505268883, 
2.2861988623306386, 
2.2910172213953155, 
2.2960994463259223, 
2.3011109957360105, 
2.305757991133185, 
2.310800295324926, 
2.315950291394969, 
2.320887543933364, 
2.3259178518842063, 
2.3291606306012644, 
2.3326134316495493, 
2.3358545208536428, 
2.339165209933957, 
2.3427014725056616, 
2.3459953232986037, 
2.349271999921613, 
2.3524305317872773, 
2.3558109363096693, 
2.359349348019042, 
2.362723513094103, 
2.3662401092443472, 
2.3694861266931455, 
2.3729724926107236, 
2.376573613025021, 
2.38008474734948, 
2.3834780471791746, 
2.3869108993005645, 
2.3904378571239846, 
2.394028723619055, 
2.397409571680099, 
2.4008969628450494, 
2.4044319523225974, 
2.407923542360572, 
2.4112707465382135, 
2.414862848228087, 
2.418550500874982, 
2.422092490448419, 
2.4258157256192874, 
2.429319548733364, 
2.432846238740527, 
2.436426254235109, 
2.4400080022964103, 
2.443768176358621, 
2.4471622782418527, 
2.2769125558402075, 
2.2820364163568723, 
2.2868704542497165, 
2.291715485154822, 
2.2969269749850274, 
2.3016921728333677, 
2.30678538120161, 
2.311883396139018, 
2.31699949720541, 
2.3220893435243544, 
2.327137265657386, 
2.3312704237989785, 
2.3353074658635364, 
2.339322511631624, 
2.343435378553682, 
2.3475038933190993, 
2.351452050695313, 
2.355528153655133, 
2.359667896317532, 
2.363603391051357, 
2.3678109833155463, 
2.371786700187014, 
2.3758335791398437, 
2.3799162506892495, 
2.384094211460207, 
2.388197829380805, 
2.3920921801126216, 
2.3960991740032105, 
2.4001702886717857, 
2.4042109948019963, 
2.4084154914223737, 
2.4123063974047296, 
2.4164541415475864, 
2.42037389454156, 
2.4242823609870316, 
2.428331007406368, 
2.432200160069363, 
2.4363163444130507, 
2.44027978651391, 
2.4440809178872107, 
2.448045456136506, 
2.451953875455359, 
2.4559847684896186, 
2.4599339134893112, 
2.463833542464476, 
2.276173470033954, 
2.2865421001093353, 
2.2974171758470536, 
2.3077048900264225, 
2.3182816149714855, 
2.32840436551521, 
2.338737692855154, 
2.348700596510424, 
2.3588865300596837, 
2.3687660383635345, 
2.3785818769694704, 
2.3823774290682813, 
2.3864321606757883, 
2.390324314403803, 
2.3942882345440335, 
2.3982141629642886, 
2.4020660657179844, 
2.405877313078259, 
2.4097040525182445, 
2.413421832767882, 
2.4170181070574692, 
2.420779565894793, 
2.4244962504569605, 
2.4282796873878176, 
2.431810328613702, 
2.435395589251511, 
2.4390526436448097, 
2.4425299590621092, 
2.446090427877637, 
2.449522978244313, 
2.452948539949413, 
2.456330791887973, 
2.459619608432577, 
2.462987486589246, 
2.466251750628529, 
2.469520570503687, 
2.4728170106330984, 
2.476168154457294, 
2.4793169208624617, 
2.482502430989572, 
2.485614486473202, 
2.4888706449108913, 
2.4919409577036395, 
2.4950579393262546, 
2.498426135605315, 
2.5000087065060033, 
2.501576574247178, 
2.503198656473299, 
2.50475807355492, 
2.5062649782105915, 
2.50786735180961, 
2.509411608336498, 
2.5109160802424055, 
2.5123831239297143, 
2.513938130393756, 
2.5155047506528234, 
2.5170195587934536, 
2.5185259967943803, 
2.5199478021150394, 
2.5214368603347057, 
2.5229000706003117, 
2.5243748476774526, 
2.5258972660423145, 
2.5273733041311197, 
2.528857466068109, 
2.5303108646901635, 
2.531787954552426, 
2.533189584195609, 
2.534743747041112, 
2.536159586456871, 
2.537548846250453, 
2.538971859437377, 
2.540445640323516, 
2.541841916456423, 
2.543354517185166, 
2.544759928046256, 
2.5461840814207797, 
2.547563295052443, 
2.5490092892189677, 
2.5504259840701047, 
2.5518669950121975, 
2.553275153098007, 
2.5546506721286324, 
2.5561414251547783, 
2.5567787452956785, 
2.556783660880454, 
2.556803597499163, 
2.5568134007525507, 
2.556808537946549, 
2.5568172735522365, 
2.5567851925007807, 
2.556825066661987, 
2.55681884042322, 
2.5567982070658344, 
2.5567924160664743, 
2.5568005186429206, 
2.5567828337162504, 
2.5568234510709162, 
2.556776294765477, 
2.556828740712044, 
2.556827265142355, 
2.5568136171979434, 
2.556783890732775, 
2.556808036438322, 
2.556788829240395, 
2.5568279919220296, 
2.5568042085558265, 
2.5568109886101715, 
2.55677487604595, 
2.556789289387444, 
2.5567957929352794, 
2.556816193012309, 
2.5567822927016293, 
2.5568071349669665, 
2.5567842700477703, 
2.5568049457024657, 
2.5567997727982967, 
2.556765904181413, 
2.5567951006008878, 
2.556778886317507, 
2.556772959758617, 
2.556790980765136, 
2.5567937642653384, 
2.5568079867972267, 
2.55676551443163, 
2.556781299715844, 
2.5567836522110428, 
2.556759682331532, 
2.556787004786879, 
2.556752302727588, 
2.556748163846921, 
2.5567600504679233, 
2.5567709716885165, 
2.5567648468988597, 
2.5567909818909564, 
2.5567500274047315, 
2.5567519158798078, 
2.5567407182992623, 
2.556749438888461, 
2.556762343481542, 
2.556738852016023, 
2.5567660826562117, 
2.5567234901871214, 
2.5567188551681643, 
2.556773368932544, 
2.5567603290854835, 
2.5567153036557824, 
2.5567686602960156, 
2.556759653677557, 
2.556759244977693, 
2.5567267441104895, 
2.5567082849695684, 
2.556728545737617, 
2.55671346904652, 
2.556712330437683, 
2.556686254214403, 
2.5567062680278068, 
2.5567169883069005, 
2.5567257311687364, 
2.5566845170281396, 
2.55669184953023, 
2.556711057330456, 
2.556669919985128, 
2.5567018007196296, 
2.556702560384114, 
2.556684925247351, 
2.556663324023606, 
2.5566735819090045, 
2.5566654337088557, 
2.556697953287573, 
2.5566937293227716, 
2.556638165463326, 
2.556654931419478, 
2.556632676303062, 
2.556673284165491, 
2.5566517231477994, 
2.5566484994229364, 
2.5566307429409734, 
2.5566175878645456, 
2.556609247417908, 
2.5566493705528472, 
2.556617961788658, 
2.5566263276777534, 
2.5565998123149902, 
2.5566374234409173, 
2.556606292788077, 
2.556609510405902, 
2.556574640638889, 
2.2775532489518073, 
2.277557519048909, 
2.2775030165509693, 
2.2775052837016845, 
2.2775364723773666, 
2.2775339435323243, 
2.2775028687302985, 
2.277492888894581, 
2.277454024719013, 
2.2774822236503556, 
2.2774567324610775, 
2.277471163462754, 
2.2774806923815456, 
2.2774395482435494, 
2.2774831009458447, 
2.2774630019260877, 
2.277464322096459, 
2.277451692547461, 
2.2774391262858913, 
2.2774278560018213, 
2.2774033343088265, 
2.2774410627375254, 
2.2774321926330954, 
2.2773921734999187, 
2.2774348559277833, 
2.277362480749831, 
2.2773939641296543, 
2.2774001747424224, 
2.2773811934327646, 
2.2773564499275283, 
2.277367158441736, 
2.2773298740670804, 
2.2736636976930313, 
2.2736586899162248, 
2.273635008042135, 
2.273680288712566, 
2.273599114467263, 
2.273594573461859, 
2.2737003018747046, 
2.2736912455645926, 
2.273632966594911, 
2.273596553286324, 
2.2736634245270473, 
2.2736585880338005, 
2.2737074113032527, 
2.2736208290421462, 
2.2736172553626854, 
2.27365646056565, 
2.2737223530133694, 
2.273622621564996, 
2.273691246147685, 
2.273663357469051, 
2.2737310256412706, 
2.2737379794871297, 
2.27378267429314, 
2.273732007886724, 
2.273686644519581, 
2.273799593362492, 
2.273810334082054, 
2.273769984696575, 
2.2737485840322176, 
2.27065840060785, 
2.2629853619838025, 
2.2308446206533965, 
2.194864504853653, 
2.164509121938403, 
2.1434304903916517, 
2.114384333804248, 
2.0835903017486306, 
2.051784365272818, 
2.0193590253550213, 
1.9886010823754403, 
1.9585197151968692, 
1.9434910818319437, 
1.932251235137251, 
1.9199478905748486, 
1.9068856219214434, 
1.8949996162598324, 
1.8814287737559194, 
1.8658166506440206, 
1.8552965357522821, 
1.8453549410714793, 
1.8384729514177387, 
1.8312878335034612, 
1.8235255146428802, 
1.8152801858383039, 
1.0245147326023833E-37, 
1.033030611279467E-37, 
1.0312811002209973E-37, 
1.0279384814427157E-37, 
1.0204384953318255E-37, 
1.0255155924799175E-37, 
1.0269315586546337E-37, 
1.0238556919028392E-37, 
1.024223880909744E-37, 
1.0241072837661415E-37, 
1.0291850853349832E-37, 
1.0341055864993724E-37, 
1.021166120998719E-37, 
1.0396719441707006E-37, 
1.012695115374601E-37, 
1.0231003641639996E-37, 
1.0218137073163182E-37, 
1.0136342495197054E-37, 
1.0371526942450406E-37, 
1.0266464228448472E-37, 
1.029579163794273E-37, 
1.837177506567486E-37, 
1.981023736746528E-37, 
1.9701002022015768E-37, 
1.85777228023682E-37, 
1.9877359014167295E-37, 
1.896853756985715E-37, 
1.9903855044262735E-37, 
2.0072027483016518E-37, 
1.98444596428206E-37, 
1.890611822386356E-37, 
2.129604346025901E-37, 
2.028234973550734E-37, 
2.2454148261401887E-37, 
2.109590365401422E-37, 
2.1284647076750063E-37, 
2.143166921260193E-37, 
2.2007014393919673E-37, 
1.6517852300574933E-37, 
1.556515525391942E-37, 
1.2042602644656936E-37, 
1.1269478471011184E-37, 
1.004892564980492E-37, 
9.69816094176536E-38, 
9.256859546600588E-38, 
9.228835829322781E-38, 
9.91711153322367E-38, 
9.372787475172085E-38, 
1.0631884496352567E-37, 
1.0159298928589078E-37, 
1.1965000240018312E-37, 
8.300574658865507E-38, 
8.53717406664164E-38, 
1.135095460324901E-37, 
8.915671547304183E-38, 
8.352924928932474E-38, 
1.139341672847879E-37, 
8.537052369433015E-38, 
1.0698657633215765E-37, 
2.3230907366652396E-16, 
2.2447140181688843E-16, 
2.224029715932075E-16, 
2.212920655576741E-16, 
2.284372872476028E-16, 
2.2727812294039867E-16, 
2.2314625581758804E-16, 
2.340041049042286E-16, 
2.302626862650317E-16, 
2.323947074596829E-16, 
2.318218466045696E-16, 
2.3014294884656465E-16, 
2.32652051039517E-16, 
2.278719084508076E-16, 
2.297810682876235E-16, 
2.3046657500201475E-16, 
2.2555451254880274E-16, 
2.271219523211476E-16, 
2.2885132557674924E-16, 
2.311055376325429E-16, 
6.502930931230042E-17, 
9.04784022367328E-17, 
6.784823723456994E-17, 
7.778619064562694E-17, 
8.012069112849924E-17, 
8.945519682070315E-17, 
1.0551359307421937E-16, 
8.933698907802292E-17, 
1.0330499304458245E-16, 
9.421625883722599E-17, 
8.071253261897864E-17, 
6.623701560257439E-17, 
6.515419658984948E-17, 
8.443507248489573E-17, 
6.49186509382706E-17, 
8.175127204828706E-17, 
5.5453733058831123E-17, 
8.38982506905776E-17, 
5.416272146263816E-17, 
6.30191996258117E-17, 
6.038570318487118E-17, 
5.3492191574265633E-17, 
9.168208325513164E-17, 
5.097920727082824E-17, 
5.889590904697669E-17, 
5.576754387267534E-17, 
6.219700108048924E-17, 
5.543516212445444E-17, 
5.61840771512321E-17, 
6.403579159246411E-17, 
4.9960164890762237E-17, 
5.425808477704401E-17, 
5.993594255113257E-17, 
4.788876026350179E-17, 
4.557032599311077E-17, 
5.825174882073744E-17, 
5.23249358702852E-17, 
3.968606041126327E-17, 
2.0726769866399832E-16, 
1.4224957107478692E-16, 
2.007188343616091E-16, 
2.4583069554334443E-16, 
2.5244037161273436E-16, 
4.203940178403802E-25, 
4.167717266135886E-25, 
4.187412599612294E-25, 
4.175389921170902E-25, 
4.185535788014986E-25, 
4.1713547338733E-25, 
4.205447738707428E-25, 
4.182910541308631E-25, 
4.19734238661471E-25, 
4.172452061727041E-25, 
4.229078371169647E-25, 
4.208646379501765E-25, 
4.239048151207436E-25, 
4.19013386939575E-25, 
4.2353689297468875E-25, 
4.174090014992976E-25, 
4.184093388268645E-25, 
4.211570625391325E-25, 
4.206665952225484E-25, 
4.234689451427956E-25, 
4.230082326488442E-25, 
4.176479970384624E-25, 
4.216862774433679E-25, 
7.49496995904368E-25, 
7.804866128296116E-25, 
7.872743988401912E-25, 
8.027399533646802E-25, 
7.6307130766463E-25, 
7.391791646882685E-25, 
7.774769181608756E-25, 
7.876184271192423E-25, 
8.0478644597933445E-25, 
8.090583493618616E-25, 
8.2737434818727E-25, 
7.971898439933081E-25, 
8.597253896666587E-25, 
8.262147644219956E-25, 
7.374647703910374E-25, 
5.53531766466393E-25, 
4.629499194468466E-25, 
4.8327607982767125E-25, 
4.725038544986853E-25, 
3.4763797918072936E-25, 
4.0112078434665015E-25, 
4.441901272022379E-25, 
3.995270843921637E-25, 
3.7413060407475106E-25, 
4.20823483971702E-25, 
3.4891717746910527E-25, 
3.796288474825513E-25, 
3.5134422460003627E-25, 
4.591163245932751E-25, 
3.133468761200494E-25, 
4.595144306766398E-25, 
3.21373062578459E-25, 
4.501484797323576E-25, 
4.1146073270665884E-25, 
4.0072311903973305E-25, 
3.471671505625528E-25, 
3.5451318497231626E-25, 
1.7539786782232507, 
1.714308630599465, 
1.6360537350525246, 
1.6002881058565057, 
1.5588399128131625, 
1.5160929138301251, 
1.4887850518270835, 
1.4440116573340782, 
1.4137146092206745, 
1.3852343300101222, 
1.3548621020239084, 
1.329358527197246, 
1.2999165486701243, 
1.2760545812193171, 
1.255516957110484, 
1.2302269575990747, 
1.2063702588569623, 
1.189735059738138, 
1.1693101210473495, 
1.1417096862419736, 
1.130656683664793, 
1.106752016264535, 
1.0869969343945598, 
1.0766102611734092, 
1.0633976168587145, 
1.048191595843194, 
1.0229115906962323, 
1.018850257735372, 
1.0027507255740473, 
0.9923148743476434, 
0.9703963787509945, 
0.9621886316548381, 
0.9460645008526629, 
0.9388869986004984, 
0.9277723895774066, 
0.912610274159912, 
0.9037497602496087, 
0.8951162430737085, 
0.8787665180057962, 
0.873486047600829, 
0.8633862767794952, 
0.8503573662685151, 
0.8457499422332493, 
0.8344401970540054, 
0.8259846600038766, 
0.8234428934371714, 
0.8175272142301745, 
0.8033202187601569, 
0.7993949641403405, 
0.7856054674506163, 
0.7771405227329684, 
0.7761344936471553, 
0.7714689402612639, 
0.7604757352173115, 
0.7522787779584754, 
0.7468313940277349, 
0.7365414757192502, 
0.7381072030720683, 
0.7290802970019242, 
0.7254254844141506, 
0.7149477364117874, 
0.7109847451696957, 
0.6997679715479748, 
0.6965868260010948, 
0.6965375588169728, 
0.688947359385879, 
0.6820522597699024, 
0.6801088289513484, 
0.673294486998781, 
0.6696141996762467, 
0.6555706665550929, 
0.6532534462701456, 
0.6545950737986866, 
0.6475387917272788, 
0.6394185079320448, 
0.24382904523990945, 
0.2478432984296277, 
0.24089118128787101, 
0.2465059016477419, 
0.250347554439245, 
0.251990313605251, 
0.25013731394703087, 
0.25043536922360765, 
0.2544710122755609, 
0.2511417535762298, 
0.251155398505586, 
0.2576810486644911, 
0.25940088514368637, 
0.2575479706521917, 
0.2644143898285113, 
0.26607584240910176, 
0.2661610895308226, 
0.2657627853618564, 
0.2661510262830838, 
0.2684625630946589, 
0.2758999328024088, 
0.27550315537950515, 
0.2771061980519226, 
0.27914948181515753, 
0.2740170101368592, 
0.28330167539713225, 
0.28813695556784813, 
0.28222977164715424, 
0.2834302390748127, 
0.2881763258713932, 
0.2886140658923463, 
0.30044671851974414, 
0.3003347637591314, 
0.2983496292584864, 
0.3069363215503309, 
0.3072879305799754, 
0.3107320532914839, 
0.31823809558892424, 
0.31380218384963854, 
0.31694395418753774, 
0.3235765635629627, 
0.32634605266591055, 
0.32701916692508504, 
0.33202218143591067, 
0.34367614599844465, 
0.3464933204272028, 
0.35135620954888025, 
0.34775799468807866, 
0.3566909182531407, 
0.36403281979674473, 
0.36232607515531257, 
0.36877083705661107, 
0.3792679617000265, 
0.38393734207226005, 
0.39524967022987223, 
0.3951917251502133, 
0.4078330753860959, 
0.14053266201176928, 
0.17407605025349157, 
0.1721087039696696, 
0.1703547289551038, 
0.1684597965472636, 
0.16671274291642885, 
0.16500351252370443, 
0.1633380508363426, 
0.16168088290646104, 
0.15998727720734146, 
0.15837333547691526, 
0.15684938058821155, 
0.15603511310948603, 
0.15526229199021552, 
0.15446697135140092, 
0.15375313216485614, 
0.15290529419562357, 
0.1521815037597879, 
0.15148811274015805, 
0.15078367977527576, 
0.15002434170360887, 
0.14930066066782208, 
0.14865335218350748, 
0.1479703560094086, 
0.14730558196945784, 
0.14664418962823356, 
0.14595458549645804, 
0.14536934956591976, 
0.14471538306016565, 
0.14403988011144042, 
0.14348459702143754, 
0.14288396378277898, 
0.1422654680236083, 
0.14165883833961151, 
0.14111381742972606, 
0.14054127727818314, 
0.13996298750440211, 
0.13939722381955738, 
0.13882923618673926, 
0.138232556453492, 
0.13759253792012177, 
0.13685539617442136, 
0.13592898226500189, 
0.1341021699584482, 
0.13148573937492658, 
0.12577053270856545, 
0.11436151511017459, 
0.15740708516509558, 
0.15943372397352834, 
0.15826503587601273, 
0.14825503315451227, 
0.14960422602587287, 
0.15380434112987157, 
0.15391011052226533, 
0.13976469243759695, 
0.14565932852867108, 
0.1367957753075641, 
0.13874996456474836, 
0.1393764910910106, 
0.1401623380851328, 
0.1344245723019678, 
0.1236287095965409, 
0.12584172775233415, 
0.12160058021965608, 
0.12486288535559564, 
0.1257159914639613, 
0.12207002758280999, 
0.11183241450465081, 
0.11367241445549842, 
0.10926907537053138, 
0.10721703648129316, 
0.1054695028519193, 
0.10551245391224262, 
0.10602055394588622, 
0.10681236407416123, 
0.09891759585656323, 
0.10412879303111824, 
0.09577953324787494, 
0.09103636047725952, 
0.09555975145219386, 
0.09441262323933766, 
0.08917850581229333, 
0.09049625074705026, 
0.08603458489301996, 
0.08264941530979653, 
0.08189448131067886, 
0.07902292892969101, 
0.07997830744597456, 
0.07692426538317595, 
0.07691565100919195, 
0.07737566620294672, 
0.06783701023873531, 
0.07040901210126344, 
0.06624381249127187, 
0.06960721991229135, 
0.06528050152913456, 
0.061409643679156356, 
0.059446914379138904, 
0.0615485609337556, 
0.05759253894328703, 
0.05284022282474257, 
0.054330180287535806, 
0.04741569213675009, 
0.04941236900565732, 
0.05027103240148964, 
0.04213824985110903, 
0.04610062957979216, 
0.045517572151785535, 
0.03851330113317797, 
0.041649550604093644, 
0.03484971138121751, 
0.03203492473734365, 
0.031333212098519775, 
0.032550100536818616, 
0.031045726325252654, 
0.028340264112502678, 
0.02360841586250864, 
0.021632132541200805, 
0.02047803721580488, 
0.018490920764671542, 
0.019073527603073653, 
0.014897607484716524, 
0.01723072005786455, 
0.014620495847915665, 
0.009496312020326747, 
0.009315007357442034, 
0.010703665913656013, 
0.006601613480441859, 
0.002610625072425543, 
0.003531149333005773, 
0.0022765230198911746, 
8.936628632991717E-4, 
0.001796340159423343, 
0.006127634262757475, 
0.007461460090086136, 
0.00970091987272581, 
0.00737109166938385, 
0.010400570153434374, 
0.01383951445465037, 
0.01390708877835145, 
0.0184360499319432, 
0.019768730266271906, 
0.02136785642382888, 
0.020419811157593226, 
0.023576918448735884, 
0.023067753228536547, 
0.02660998286181504, 
0.02880866440834204, 
0.029691177281489428, 
0.03288248326937859, 
0.03441068468948699, 
0.03605080471248301, 
0.03878095535037934, 
0.036763758426664184, 
0.040878722077535956, 
0.04297688402345459, 
0.03622588162198501, 
0.03833114589195344, 
0.038556458627162116, 
0.04186005359413297, 
0.04429827728234875, 
0.04539487306314799, 
0.048627949626188105, 
0.05001568943962034, 
0.05189024226757044, 
0.05374942762977469, 
0.05692540465828358, 
0.05679401561171782, 
0.060016210143984616, 
0.06077529313628127, 
0.06458374291589511, 
0.06623091753797927, 
0.06773835935731243, 
0.06921364699057506, 
0.07243020043822243, 
0.07379189984084164, 
0.0762919362315494, 
0.07697730426262375, 
0.07841313159350147, 
0.08122069062910509, 
0.08367842437165857, 
0.08588488540846084, 
0.08713305925338666, 
0.08860767500714486, 
0.0908642907355785, 
0.15588859258743432, 
0.1565857632787672, 
0.08029410976612923, 
0.1052583751431654, 
0.05178075894323518, 
0.12711385154031746, 
0.07132981332650301, 
0.09832227524869092, 
0.11973009061751375, 
0.08205280934714825, 
0.15444826007352028, 
0.13363844610733489, 
0.14819182561188698, 
0.16282782539552001, 
0.17982636790965478, 
2.142832262694059, 
2.1429921462556663, 
2.48233631085567, 
2.4807378651718097, 
2.4527858037246144, 
2.4534040997602387, 
2.455491117058661, 
2.44758444651864, 
2.4507753105523777, 
2.4459000525857038, 
2.4542263798147737, 
2.4520522534119946, 
2.449048647110632, 
2.4437982264149136, 
2.4514198728874375, 
2.4520738911768363, 
2.4487430871370632, 
2.4432440164467923, 
2.442303559169735, 
2.441502203350408, 
2.444423921165612, 
2.4448046421723055, 
2.4463491709197345, 
2.440476713764159, 
2.4483700044633867, 
2.4464151154604616, 
2.446527643512748, 
2.441857358405518, 
2.4429773338433085, 
2.440859624872288, 
2.4437173990055, 
2.4376646503251638, 
2.4441097345120077, 
2.44440426097422, 
2.4400000625131586, 
2.4422695774930956, 
2.441533446550925, 
2.4378091810912665, 
2.4392374815727824, 
2.4388632253000635, 
2.4411287013425396, 
2.439024516938412, 
2.4389047444068406, 
2.435656123284243, 
2.438196136095806, 
2.4353624883140186, 
2.4369062909203327, 
2.4311958730317595, 
2.435835703952166, 
2.4338465859181726, 
2.4325811151250316, 
2.4328377094266966, 
2.4292131672499417, 
2.4300949277758566, 
2.4316587248365162, 
2.427754299617575, 
2.4338811343000426, 
2.4273772824766047, 
2.4315228628234493, 
2.431098850319793, 
2.42549234242508, 
2.431384771404496, 
2.4272045918879823, 
2.4221250913390153, 
2.427812012076736, 
2.4226138359042015, 
2.4261931059665978, 
2.424558431513911, 
2.4232841767627518, 
2.426241092817021, 
2.421950690020313, 
2.4215155166935327, 
2.419436580528427, 
2.4217212060221085, 
2.4224103080832924, 
2.420874833474749, 
2.421743716672999, 
2.4183718317494387, 
2.4197795582302835, 
2.4201749194113917, 
2.4186963356575855, 
2.4199061279243606, 
2.4169121133193374, 
2.4194036248767383, 
2.412626170653298, 
2.4150390234430787, 
2.4113860567033503, 
2.413891012200628, 
2.41211782171082, 
2.411010810303397, 
2.4126902267570607, 
2.415650299166357, 
2.411800807128004, 
2.4126925730951516, 
2.4106732941916063, 
2.4135115090196253, 
2.407616603069124, 
2.4053525126728235, 
2.410638494904419, 
2.408603371631959, 
2.410155778105996, 
2.4081256982880825, 
2.4078155177406972, 
2.4036968457625636, 
2.407380207313068, 
2.4044904180746567, 
2.4051003749548117, 
2.404179538847959, 
2.4040062315214255, 
2.402347897731784, 
2.405045387820842, 
2.399155431952746, 
2.4003657843475685, 
2.397468398001605, 
2.4003837719396084, 
2.398893953374701, 
2.3964307039378054, 
2.3959574398275922, 
2.399587376330482, 
2.3983189316618527, 
2.3948445107807874, 
2.3980456991185592, 
2.3956050390326116, 
2.393309121093661, 
2.3936223867513067, 
2.396040729968701, 
2.3956627129685146, 
2.395303046312682, 
2.3921517509161303, 
2.3927406904269226, 
2.3905410638050926, 
2.390987405834437, 
2.392177275078675, 
2.388909744092209, 
2.389560552709509, 
2.3895456654074403, 
2.3859067962982485, 
2.389072459788583, 
2.3859816605482878, 
2.3831669751494946, 
2.387091023992549, 
2.386400242442872, 
2.3850204992361816, 
2.3823329332986907, 
2.3823086743536286, 
2.381796884571962, 
2.3798621261240385, 
2.3808958815037498, 
2.3772846391842926, 
2.382298626841192, 
2.3796360755134898, 
2.378003058473504, 
2.376371071142384, 
2.378984931421633, 
2.3786256989323444, 
2.3782617866424385, 
2.3764991775312305, 
2.3767912056946066, 
2.3753209228787107, 
2.3749714510668056, 
2.3738950433395494, 
2.372875087020897, 
2.3698084962680435, 
2.132901753335272, 
2.1333396126263793, 
2.128069446943089, 
2.1250922534117174, 
2.124397939620607, 
2.121156434553027, 
2.121873964000393, 
2.1199245769155532, 
2.115858844793043, 
2.1173150987442857, 
2.1165730721992406, 
2.113779196515867, 
2.113520537411283, 
2.106743080200772, 
2.1052175513490843, 
2.1082792843749933, 
2.1029720661166387, 
2.10205345615394, 
2.099440956336584, 
2.099567724506743, 
2.097207801898967, 
2.096778553124894, 
2.09167411384807, 
2.090991974002523, 
2.0912823939723078, 
2.0900131298846287, 
2.0864068935704023, 
2.087407854186287, 
2.0868740140616318, 
2.0847770643017554, 
2.081849742116701, 
2.0787218381546797, 
2.0801280206538326, 
2.0724214873738074, 
2.071388661020926, 
2.069589378074179, 
2.0671181215402603, 
2.0693545576774404, 
2.069803370691493, 
2.064232156339014, 
2.0633090908489833, 
2.061408747357459, 
2.0609658446071366, 
2.0607757416616637, 
2.0617347418497847, 
2.0591288597761306, 
2.057877849846535, 
2.0497607611640647, 
2.0498742700418755, 
2.047905044231798, 
2.0517277138357666, 
2.050046936739747, 
2.0455211781401292, 
2.044695493845167, 
2.0436222121215666, 
2.0438852614511176, 
2.0428007156889842, 
2.037766653505522, 
2.035279547444971, 
2.0331236256004948, 
2.0366052698239603, 
2.0304844104376314, 
2.0288467893887767, 
2.0314501756852446, 
2.0269807910935453, 
2.030824897945593, 
2.024703525020981, 
2.0229499469597787, 
2.0233817383231196, 
2.0217148650367034, 
2.0214482382476273, 
2.017050184825491, 
2.014024167448129, 
2.0166680252950373, 
2.010758281275534, 
2.0100792891559665, 
2.0143817615073765, 
2.0156290003244446, 
2.009364386630229, 
2.005699543220074, 
2.0028386025478673, 
2.0048043067461143, 
2.0087319313636445, 
2.001068176881116, 
2.006960782000302, 
2.0017883503454756, 
1.9984910857111808, 
1.9997600917454088, 
2.0003326317321775, 
1.9994227235468296, 
1.9954316137154775, 
1.9918534935166141, 
1.9939265306609788, 
1.989097947933606, 
1.9956467012005685, 
1.9925365335506964, 
1.9873970090828745, 
1.9867895341998896, 
1.9851813569814367, 
1.9875901457632552, 
1.9843846168800185, 
1.9785295274216548, 
1.9799011287475374, 
1.9854925543481547, 
1.9757429923583327, 
1.97843174192615, 
1.9793791323835173, 
1.97941641670695, 
1.9814237447747542, 
1.971027131342138, 
1.9748656841858798, 
1.9762652045800317, 
1.9752030419609459, 
1.9747627628378939, 
1.9705722626063862, 
1.9720368420174461, 
1.9683051739450597, 
1.9658376427185873, 
1.969643128091656, 
1.9675789217546185, 
1.9632386964647872, 
1.9595992867893424, 
1.9638113002604793, 
1.9657590909459222, 
1.965323567567796, 
1.9570359374579933, 
1.9600959378347032, 
1.95463694675654, 
1.9573028597328017, 
1.9526485357144798, 
1.9585526727978055, 
1.9616809532808261, 
1.951587493800362, 
1.9521965516831337, 
1.9515378069127638, 
1.9578575487428505, 
1.9550290157381283, 
1.9564748306652104, 
1.9541082314833953, 
1.9483158528640758, 
1.9538313620705834, 
1.9474880207190806, 
1.951053034508146, 
1.9454265700903033, 
1.9447513212716983, 
1.9425749173197606, 
1.9439327451779218, 
1.947372030342804, 
1.9498579105334208, 
1.9452332642699384, 
1.945952850651512, 
1.946817741098088, 
1.9485879405912225, 
1.9393970702090835, 
1.9425546172382715, 
1.939541849317855, 
1.9456051307123112, 
1.9467583716108803, 
1.939550416967124, 
1.940359586799815, 
1.9462594580561285, 
1.9450038846791422, 
2.3088860072424406, 
2.3122920616953717, 
2.3174986280252736, 
2.30799499476868, 
2.314830648185587, 
2.3083320654816153, 
2.3110857014781176, 
2.306481610347525, 
2.3086108050167526, 
2.3154858308390907, 
2.312998675183629, 
2.3115855313001985, 
2.307340349205509, 
2.314129789039003, 
2.3062660236407617, 
2.306669775393, 
2.0909258317156363, 
2.0932050727572005, 
2.0956205100181213, 
2.0908905026689597, 
2.1482201578957403, 
2.2847674460264935, 
2.2847570265715453, 
2.834762762474118, 
2.8098593804046743, 
2.818676619635708, 
2.8104385918488926, 
2.8133305945188245, 
2.706270182697755, 
2.6909412807444397, 
2.7631350237476604, 
2.814111858035408, 
2.7563658122789643, 
2.741436274334134, 
2.7863734212104854, 
2.763249188885318, 
2.6510817241694786, 
2.447742583637642, 
2.310051513309072, 
2.4723890580863004, 
2.2475212838877554, 
2.343571341974174, 
2.314726121280893, 
2.2671469435213374, 
2.277383748844059, 
2.252419692324186, 
2.3654972579344653, 
2.3760053711147044, 
2.2160685664271003, 
2.363484252808625, 
2.247481341718547, 
2.2346346517658073, 
2.326126473492131, 
2.2771058766917585, 
2.183463027891342, 
2.393976836076538, 
2.2049012775801584, 
2.278928832714434, 
2.378475653887483, 
2.215554225312535, 
2.2601360496798764, 
2.2019741394205345, 
2.2976343811766458, 
2.3144580054953163, 
2.363532537602718, 
2.266912181470621, 
2.3114705417533425, 
2.267821117875876, 
2.370238521183894, 
2.17758352659402, 
2.269022678526648, 
2.265064841266321, 
2.298026360220582, 
2.2181877951977955, 
2.2469670500769334, 
2.4140727428228743, 
2.329850496118401, 
2.25407947186999, 
2.3445759233145957, 
2.2801845044979454, 
2.2545355501686224, 
2.1277287501718654, 
2.390264742850723, 
1.1681486317136844, 
2.3129817617968564, 
2.310581330743286, 
2.3239085824461903, 
2.3178379451480104, 
2.306093484971594, 
2.3125435031134494, 
2.3179835592835083, 
2.3149693662840285, 
2.3168402727368367, 
2.312180442955974, 
2.304898990218529, 
2.3046834727156345, 
2.3111697128929727, 
2.3023910660953057, 
2.312201353492805, 
2.305914679603698, 
2.2998201864910137, 
2.304813974625214, 
2.3059051351556072, 
2.304370378725283, 
2.29030106642364, 
2.295437773783116, 
2.3026810849740778, 
2.305218022534073, 
2.2970268729827157, 
2.2840841151421247, 
2.2910405137068497, 
2.2858077635576666, 
2.2884442153189712, 
2.299961775572793, 
2.53278128472667, 
2.2605275687618405, 
2.392924844049833, 
2.3418310303750363, 
2.2123945083113514, 
2.3404358043543128, 
2.2573831191401568, 
2.3442217524146387, 
2.298615115252814, 
2.305879163824676, 
2.348424688723347, 
2.211273961555469, 
2.337044232078482, 
2.3070053359092086, 
2.1399732948134997, 
0.2097742041167938, 
0.2076512603480699, 
0.2126620146363045, 
0.21663930348144736, 
0.2143900778604058, 
0.21696273444906078, 
0.2166497447728039, 
0.2177702187139246, 
0.21447935854455752, 
0.21157201868079786, 
0.21969571304042473, 
0.219760071630803, 
0.22123454014547875, 
0.2209470641033524, 
0.21737385436249085, 
0.22238666661072523, 
0.21889236320595862, 
0.2186565902214156, 
0.2206745247620626, 
0.22257539446764038, 
0.22430695102399278, 
0.2154528748139179, 
0.21833089063740468, 
0.21549836393123753, 
0.22277131755401564, 
0.21819301768292315, 
0.22024862642230247, 
0.22152298617754013, 
0.22164072705872537, 
0.22424356074335158, 
0.2218098817551079, 
0.2261691367510761, 
0.21859619567547706, 
0.22826961409250807, 
0.21947586732341548, 
0.22938946895179088, 
0.22214660604801117, 
0.23046184262641342, 
0.2261173680635219, 
0.22827616044859514, 
0.22828875921583527, 
0.2217689900854886, 
0.22677788180443556, 
0.23060881100672925, 
0.2267246756452935, 
0.22511268398347892, 
0.22533868860960443, 
0.22247189546403034, 
0.22723414878811482, 
0.2260547114090109, 
0.23425506582326894, 
0.2286373242443002, 
0.22752623712052805, 
0.23106124050860838, 
0.22872115035902163, 
0.22861908537017894, 
0.23014948859869083, 
0.2290651715348823, 
0.23125933747191008, 
0.22707110011538442, 
0.23506193469629186, 
0.22683285768164302, 
0.23324902380956403, 
0.23705837564554885, 
0.23195323767162246, 
0.23728252902075045, 
0.22810376310129857, 
0.23216761381639284, 
0.22939997662315043, 
0.2354940250032811, 
0.22826877212749916, 
0.22992258649605565, 
0.23044052854613295, 
0.22895027019016062, 
0.2387795053933921, 
0.020981227266612366, 
0.0054390620077971324, 
0.005342244418361935, 
0.005435021916169526, 
0.005257160551987509, 
0.0053379698853928455, 
0.00532439260108067, 
0.005389147352527183, 
0.005509292120972431, 
0.005327528150478835, 
0.005434261419109083, 
0.005498177099038141, 
0.005343792565380073, 
0.0055219588576619185, 
0.005418145597967966, 
0.0054366083903209725, 
0.005462860356274823, 
0.005376069475646237, 
0.005424067518308896, 
0.0054415217967936835, 
0.005496466086152593, 
0.005401726425028445, 
0.00540061518173772, 
0.005637535164943356, 
0.005550352098412107, 
0.00548853313591195, 
0.0055009291182586285, 
0.005551281663605058, 
0.005646058055766588, 
0.35266986670916345, 
0.35700278734034396, 
0.36025384651225356, 
0.3631926916595202, 
0.3729247946258153, 
0.37852148283761244, 
0.3788309604923393, 
0.38608548551084887, 
0.38839142291181217, 
0.39003919301463513, 
0.3932481591952644, 
0.4026238472784605, 
0.40553968107470734, 
0.41232819406146437, 
0.41295299860190615, 
0.4220956604820187, 
0.4197387919260906, 
0.4229951948866067, 
0.43018657535890426, 
0.4371022425085175, 
0.4422554044357028, 
0.44668840253956005, 
0.4460102871389621, 
0.4480547634041595, 
0.4531606495484648, 
0.4601628204581026, 
0.4612786222836808, 
0.4618005444682601, 
0.4640160588193467, 
0.4711349993897456, 
0.47873725313760296, 
0.48395880796444185, 
0.4787798894200595, 
0.4822220983868912, 
0.49015803516308043, 
0.4939069291927944, 
0.49966072922523264, 
0.4957172274558358, 
0.49816295525381343, 
0.5037698388980191, 
0.5071363132850747, 
0.5061997977081187, 
0.515154612171144, 
0.5142633426655877, 
0.42373237459166707, 
0.4885206690492632, 
0.4272382218436389, 
0.5119986006124148, 
0.5317063342303026, 
0.5104754335311994, 
0.5095816501324559, 
0.32699078829224615, 
0.3054604653626345, 
0.4521707774191889, 
0.2090876499882006, 
0.130712166205685, 
0.02802426668538454, 
0.0655461045112709, 
0.15605066298977302, 
0.06677677870656241, 
0.020144488280709867, 
0.026084022053550062, 
0.06305984207606044, 
0.01913220937227213, 
0.055154134251412065, 
0.05237173463933515, 
0.006491609757565003, 
0.04359642265143215, 
0.033903530667330393, 
0.013858072676646032, 
0.07835583630382201, 
0.03317216890818485, 
0.08500524911805174, 
0.07343800500805428, 
0.0638201892474791, 
0.03576642759477051, 
0.015921912466181028, 
0.014507924707504841, 
0.013109621882246417, 
0.01064959500540271, 
0.006236425302141305, 
0.06403676330102286, 
0.022753120670595563, 
0.04841519518997414, 
0.008119957270979413, 
0.06943054812676301, 
0.029508212875070525, 
0.015149018156162493, 
0.01211743492667171, 
0.0796378202900736, 
0.06779891325929721, 
0.06867111934773834, 
0.051692101144316834, 
0.05194683908421108, 
0.036155476970603784, 
0.11772720690541624, 
0.03788456408513429, 
0.034250500844050395, 
0.007526370707022521, 
0.11866522732016095, 
0.11709951264687943, 
0.1558169598797797, 
0.028287184503748914, 
0.029479808184618757, 
0.48511810637084807, 
4.2599032676858165E-37, 
4.195766558612532E-37, 
4.0860164471689324E-37, 
4.167336116141806E-37, 
4.123806206171562E-37, 
4.220354532768506E-37, 
4.269338588636854E-37, 
4.077094524923467E-37, 
4.023747600960526E-37, 
4.405428786390898E-37, 
4.2727812097666366E-37, 
4.060388650019376E-37, 
4.076057079141683E-37, 
4.238925261661106E-37, 
4.20617131394886E-37, 
4.346960814661852E-37, 
4.0764978820397905E-37, 
4.100556658039652E-37, 
4.313150798499729E-37, 
4.364932394698259E-37, 
4.110558819578313E-37, 
3.933734852620014E-37, 
4.236546256668825E-37, 
4.077197288539528E-37, 
4.226443307836745E-37, 
4.11266497851959E-37, 
4.29750548012501E-37, 
4.22569130573342E-37, 
4.282217470112293E-37, 
4.08059816155874E-37, 
1.186408719908194E-36, 
1.443466132967075E-36, 
1.409319630190436E-36, 
1.2969751735669286E-36, 
1.3590838868423182E-36, 
1.300564645084608E-36, 
1.3039029968779205E-36, 
1.2374712587713662E-36, 
1.3692682077751752E-36, 
1.3386765350945435E-36, 
1.3119937490355842E-36, 
1.3326336875475442E-36, 
1.5020297999963957E-36, 
1.4149146214397808E-36, 
1.2993450256639764E-36, 
1.2460345209708433E-36, 
1.3427722370719995E-36, 
1.417147820490237E-36, 
1.3999240059944217E-36, 
1.5301101504533362E-36, 
1.624763940480063E-36, 
1.3018657312973376E-36, 
1.0034813043200363E-36, 
8.753307621798495E-37, 
7.44151110223245E-37, 
5.9529830823779714E-37, 
6.822628604951797E-37, 
6.520111902379058E-37, 
6.4636663001701295E-37, 
5.228640699219867E-37, 
5.131329570649855E-37, 
4.4561564445957915E-37, 
4.822127577452406E-37, 
5.035768719190579E-37, 
4.83098191702199E-37, 
5.842456132660982E-37, 
4.75071342551406E-37, 
5.175982553589911E-37, 
5.66839298518765E-37, 
4.497834669255598E-37, 
5.686385357343193E-37, 
6.024680983275783E-37, 
4.4758830107063606E-37, 
5.078769395470232E-37, 
4.790222796724272E-37, 
3.6860072601428253E-37, 
4.8373212032816265E-37, 
4.433957259104298E-37, 
5.643826128029302E-37, 
4.2000885777112295E-37, 
5.188442882237347E-37, 
5.039819859685888E-37, 
3.8610464104386355E-37, 
4.871501437634543E-37, 
3.4930061965277257E-37, 
4.52401096132303E-37, 
5.160770423419783E-37, 
5.179197889970486E-37, 
4.258912208823069E-37, 
5.289502898624746E-37, 
4.877012130116002E-37, 
4.9157698812361945E-37, 
4.58837849523166E-37, 
3.908860707778762E-37, 
3.949984311347758E-37, 
6.1576364007997915E-37, 
5.846109052662861E-37, 
5.067712657747489E-37, 
2.3996729966443264, 
2.3998675635227125, 
2.3910707169719396, 
2.3972158793888387, 
2.395748954473997, 
2.39928630184058, 
2.391812040655097, 
2.39724200706288, 
2.392642177169985, 
2.3970592222562357, 
2.3955558111702953, 
2.391175104403587, 
2.3976387832770563, 
2.399114665626813, 
2.3996065583409543, 
2.3955614154660134, 
2.396969792300651, 
2.3967880814097957, 
2.393546053729735, 
2.39653279723453, 
2.3968063610106403, 
2.3976864503967574, 
2.3955429186554382, 
2.39208913085224, 
2.398690521001967, 
2.391403019562896, 
2.391553360785231, 
2.3944757338619476, 
2.3969558538611286, 
2.392818545708902, 
2.397217589283933, 
2.398189812831088, 
2.3947384869332025, 
2.393779153835471, 
2.3938632507758735, 
2.3942273924392445, 
2.394803041396345, 
2.3918528307905125, 
2.3926772359340576, 
2.3914250003690114, 
2.397003366913056, 
2.394922132134466, 
2.39281889030423, 
2.3914940633295725, 
2.3949928284844315, 
2.389902476668974, 
2.395134664156573, 
2.3941164281666785, 
2.388836262474066, 
2.3946919333330223, 
2.3930880598635955, 
2.3873649409318576, 
2.3905280980434545, 
2.389978790057529, 
2.386721590561815, 
2.3863565211499003, 
2.389751037277722, 
2.3929684617532883, 
2.3877193415226214, 
2.3888675085586866, 
2.38683460889093, 
2.393913564630091, 
2.3852617316126836, 
2.3860346594488817, 
2.3872582624528667, 
2.3878499281192997, 
2.39150038250928, 
2.38912075501157, 
2.3910731802100416, 
2.387453753756626, 
2.3895543611268426, 
2.393257490826256, 
2.387867998552693, 
2.386067693738167, 
2.3913011456170503, 
2.330154346235951, 
2.376870358752056, 
2.357519973772565, 
2.353782511837613, 
2.3533770699075194, 
2.3550150506408856, 
2.3602911781341236, 
2.3538502617804906, 
2.3551561697721404, 
2.358019495302086, 
2.3574431664632334, 
2.358781773008848, 
2.358271483400275, 
2.360667657569662, 
2.3549377670697482, 
2.357048446262252, 
2.3516225459558315, 
2.3559895848516486, 
2.3573558137487636, 
2.356053207558534, 
2.3567457465524737, 
2.3528870512314732, 
2.3596653744454414, 
2.3529375105567003, 
2.351731430820121, 
2.3590145792931807, 
2.354028134814854, 
2.3508614236841985, 
2.353144991403993, 
2.3529727474030016, 
2.3555677111847815, 
2.3572414125237073, 
2.3498217674345554, 
2.3506742892194006, 
2.3505611837556053, 
2.3569035027016936, 
2.3532357466103493, 
2.3504052771218373, 
2.356383152900946, 
2.3499868432494573, 
2.354056367168139, 
2.349579032606048, 
2.354382564116184, 
2.353922739600163, 
2.3533689978624244, 
2.3564066796659353, 
2.3505057127567492, 
2.3514820981662528, 
2.348614377134003, 
2.351761371959616, 
2.3539956502079127, 
2.3544620219910097, 
2.3479890248072612, 
2.350452272536797, 
2.347626050814679, 
2.3529616441602936, 
1.967662025437349, 
1.9678473063486819, 
1.9647900008615808, 
1.960619766647178, 
1.9576720491644175, 
1.9571264935283454, 
1.9609555342489067, 
1.9582548114571074, 
1.9515206267439966, 
1.9553369881601363, 
1.9484442857340816, 
1.9510828908326299, 
1.946602065732895, 
1.9431346171251218, 
1.9426058634819179, 
1.9392264798869783, 
1.9449604876597641, 
1.9452549890777124, 
1.9365773946421383, 
1.9383821409241904, 
1.9366486091510726, 
1.9324561434334013, 
1.9327352214754168, 
1.9338750661783308, 
2.606141110007953, 
2.607588209584512, 
2.60380171052144, 
2.6044585347789684, 
2.601403541498962, 
2.6018160128339334, 
2.601794576122672, 
2.5992782801739147, 
2.593282696341194, 
2.5940170376566525, 
2.590935258170029, 
2.5877950580854017, 
2.5908476037555, 
2.5842394871033085, 
2.5814224555629592, 
2.5809730978832395, 
1.9870626276205479, 
1.9867326898061575, 
1.9806357418536749, 
1.9805731532369895, 
1.9795272285602423, 
1.9725885486967623, 
1.974405421047278, 
1.969266709687266, 
1.9726539251538298, 
1.9660395549961622, 
1.9719960646808197, 
1.963311649181282, 
1.9615993877080893, 
1.9586794022713887, 
1.9615274565919938, 
1.9573592635051478, 
1.9592837677030444, 
1.9577780822538475, 
1.9566318501668984, 
1.9482952989805913, 
1.949687650859735, 
1.946879000834806, 
1.9436459503921943, 
1.9411219774160076, 
1.9418102513355042, 
1.9425532459516122, 
1.9374353189498925, 
1.940409390730959, 
1.9400884726163996, 
1.9354243733937886, 
1.9372330576434864, 
1.9353084795145028, 
1.926041941327405, 
1.9313692832768043, 
1.9318812384098023, 
1.927587986150328, 
1.9254762516938833, 
1.924961573107523, 
1.9189707832578842, 
1.9163810313696819, 
1.915993052554155, 
1.9149451308586065, 
1.910000100934505, 
1.9151610751012562, 
1.9129626754514213, 
1.9150791159419258, 
1.9076261422147192, 
1.9113602509628413, 
1.9062192914587142, 
1.902376367946105, 
1.9027832263261688, 
1.8982780803062047, 
1.9014816663026979, 
1.903885181451738, 
1.9041107709731433, 
1.898133969263605, 
1.9030421448763666, 
1.8929443977756666, 
1.892221741558128, 
1.897811197955892, 
1.8944296437153763, 
1.8926016320712669, 
1.8965494273099708, 
1.889406603966958, 
1.8841931450339655, 
1.8867910369726122, 
1.8934053029103883, 
1.8867018865654694, 
1.8875442167988759, 
1.8814273749530877, 
1.882998699426782, 
1.8818644775832367, 
2.696865302324256, 
2.701248272473274, 
2.700358304146114, 
2.6954739051436944, 
2.7001923645550536, 
2.545735352192497, 
2.5488467316817864, 
2.5418042266983374, 
2.5417203385974654, 
2.539680963603646, 
2.539581430106165, 
2.548850723673112, 
2.540789470202007, 
2.5393671614045186, 
2.5422189480384305, 
2.5399559283752646, 
2.5399293885779493, 
2.5396911833389013, 
2.5430560386848913, 
2.5397530537735173, 
2.54172064314002, 
2.5420684524787536, 
2.5344310296215373, 
2.5350841303504934, 
2.537870297655747, 
2.5124796413701547, 
2.504215847098321, 
2.512159076045199, 
2.503339778929716, 
2.5035392431526224, 
2.5043923581189373, 
2.5050761985027403, 
2.5093233111234845, 
2.5067862589527774, 
2.5084554276104294, 
1.7798619985235682, 
1.7774938183673843, 
1.7701092481728447, 
1.7752599616074547, 
1.7676660788991163, 
1.7668320805717954, 
1.7625252637861357, 
1.762238453792301, 
1.7650422839137399, 
1.7533550233945099, 
1.753278356636709, 
1.758851851727668, 
1.7512721735687404, 
1.7542019844839225, 
1.7520488808619885, 
1.7496552066887459, 
1.7386534329653376, 
1.7371253777332454, 
1.740692956553271, 
1.7336088368039988, 
1.7384173020918103, 
1.7319970739132842, 
1.7350260208085073, 
1.733014402094537, 
1.730415770396427, 
1.725108649809692, 
1.7234669625992667, 
1.7285876466399266, 
1.7208584543857377, 
1.72254490495548, 
1.7191084272316752, 
1.7203484149975665, 
1.7188849202044167, 
1.7223388459837299, 
1.7146310043307311, 
1.7147863729478061, 
1.8254589838350133, 
2.434303044368653, 
2.767768979534968, 
2.722432022485233, 
2.2847824642933774, 
2.287690526026241, 
2.2875618926667656, 
2.282465234428822, 
2.291140182278406, 
2.2917763811403575, 
2.2828738692879202, 
2.2870135449642186, 
2.287992810253292, 
2.292429373492812, 
2.285789356642753, 
2.2906294694687057, 
2.293369520558379, 
2.293590426390301, 
2.2847149057899863, 
2.2876136115485917, 
2.2934643886183257, 
2.2882742572227004, 
2.28853248853411, 
2.2851251894737725, 
2.28932380952565, 
2.286191043353079, 
2.286989719281949, 
2.2876445988544303, 
2.286552767683604, 
2.283272124671419, 
2.286907960073493, 
2.292558561951824, 
2.2921850737680662, 
2.286276305810643, 
2.293541257898621, 
2.2850937232216664, 
2.284056170727155, 
2.287661215487109, 
2.2866166002742996, 
2.2828555322012285, 
2.2863712788310537, 
2.289716219499807, 
2.2907742420814086, 
2.2823384287410464, 
2.2864341750614594, 
2.2908693632489965, 
2.2886743700665364, 
2.293531836637178, 
2.285722589527306, 
2.2918110256881277, 
2.283236132948832, 
2.2854589694717404, 
2.2852539645735215, 
2.287515511845044, 
2.286806598447735, 
2.2819094727977234, 
2.291677367989388, 
2.2850723027871536, 
2.289737137807274, 
2.282557708482711, 
2.291719308480249, 
2.2838857905796175, 
2.287406041002633, 
2.2900693685370026, 
2.287312466709407, 
2.2876833513815136, 
2.282306072752949, 
2.289677207267229, 
2.2858794627902075, 
2.2907958567383204, 
2.2870838469828314, 
2.290531269031586, 
2.284949962786203, 
2.290432486364914, 
2.28650167493821, 
2.2930372100365766, 
2.29323312235736, 
2.285131913548047, 
2.2845987038273643, 
2.285582127084047, 
2.2914908554739393, 
2.2933900121547843, 
2.2828129670034407, 
2.28249660019788, 
2.2875291987684947, 
2.2877016399783585, 
2.2858152383493935, 
2.28815183564034, 
2.2918920631435933, 
2.284682290885431, 
2.293026097443754, 
2.2876285002001095, 
2.291812642660225, 
2.291647228750589, 
2.2839830164960455, 
2.2846611618909427, 
2.2921047621142563, 
2.285367417545933, 
2.2913291690182405, 
2.292430088810268, 
2.282069647594175, 
2.2835527833496276, 
2.2920960718841954, 
2.292021208380276, 
2.285664985141512, 
2.289185782457327, 
2.288546040597608, 
2.282573311845048, 
2.289086260914684, 
2.2922558626434277, 
2.291533406771145, 
2.2903192644135064, 
2.2915476676007023, 
2.292032909155985, 
2.288357401012659, 
2.2893562289762808, 
2.2911300462450255, 
2.282372170208057, 
2.291812622804216, 
2.285069769160896, 
2.292078862904542, 
2.2871587724513134, 
2.286751758232155, 
2.2828076724269355, 
2.293018270466849, 
2.2880572610588277, 
2.2830173244290073, 
1.959336286710252, 
1.9688064354828163, 
1.9637803747656455, 
1.967840058014088, 
1.974822574293254, 
1.9656677957767577, 
1.9721453686543247, 
1.973673409952625, 
1.9699424291172112, 
1.9706652436657213, 
1.959640618200027, 
1.9660086104977883, 
1.9645381033969973, 
1.976164982237926, 
1.9709507886854216, 
1.968531891483487, 
1.9664042446221761, 
1.960709812811122, 
1.9706043970737612, 
1.9698477712277453, 
1.963663042110892, 
1.9690578973208277, 
1.9609565508195006, 
2.443644311172261, 
2.41623575936669, 
2.4404035472311323, 
2.4287335118285727, 
2.4085645493508894, 
2.3138575659260825, 
2.247681498579735, 
2.390273633840704, 
2.3426875200685062, 
2.385123072129642, 
2.381985079900514, 
2.4152667585990857, 
2.3583055321158755, 
2.3197918002015827, 
2.2056514724383876, 
2.1966264817432206, 
2.2091994591506223, 
2.2989253569595833, 
2.3047169436699564, 
2.34483651208694, 
2.320259604935754, 
2.362707068903714, 
2.246562133430726, 
2.3276601823254, 
2.3172941797636613, 
2.329967464835133, 
2.3012809104658887, 
2.300462441977655, 
2.354931720760942, 
2.286819915067409, 
2.357114987171511, 
2.175874968970274, 
2.2724768015351886, 
2.193089496734072, 
2.3242206466229876, 
2.3072922955310675, 
2.128269678063785, 
2.2889937978025587, 
2.310785773075719, 
2.295979923507514, 
2.2750032208986655, 
2.2929131776097025, 
2.2312882109741254, 
2.2700353089258813, 
2.0885430942191734, 
2.278748168442104, 
2.256203067844166, 
2.212169958825112, 
2.2552398911324447, 
2.2710238628072092, 
2.245739835559573, 
2.2418456487848006, 
2.2470794969454717, 
2.2039558294410826, 
2.216913784627832, 
2.2019210862896132, 
2.2409028470985364, 
2.0671495306143415, 
2.197604582496166, 
2.172278825065601, 
2.079763895477126, 
2.2055462533290155, 
2.2014415214780003, 
2.2005921706761855, 
2.1790829530644773, 
2.1911334272709384, 
2.1833603320391832, 
2.1173895323247054, 
2.1753925948286907, 
2.1624935438504282, 
2.1330126213470466, 
2.027738911821996, 
2.137829345673521, 
2.4800649677233966, 
2.4804870095210703, 
2.4802166775884413, 
2.479573562217182, 
2.4818369728596252, 
2.474969133335605, 
2.478950553365574, 
2.472482014751554, 
2.47350214477176, 
2.4817935146765793, 
2.4749501816361708, 
2.4750798499276794, 
2.474686378770394, 
2.4799560118192514, 
2.471443400086223, 
2.4799264581857754, 
2.4777098208954764, 
2.475562027730265, 
2.479356807899633, 
2.4747869560911004, 
2.468898539579871, 
2.4756306754399744, 
2.4747674276475085, 
2.4681902949827585, 
2.466894662705684, 
2.4710719665721417, 
2.471506711505242, 
2.4686372772490954, 
2.4755834425083125, 
2.4672361638230864, 
2.467310100894903, 
2.4682058296716036, 
2.465621916163112, 
2.4692237728217323, 
2.4704667893010144, 
2.4712240411109296, 
2.4730698082598424, 
2.468389647930992, 
2.472172704531894, 
2.463079821682894, 
2.4713209886037486, 
2.4674588946818643, 
2.463419927428013, 
2.4695734135420766, 
2.4698741043491546, 
2.465400938710686, 
2.4644025524026336, 
2.4646682149127046, 
2.4681096731313446, 
2.4646519579518644, 
2.462451230272782, 
2.4586285216366446, 
2.465412501550371, 
2.460066634056904, 
2.463310843081717, 
2.4621196776386993, 
2.4664820366322604, 
2.4599672520763174, 
2.4625890614197083, 
2.4628462703104126, 
2.4618608724486637, 
2.45669442150424, 
2.4601740499694777, 
2.4573111899558393, 
2.457646040892615, 
2.4618502491099203, 
2.453427661265135, 
2.457304981852826, 
2.4525328365052563, 
2.4587791107930594, 
2.4515691073321375, 
2.4540044749616303, 
2.4527229890964515, 
2.4556245375694568, 
2.453284340411957, 
2.4578164418452424, 
2.453304610789165, 
2.4562210213565154, 
2.4497021902009006, 
2.456355063656484, 
2.453437934018945, 
2.451989676496428, 
2.447045335259179, 
2.4541156863730964, 
2.4547624863863424, 
2.4534020001137806, 
2.4465484835540066, 
2.45120262584863, 
2.451097312017624, 
2.4495069309944895, 
2.4490485434754286, 
2.4521061957312997, 
2.4468739596980393, 
2.4433211676061903, 
2.447087036911057, 
2.448906538713305, 
2.442794264288915, 
2.4494153540462826, 
2.4481303844648954, 
2.442917429209843, 
2.442293761102106, 
2.4471930620394313, 
2.44464162925349, 
2.4384343980308043, 
2.4451297196076807, 
2.4383370867896277, 
2.4421364548209703, 
2.4411055591543973, 
2.439568873399178, 
2.4425659260714725, 
2.435772112911899, 
2.4342529147430585, 
2.437341586395199, 
2.433841263293283, 
2.4346514354147843, 
2.4331437786510506, 
2.4384871714818894, 
2.43412420852039, 
2.4331688419692705, 
2.4353516920219125, 
2.4318508023989454, 
2.4295963963206164, 
2.4335183286197286, 
2.436061394246929, 
2.4309554239885913, 
2.4289125287572597, 
2.4307368564833034, 
2.429373343420976, 
2.4296112847397993, 
2.4315499002217313, 
2.426849856393941, 
2.430677733174416, 
2.4842660104655683, 
2.4815522589559107, 
2.480620590683996, 
2.4784884385066066, 
2.4773546027374858, 
2.475722188566839, 
2.479586804712397, 
2.4738485126264633, 
2.4759907607991583, 
2.4770043983942855, 
2.47484353551316, 
2.469133393482489, 
2.4719572816235464, 
2.4691395779693073, 
2.465281469412484, 
2.4643663564380294, 
2.466692874843173, 
2.4609927255852684, 
2.4597723024435725, 
2.458422580788632, 
2.462490803597713, 
2.4580920267073543, 
2.4549902359518434, 
2.4599584244139825, 
2.455165132927774, 
2.4559508713350646, 
2.4516505137897533, 
2.451088847826121, 
2.4498357098605688, 
2.4492927111357137, 
2.449107868231195, 
2.4430989281259547, 
2.441604912609015, 
2.4462831003891887, 
2.4392853291958874, 
2.4417776926599637, 
2.4385077489432705, 
2.439996429999578, 
2.439298706468418, 
2.434468940838304, 
2.431771434196775, 
2.4312278073346296, 
2.43010447460699, 
2.426963748897373, 
2.4293319225157335, 
2.4258424807818804, 
2.4228445870375293, 
2.4257829419057146, 
2.4212240564851433, 
2.4226742060598525, 
2.421103609678532, 
2.41854148277336, 
2.418253331001943, 
2.4128639858608745, 
2.414979092000963, 
2.4120362017552104, 
2.412702220562949, 
2.408273327109794, 
2.4061227374247443, 
2.4087589781530228, 
2.406968918821747, 
2.403479836298393, 
2.4031085136973425, 
2.401407048829691, 
2.397794133048079, 
2.3988392867981716, 
2.395622755871911, 
2.3941575469790792, 
2.3960962158326202, 
2.3908866587014, 
2.390355648221882, 
2.3907206665456187, 
2.3873191883887435, 
2.385621086278647, 
2.386738489266455, 
2.3826868692307954, 
2.3840865171666907, 
2.382619792592409, 
2.380891773691115, 
2.3778791973112865, 
2.3749915926090686, 
2.3742955952268123, 
2.3732653022866668, 
2.3718941153127213, 
2.37133771507904, 
2.371649105335153, 
2.3682308236213134, 
2.36984767088353, 
2.3674073020905664, 
2.3658197535048715, 
2.36367920797328, 
2.3618452974954374, 
2.3607234869320033, 
2.3599972718058253, 
2.359675486964825, 
2.360013305776321, 
2.3574583588947813, 
2.3550984277172184, 
2.356071379433954, 
2.3540256636370103, 
2.3519090201600297, 
2.352256872166743, 
2.3488464652336836, 
2.349699375385511, 
2.3469768414506036, 
2.346662158942026, 
2.345458540020397, 
2.3430251062546086, 
2.343200016400247, 
2.3413894189033857, 
2.3406219173959344, 
2.3384557057953153, 
2.33623485312498, 
2.334970000524139, 
2.334656049323048, 
2.332444172837074, 
2.331584908631693, 
2.3303591972455355, 
2.330454344644682, 
2.328609460231109, 
2.3276799285575196, 
2.3257360890615892, 
2.325023072199992, 
2.3239985506262637, 
2.3221058832182977, 
2.320436111465072, 
2.3193690256462407, 
2.3178024068705834, 
2.317296957131146, 
2.315984723175964, 
2.314324653340711, 
2.3125206140921915, 
2.3114235670171737, 
2.310512624003813, 
2.3096420351386726, 
2.3077492774009096, 
2.3062323755933702, 
2.305624329611971, 
2.313389508085522, 
2.3104062597957435, 
2.307417443844493, 
2.304660507902392, 
2.301902735608461, 
2.2988934433945163, 
2.2961271224340685, 
2.293363891861273, 
2.2903157514725003, 
2.28750054207033, 
1.8130176824659348, 
1.401723812359971, 
1.3931264822372023, 
1.3853869664794178, 
1.4009663564511539, 
2.02865402673675, 
2.2848445154181776, 
2.2848445388072753, 
2.284844541531127, 
2.2840986449725564, 
2.2825782015578313, 
2.2810535796348197, 
2.279498880191674, 
2.2779780736606074, 
2.27649234291905, 
2.2748141110409876, 
2.2735990117440803, 
2.2718811170548743, 
2.2704873897427817, 
2.2692523691856525, 
2.267271387868803, 
2.266051533717034, 
2.2641998710767504, 
2.2631451302915555, 
2.261679084679018, 
2.259588775828143, 
2.258176586046473, 
2.257586687701889, 
2.255688698959894, 
2.2545249080025287, 
2.2529767255013895, 
2.2515480664095637, 
2.2490295979234833, 
2.247925284087959, 
2.24655808053853, 
2.2453892379329567, 
2.2432172329668885, 
2.242564984410164, 
2.241199771942751, 
2.239474498145138, 
2.2377099984793856, 
2.23728187487732, 
2.2355190908644462, 
2.2325449313471224, 
2.2330275819360286, 
2.230280381709247, 
2.228565673483514, 
2.226604612214126, 
2.226866083989923, 
2.225849190273603, 
2.222436456778585, 
2.22238218412223, 
2.2196054333285122, 
2.219535381440526, 
2.2178177694581604, 
2.216630050622163, 
2.213755945523851, 
2.2136841804706946, 
2.210473365264201, 
2.210588791280864, 
2.20949701962218, 
2.207885972042873, 
2.207211905094123, 
2.2058580006903603, 
2.20182116431354, 
2.2025710667432308, 
2.198846175675121, 
2.1994711371785245, 
2.197439335519913, 
2.1968288149488244, 
2.1962283253160564, 
2.1932863781413845, 
2.190705735722366, 
2.190880142282589, 
2.1891089332925358, 
2.189345279617579, 
2.187652138735731, 
2.1854710384126927, 
2.1826593625645265, 
2.182217449935857, 
2.1793528360349717, 
2.1770298729558593, 
2.1780151468756475, 
2.1769197927865758, 
2.107850169289918, 
2.2644876663680558, 
2.0839211136462774, 
2.080365909098095, 
2.063248345362744, 
2.126656905760299, 
2.0446376058562215, 
2.060601367093282, 
2.045381133797665, 
2.0325894112228653, 
2.234924630399735, 
2.085194249956863, 
2.0825988286910713, 
2.032796825022367, 
2.0147610911597766, 
2.151054449843429, 
2.0711381284022026, 
2.094418198349221, 
2.030417908149431, 
1.9871702354514844, 
2.1191940392030144, 
2.0573989371453143, 
2.0823818901006903, 
2.0314375406906393, 
2.259443976137458, 
1.9468384154799097, 
1.9266449519387576, 
2.082407209986588, 
1.9335714171532494, 
2.0099868861968435, 
1.9101853977163823, 
2.0069523632700035, 
2.1024449541621433, 
1.9662259306488172, 
1.8941501291560652, 
2.1059762474337473, 
1.9893099926222173, 
1.9231145808817853, 
1.9979603824206964, 
1.9237941554478186, 
1.9297840308337335, 
1.9376819331718966, 
1.8546744482846944, 
1.8443933521709002, 
1.8694480025535531, 
1.8760389233547028, 
1.8612185882982146, 
1.8662344674291345, 
1.8420297251739366, 
1.8234944035874605, 
1.8353255374257218, 
1.9267944105090038, 
1.9793198819635758, 
1.8190194412320202, 
1.8181528331515358, 
1.8047988451831434, 
1.8458552270963424, 
1.7811186340153125, 
1.9421774996886247, 
1.8537343782435545, 
1.8312713909303149, 
1.7888743528979933, 
1.7851633494913144, 
1.7723230125248355, 
1.7855270034198627, 
1.9461529681152019, 
1.7700761339912496, 
1.8629411816821344, 
1.8309523082083956, 
1.7964769980110593, 
1.7844811211756388, 
1.8028757579411607, 
1.81185395272988, 
1.7926744018648124, 
1.7923048010871878, 
1.776441119469688, 
1.761508429405299, 
1.760575300617492, 
1.747318761289093, 
1.7638434423671, 
1.7807747234352265, 
1.7925864083891803, 
1.7429805756804795, 
1.7785075825355778, 
0.4481539650867603, 
0.4380282291330886, 
0.4417706127754073, 
0.4398811232167361, 
0.44387965925419337, 
0.4390324593000585, 
0.4494894966474092, 
0.44889157295914117, 
0.4537758018457012, 
0.4526068475502285, 
0.44164390305632395, 
0.44587954041447375, 
0.4290802811132082, 
0.4425498982220688, 
0.43826727289258827, 
0.44059785328891365, 
0.4345375182289146, 
0.42847766566618617, 
0.4426189003486698, 
0.43994053225600993, 
0.44477943218812044, 
0.4422319869353615, 
0.44272471832108096, 
0.4353197967908642, 
0.4488928951827731, 
0.4421487718425823, 
0.4387936234506782, 
0.4359894863436722, 
0.44859414492596983, 
0.4297361336263421, 
0.4493315519656065, 
0.06831404042025468, 
0.04136963622445222, 
0.09890885036984542, 
0.014452954647360627, 
0.05552143513324381, 
0.06906470538977771, 
0.0383391044473953, 
0.005905122435542864, 
0.00921731894334954, 
0.07396121150745927, 
0.014758937964735708, 
0.0754413001030727, 
0.08564568017634855, 
0.02429709740659547, 
0.05443878656640777, 
0.8350611308620763, 
0.835600050271804, 
0.6878315560259942, 
0.7069933027990167, 
0.13569624543010406, 
0.4918401289618046, 
0.49167224282070165, 
