0.22618397492864517, 
1.5570617207546986E-42, 
1.5545732523092447E-42, 
1.55562114042304E-42, 
1.555270453422896E-42, 
1.5537884415079948E-42, 
1.5546300030242426E-42, 
1.55677549081608E-42, 
1.5553996084907273E-42, 
1.552705190887838E-42, 
1.5551614902415532E-42, 
1.5545298535418934E-42, 
1.5515346352811947E-42, 
1.5579360007716154E-42, 
1.5536454871288084E-42, 
1.5548150034860945E-42, 
1.5539139933602872E-42, 
1.557485552830729E-42, 
1.553185601374324E-42, 
1.5573941128427716E-42, 
1.5550106286717756E-42, 
1.5532873337836953E-42, 
1.5502413307283763E-42, 
1.5510259105213645E-42, 
1.551949012634756E-42, 
1.5535136652941245E-42, 
1.5540475530715813E-42, 
1.552162311892715E-42, 
6.90980932127818E-43, 
6.9040096216548404E-43, 
6.902016873907248E-43, 
6.832653554249696E-43, 
6.818437198459488E-43, 
6.844924569116592E-43, 
6.84791260962878E-43, 
6.433795736855286E-43, 
9.536461970900456E-43, 
1.2337561879328177E-42, 
1.2379677092711136E-42, 
1.2415237583699345E-42, 
1.2379947526899856E-42, 
1.2434222735419362E-42, 
1.245264089601187E-42, 
1.2517759568919098E-42, 
1.2505971974331046E-42, 
1.2512223831410093E-42, 
1.2401869623770872E-42, 
1.256990547120471E-42, 
1.2409865363058787E-42, 
1.2429418822016542E-42, 
1.2486295171558073E-42, 
1.25715598465318E-42, 
1.2566870446948987E-42, 
1.2577292565586376E-42, 
1.2430056313283592E-42, 
1.248256998813325E-42, 
1.2457541529233733E-42, 
1.2545162827759963E-42, 
1.2625726523854878E-42, 
1.2602975751087853E-42, 
1.2573967429458791E-42, 
1.2630037126505586E-42, 
1.2589929712164892E-42, 
1.2643998314763315E-42, 
1.2664120329661376E-42, 
1.253767181071993E-42, 
1.2580375482096422E-42, 
1.2669510146084842E-42, 
1.2536788822347759E-42, 
1.2628486334997893E-42, 
1.2589705862163762E-42, 
1.2678978552254805E-42, 
1.2601587093126747E-42, 
1.2563171674906007E-42, 
1.2573387525184642E-42, 
1.2548257885358853E-42, 
1.2561353468331688E-42, 
1.2581138558358512E-42, 
1.2717527896746076E-42, 
1.2704906034209232E-42, 
1.2729619375291291E-42, 
1.2578304361850396E-42, 
1.2631007028877054E-42, 
1.26984874008335E-42, 
1.2621010730410999E-42, 
1.2743858166514976E-42, 
1.2634922238843261E-42, 
1.458601898436274E-42, 
1.4803161258522098E-42, 
1.8474234841877953E-42, 
1.9029988160052727E-42, 
6.13597205837995E-42, 
3.4399179694708826E-42, 
3.4257287332552E-42, 
3.413128946578241E-42, 
3.431151587860631E-42, 
3.43331314434381E-42, 
3.4327681698364455E-42, 
3.436658295509705E-42, 
3.411839919010111E-42, 
3.4359419692908245E-42, 
3.3666462135327183E-42, 
3.371361255667502E-42, 
3.4300690601466784E-42, 
3.393263942635622E-42, 
3.425725445357977E-42, 
3.395489798257893E-42, 
3.36947389308998E-42, 
3.406674051379654E-42, 
3.376809835425556E-42, 
3.382625395169886E-42, 
3.369119783368194E-42, 
3.3878416999359076E-42, 
3.392071123821658E-42, 
3.366095883508775E-42, 
3.399801621535939E-42, 
3.3765700375552574E-42, 
3.3961154051584916E-42, 
3.3938577375766424E-42, 
3.4267742991113265E-42, 
3.4000177582706963E-42, 
3.377272053792609E-42, 
3.3894039809406305E-42, 
3.388264113669859E-42, 
3.3684429742069586E-42, 
3.354289175744111E-42, 
3.3502341680615455E-42, 
3.3920388709173757E-42, 
3.3575869394620576E-42, 
3.402529071243356E-42, 
3.369865719706544E-42, 
3.3619485833903075E-42, 
3.3682707976258655E-42, 
3.3555983839916864E-42, 
3.364467046833693E-42, 
3.34547197958237E-42, 
3.370872160015162E-42, 
3.386668852183109E-42, 
3.359736226594559E-42, 
3.365516971144296E-42, 
3.3380801965638234E-42, 
3.369486553657936E-42, 
3.4047351498852135E-42, 
3.361862819919555E-42, 
3.3529396627154514E-42, 
3.383483680921748E-42, 
3.366163658283006E-42, 
3.3209819531002246E-42, 
3.361750169156951E-42, 
3.369279683992157E-42, 
3.3845634253963065E-42, 
3.330058456854968E-42, 
3.354122814685877E-42, 
3.33153127328798E-42, 
3.3316576560081565E-42, 
3.361959752752841E-42, 
3.379292020393075E-42, 
3.310972420975375E-42, 
3.3505237513652515E-42, 
3.322861919964113E-42, 
3.3542794310002186E-42, 
3.317449746416186E-42, 
1.522873529551155E-42, 
1.7214496821505303E-42, 
1.7011314208485234E-42, 
1.714131498544791E-42, 
1.694032556530118E-42, 
1.7278069695565612E-42, 
1.6988224285210837E-42, 
1.7095163930348124E-42, 
1.7229101761532205E-42, 
1.710200640323952E-42, 
1.723929019600526E-42, 
1.7318009502897098E-42, 
1.7282241575942055E-42, 
1.7257496383897295E-42, 
1.7262218369815367E-42, 
1.742089188332626E-42, 
1.7187591919517208E-42, 
1.7156465751906145E-42, 
1.7401929058967E-42, 
1.7287611652681097E-42, 
1.719614467046314E-42, 
1.7173521372938817E-42, 
1.7513902213804453E-42, 
1.7424572966094196E-42, 
1.7453988367400542E-42, 
1.7274253890178133E-42, 
1.726251802631232E-42, 
1.7270315325046772E-42, 
1.7535759974340585E-42, 
1.731523476779576E-42, 
1.7419395178021583E-42, 
1.7334179040699306E-42, 
1.7395877298319717E-42, 
1.7324754638535138E-42, 
1.7412141389134624E-42, 
1.758237070440496E-42, 
1.7418463143221208E-42, 
1.7378484663835205E-42, 
1.7637027803345287E-42, 
1.755874172825293E-42, 
1.7522886043439275E-42, 
1.7518918218170324E-42, 
1.758025122327445E-42, 
1.764601283096445E-42, 
1.7488736899810948E-42, 
1.761130117091427E-42, 
2.545802141963318E-42, 
3.0081795528806447E-42, 
2.383693753831482E-42, 
2.39683182766218E-42, 
1.1309134645408122E-42, 
1.4635697672601755E-42, 
1.4683483875211957E-42, 
1.4641748361810905E-42, 
1.4602521987460387E-42, 
7.032737006034435E-42, 
6.968238111661329E-42, 
6.354992821016635E-42, 
6.52279616152841E-42, 
7.63803820888974E-42, 
6.528690397442308E-42, 
8.397594470481763E-42, 
6.364352300797905E-42, 
7.772928124529941E-42, 
7.152494743407379E-42, 
8.086790008257613E-42, 
7.74490892433707E-42, 
6.943309602169739E-42, 
6.988541037716992E-42, 
7.218891928660969E-42, 
7.358942152595123E-42, 
6.288656434902698E-42, 
7.907214459808189E-42, 
7.749666093269166E-42, 
8.261811990878703E-42, 
7.567579955696717E-42, 
7.184977837655418E-42, 
7.578299294158041E-42, 
7.804053791985142E-42, 
6.459889395912377E-42, 
7.210037974470721E-42, 
7.331094991845534E-42, 
6.66542234797852E-42, 
7.710496861633361E-42, 
8.520697702407337E-42, 
7.037625786338592E-42, 
5.436998826427091E-42, 
4.790547593045171E-42, 
5.19162138363201E-42, 
4.0639315225023244E-42, 
3.579989583716877E-42, 
3.088325524563747E-42, 
3.9841598864624503E-42, 
3.705571952532402E-42, 
3.433072992540786E-42, 
4.0456570159752783E-42, 
2.6708318623874776E-42, 
3.495765927035226E-42, 
3.3652031356862775E-42, 
3.778364122992465E-42, 
2.0996141628747108E-42, 
2.9341894468338786E-42, 
3.008899502278009E-42, 
2.7235789435149138E-42, 
3.171423533933482E-42, 
2.6496973206714683E-42, 
0.016104442777405522, 
0.016022309522919848, 
0.0156589302291384, 
0.015776888279685257, 
0.01570946718877951, 
0.015731097233420036, 
0.015601222017437587, 
0.01798434611518701, 
0.01495594983671513, 
0.021114049113081308, 
0.016251186274111373, 
0.014367414706146452, 
0.016373770194048853, 
0.01442157043645319, 
0.0162446399275138, 
0.02081011530532593, 
0.017563487391184927, 
0.017374465020528605, 
0.0143486137865281, 
0.01694836627440995, 
0.014981215860647063, 
0.015293492095953227, 
0.013715909629561793, 
0.01184721830874804, 
0.01707219036583767, 
0.014115656968058572, 
0.01611206769733742, 
0.018134524147856143, 
0.016419816002624852, 
0.01500155257957154, 
0.015295489999503663, 
0.013256977264636713, 
0.014801874337097414, 
0.014109672429760706, 
0.013590312896970307, 
0.012707053267855845, 
0.01097240279715117, 
0.01498958785326389, 
0.0165743615322258, 
0.015243473822233271, 
0.014556529169243864, 
0.015925279842229665, 
0.013717525452048778, 
0.015278086545106406, 
0.01317352953194643, 
0.0110687167960054, 
0.01646418502462842, 
0.013710447932148226, 
0.015077403673118151, 
0.015117629866622745, 
0.015865511087562532, 
0.016271431545588983, 
0.012631503288549529, 
0.013356100568480075, 
0.014925906883260804, 
0.014547516165398483, 
0.010484657145926933, 
0.014977131939762967, 
0.011457890836787069, 
0.013089946624917678, 
0.01622568957262148, 
0.015589854214663721, 
0.013480499328748834, 
0.013682079213910233, 
0.011117391503308, 
0.012731330356997481, 
0.010460936345871402, 
0.010257202038970813, 
0.011586855526181657, 
0.012343236742877562, 
0.011996286879292228, 
0.011293696935994092, 
0.013028675555403765, 
0.011165890251875817, 
0.011891405331813237, 
0.011035841602717162, 
0.012458727701652999, 
0.012231070469689003, 
0.013944238709581447, 
0.016759211966699307, 
0.019398843686910236, 
2.2723571868689447, 
2.276380290860182, 
2.2656857044909726, 
2.2642227204247214, 
2.262703038075145, 
2.2612886811401025, 
2.25971479565378, 
2.2581316343594082, 
2.2565325044923004, 
2.254929989117187, 
2.2539321818000007, 
2.2529777844823897, 
2.252039798856795, 
2.2510191436433526, 
2.247037711760987, 
2.2764917259271256, 
2.2811295176191018, 
2.2856885286273125, 
2.2901710243679476, 
2.2947440147924247, 
2.29924583565035, 
2.3038446021164396, 
2.3084411486644356, 
2.3128813341635794, 
2.3175967934756176, 
2.3224638058758016, 
2.276490634799658, 
2.281458505268883, 
2.2861988623306386, 
2.2910172213953155, 
2.2960994463259223, 
2.3011109957360105, 
2.305757991133185, 
2.310800295324926, 
2.315950291394969, 
2.320887543933364, 
2.3259178518842063, 
2.3291606306012644, 
2.3326134316495493, 
2.3358545208536428, 
2.339165209933957, 
2.3427014725056616, 
2.3459953232986037, 
2.349271999921613, 
2.3524305317872773, 
2.3558109363096693, 
2.359349348019042, 
2.362723513094103, 
2.3662401092443472, 
2.3694861266931455, 
2.3729724926107236, 
2.376573613025021, 
2.38008474734948, 
2.3834780471791746, 
2.3869108993005645, 
2.3904378571239846, 
2.394028723619055, 
2.397409571680099, 
2.4008969628450494, 
2.4044319523225974, 
2.407923542360572, 
2.4112707465382135, 
2.414862848228087, 
2.418550500874982, 
2.422092490448419, 
2.4258157256192874, 
2.429319548733364, 
2.432846238740527, 
2.436426254235109, 
2.4400080022964103, 
2.443768176358621, 
2.4471622782418527, 
2.2769125558402075, 
2.2820364163568723, 
2.2868704542497165, 
2.291715485154822, 
2.2969269749850274, 
2.3016921728333677, 
2.30678538120161, 
2.311883396139018, 
2.31699949720541, 
2.3220893435243544, 
2.327137265657386, 
2.3312704237989785, 
2.3353074658635364, 
2.339322511631624, 
2.343435378553682, 
2.3475038933190993, 
2.351452050695313, 
2.355528153655133, 
2.359667896317532, 
2.363603391051357, 
2.3678109833155463, 
2.371786700187014, 
2.3758335791398437, 
2.3799162506892495, 
2.384094211460207, 
2.388197829380805, 
2.3920921801126216, 
2.3960991740032105, 
2.4001702886717857, 
2.4042109948019963, 
2.4084154914223737, 
2.4123063974047296, 
2.4164541415475864, 
2.42037389454156, 
2.4242823609870316, 
2.428331007406368, 
2.432200160069363, 
2.4363163444130507, 
2.44027978651391, 
2.4440809178872107, 
2.448045456136506, 
2.451953875455359, 
2.4559847684896186, 
2.4599339134893112, 
2.463833542464476, 
2.276173470033954, 
2.2865421001093353, 
2.2974171758470536, 
2.3077048900264225, 
2.3182816149714855, 
2.32840436551521, 
2.338737692855154, 
2.348700596510424, 
2.3588865300596837, 
2.3687660383635345, 
2.3785818769694704, 
2.3823774290682813, 
2.3864321606757883, 
2.390324314403803, 
2.3942882345440335, 
2.3982141629642886, 
2.4020660657179844, 
2.405877313078259, 
2.4097040525182445, 
2.413421832767882, 
2.4170181070574692, 
2.420779565894793, 
2.4244962504569605, 
2.4282796873878176, 
2.431810328613702, 
2.435395589251511, 
2.4390526436448097, 
2.4425299590621092, 
2.446090427877637, 
2.449522978244313, 
2.452948539949413, 
2.456330791887973, 
2.459619608432577, 
2.462987486589246, 
2.466251750628529, 
2.469520570503687, 
2.4728170106330984, 
2.476168154457294, 
2.4793169208624617, 
2.482502430989572, 
2.485614486473202, 
2.4888706449108913, 
2.4919409577036395, 
2.4950579393262546, 
2.498426135605315, 
2.5000087065060033, 
2.501576574247178, 
2.503198656473299, 
2.50475807355492, 
2.5062649782105915, 
2.50786735180961, 
2.509411608336498, 
2.5109160802424055, 
2.5123831239297143, 
2.513938130393756, 
2.5155047506528234, 
2.5170195587934536, 
2.5185259967943803, 
2.5199478021150394, 
2.5214368603347057, 
2.5229000706003117, 
2.5243748476774526, 
2.5258972660423145, 
2.5273733041311197, 
2.528857466068109, 
2.5303108646901635, 
2.531787954552426, 
2.533189584195609, 
2.534743747041112, 
2.536159586456871, 
2.537548846250453, 
2.538971859437377, 
2.540445640323516, 
2.541841916456423, 
2.543354517185166, 
2.544759928046256, 
2.5461840814207797, 
2.547563295052443, 
2.5490092892189677, 
2.5504259840701047, 
2.5518669950121975, 
2.553275153098007, 
2.5546506721286324, 
2.5561414251547783, 
2.5567787452956785, 
2.556783660880454, 
2.556803597499163, 
2.5568134007525507, 
2.556808537946549, 
2.5568172735522365, 
2.5567851925007807, 
2.556825066661987, 
2.55681884042322, 
2.5567982070658344, 
2.5567924160664743, 
2.5568005186429206, 
2.5567828337162504, 
2.5568234510709162, 
2.556776294765477, 
2.556828740712044, 
2.556827265142355, 
2.5568136171979434, 
2.556783890732775, 
2.556808036438322, 
2.556788829240395, 
2.5568279919220296, 
2.5568042085558265, 
2.5568109886101715, 
2.55677487604595, 
2.556789289387444, 
2.5567957929352794, 
2.556816193012309, 
2.5567822927016293, 
2.5568071349669665, 
2.5567842700477703, 
2.5568049457024657, 
2.5567997727982967, 
2.556765904181413, 
2.5567951006008878, 
2.556778886317507, 
2.556772959758617, 
2.556790980765136, 
2.5567937642653384, 
2.5568079867972267, 
2.55676551443163, 
2.556781299715844, 
2.5567836522110428, 
2.556759682331532, 
2.556787004786879, 
2.556752302727588, 
2.556748163846921, 
2.5567600504679233, 
2.5567709716885165, 
2.5567648468988597, 
2.5567909818909564, 
2.5567500274047315, 
2.5567519158798078, 
2.5567407182992623, 
2.556749438888461, 
2.556762343481542, 
2.556738852016023, 
2.5567660826562117, 
2.5567234901871214, 
2.5567188551681643, 
2.556773368932544, 
2.5567603290854835, 
2.5567153036557824, 
2.5567686602960156, 
2.556759653677557, 
2.556759244977693, 
2.5567267441104895, 
2.5567082849695684, 
2.556728545737617, 
2.55671346904652, 
2.556712330437683, 
2.556686254214403, 
2.5567062680278068, 
2.5567169883069005, 
2.5567257311687364, 
2.5566845170281396, 
2.55669184953023, 
2.556711057330456, 
2.556669919985128, 
2.5567018007196296, 
2.556702560384114, 
2.556684925247351, 
2.556663324023606, 
2.5566735819090045, 
2.5566654337088557, 
2.556697953287573, 
2.5566937293227716, 
2.556638165463326, 
2.556654931419478, 
2.556632676303062, 
2.556673284165491, 
2.5566517231477994, 
2.5566484994229364, 
2.5566307429409734, 
2.5566175878645456, 
2.556609247417908, 
2.5566493705528472, 
2.556617961788658, 
2.5566263276777534, 
2.5565998123149902, 
2.5566374234409173, 
2.556606292788077, 
2.556609510405902, 
2.556574640638889, 
2.2775532489518073, 
2.277557519048909, 
2.2775030165509693, 
2.2775052837016845, 
2.2775364723773666, 
2.2775339435323243, 
2.2775028687302985, 
2.277492888894581, 
2.277454024719013, 
2.2774822236503556, 
2.2774567324610775, 
2.277471163462754, 
2.2774806923815456, 
2.2774395482435494, 
2.2774831009458447, 
2.2774630019260877, 
2.277464322096459, 
2.277451692547461, 
2.2774391262858913, 
2.2774278560018213, 
2.2774033343088265, 
2.2774410627375254, 
2.2774321926330954, 
2.2773921734999187, 
2.2774348559277833, 
2.277362480749831, 
2.2773939641296543, 
2.2774001747424224, 
2.2773811934327646, 
2.2773564499275283, 
2.277367158441736, 
2.2773298740670804, 
2.2736636976930313, 
2.2736586899162248, 
2.273635008042135, 
2.273680288712566, 
2.273599114467263, 
2.273594573461859, 
2.2737003018747046, 
2.2736912455645926, 
2.273632966594911, 
2.273596553286324, 
2.2736634245270473, 
2.2736585880338005, 
2.2737074113032527, 
2.2736208290421462, 
2.2736172553626854, 
2.27365646056565, 
2.2737223530133694, 
2.273622621564996, 
2.273691246147685, 
2.273663357469051, 
2.2737310256412706, 
2.2737379794871297, 
2.27378267429314, 
2.273732007886724, 
2.273686644519581, 
2.273799593362492, 
2.273810334082054, 
2.273769984696575, 
2.2737485840322176, 
2.27065840060785, 
2.2629853619838025, 
2.2308446206533965, 
2.194864504853653, 
2.164509121938403, 
2.1434304903916517, 
2.114384333804248, 
2.0835903017486306, 
2.051784365272818, 
2.0193590253550213, 
1.9886010823754403, 
1.9585197151968692, 
1.9434910818319437, 
1.932251235137251, 
1.9199478905748486, 
1.9068856219214434, 
1.8949996162598324, 
1.8814287737559194, 
1.8658166506440206, 
1.8552965357522821, 
1.8453549410714793, 
1.8384729514177387, 
1.8312878335034612, 
1.8235255146428802, 
1.8152801858383039, 
4.206006784338468E-25, 
4.199243881142299E-25, 
4.205781386166137E-25, 
4.194918145626711E-25, 
4.203940178403802E-25, 
4.167717266135886E-25, 
4.187412599612294E-25, 
4.175389921170902E-25, 
4.185535788014986E-25, 
4.1713547338733E-25, 
4.205447738707428E-25, 
4.182910541308631E-25, 
4.19734238661471E-25, 
4.172452061727041E-25, 
4.229078371169647E-25, 
4.208646379501765E-25, 
4.239048151207436E-25, 
4.19013386939575E-25, 
4.2353689297468875E-25, 
4.174090014992976E-25, 
4.184093388268645E-25, 
4.211570625391325E-25, 
4.206665952225484E-25, 
4.234689451427956E-25, 
4.230082326488442E-25, 
4.176479970384624E-25, 
4.216862774433679E-25, 
7.49496995904368E-25, 
7.804866128296116E-25, 
7.872743988401912E-25, 
8.027399533646802E-25, 
7.6307130766463E-25, 
7.391791646882685E-25, 
7.774769181608756E-25, 
7.876184271192423E-25, 
8.0478644597933445E-25, 
8.090583493618616E-25, 
8.2737434818727E-25, 
7.971898439933081E-25, 
8.597253896666587E-25, 
8.262147644219956E-25, 
7.374647703910374E-25, 
5.53531766466393E-25, 
4.629499194468466E-25, 
4.8327607982767125E-25, 
4.725038544986853E-25, 
3.4763797918072936E-25, 
4.0112078434665015E-25, 
4.441901272022379E-25, 
3.995270843921637E-25, 
3.7413060407475106E-25, 
4.20823483971702E-25, 
3.4891717746910527E-25, 
3.796288474825513E-25, 
3.5134422460003627E-25, 
4.591163245932751E-25, 
3.133468761200494E-25, 
4.595144306766398E-25, 
3.21373062578459E-25, 
4.501484797323576E-25, 
4.1146073270665884E-25, 
4.0072311903973305E-25, 
3.471671505625528E-25, 
3.5451318497231626E-25, 
2.226698072265647, 
2.2599218071560885, 
2.2566534117478225, 
2.2539419514546273, 
2.244928826998061, 
2.2408924969472124, 
2.23721915100936, 
2.2286137129283796, 
2.2232966667073732, 
2.2152496643835313, 
2.207080790320497, 
2.1991719379652963, 
2.2151415290164365, 
2.212914672605274, 
2.207057484343246, 
2.196047966029021, 
2.1907662021923198, 
2.185225752105964, 
2.1789658294449836, 
2.175046835966362, 
2.1670926041766645, 
2.1567115816424702, 
2.152016959032538, 
2.146001150667007, 
2.1394330874753726, 
2.1320815563477407, 
2.127945256822935, 
2.122916052617492, 
2.1173936112127594, 
2.1102936007875357, 
2.105859740655312, 
2.1022784137803265, 
2.094172356201285, 
2.089688609135019, 
2.0846936725385943, 
2.081977955949244, 
2.133412661915349, 
2.068696412032555, 
2.003745924948424, 
1.939477870876305, 
1.8784622051464672, 
1.8181593469395443, 
1.7599006105864325, 
1.7034489048246473, 
1.648805992683139, 
1.5947445217212184, 
1.5436685412645137, 
1.4940279667534186, 
1.4459823749879426, 
1.4011987576816747, 
1.3593535645464137, 
1.318091177032089, 
1.27810235271948, 
1.2393248357277138, 
1.2048706404576315, 
1.1699601510718072, 
1.1359230882317726, 
1.1046366234087561, 
1.0749532689341592, 
1.0470260261899114, 
1.0179275724031962, 
0.9918383914548832, 
0.9666668683907271, 
0.9431487998288686, 
0.92052129579246, 
0.8984036707075838, 
0.8767190355316461, 
0.8559853208659358, 
0.8382900209055795, 
0.8167211392499085, 
0.8000009690319532, 
0.78253036858119, 
0.7669310173682613, 
0.7502361378985816, 
0.7348243355060649, 
0.7212011307366529, 
0.7056181377919953, 
0.6914747971678347, 
0.6794758479270606, 
0.6660783206968366, 
0.6537308866124261, 
0.6401778667296083, 
0.6286250251141058, 
0.6177310062786593, 
0.6089074258726727, 
0.5966974942592779, 
0.5862177388300709, 
0.5766569240617743, 
0.5678797266118207, 
0.557137794876148, 
0.5488398046606856, 
0.5397694063538045, 
0.5316116024372503, 
0.523551950775762, 
0.5131045887395018, 
0.5054627147741273, 
0.49888004418390197, 
0.4933451591097314, 
0.48431942537514405, 
0.4753423754543621, 
0.4691840225446168, 
0.4633933999487586, 
0.45697933336809005, 
0.4507598834476484, 
0.44537975715242406, 
0.436419886607472, 
0.433170584672125, 
0.42649542056158574, 
0.42085758252219363, 
0.4118453942175857, 
0.40628702469668465, 
0.4034701580330371, 
0.3953552759485024, 
0.39183209660872786, 
0.3854678580698782, 
0.3815365506489765, 
0.37796091281402655, 
0.37367944555369803, 
0.3686634047694961, 
0.3629406005415743, 
0.3590318629646587, 
0.35207273339343337, 
0.34863938785322424, 
0.3423025216669763, 
0.34259835220726564, 
0.33581793077012734, 
0.33032330734583065, 
0.32735268577557436, 
0.32529263500749406, 
0.3193277697791334, 
0.3157980057834888, 
0.309890339434835, 
0.31109704521966886, 
0.3044440745758509, 
0.30193285905074896, 
0.2982790374912768, 
0.293079486351019, 
0.29104448715519926, 
0.28630839315301926, 
0.05422512642473315, 
0.01987037081861809, 
0.10842865334554286, 
0.07140365153466283, 
0.03705467337915885, 
0.006446655118573674, 
0.051480510281216973, 
0.04703587718586233, 
0.07642147659811427, 
0.09830882724579615, 
0.03323183478388114, 
0.012588142857038465, 
0.01442258659686324, 
0.02666358946416425, 
0.06217326972588272, 
0.014256106747019937, 
0.0019352472884682226, 
0.03385058236717947, 
0.04852932883375216, 
0.008669715230341823, 
0.0015190587828029511, 
0.043815297100596284, 
0.06968019111053769, 
0.06779778939490222, 
0.02830487683614058, 
0.14053266201176928, 
0.17407605025349157, 
0.1721087039696696, 
0.1703547289551038, 
0.1684597965472636, 
0.16671274291642885, 
0.16500351252370443, 
0.1633380508363426, 
0.16168088290646104, 
0.15998727720734146, 
0.15837333547691526, 
0.15684938058821155, 
0.15603511310948603, 
0.15526229199021552, 
0.15446697135140092, 
0.15375313216485614, 
0.15290529419562357, 
0.1521815037597879, 
0.15148811274015805, 
0.15078367977527576, 
0.15002434170360887, 
0.14930066066782208, 
0.14865335218350748, 
0.1479703560094086, 
0.14730558196945784, 
0.14664418962823356, 
0.14595458549645804, 
0.14536934956591976, 
0.14471538306016565, 
0.14403988011144042, 
0.14348459702143754, 
0.14288396378277898, 
0.1422654680236083, 
0.14165883833961151, 
0.14111381742972606, 
0.14054127727818314, 
0.13996298750440211, 
0.13939722381955738, 
0.13882923618673926, 
0.138232556453492, 
0.13759253792012177, 
0.13685539617442136, 
0.13592898226500189, 
0.1341021699584482, 
0.13148573937492658, 
0.12577053270856545, 
0.11436151511017459, 
0.22430814612903846, 
0.22286237808786796, 
0.21800987129562735, 
0.21235798943369089, 
0.2073899426091056, 
0.2126931204714509, 
0.20728768444555756, 
0.19648926626838872, 
0.20267825696591574, 
0.1965928976593529, 
0.19437444674396748, 
0.18878230440644175, 
0.1901747780892501, 
0.1885957002146209, 
0.17621538905284526, 
0.18478946347615366, 
0.1727263321419839, 
0.17782849985189697, 
0.1785972919300375, 
0.1666301691600956, 
0.16282121133288646, 
0.16799850845947423, 
0.15926782264384526, 
0.1592936178809536, 
0.1559939933918189, 
0.15528774022160496, 
0.14791640918752752, 
0.15245690719786126, 
0.1517101334998764, 
0.14299700964994147, 
0.14542230659402514, 
0.1358758531620037, 
0.13829362593637862, 
0.13180025389847752, 
0.1294638513882744, 
0.13222438169375883, 
0.12331457276800162, 
0.11995791395215716, 
0.1204664264321543, 
0.11769587339260781, 
0.11875371822302361, 
0.11506192683953662, 
0.10890879384412688, 
0.10878459548460001, 
0.10700241783492201, 
0.10214507146099344, 
0.10137283221157323, 
0.09575331801730769, 
0.09693261027108624, 
0.09547883165217363, 
0.08827596324944581, 
0.09080492395984852, 
0.08584996395835726, 
0.08528555642067306, 
0.07987577965648954, 
0.07458967991513307, 
0.07118510486832624, 
0.07553305735229518, 
0.06667576855972157, 
0.06527959284047774, 
0.06360694887570673, 
0.05799917316710346, 
0.05736180741875979, 
0.05823962251306114, 
0.05114593834026743, 
0.04762369948025799, 
0.05115244493671345, 
0.047107088390638874, 
0.04245948008332523, 
0.04293054850689906, 
0.0368797037798754, 
0.03601420664824184, 
0.03198872697898916, 
0.027979651411006085, 
0.025006129368126573, 
0.02435907517951555, 
0.021125746795598505, 
0.018562850476806836, 
0.014279552775532472, 
0.014832632915943722, 
0.012212408432092037, 
0.009401963840748928, 
0.005879577054563073, 
0.005496903406200959, 
0.0017684724915969507, 
0.0013310329736885562, 
0.004570935313484903, 
0.007152707606381925, 
0.011460302879908957, 
0.013634428288227446, 
0.01696217690380125, 
0.0165807856344653, 
0.02060364461116926, 
0.022368599471925432, 
0.025088368472673483, 
0.02715598988071788, 
0.031693965197560015, 
0.03524831446842913, 
0.0357822185879168, 
0.04015176540234344, 
0.042476021921100865, 
0.045383915771847666, 
0.04567903063335477, 
0.04970226175718678, 
0.05154819779272146, 
0.05456439731712598, 
0.05665546250457071, 
0.0590363891683261, 
0.0635811776472879, 
0.08131163430543328, 
0.08358344977374924, 
0.08425244107427626, 
0.08685552488264886, 
0.08828915739108573, 
0.0898007716455878, 
0.09189818222335422, 
0.09166024176139068, 
0.09510802831642695, 
0.09540421793234771, 
0.09749787420610914, 
0.09901542714910117, 
0.10056510159810694, 
0.10169991961233671, 
0.10436360900519961, 
0.10511301280377017, 
0.10742896521353473, 
0.10844811314096489, 
0.11048917012994083, 
0.11168310511845889, 
0.11353367487931443, 
0.11558065779358309, 
0.11666603603833334, 
0.11872213990279601, 
0.12026978309183173, 
0.1213763121537137, 
0.12327026603589963, 
0.12484262657476633, 
0.12668494860357965, 
0.1281483091516872, 
0.1600362743664257, 
0.15976347143230193, 
0.15950139094171362, 
0.1591516487567523, 
0.1588985217978118, 
0.1585969460141849, 
0.1582978620897197, 
0.15800916244457808, 
0.1577243702100557, 
0.01334467316154711, 
0.36563468310325314, 
0.37045728750898, 
0.5103404656435907, 
0.5156194240978653, 
0.5159374394692171, 
0.5175785758281854, 
0.5264734003956474, 
0.5265558136652098, 
0.5269452016505796, 
0.5360512022949144, 
0.5390951305794731, 
0.5387796396379815, 
0.5456794618367218, 
0.55055827904994, 
0.5519568816666972, 
0.5521001728899474, 
0.5586868203801234, 
0.5572806968369932, 
0.5611193461851004, 
0.5648824921159639, 
0.5719158265416427, 
0.5741508277082489, 
0.5716983003364879, 
0.58095494306281, 
0.5837624534078995, 
0.5808012302163738, 
0.5903034692902971, 
0.5862276812476241, 
0.588027095013291, 
0.5928570223383848, 
0.5999514962844653, 
0.5970024787377037, 
0.6066424013425228, 
0.6037859124208104, 
0.6064257604818647, 
0.6082076553661955, 
0.6139782380711005, 
0.6119163793403795, 
0.6163416981178735, 
0.6230891223499977, 
0.6169846807763755, 
0.6219845759574639, 
0.6250239102359516, 
0.6278527601266158, 
0.6302387623740222, 
0.6272278915556313, 
0.6375584107017325, 
0.6396788129557686, 
0.6387190003598078, 
0.6417066502131406, 
0.6400823613986015, 
0.6403125310314599, 
0.6434604088731083, 
0.6473355354754529, 
0.6519417090292917, 
0.646841662959335, 
0.6470137293911529, 
0.6558864501396521, 
0.6575012195901504, 
0.6508093008889049, 
0.6565919218919164, 
0.652110330153695, 
0.6575748328100592, 
0.6577992870079681, 
0.6555486982923063, 
0.6623890828865088, 
0.6619083337575106, 
0.6595857815807703, 
0.6644483756362242, 
0.3761028673195861, 
0.1592989969135033, 
0.1607879314396584, 
0.22421191282944491, 
0.21768189285522305, 
0.22327613583621564, 
0.21691384445485548, 
0.2181828408685998, 
0.2179366493825422, 
0.2202127696051385, 
0.21760645164073616, 
0.21511452358315347, 
0.21569511561906904, 
0.21176651842962346, 
0.21757899628852842, 
0.2122821595231918, 
0.21350710039920723, 
0.21222793109225901, 
0.21460234863925268, 
0.21644668316414883, 
0.20871057616138464, 
0.21480873417026508, 
0.20971500819404243, 
0.20988348192563638, 
0.2139590488169741, 
0.20959094755832705, 
0.20245793870633982, 
0.20197903820502003, 
0.207712224340925, 
0.042226542295509206, 
0.06942798155783492, 
0.05664570951718978, 
0.6130941319409194, 
0.655620198183464, 
0.746111966702881, 
0.6587916720067856, 
0.655008492876206, 
0.7151917440662005, 
0.6181752844566994, 
0.6562562638519327, 
0.6914208666497075, 
0.6301479379529603, 
0.6959088482900293, 
0.6209083095240276, 
0.6708017722717242, 
0.6613291911297469, 
0.6605734687693987, 
0.3641855063910595, 
0.30033770902280826, 
0.16096167703380582, 
0.12257310531955576, 
0.12273138478584006, 
0.0711231959671092, 
0.21246154782411955, 
0.13902357428118828, 
0.2795321917214125, 
0.06457682563539816, 
0.06312768401747673, 
0.20366796969987183, 
0.1727320237489722, 
0.04520442659776894, 
0.08555281185283045, 
0.23797804177911747, 
0.14325781281605646, 
0.03186129362230103, 
0.23546646377372973, 
0.15836917596046673, 
0.09651815867831473, 
0.05706651730281059, 
0.3344523649383336, 
0.09108847285142135, 
0.10468242272140513, 
0.15341622971306687, 
0.13552695727960276, 
0.08040500131575545, 
0.12925361168842567, 
0.12862590288868447, 
0.16492412701132575, 
0.10030294973995049, 
0.25542645173287404, 
0.022777717393395458, 
0.142116947155449, 
0.09441537369622185, 
0.0888226680639286, 
0.20955086763905162, 
0.14847435450193347, 
0.03830564729007377, 
0.23848966192406373, 
0.23372018666295663, 
0.03147817023903926, 
0.2401438046460931, 
0.13413990115055477, 
0.027098655731046917, 
0.1684833892908252, 
0.06668739769973267, 
0.08370726542488957, 
0.21030536205557776, 
0.13257284613629688, 
0.10680021256282762, 
0.16862989058105177, 
0.16255567348423094, 
0.04958170039378465, 
0.2167046345763052, 
0.060398424463000255, 
0.0032462557821925087, 
0.12921487756388947, 
0.12647650474840433, 
0.03772584983723937, 
0.14765303766470017, 
0.006696902068616589, 
0.09319282149587343, 
0.19507966603999227, 
0.08640783967779135, 
0.09961156286823089, 
0.1695383348420186, 
0.11335216305725633, 
0.05364164112594798, 
0.11202861963998312, 
0.207133052678714, 
0.08170289693755055, 
0.08938194120461973, 
0.07254624374641339, 
0.15516402797375844, 
0.08287082408064522, 
0.19054577226272426, 
0.006102791617444647, 
0.16415881263872373, 
0.0017619988231532963, 
0.08945759324244659, 
0.1790783989512424, 
0.15789114302065022, 
0.011248294672056014, 
0.047380808175087774, 
0.2282626631591278, 
0.016928427464797086, 
0.13543511735625777, 
0.05831531925423486, 
0.13323042459064732, 
0.22288050116193858, 
2.161827986934176E-32, 
2.1802024898331602E-32, 
2.1542952393856225E-32, 
2.1417198582643472E-32, 
2.1499715900117844E-32, 
2.1403631699128674E-32, 
2.148416618739329E-32, 
2.1591858782707837E-32, 
2.1567982690250337E-32, 
2.1745368888970616E-32, 
2.1479829422584217E-32, 
2.1695679897832875E-32, 
2.1566334315429196E-32, 
2.1870054155186383E-32, 
2.1598941292536008E-32, 
2.1463258233520072E-32, 
2.1347022802177697E-32, 
2.1561047511187795E-32, 
2.150067616617879E-32, 
2.157467518724146E-32, 
2.124984164630148E-32, 
2.177087849738556E-32, 
2.1740294747741517E-32, 
2.140428917173173E-32, 
2.168300618128815E-32, 
2.180636136424211E-32, 
2.1700164298531352E-32, 
2.119796894711563E-32, 
2.1553312555922406E-32, 
2.147988087173337E-32, 
4.39666075465028E-32, 
5.319330054324698E-32, 
4.72522105507734E-32, 
5.375724130639884E-32, 
5.530799296314003E-32, 
5.204557298806014E-32, 
5.3696443245225E-32, 
5.636071922090491E-32, 
5.745472636344635E-32, 
5.79490880207727E-32, 
4.3326031777234856E-32, 
2.910247789962522E-32, 
3.099358096785495E-32, 
2.6594302684599207E-32, 
2.289028194815042E-32, 
2.1312056772360015E-32, 
2.5187810911784983E-32, 
2.2487267946167503E-32, 
2.0585956534737138E-32, 
2.2466950134104908E-32, 
2.5570205207888703E-32, 
1.9431257729053075E-32, 
2.048879294912914E-32, 
2.516241993273939E-32, 
1.7879746716375938E-32, 
2.4160881779515006E-32, 
2.8429216371789647E-32, 
2.3005280830551125E-32, 
2.0600664445313091E-32, 
2.0638742013987744E-32, 
2.4306521476922033E-32, 
2.584939780435623E-32, 
1.7295746563048566E-32, 
2.1078042925380842E-32, 
2.846910753688948E-32, 
1.75668240554475E-32, 
2.658671957273078E-32, 
2.4176105338270537E-32, 
1.976370471804636E-32, 
2.0353396395463826E-32, 
2.3043397778438082E-32, 
2.355713151637959, 
2.355129866800213, 
2.3561758324997832, 
2.3652969433454714, 
2.3588155903630907, 
2.3645354821686873, 
2.35340437768565, 
2.360503157786333, 
2.356770983563948, 
2.3536592010552253, 
2.357420047927304, 
2.3592148107321997, 
2.3645681689631766, 
2.355806120506055, 
2.8603331635926557, 
2.862304762521145, 
2.8530999979568135, 
2.855268549061127, 
2.8560737145924415, 
2.858965618839968, 
2.296802689230185, 
1.7877435049274846, 
1.7855860744917145, 
1.7847432428888452, 
1.7789196070691617, 
1.7873512076681024, 
1.7779003012983856, 
1.7842873823120748, 
1.7802352145214582, 
1.7756130193999806, 
1.7793607653337293, 
1.7730160511648654, 
1.8206486826641184, 
2.284753563186856, 
2.2847214027453813, 
2.456596082311813, 
2.4585606968349296, 
2.452197035916523, 
2.4573486195326217, 
2.459834694394777, 
2.4599049164052036, 
2.455814279290502, 
2.4541691967710753, 
2.4570098870129407, 
2.4543173016433038, 
2.4592148324124903, 
2.4571245469669805, 
2.4503241621568552, 
2.452226520637184, 
2.3393053134725847, 
1.8395538342686146, 
2.449945078326455, 
2.451207623286148, 
2.4461975407113656, 
2.792447352959832, 
2.869236675729728, 
2.811711878506735, 
2.8029858582133746, 
2.8209351999231256, 
2.84855698608384, 
2.842022985695259, 
2.780618116410303, 
2.762666325355006, 
2.7924354042762447, 
2.857391293150985, 
2.859782571301862, 
2.8704883692912317, 
2.852025501736442, 
2.8536303073415192, 
2.847605827599343, 
2.8455811404350957, 
2.6604596570331074, 
2.842716126240111, 
2.8432560606815325, 
2.810778772809393, 
2.8165282983682878, 
2.8834357415349103, 
2.8325417662701065, 
2.7892887589735103, 
2.809879413033364, 
2.8432732272213097, 
2.7977230905670902, 
2.8281893335821238, 
2.8153403884531576, 
2.8108755500473785, 
2.8053622617958593, 
2.8052957104144274, 
2.7505075632778913, 
2.798175026724385, 
2.7459880742026233, 
2.785670630874106, 
2.7881205530751174, 
2.7842117538356677, 
2.743838106266119, 
2.72216297328276, 
2.74791703584329, 
2.773065387733325, 
2.767646552661233, 
2.764309989541827, 
2.7621912917484153, 
2.758112708998754, 
2.7338215341234426, 
2.750645878127008, 
2.673279781899576, 
2.742406365876824, 
2.7402423726950915, 
2.734594520397768, 
2.730118998100804, 
2.7254659787603606, 
2.6745801254405097, 
2.720236129891722, 
2.7164486371383374, 
2.675097993384687, 
2.705921860318801, 
2.701217405491093, 
2.6594011145510246, 
2.692552924627968, 
2.69047595296111, 
2.672258785260778, 
2.6811787808846, 
2.6752018847803387, 
2.668431177306304, 
2.6650940289940976, 
2.6511684676127247, 
2.6407956340718615, 
2.65462463143461, 
2.6293027242293046, 
2.5766509129342516, 
2.573108949344874, 
2.6386001146671183, 
2.3233678402467177, 
1.8724597330203503, 
1.8785632844428868, 
1.875226593177569, 
1.8783511791667387, 
1.8798719698925304, 
1.8746079591428604, 
1.8755700268654572, 
1.87636695205725, 
1.879302325147986, 
1.8757670690269599, 
1.880105548642188, 
1.874912227623792, 
1.8756168071874235, 
1.8794233509056348, 
1.875570488149331, 
1.881312176161439, 
1.8750715511145395, 
1.8763498772792624, 
1.8760046839984548, 
1.877175668342256, 
1.8774077564687794, 
1.878377348984055, 
1.880789638159238, 
1.8746799511567027, 
1.8710833386156085, 
1.880381047503366, 
1.8771993176745698, 
1.8791847339509817, 
1.8764279339531273, 
1.8805060845957118, 
2.1158671704339187, 
2.165705657715026, 
2.168217265419631, 
2.158992449155565, 
2.15571388699249, 
2.1487822451949357, 
2.1424858499846224, 
2.122520660089633, 
2.1372679374222927, 
2.130620155049526, 
2.1271779972511227, 
2.1145558149708834, 
2.115785768533185, 
2.0778406597902532, 
2.09805069025323, 
0.2110160498934552, 
0.214130929802946, 
0.21390656015098483, 
0.21207465538143258, 
0.20980264499161708, 
0.21605040701246603, 
0.2128046544306718, 
0.2147185734210893, 
0.21492330283346123, 
0.21567984100653367, 
0.2210813820163598, 
0.21470310934498246, 
0.2220878015963568, 
0.2171995243968572, 
0.21729404604641772, 
0.2216676500972465, 
0.21858799257833417, 
0.22119049786862066, 
0.22888916796205425, 
0.22928595112531322, 
0.22698930023654862, 
0.23159716232776412, 
0.22369907094461988, 
0.22454465184067215, 
0.22592719910002296, 
0.23033521553426278, 
0.2300846963497547, 
0.23535522570632167, 
0.2319163025605405, 
0.22792251933228677, 
0.2304555098221867, 
0.2366457707221852, 
0.2357270181723582, 
0.24028416230164545, 
0.23430598869203365, 
0.23449335473395325, 
0.23685013778993358, 
0.2424788164374639, 
0.23845362706237216, 
0.23813230533430488, 
0.23695310223619895, 
0.2443768295184178, 
0.23752151127405838, 
0.24676392612159215, 
0.24706751711159577, 
0.24657363060523704, 
0.2404409751185816, 
0.24011082126590622, 
0.24880477247086347, 
0.24364621835696243, 
0.24185967065203262, 
0.24321724578533513, 
0.24545831092512965, 
0.2518740285973345, 
0.251741715241643, 
0.24917720523010656, 
0.2454633592235989, 
0.24616905775266465, 
0.2530003801951026, 
0.2502591593826184, 
0.25489777500420446, 
0.25030887413441866, 
0.25105047313768225, 
0.25279193608082123, 
0.250495886280629, 
0.25812768820649723, 
0.2574125279572819, 
0.25830512566277175, 
0.253261410607821, 
0.2566677747714763, 
0.25781537285547484, 
0.2575361688556905, 
0.261493067449564, 
0.25950059968504696, 
0.2605247951469849, 
0.26144773431936735, 
0.2654084012379006, 
0.2606775319992958, 
0.26521098768660323, 
0.2565199979955674, 
0.2604686618504251, 
0.2598052230919115, 
0.2629693874502794, 
0.2688400933517518, 
0.25995843828842663, 
0.26517382711220827, 
0.2682969748116933, 
0.2607531804091143, 
0.26945903375650315, 
0.2643863491378155, 
0.26528850867221915, 
0.266571274165667, 
0.26233035328320536, 
0.2646757159677336, 
0.2655285954292773, 
0.2682133687302145, 
0.263584047731947, 
0.2635297483344198, 
0.27510647322499415, 
0.2708464239943406, 
0.2678257370534087, 
0.2684314480188903, 
0.27089184569810787, 
0.27552292855310123, 
0.2650886656555605, 
0.2671846190991091, 
3.540777356470341E-6, 
6.656532449122858E-6, 
0.05509784727850746, 
0.054542307105912576, 
0.054304758904912265, 
0.05489293993682478, 
0.056245252914244634, 
0.05758873602314947, 
0.05503880811458352, 
0.05839656878093202, 
0.058958754720831674, 
0.05794416568944981, 
0.05733732274725036, 
0.060124629797132956, 
0.06175002465870641, 
0.060124970840492384, 
0.061824932258229603, 
0.06042582305659614, 
0.06402940877241291, 
0.062286579749096266, 
0.06377488276007418, 
0.06294048732776694, 
0.06556993557526027, 
0.06672741727106388, 
0.06643401027687343, 
0.06536351608545482, 
0.06459620100510127, 
0.06720292119475986, 
0.06651524300243976, 
0.06679894549139988, 
0.07050578928179273, 
0.07099355619803033, 
0.07173665027921777, 
0.06929395773649563, 
0.07268455892013168, 
0.07048612028850013, 
0.06990956925395678, 
0.07435181594689615, 
0.07423534823320627, 
0.07530352382997721, 
0.07491456673709228, 
0.07274906759053444, 
0.07457346105413307, 
0.07326122157278034, 
0.07649214580137541, 
0.07586135920976345, 
0.07698443727064186, 
0.07698154931037321, 
0.07561764324121642, 
0.07586056442044747, 
0.07843707862701134, 
0.08173948968493117, 
0.0779345491645853, 
0.08064501266361386, 
0.08097812136522012, 
0.07977766209070337, 
0.0807108939822233, 
0.08051368129680705, 
0.08537717770991046, 
0.084263392312937, 
0.08381743544536815, 
0.08378810281989336, 
0.08482260232511837, 
0.08750134655675142, 
0.08775945732793568, 
0.08715934583553374, 
0.08889174563508632, 
0.08907876097135907, 
0.08990720294312168, 
0.08943466685062909, 
0.08633290841792109, 
0.08776492833035511, 
0.09061377767736606, 
0.0882701005932178, 
0.08993494895991112, 
0.0931204048742076, 
0.09245982657054864, 
0.0952720395090452, 
0.09382908853016685, 
0.09345276858461331, 
0.09430331023558222, 
0.09163342785176765, 
0.09205516688664586, 
0.09717424394120588, 
0.0945378842352503, 
0.0968962742621926, 
0.09513125060541076, 
0.09879163050072118, 
0.09936196580169147, 
0.09541916197745233, 
0.09734004954358204, 
0.10179816266081677, 
0.1023969481870261, 
0.10139447440085456, 
0.09821995364129896, 
0.10350675082406263, 
0.10258789936973348, 
0.10375487595592983, 
0.10179944150675442, 
0.10215112578175861, 
0.10006190263590191, 
0.46060668396577686, 
0.5175465262915655, 
2.0633778900212714, 
2.058139152823281, 
2.048407116730375, 
2.0435216673446353, 
2.044273366790061, 
2.0488484733332557, 
2.041833010123028, 
2.04434176492891, 
2.047146704805054, 
2.046707556948864, 
2.039925314331155, 
2.045348990579598, 
2.0364769589632594, 
2.0355183354898845, 
2.042451547350039, 
2.03892368478271, 
2.0436019739900706, 
2.036583735459772, 
2.035047054660665, 
2.03441070723571, 
2.040109041476541, 
2.0414703142111064, 
2.039562606219485, 
2.0328539052713865, 
2.0303714550134515, 
2.037819079173675, 
2.0373652812484053, 
2.0359648790618956, 
2.0318894443061515, 
2.0273445239160814, 
2.0297800004821838, 
2.0306590026287346, 
2.027044034039899, 
2.027902228925985, 
2.027241413517097, 
2.0256135765968644, 
2.034174139157416, 
2.02782754856478, 
2.0308324470049883, 
2.029050381938376, 
2.0282226483921963, 
2.0255056027085394, 
2.0313499555807684, 
2.02357774591138, 
2.020987778999432, 
2.026223129687681, 
2.019009717004338, 
2.0264269212197616, 
2.0233785604262744, 
2.0272620965414214, 
2.027886489365679, 
2.0278070066460687, 
2.025901841607109, 
2.0197295797267882, 
2.026205645811703, 
2.0238145352679107, 
2.016182669099624, 
2.0156190324822956, 
2.0146106910046084, 
2.0206164227221604, 
2.0242197915443123, 
2.018109471059988, 
2.0240812227674607, 
2.0178133616444995, 
2.0191703796946916, 
2.015931817996565, 
2.014684557273158, 
2.013590675283334, 
2.02175155132761, 
2.0228151569496635, 
2.015503247596927, 
2.019874069999586, 
2.0104598434653553, 
2.0111495611847774, 
2.017910568906964, 
2.02805207123533, 
2.2868159710587133, 
2.4293917677435286, 
2.4236372160541233, 
2.427498779248779, 
2.4245362452988863, 
2.4308764314289766, 
2.4281063280190485, 
2.4259186726290936, 
2.425078929432766, 
2.4258092573890195, 
2.428943395599243, 
2.4317072741375405, 
2.422038448768798, 
2.4215408567853247, 
2.4250016209043967, 
2.431559519008118, 
2.4211228104980798, 
2.4222471246513613, 
2.425785599265499, 
2.423562325512881, 
2.4289347679483324, 
2.421319614524527, 
2.4291556599729325, 
2.4269025796154575, 
2.421037356645636, 
2.421863137652364, 
2.431127661226389, 
2.4209256187850547, 
2.421141021747273, 
2.420170913265962, 
2.429601075873092, 
2.4257980292243357, 
2.4274582898517334, 
2.382164452705834, 
2.3935271991716096, 
2.3681859663210045, 
2.3543407670924186, 
2.2592745653966815, 
2.2991325221763206, 
2.2765347012925004, 
2.3177068264638816, 
2.2668445703951225, 
2.2445361012047083, 
2.544402030772109, 
2.2713088126765255, 
2.2692743060232394, 
2.273906398419944, 
2.2737723889943644, 
2.27336028457538, 
2.2783007663074435, 
2.2768995588231795, 
2.272546173557719, 
2.2804916470120467, 
2.279837260740384, 
2.2761990606522366, 
2.282040837206457, 
2.278170345707428, 
2.283503192343702, 
2.2726631865131997, 
2.276237524383206, 
2.2813869971944887, 
2.273865253794313, 
2.277062262199735, 
2.2791750250916043, 
2.2829248896316447, 
2.283281542136607, 
2.2770114539905824, 
2.2786406177124268, 
2.279532374648693, 
2.2814138254699943, 
2.2772247353983177, 
2.2724660054954287, 
2.2793708621007456, 
2.2772002326841347, 
2.288920573095962, 
2.3220925066040765, 
2.2548683788866244, 
2.2900498010957593, 
2.287778851598387, 
2.291315926647795, 
2.344664556070538, 
2.2965834602311306, 
2.2323765018778774, 
2.260018593644756, 
2.2621783376575566, 
2.2866737041925207, 
2.312879147311233, 
2.2553641055589795, 
2.327128637956915, 
2.3329840430338864, 
2.2989505919202573, 
2.3004891397413276, 
2.2606340046709734, 
2.2965448282404823, 
2.228620526600733, 
2.279411269034978, 
2.255424488974495, 
2.2738408071144365, 
2.330609778108763, 
2.318373973587552, 
2.2632090087973014, 
2.241587339044014, 
2.2854487502057, 
2.3303707672299625, 
2.185932685804201, 
2.351521276955677, 
2.2672892912932783, 
2.352192417071831, 
2.2788847942426402, 
2.2640122019844116, 
2.372298130501105, 
2.1973184405720163, 
2.2625538628735145, 
2.3233551654396623, 
2.2586155784759514, 
2.318720954616805, 
2.2079325501119316, 
2.3242795842303936, 
2.2850054109186546, 
2.210021649272943, 
2.31472403848596, 
2.3040034570438026, 
2.315478277095008, 
2.2280466605896807, 
2.2612604939316414, 
2.280375324757199, 
2.2489897131198378, 
2.2992571707465403, 
2.363275944830545, 
2.283251569226917, 
2.243848792414366, 
2.347810173748866, 
2.30917128345956, 
2.2880140823330324, 
2.3018374321184014, 
2.232064784369638, 
2.250424584643608, 
2.2457213974897146, 
2.337328847573727, 
2.2946871181043464, 
2.2719725700974864, 
2.3136284201032398, 
2.268215577293671, 
2.2936438092909386, 
2.255790791001229, 
2.345826127037239, 
2.242129469243193, 
2.5482338852146422, 
2.536894300475659, 
2.5317148275268124, 
2.538335950464772, 
2.5389532567587665, 
2.5336045645210716, 
2.535598835679149, 
2.5375398125165542, 
2.535014008377392, 
2.536417795156396, 
2.531790407447996, 
2.5359476643414682, 
2.5323976104862003, 
2.5357814504877045, 
2.533669922875595, 
2.5325766214998864, 
2.5322005656946884, 
2.526049756071861, 
2.522677643696083, 
2.5268346227175043, 
2.532329715971208, 
2.526787294846213, 
2.5306065592302738, 
2.522959550572309, 
2.5274651242556363, 
2.5250693281126275, 
2.5263432216007615, 
2.5253987458535567, 
2.523495868394958, 
2.517616751423216, 
2.521151563317328, 
2.52054724308827, 
2.523730003376424, 
2.5186782171402085, 
2.5240602367534026, 
2.5156306416369385, 
2.516470058197046, 
2.513835933166765, 
2.522024182802578, 
2.5178055826400243, 
2.515447717754167, 
2.5143467671374404, 
2.511030354640705, 
2.517716542134428, 
2.511355295919959, 
2.509540726318978, 
2.5178939197695063, 
2.50788226328504, 
2.511587120117096, 
2.509833567133912, 
2.5118002836555826, 
2.5141164781284795, 
2.5117055847146212, 
2.5117098228036063, 
2.5056635804224614, 
2.503315666408024, 
2.504831351478307, 
2.501337943635714, 
2.5004859767936285, 
2.5045467863270297, 
2.5013167893727757, 
2.50642840526741, 
2.504026646347625, 
2.4975015937119993, 
2.4990702966031817, 
2.502993035289485, 
2.4962037375988197, 
2.49637137059066, 
2.4938796066768, 
2.497592263964012, 
2.4936773357271713, 
2.500229937035191, 
2.49115931672673, 
2.491642732366219, 
2.497693682686966, 
2.497459808923511, 
2.4954550631664736, 
2.494989023724323, 
2.4948286312763264, 
2.487364992555427, 
2.488357930706017, 
2.484435989767665, 
2.491307433540224, 
2.490379034296656, 
2.484724903196922, 
2.4877330509001214, 
2.4832364317000457, 
2.4808415911312296, 
2.485160379501288, 
2.4825931494923625, 
2.4837831160373156, 
2.4838212163439706, 
2.478379440033058, 
2.4766855011136997, 
2.4821563293297055, 
2.474403174613019, 
2.4723823761815646, 
2.4794319412130097, 
2.47227426804064, 
2.469655062273074, 
2.470477218168272, 
2.4679327931120216, 
2.471880689056745, 
2.469408518475313, 
2.4712407781698253, 
2.472506901349404, 
2.4694139591083726, 
2.4707316774570023, 
2.466784110825214, 
2.461805187318713, 
2.5801539538881504, 
2.578873621769527, 
2.5771351511935574, 
2.5697033845368695, 
2.566731686898401, 
2.5628259164696106, 
2.5648511761130233, 
2.558054373317634, 
2.554510853878563, 
2.5497132485768645, 
2.5490412213377747, 
2.5444198800720934, 
2.540251646870048, 
2.5372899675873617, 
2.536755524404735, 
2.5318963401230494, 
2.526882402606714, 
2.524462597732591, 
2.5190320597571274, 
2.516413495828072, 
2.5142320906686098, 
2.5095020729074724, 
2.5064515074038987, 
2.501882476689885, 
2.4956486891399403, 
2.492480715828395, 
2.4882186970179654, 
2.4861258905032955, 
2.480206849047722, 
2.477690609629848, 
2.4763596517594237, 
2.472272293883555, 
2.4674504213981754, 
2.464173380525957, 
2.461568557518082, 
2.4573545233939975, 
2.453131281543354, 
2.4486533603614156, 
2.4435910552268867, 
2.4401205490749085, 
2.4351770917025695, 
2.432107142917751, 
2.4278714765021316, 
2.4240947355613063, 
2.419923372879386, 
2.416426077112006, 
2.41223750004262, 
2.408647960895911, 
2.4047562679875076, 
2.399040814021177, 
2.39667848142836, 
2.3915733563311323, 
2.3892357665913915, 
2.384285053002025, 
2.3808416976714293, 
2.3762970388100904, 
2.3718529168564406, 
2.3675074895771617, 
2.3636244707178866, 
2.36001084353517, 
2.3557296152922764, 
2.351905231914648, 
2.3481098950599013, 
2.343997421862221, 
2.3403277060913568, 
2.3351954903464573, 
2.331443698486125, 
2.3277815377075144, 
2.3231466509153114, 
2.3190812693304066, 
2.314906075388305, 
2.311306538420453, 
2.3072145864877447, 
2.30284673770943, 
2.2985248613658404, 
2.294642379590371, 
2.290379209874172, 
2.2863593161241353, 
2.2824377559520563, 
2.281647806396733, 
2.2817442099838465, 
2.2817670827705574, 
2.2818011771287114, 
2.281846716068608, 
2.2818649195328966, 
2.2818540048835145, 
2.2819682471206693, 
2.281913539900529, 
2.2819949747385775, 
2.282047803055582, 
2.2821191964490763, 
2.2821803106008525, 
2.2822175376755647, 
2.282241495222338, 
2.282251884781566, 
2.282240141351779, 
2.2823254700686912, 
2.2824042673707177, 
2.28237123363486, 
2.2824394937779218, 
2.282510144391971, 
2.282498103681414, 
2.2826121787347295, 
2.282583205271719, 
2.2826742101883952, 
2.2826844277806817, 
2.2827244774599738, 
2.282805802736328, 
2.2827996113832265, 
2.2828600476507535, 
2.282885489727191, 
2.2829578728987094, 
2.2830321009980588, 
2.2830742599332314, 
2.2830845158226976, 
2.2831584627780783, 
2.2831870313151326, 
2.2832279014589933, 
2.283224453598482, 
2.283286107603191, 
2.2833170546093458, 
2.283382044103899, 
2.2834057408870145, 
2.2834398948164316, 
2.283503186933372, 
2.2835590094943976, 
2.283594616608214, 
2.283646992542159, 
2.2836637670367543, 
2.283707617840454, 
2.2837631482580236, 
2.283823519023498, 
2.283860174993863, 
2.283890591907273, 
2.283919659703365, 
2.283983033557086, 
2.284033805223234, 
2.284054086648252, 
2.2837933887546606, 
2.2838933359896343, 
2.2839934862805866, 
2.284085871940357, 
2.2841783011011745, 
2.2842791860992238, 
2.2843719346685383, 
2.28446459528156, 
2.2845668324887876, 
2.2846612707063056, 
