1.990400925256469E-47, 
0.04774187985546163, 
0.04771783689872322, 
0.04820656452915628, 
0.048540909347565275, 
0.047811941733161945, 
0.04777283808447308, 
0.047852824111270564, 
0.04782676970900468, 
0.048533596479920504, 
0.048192906803439683, 
0.048365533313070586, 
0.048271060947186584, 
0.04785677810186684, 
0.04892146678071185, 
0.0483913940291103, 
0.04804121293398822, 
0.04792417985810005, 
0.04807185556993332, 
0.04797083391468249, 
0.04805191906597983, 
0.04853373208983314, 
0.04875474239508648, 
0.04901580218660939, 
0.04888815187748463, 
0.04872284248645542, 
0.04790856502957297, 
0.048560732474243196, 
0.24012928624722463, 
0.24002912896057893, 
0.24215981778010942, 
0.24517572044649327, 
0.24589029649136052, 
0.24422487405035298, 
0.242018996449886, 
0.24480264526214768, 
0.08600284517495638, 
2.735900961674531E-4, 
2.7199074454742345E-4, 
2.7071949438095544E-4, 
2.7306761147727343E-4, 
2.7082732459504655E-4, 
2.704168212659397E-4, 
2.6761071128333924E-4, 
2.6872968335922565E-4, 
2.689253282071036E-4, 
2.7513744351992386E-4, 
2.669991069943478E-4, 
2.757727715270164E-4, 
2.7528486009131825E-4, 
2.7285117367625844E-4, 
2.6894504835084376E-4, 
2.696828758423919E-4, 
2.6963735357199425E-4, 
2.778170787394174E-4, 
2.755777433272044E-4, 
2.7739975432794495E-4, 
2.733083282073778E-4, 
2.695902383926807E-4, 
2.71254061846804E-4, 
2.7325329759264605E-4, 
2.7079394007856195E-4, 
2.733710339057893E-4, 
2.7100434711968546E-4, 
2.7041274512029645E-4, 
2.775533151080367E-4, 
2.7576730774825364E-4, 
2.71523244432359E-4, 
2.790244399015762E-4, 
2.746167379932274E-4, 
2.7714055407201954E-4, 
2.728530120457151E-4, 
2.7742414896181344E-4, 
2.7994309291301533E-4, 
2.79857880247647E-4, 
2.81672856459636E-4, 
2.814290061010638E-4, 
2.8081952011760336E-4, 
2.7393912813167276E-4, 
2.750449299675495E-4, 
2.7414875358289237E-4, 
2.8274519404547505E-4, 
2.803311191748037E-4, 
2.7711560806764624E-4, 
2.817419491094597E-4, 
2.7551650133972316E-4, 
2.8184243581463875E-4, 
0.018068553490387274, 
0.020482253639492853, 
0.0023580478764770874, 
1.1368683772161603E-13, 
0.19177230562551628, 
0.09775668820167027, 
0.09759427424700107, 
0.09452405798414532, 
0.09546363076417919, 
0.09655731087568142, 
0.09705615471652607, 
0.0971186016026806, 
0.09304490112596397, 
0.09717136956979999, 
0.0960896001155227, 
0.09735582110247165, 
0.09548469887229771, 
0.09508931492630524, 
0.09253907133884809, 
0.09359167998778162, 
0.09448312708174456, 
0.09584199221391287, 
0.09775617222396704, 
0.09713645276180927, 
0.09784928314658714, 
0.09311354152612594, 
0.09383406170611153, 
0.09783907878080456, 
0.09350067038722898, 
0.09553266131901594, 
0.09326067823993256, 
0.09306426260345546, 
0.09326364009471888, 
0.09530553028894673, 
0.09612400470312465, 
0.09444563972427389, 
0.09661998070636457, 
0.09664437656166314, 
0.09419587973519583, 
0.0934073810849867, 
0.09200534312844866, 
0.09448918130987494, 
0.09604284038307753, 
0.09636444370550379, 
0.09682186978432128, 
0.09473080578645465, 
0.09659306679127866, 
0.09622485576079498, 
0.09339038268815258, 
0.093203052756337, 
0.09148276127032418, 
0.09395687224488114, 
0.09289909652126482, 
0.0955496067604571, 
0.09146718321997582, 
0.09249946385226693, 
0.0941346559458971, 
0.09256455050095269, 
0.09436525241166294, 
0.09211035131234269, 
0.09605119336383439, 
0.09321422082496156, 
0.09532685139910058, 
0.09405030799344871, 
0.09140941885243592, 
0.09242415427164019, 
0.09543012811626284, 
0.09210396414782451, 
0.09230329912767843, 
0.09591685986949017, 
0.09358347170871184, 
0.09066941047140631, 
0.09518269040837879, 
0.09403018336067248, 
0.09443250223149846, 
0.09140665565183781, 
0.09111980483973525, 
0.09183540254380773, 
0.09126596765472073, 
0.09589240944525557, 
0.09501246129156016, 
0.09071054922492294, 
0.09380005646336542, 
0.09233832845032452, 
0.09490978025526431, 
0.09113503132645917, 
0.12154498605695352, 
0.06300632918654969, 
0.05910368284161649, 
0.06007969362589449, 
0.05790690509356011, 
0.06296466276243962, 
0.0580833842900077, 
0.06091219555677441, 
0.06088956701549364, 
0.05969896965252275, 
0.06087241655345821, 
0.06230423907096849, 
0.06020944521291938, 
0.05999805088097787, 
0.05981172854178851, 
0.06291146563762595, 
0.061288419946208705, 
0.059030109302234735, 
0.06116783080040733, 
0.060065915172103246, 
0.06008249846786384, 
0.059548378639973976, 
0.06310946605357515, 
0.06066454037988933, 
0.06078169282722001, 
0.061386858247274745, 
0.05886951726753864, 
0.05768022883682988, 
0.0628594096746724, 
0.0604565313220462, 
0.05886609818284683, 
0.057408375906490505, 
0.05766611864042659, 
0.057840473296224104, 
0.059287602076395274, 
0.062474326249542855, 
0.05883125138589662, 
0.058494813119850164, 
0.06161267677217097, 
0.058938276282219704, 
0.06232769538314642, 
0.05758623066047619, 
0.06206226860619779, 
0.062337314754657314, 
0.05957622609012958, 
0.05883606379212836, 
0.2245711192560691, 
0.1836297676134393, 
0.25757510717119203, 
0.2186951212221402, 
0.28221920442263126, 
0.22035364274617564, 
0.29848198392218706, 
0.24475219410606996, 
0.26545028798487635, 
0.2732174258019171, 
0.2470408733376246, 
0.22079912232176468, 
0.23026217929628956, 
0.2775532802774876, 
0.22296426418728288, 
0.24240157669358098, 
0.2651801519841257, 
0.28079688924067625, 
0.23618010725310512, 
0.24719500441207742, 
0.28112452211782113, 
0.2323514481386013, 
0.20105826600112664, 
0.23285574277716137, 
0.22971730091144593, 
0.23825339361457054, 
0.2224784205447321, 
0.27935927833368623, 
0.20276364243412104, 
0.1517356409596431, 
0.12884272454158463, 
0.1327174334901713, 
0.06911186000009195, 
0.0399337883212354, 
0.013526534166913962, 
0.052914295296304203, 
0.05361936456448291, 
0.03661576545822243, 
0.05328407873787455, 
0.03888400557679006, 
0.01962436599070827, 
0.034367561840142, 
0.04877504997425319, 
0.06288469957037535, 
0.012117212969243951, 
0.0055438231157154405, 
0.018033702958305753, 
0.009598733644054391, 
0.04344465308332701, 
0.0049165922014537955, 
0.0050634724531164466, 
0.004981295208182246, 
0.005463847622849016, 
0.0057848149703971785, 
0.004984532344238346, 
0.005362265467525162, 
0.0058028802882716946, 
0.005278327971495855, 
0.005540899394631538, 
0.053397439844857786, 
0.05282397227568936, 
0.05713666197139844, 
0.053096767618143303, 
0.05142072195843639, 
0.051782552813122606, 
0.05704397017993301, 
0.05421538824506911, 
0.054537864521023494, 
0.0545264762632911, 
0.05036011769296067, 
0.05164784751625007, 
0.055204484946699495, 
0.053802664485644414, 
0.0509713865595387, 
0.055965919530180486, 
0.05358101355228939, 
0.05396726498528892, 
0.05512949518869448, 
0.058471671299031414, 
0.05803318986409067, 
0.053859038627820155, 
0.05915983184920037, 
0.05389645457752579, 
0.053100351346756725, 
0.055704776077874385, 
0.056727376640438365, 
0.057611119725663684, 
0.05455149852549823, 
0.056593754920498895, 
0.05370241112251506, 
0.05747566125886294, 
0.05731818979150205, 
0.05158653371321975, 
0.051138077408865, 
0.05622608670238094, 
0.057155344522882956, 
0.05709183009132346, 
0.05848343741797635, 
0.05542705069291287, 
0.051047432112994784, 
0.054967203788066854, 
0.05383358470230348, 
0.056240641380057355, 
0.06071772314572854, 
0.05183654191051801, 
0.05468309604253818, 
0.055724229611371356, 
0.058243784563899226, 
0.05414140928733957, 
0.057415329452652486, 
0.052631579638315884, 
0.054992096926980594, 
0.052626734769461336, 
0.0519637999153133, 
0.05568142893129391, 
0.055148369539750774, 
0.06137060086430779, 
0.057747395647197663, 
0.055031611968146876, 
0.053024203472546105, 
0.059659710064224214, 
0.054448796814128286, 
0.06109078690734293, 
0.05959370696379551, 
0.06112302313910334, 
0.05864354494183033, 
0.05997122209579686, 
0.05254080859690191, 
0.05574169321619138, 
0.0592591390553423, 
0.05323183280330568, 
0.05431517171108169, 
0.05493959499111156, 
0.05880783137939716, 
0.05539443039306491, 
0.06080388325408137, 
0.057348640187186106, 
0.05450064625456719, 
0.0552066135386724, 
0.059534739925695135, 
0.053742380824189695, 
0.05533470289384468, 
0.05430084825276538, 
0.06158146251972596, 
0.06073340829587437, 
0.061662926631427695, 
0.05747381464171042, 
0.05664833339027098, 
0.05977414941995107, 
0.059201547609333716, 
0.0532407335223013, 
0.05662495480031282, 
0.05365955369863684, 
0.05851719173303138, 
0.06232142013161024, 
0.06304417395261908, 
0.06312117386997329, 
0.05800929838173374, 
0.05867477279439015, 
0.05908181893771314, 
0.06055871339125929, 
0.05526063153371297, 
0.0557625928290264, 
0.05630064433970006, 
0.058489750272798346, 
0.06043299668365876, 
0.05746984620498097, 
0.0620641739978538, 
0.054919758844022226, 
0.061089359324824954, 
0.06096991288171694, 
0.061623824116907144, 
0.05764877839820315, 
0.05770882146555323, 
0.056519647933470196, 
0.04457903627698835, 
0.04422213810900773, 
0.044311350153866995, 
0.04470876643370465, 
0.044398191499254155, 
0.04455689668926886, 
0.04430323401793167, 
0.044112607702172874, 
0.044031963802445756, 
0.044053969351940184, 
0.044200599170874696, 
0.04392262419152089, 
0.04383644639397542, 
0.0441455606225346, 
0.04444477949665379, 
0.04429489388644212, 
0.04409012980508936, 
0.04440338689205879, 
0.04389172809468039, 
0.044296494793473265, 
0.12364480027429356, 
0.12622245515213754, 
0.12284239627206792, 
0.12439485782812684, 
0.12314063669889119, 
0.12171691094611761, 
0.12035184893893175, 
0.12001914597332453, 
0.11998124547300669, 
0.12055104111000553, 
0.11849870925385275, 
0.11746365350919259, 
0.11865692923940616, 
0.11825906438040609, 
0.116873114070867, 
0.1170156437380233, 
0.1145471560417822, 
0.11412787613724623, 
0.11347612246800495, 
0.11165122150455878, 
0.11361283272086194, 
0.11129378764171459, 
0.11005464576702223, 
0.11016618982799717, 
0.11067343530674291, 
0.10903605969524519, 
0.10743756979353396, 
0.1083248808234398, 
0.10802108446454606, 
0.10719513978207822, 
0.10691283613001265, 
0.10453379184619359, 
0.10414731640147881, 
0.1037029669355261, 
0.10413570864404505, 
0.10334823249956224, 
0.10309475825310575, 
0.10257223339365773, 
0.10183870457814648, 
0.09979605766829172, 
0.09881532417467352, 
0.09803066502340171, 
0.09896813196712528, 
0.09830172548687927, 
0.09711728073610609, 
0.09740070979741548, 
0.09615735575918012, 
0.09546825154968405, 
0.09405005904058894, 
0.09239434668171975, 
0.09340708473808841, 
0.09195917391342569, 
0.0906977532333254, 
0.09193072902973565, 
0.08969609417856414, 
0.09024026757154416, 
0.0892162837159658, 
0.08858406024346561, 
0.08808710292876518, 
0.08568571692275605, 
0.08595922604502165, 
0.08485029481120203, 
0.08396020320669896, 
0.08330101322532711, 
0.08382230496915632, 
0.08195842937986272, 
0.0812592931148354, 
0.08190549170660147, 
0.05866347169601415, 
0.021014933791224766, 
0.02019687332477172, 
0.02105431974054877, 
0.020847257306625563, 
0.02035494306214624, 
0.021321065056869884, 
0.022433445203431646, 
0.02251547596375849, 
0.022862613538553206, 
0.021703479194322903, 
0.023218213160424057, 
0.022543438319179054, 
0.02319132410434682, 
0.02380948592304611, 
0.024322204494634205, 
0.02345377757431032, 
0.023529806379129603, 
0.025297838307819613, 
0.023992183007256748, 
0.025517212013614395, 
0.025150205754494313, 
0.02547718596338662, 
0.02476315168331749, 
0.025651511185198303, 
0.025345129410417538, 
0.02523082896744496, 
0.026132052781121178, 
0.02624852027385459, 
0.027618242188331907, 
0.026258519790074174, 
0.02652788394893684, 
0.028065751893546348, 
0.028041884323868897, 
0.027795882691111374, 
0.029002375311465284, 
0.028027329670122534, 
0.02874777761418643, 
0.02974519129706134, 
0.029624639491378484, 
0.02996995330113457, 
0.02882102445023119, 
0.028378548437877543, 
0.02873458896517842, 
0.031072029684990482, 
0.03132724489402794, 
0.03072675877141299, 
0.03026836367073363, 
0.03044372013586508, 
0.03098141047219089, 
0.030469710398891642, 
0.031100618318786032, 
0.031059228443911045, 
0.03292258531072567, 
0.03338308799426203, 
0.032340749760100776, 
0.031687790444344194, 
0.03203438540790132, 
0.03371364713592115, 
0.03369972514099694, 
0.03276189131295908, 
0.03378783713204976, 
0.03294001186598244, 
0.033993124705415656, 
0.034146538064765086, 
0.0334355854621809, 
0.03463162780463895, 
0.03480852871145825, 
0.03553431432974642, 
0.03647954609406215, 
0.03595251536556409, 
0.03659521764394983, 
0.03586074746704059, 
0.03650949732897444, 
0.03512388441503629, 
0.03589933610370746, 
0.03816635152494867, 
0.03675127958830329, 
0.03660961274939448, 
0.03864890492476877, 
0.03678300369864862, 
0.03903579263466426, 
0.03717072835403755, 
0.039316564444124624, 
0.03921525020135379, 
0.040084345111251855, 
0.040249460119434435, 
0.040257180201523385, 
0.039610105253017044, 
0.040589034770303706, 
0.040305774519873945, 
0.038975785618063155, 
0.041449880789828863, 
0.041280135054748965, 
0.0413772472120625, 
0.040298887022421036, 
0.04209812695003985, 
0.04144240174909915, 
0.04281203841011452, 
0.0411243538045858, 
0.04167536768324145, 
0.04110131664587523, 
0.039860946652423415, 
0.03787308052525441, 
0.03930160080090704, 
0.039015121508466866, 
0.040087024018374134, 
0.03909782216789674, 
0.03989157997937526, 
0.0402901328824563, 
0.039925796095257975, 
0.042007666425402414, 
0.040276818980159446, 
0.04151348526838637, 
0.041648065111862205, 
0.04047455726194005, 
0.04153030313953116, 
0.041594828711946585, 
0.04373977575990663, 
0.04138244813366141, 
0.04300857704255843, 
0.04414644276680588, 
0.04308333789520854, 
0.04351601002031955, 
0.04317288320726652, 
0.04391002236076226, 
0.0455936902571042, 
0.045586264469855545, 
0.04325822295498067, 
0.044981065249154566, 
0.04450352705510519, 
0.045789205108697106, 
0.04525443663849312, 
0.045474658477708416, 
0.04547995164656355, 
0.04472785283169589, 
0.047640946918972846, 
0.04587990521287456, 
0.04693675763387785, 
0.04664054977443055, 
0.14649306312927238, 
0.1943200673503946, 
0.18591163091825405, 
0.21906189253570837, 
0.22205192663190867, 
0.21591470085189088, 
0.23782688377327876, 
0.16249088435067727, 
0.19875150656975618, 
0.17823641924995537, 
0.1788828295484139, 
0.15614575184806398, 
0.1669742897527524, 
0.22318039734452436, 
0.21198969730652056, 
0.19441997097843974, 
0.1963850332354247, 
0.23799064473237408, 
0.19519637970197862, 
0.23034728248003278, 
0.21255306724606116, 
0.180001109208746, 
0.19201931832798283, 
0.20970250104025612, 
0.2084403656297527, 
0.24517741898202108, 
0.20877806803379595, 
0.2521624345086415, 
0.2603019761450163, 
0.23375364356592698, 
0.2378176313170443, 
0.23675251864411306, 
0.2495550114914304, 
0.2253908608522509, 
0.2529412636870472, 
0.24247606953240428, 
0.253776314801679, 
0.23504921594719555, 
0.2542782632110057, 
0.21455757980342133, 
0.155543259681282, 
0.1267091029338775, 
0.022304945368958905, 
0.008340026244694689, 
0.022442288894358405, 
0.04267602426857743, 
0.020807068483303694, 
0.07538634877206421, 
0.0073842467342067515, 
0.01914418619967488, 
0.024463013125777904, 
0.022671920554400975, 
0.01406010914349292, 
0.0031607047980673035, 
0.027698966588665257, 
0.057463407767649015, 
0.03812586137400014, 
0.022337774729340086, 
5.4445257751045E-4, 
0.06508988303112766, 
0.07761055895001776, 
0.029862991589287298, 
0.05747789253403106, 
0.06917894121205512, 
1.7907532445487653, 
1.7808316546523102, 
1.7301764632175893, 
1.723150523884752, 
1.7133769871308218, 
1.709294113604511, 
1.6972275577184415, 
1.6879712875464747, 
1.6824486558918739, 
1.6726089767042733, 
1.6688975255168415, 
1.658215287982454, 
1.6476505692519616, 
1.6432552617214815, 
1.633364717927323, 
1.625337858034066, 
1.6182003172911201, 
1.6133482171906497, 
1.6052915396470433, 
1.5962644684074472, 
1.5900211134295565, 
1.5788197839611162, 
1.572718763583992, 
1.5674513022873489, 
1.561786210567821, 
1.550982489562002, 
1.5445917943177347, 
1.5399070433829474, 
1.5296919287552946, 
1.525360775743267, 
1.5160334128584276, 
1.5112695140300687, 
1.5067234915516452, 
1.4977878624278174, 
1.493656744680071, 
1.485217101069968, 
1.4788891510918147, 
1.4746183370546027, 
1.46562284902614, 
1.4628545596918565, 
1.4543763581537315, 
1.4494591472502085, 
1.4444737576415045, 
1.4366260751322146, 
1.4338065733184124, 
1.4301200419395679, 
1.4250424202850405, 
1.4175009380612238, 
1.4138172213912812, 
1.4080300396804117, 
1.4045251158339256, 
1.399105410626236, 
1.39527306298281, 
1.390346342796794, 
1.3826310797905412, 
1.3778751983321218, 
1.3759160102850454, 
1.3695911647316708, 
1.3637677891739959, 
1.3578119302653857, 
1.4361254909517063, 
1.4473898876029236, 
1.4609667117965626, 
1.4695057039493349, 
1.4870358004592892, 
1.4990147873005832, 
1.5095339661856308, 
1.5235298965729958, 
1.5377394993055233, 
1.549526845934397, 
1.5644871181953497, 
1.5766921037124684, 
1.5904206562583898, 
1.6061222011158336, 
1.6195121090876516, 
1.6344708090606783, 
1.6471821591437106, 
1.6631799491904886, 
1.5383093547841193, 
1.6015672812457389, 
1.6747718025656733, 
1.74696736777226, 
1.8221102785253038, 
1.98093471416496, 
1.9816844921378576, 
2.0681756215910125, 
2.0692534310646287, 
2.069095749747275, 
2.0726092161976144, 
2.0747382476423666, 
2.0756302119139436, 
2.0760192672024047, 
2.0790693294533114, 
2.082668100470827, 
2.081892163023384, 
2.084682681050746, 
2.084552898144625, 
2.0819779559492724, 
2.1348064053369793, 
2.0729860841182735, 
2.010874536355777, 
1.9491608681268127, 
1.8913333537892973, 
1.8338291368553348, 
1.7778675533680448, 
1.7242702996872696, 
1.6727123220905349, 
1.6216911594769605, 
1.5730444701663988, 
1.52624057463309, 
1.4814884551937488, 
1.4390749286282922, 
1.399171401294982, 
1.3610399578227983, 
1.3234227166458306, 
1.2884659422855542, 
1.2554395181453124, 
1.2237362803689553, 
1.1932276912586937, 
1.1652398482989572, 
1.1378947213488502, 
1.1111190969253073, 
1.0860706480312539, 
1.0638570271912675, 
1.03970779368539, 
1.01958324417388, 
0.9997897022775446, 
0.979382636332307, 
0.9612051728610242, 
0.9443743217982312, 
0.9270703305237664, 
0.9114460696530828, 
0.895412671230372, 
0.8829490106173647, 
0.8664080154506844, 
0.8552996815294298, 
0.8429076224330205, 
0.828750156981919, 
0.8173786371775774, 
0.8072251263269189, 
0.7970279221082515, 
0.7857276870473944, 
0.7775168787471682, 
0.7683863845985923, 
0.7588034106746039, 
0.7511845123372883, 
0.7405286456072134, 
0.7353418077967754, 
0.7274065719341523, 
0.7194741482809321, 
0.7125050988905028, 
0.7060614018796727, 
0.6983217944919725, 
0.6925533148594587, 
0.6859402472338855, 
0.6812225390671434, 
0.6766313320045967, 
0.672349355141735, 
0.6658052466715206, 
0.6594949055957732, 
0.6559073495090607, 
0.6525304129336734, 
0.6476872408375339, 
0.6422258939126967, 
0.6376982212950191, 
0.633260292865731, 
0.6292163640435582, 
0.627233351972085, 
0.6221076831497485, 
0.6201306532065508, 
0.6158707375165926, 
0.6159433585546661, 
0.612898072654975, 
0.6072457895457213, 
0.6065887567424955, 
0.6029685422134505, 
0.6022213417158377, 
0.5984658073871312, 
0.594977138127129, 
0.5925677611195894, 
0.5897026807241341, 
0.5887545302851405, 
0.5864212431114337, 
0.5863540141144968, 
0.5838121216552411, 
0.58369213732119, 
0.5785569046235296, 
0.5793489014402492, 
0.5784418588131166, 
0.5763231882976161, 
0.5735808316313549, 
0.5740203749552084, 
0.5721527208186044, 
0.5722271281852239, 
0.5677275450935333, 
0.5690640246093283, 
0.5673536503584108, 
0.5661740679470811, 
0.5664590194127189, 
0.5645077927771017, 
0.5651724572120267, 
0.6952970975686914, 
0.7318855876928674, 
0.6276459091593994, 
0.6614049364189007, 
0.6964811462794518, 
0.7433911978776641, 
0.6888778373575031, 
0.6915309795679145, 
0.6709731208765112, 
0.8578423281294136, 
0.7065141520308675, 
0.7413228646513967, 
0.705140433816366, 
0.711195659188832, 
0.6774007236303639, 
0.7600328577309126, 
0.7561315317499473, 
0.7075102085538134, 
0.7115866757631301, 
0.7411676349143885, 
0.7642877265847388, 
0.7880106027113214, 
0.8172918356913191, 
0.837014716914595, 
0.7646018865632603, 
0.5464732483215444, 
0.571290948319609, 
0.5698296984338993, 
0.5742446738282608, 
0.5663819772546748, 
0.5658707243377825, 
0.5668581491823734, 
0.5663325702832348, 
0.5634076346275181, 
0.5563633804200581, 
0.5566193436880469, 
0.5449040126862018, 
0.5445756209687472, 
0.546374012777779, 
0.5400864932790239, 
0.5484442645025258, 
0.5388927865797127, 
0.5405624271571657, 
0.5411097427653474, 
0.5356482879419344, 
0.5351398659828448, 
0.527406746151729, 
0.5253575991111664, 
0.5263640012749056, 
0.5266105314228638, 
0.5277935943459229, 
0.5231319114379821, 
0.5254499787504886, 
0.5208367173430367, 
0.5140108612397305, 
0.5177620344393823, 
0.5167423053804752, 
0.5090923281187888, 
0.5060019174844355, 
0.5080939043063349, 
0.5048959158847539, 
0.4998862314915706, 
0.4973181455837619, 
0.49754218722348964, 
0.49844152730537805, 
0.49494095754919815, 
0.4915210115376242, 
0.48622473224583224, 
0.4924072788263581, 
0.48367602060870085, 
0.47874010987957494, 
0.46769123013714775, 
0.4678167404527417, 
0.46585629917630894, 
0.4632034730423775, 
0.4669817253809687, 
0.4630112699592449, 
0.46398607305459055, 
0.460274519358538, 
0.4588608345215569, 
0.45982413685212903, 
0.4590500160642437, 
0.4564198409866091, 
0.45219567259327975, 
0.45223854517509976, 
0.4528781083884884, 
0.4543248786131471, 
0.4583107662870526, 
0.45164538704748497, 
0.4531052956088232, 
0.4526932850425228, 
0.44574096392432744, 
0.44618222949101133, 
0.4483147247495955, 
0.443429197665604, 
0.4434869216748412, 
0.4412085044297795, 
0.4402865734063587, 
0.4346975987953415, 
0.4370800864847672, 
0.43865827981357974, 
0.43060864140637023, 
0.4344167592789635, 
0.42872267196021774, 
0.42861544865902224, 
0.423928471657673, 
0.4233147837860458, 
0.4244351537615797, 
0.4188412665306851, 
0.416851590542058, 
0.41694553904267695, 
0.41520208577482054, 
0.4152472880410252, 
0.4128452383522977, 
0.407787023828841, 
0.4070889407319032, 
0.40761587507357233, 
0.4028235645562311, 
0.4027278257862086, 
0.3971447900258279, 
0.3985494718467738, 
0.3978046245447039, 
0.3921134938029081, 
0.3931475248303, 
0.38959938395374655, 
0.38963598146682343, 
0.3845260453441175, 
0.3811010747322734, 
0.3774640739574489, 
0.3803367223525742, 
0.3740712363556301, 
0.3717357055615815, 
0.3699588929608757, 
0.36595230908892606, 
0.36442119497787734, 
0.36574564502778173, 
0.35966413998589736, 
0.3562645088389299, 
0.3586294300414802, 
0.3548954738902314, 
0.3507671812458265, 
0.3513134672370374, 
0.34578547231396217, 
0.3446910518674762, 
0.3408855092933205, 
0.33678736063280745, 
0.3340875159929159, 
0.33281548626925694, 
0.3296946005023418, 
0.3273750508807517, 
0.32302489883106633, 
0.32297312153233915, 
0.3204480328194417, 
0.31770038973580045, 
0.3139292825006036, 
0.31322635725021136, 
0.30949855242925506, 
0.3062060430525765, 
0.3029300442899124, 
0.30011703110933924, 
0.29566293267710164, 
0.2930893865894715, 
0.28956743496521925, 
0.28964207123431684, 
0.285336007542595, 
0.2833078386075066, 
0.28027513517091807, 
0.2778797964502, 
0.2730056764885786, 
0.2690970016713655, 
0.26821448295550526, 
0.2634432660814964, 
0.26072312442768175, 
0.25742061402624183, 
0.25672746353112386, 
0.2522497537001807, 
0.24999100489338333, 
0.24647673903884387, 
0.24408643606823505, 
0.24114922289440632, 
0.23601404994759337, 
0.21741324221629274, 
0.21458038430366724, 
0.21356747610598542, 
0.21028787237559993, 
0.20830644904991152, 
0.20633708476690332, 
0.20356794015150914, 
0.2034630929223075, 
0.19932979840778375, 
0.19860961914726943, 
0.1958145012459022, 
0.19394706158367436, 
0.19172575899713673, 
0.19019546562167755, 
0.18667291245851406, 
0.18547743069962086, 
0.18256267253668157, 
0.18108563295912347, 
0.17827369102599563, 
0.17661424596604988, 
0.17408395217200556, 
0.17154861729606488, 
0.16999837549610117, 
0.16718060979327287, 
0.16497414088189893, 
0.16329641302654307, 
0.1608527711330624, 
0.15874080639993862, 
0.15620932170514562, 
0.15405402668303161, 
0.17449058220849803, 
0.1721181063427146, 
0.16953875239322388, 
0.16731387682582133, 
0.164667800291256, 
0.16220167097334023, 
0.15999704612539922, 
0.15938561347964586, 
0.15909598812437398, 
0.15878032491172173, 
0.1584589869497532, 
0.15941791241538478, 
0.15920542265736778, 
0.1590016172129512, 
0.1587326971595266, 
0.15853711424246605, 
0.1583057316955911, 
0.15807692093251008, 
0.15785662369500342, 
0.1576399436985778, 
0.2952044049205903, 
0.2329043396561233, 
0.23497651143502019, 
0.24516277355548555, 
0.24757535873038894, 
0.2574120320410012, 
0.2557231045784742, 
0.25956525876379327, 
0.2707628148005214, 
0.27434178509991514, 
0.2751358133706115, 
0.28507539402389515, 
0.2922304737484876, 
0.29297652600173274, 
0.2949654397084167, 
0.3070892966577762, 
0.3067142301813297, 
0.30746493283568266, 
0.31951844837971, 
0.32383362737983656, 
0.3234971425022889, 
0.3323465982429689, 
0.3386965394315925, 
0.3404934539957058, 
0.34090632401175786, 
0.4248613851466181, 
0.4560294010215349, 
0.45678377756268634, 
0.4607570159933398, 
0.46560046291805746, 
0.47173849370784227, 
0.4653886129403985, 
0.4656107131559628, 
0.47686408550604614, 
0.4791312561719767, 
0.4707800590560438, 
0.47824159865298543, 
0.4726550719687896, 
0.479711096586531, 
0.4800696176513173, 
0.47713927915809584, 
0.48601497293946194, 
0.4855463303438426, 
0.48256808828948594, 
0.48881895009268056, 
0.11813868949882281, 
0.15929899691290644, 
0.16078793143950207, 
0.5640533850792493, 
0.5590233311324531, 
0.5634747559910875, 
0.5582748070750536, 
0.5592355333837422, 
0.5589253050305506, 
0.560817225017653, 
0.5585694459994148, 
0.5564882451035871, 
0.5569461222989612, 
0.5556089855802605, 
0.5605576106630343, 
0.5560612628477266, 
0.5571549885965277, 
0.5561163085797165, 
0.5581173693592599, 
0.5597779228083385, 
0.5532319146811157, 
0.5584952292025318, 
0.5542042290125084, 
0.554428814906736, 
0.5580363741949274, 
0.5553854976901802, 
0.5493137441578055, 
0.5489998086430933, 
0.5540425517778245, 
0.29727178397396864, 
0.4212207831435413, 
0.2803696625991761, 
0.4268317849723141, 
0.47485376497576876, 
0.5752109319735326, 
0.4842653912246672, 
0.4866495755234582, 
0.5487447572078309, 
0.4454763873592333, 
0.47830484371393966, 
0.5313518947764919, 
0.4587799969680709, 
0.5325563749225586, 
0.4568243582376167, 
0.5147227406190128, 
0.5066097202615777, 
0.5095292846201369, 
0.12562422554582775, 
0.04665595217293822, 
0.12590922714196262, 
0.1759954931132439, 
0.17543843246767526, 
0.2384870462529331, 
0.053148392715030385, 
0.15082391185820976, 
0.014982859639782381, 
0.24178086766310894, 
0.2483206510153441, 
0.06516253955707191, 
0.0970993348494262, 
0.26209153864900814, 
0.20922001041604896, 
0.004264219343357245, 
0.1368674288261609, 
0.27469041771701286, 
0.009566781590667622, 
0.11270495443992046, 
0.18631641098958354, 
0.23504512208578937, 
0.11319936884009513, 
0.20397975058147838, 
0.17172333769608825, 
0.11045820693369332, 
0.12043458541457944, 
0.19326185725999967, 
0.12671295034857546, 
0.1373277419727812, 
0.09238836357183611, 
0.1662469898097451, 
0.038370436917474326, 
0.2701883789960529, 
0.12301909941556324, 
0.1704790447274431, 
0.1869357308775599, 
0.0190784581733887, 
0.09565920625518276, 
0.3406033604100567, 
0.03464042359826158, 
0.025199268985922563, 
0.3204967455713343, 
0.03947592304334299, 
0.09810285667799015, 
0.24507018940922803, 
0.05782172359598339, 
0.19518820975425125, 
0.17551513474302102, 
0.0030342476374010524, 
0.09509407110594575, 
0.1515710600031604, 
0.04556616757540871, 
0.06046337044228134, 
0.1938829565470899, 
0.009307402769505563, 
0.17952218820449173, 
0.2682610017084509, 
0.0954132521261146, 
0.09019836888909892, 
0.19985073108322615, 
0.05586126803878631, 
0.24151241078582117, 
0.12479386980818424, 
0.010142403939520594, 
0.1351885342376577, 
0.11974101093867992, 
0.03376998878300905, 
0.09856353548775483, 
0.17706843164189784, 
0.09093125659316281, 
0.015861084156440677, 
0.13437867222175076, 
0.13230580033297046, 
0.14062485038946904, 
0.03360522346530541, 
0.12709365585685534, 
0.0037872364415524606, 
0.2284648865047466, 
0.020064144496564407, 
0.23318717634465969, 
0.11017657652580579, 
0.003275900191004724, 
0.028334695090280984, 
0.21970919424873459, 
0.1699296576092127, 
0.0751871040401546, 
0.243158626127795, 
0.0526090655144302, 
0.14866960357827078, 
0.057921195836169906, 
0.22288050116193858, 
0.05237877543127922, 
0.051009003913147666, 
0.05618865729332967, 
0.05039244943674959, 
0.06217215474870841, 
0.049809248168596554, 
0.055962210784450406, 
0.054563043742032136, 
0.04497447798910059, 
0.05628992599709193, 
0.056450989353759695, 
0.049994112913655187, 
0.05617677582338132, 
0.05414224263453349, 
0.061334605564649536, 
0.05356002093604317, 
0.04883242572079283, 
0.055069442227772214, 
0.058262057528928324, 
0.06631475230028627, 
0.059162542100651194, 
0.0638100736063123, 
0.05257705941573931, 
0.054364033225891006, 
0.05849864812588734, 
0.060104290264167304, 
0.05485010913178101, 
0.05364697441189037, 
0.05729421585904504, 
0.06592523069340217, 
2.265927423175116, 
2.266509137602854, 
2.2843526813988264, 
2.284342151326691, 
2.284376239306342, 
2.2843774519646685, 
2.284372710821138, 
2.2843630944790347, 
2.284359860793883, 
2.284356596353822, 
2.2843597958626445, 
2.284354453621912, 
2.2843555379662677, 
2.2843505781225204, 
2.2843438844675696, 
2.2843474561721413, 
2.28434207647332, 
2.2843382143926982, 
2.284342732056197, 
2.284331636052599, 
2.2843349027588595, 
2.284337633347656, 
2.2843248734759767, 
2.2843226554428364, 
2.284322053203423, 
2.284324522330258, 
2.2843209208165027, 
2.284318448042768, 
2.284319284436183, 
2.2843133177750863, 
2.284318063965003, 
2.284302973357083, 
2.284305477435074, 
2.284305687989691, 
2.2843059519149707, 
2.2842964437258173, 
2.2842937281222024, 
2.2842910347442977, 
2.284291591736811, 
2.28428745144439, 
2.284287381703905, 
2.284284766505511, 
2.2842838466461735, 
2.284282832789798, 
2.2842865944366055, 
2.2848313778074, 
2.2848375174977775, 
2.2848568656886443, 
2.2848712066469425, 
2.284880443729797, 
2.284895600389065, 
2.284901801423743, 
2.2849141191056703, 
2.284931428257363, 
2.284936228336264, 
2.2849460202213687, 
2.284960586453685, 
2.284969465030631, 
2.2849933890827465, 
2.285005590807443, 
2.285007310105878, 
2.2850281442192326, 
2.28503916867873, 
2.2850541514623273, 
2.2850629758626493, 
2.285077523172453, 
2.285087761609555, 
2.285108793517564, 
2.2851199413605157, 
2.2851288928921187, 
2.285141419692796, 
2.2851594017498376, 
2.285166993908609, 
2.285178061584922, 
2.285192758999345, 
2.2852094927534012, 
2.285226864035616, 
2.28523399397473, 
2.2852620035287874, 
2.2852751289978848, 
2.2852900835110455, 
2.2853066945573977, 
2.28526355700602, 
2.285278932899936, 
2.2853081346977757, 
2.285327167735177, 
2.2852875705266533, 
2.2853086208456803, 
2.2853291551855492, 
2.285347072052078, 
2.285373078220964, 
2.2853962576155853, 
2.2854353515040793, 
2.2853119623400633, 
2.2853377869972613, 
2.2853505599335793, 
2.2853755499580295, 
2.285404203514842, 
2.2853255596096944, 
2.2853389833390567, 
2.2853698625260193, 
2.285403812849073, 
2.285447008296498, 
2.28548517817051, 
2.2853610027267974, 
2.285386198600021, 
2.2854328981713095, 
2.2854703157564242, 
2.2854982818745997, 
2.2855319721199754, 
2.285360268915842, 
2.2853755870473647, 
2.2854141812654536, 
2.28544811230726, 
2.28548679034687, 
2.28551550673801, 
2.2855537374781125, 
2.2854067118068233, 
2.2854370491921516, 
2.2854865907739126, 
2.285525147762057, 
2.285548694689325, 
2.2853941257002925, 
2.285440980275774, 
2.2854828904595754, 
2.2855235336245725, 
2.285553567310758, 
2.2855788039993494, 
2.2856225178027856, 
2.2856360943277387, 
2.2854319305828357, 
2.285474144292995, 
2.2855064567904195, 
2.285528487488168, 
2.2855538556636192, 
2.2855863786352044, 
2.2856183767454743, 
2.2856378138065527, 
2.28567284150923, 
2.2856823266588915, 
2.2857132419442276, 
2.2854501398380354, 
2.2854884249582526, 
2.2855292022733322, 
2.285561045877769, 
2.285605360949728, 
2.285656259056454, 
2.2856915710280306, 
2.28571700842837, 
2.210227781746817, 
2.208486892907468, 
2.2048245003580282, 
2.207813831752401, 
2.2133307832838085, 
2.2042070192499614, 
2.2051895936666717, 
2.207119206757728, 
2.212713771474063, 
2.215664960856099, 
2.2049769815073708, 
2.214588908973793, 
2.2089715931284584, 
2.209935620303075, 
2.2135773527481706, 
2.205323836870526, 
2.2138239672382842, 
2.2106711005522444, 
2.204949306634031, 
2.2160783985534502, 
2.2089784574719786, 
2.2127080933529304, 
2.2158175785752574, 
2.2120547103384904, 
2.2102586437612097, 
2.204903005313215, 
2.2136630840157734, 
1.709145631597468, 
1.7071849588149277, 
1.7164001670475768, 
1.7142421378758472, 
1.713449776122773, 
1.7105692732062687, 
2.272711363910895, 
1.7886068812728775, 
1.8068676258580392, 
1.7770753097174863, 
1.7120966406604365, 
1.7096844067727783, 
1.698957916804241, 
1.7173994780279358, 
1.7157764036885519, 
1.7217786208299706, 
1.72378196360763, 
1.908881747103755, 
1.726602700604607, 
1.726047937837627, 
1.7585101540850663, 
1.752743713798258, 
1.6858238945848996, 
1.7367060531432466, 
1.7799451506794077, 
1.7593384099123806, 
1.7259306524602276, 
1.7714672095206803, 
1.7409861941168074, 
1.7538186625994205, 
1.7582666146929649, 
1.7637693660527374, 
1.763838944793506, 
1.8186117323710662, 
1.770950485770447, 
1.8231323919923543, 
1.7834480785840845, 
1.780999407090718, 
1.7849076904992573, 
1.8252851423396885, 
1.8469561140176687, 
1.821193478830668, 
1.7960541197235922, 
1.801465723836372, 
1.8048036928092, 
1.8069277839700462, 
1.8110027665436683, 
1.8352904532658765, 
1.8184789902369314, 
1.8958316534789033, 
1.8267146294959025, 
1.8288818393036181, 
1.834520061481915, 
1.8390007289948587, 
1.843652983334926, 
1.8945450559447994, 
1.8488903504621899, 
1.8526776747025862, 
1.8940200826522378, 
1.8631996469690133, 
1.8679011488020194, 
1.9097202860238776, 
1.8765587067943628, 
1.8786452262276772, 
1.8968625368342606, 
1.8879450410078031, 
1.8939182908493737, 
1.9006936841159652, 
1.9040382722653746, 
1.9179544553484122, 
1.9283218821441723, 
1.914498184013747, 
1.939813913954779, 
1.992463115793111, 
1.996001700211412, 
1.9305338087824189, 
2.24579172801414, 
2.2561374760500863, 
2.250033921537675, 
2.2533706128029927, 
2.250246026813823, 
2.248725236088031, 
2.253989246837701, 
2.2530271791151044, 
2.2522302539233117, 
2.2492948808325757, 
2.2528301369536017, 
2.2484916573383735, 
2.2536849783567696, 
2.252980398793138, 
2.2491738880239276, 
2.2530267507802315, 
2.2472850627681233, 
2.253525687815023, 
2.2522473616503, 
2.2525925549311077, 
2.2514215705873064, 
2.251189482460783, 
2.2502198899455075, 
2.2478076007703245, 
2.2539172877728597, 
2.257513900274293, 
2.2482161913865357, 
2.251397921215332, 
2.24941250493892, 
2.2521693049367744, 
2.24809115429419, 
2.012730068455983, 
1.9628915811748757, 
1.9603799734702707, 
1.9696047897343365, 
1.9728833518974116, 
1.9798149907045386, 
1.9861113859148518, 
2.0060765758098413, 
1.9913292984771815, 
1.9979770808499482, 
2.0014192386483516, 
2.014041420928591, 
2.0128114673662894, 
2.050756576109221, 
2.0305465456462444, 
2.277221007919674, 
2.2773027349458546, 
2.2771626278973316, 
2.277021057406279, 
2.2772602514679847, 
2.2772345548166215, 
2.277206182430169, 
2.277417299832385, 
2.277067410786364, 
2.2770536557828422, 
2.2079212257460683, 
2.20879218054869, 
2.2126338269846486, 
2.213471237185266, 
2.2114778901353995, 
2.214139721886185, 
2.2146006774262057, 
2.2109064689177567, 
2.21358063235141, 
2.2148522310158834, 
2.216328600370617, 
2.2135539053569895, 
2.215231841374135, 
2.2163094349402863, 
2.2176461938457104, 
2.219019661430308, 
2.217678043941631, 
2.2160678156356246, 
2.219227956573035, 
2.2182346513514366, 
2.2209183858772397, 
2.21826353795167, 
2.222014610045661, 
2.397317338259767, 
2.3967849434678206, 
2.4019145893466733, 
2.4027689616344636, 
2.4034474649593838, 
2.4024165973278704, 
2.4059047256207, 
2.4048643931857177, 
2.408508291325645, 
2.409310774646129, 
2.4098504930111337, 
2.4128005572476914, 
2.4158415956142525, 
2.4151914871078324, 
2.418870617869046, 
2.4186176463036864, 
2.4183168939574378, 
2.421810209569755, 
2.4194670094855715, 
2.4236874138792635, 
2.4252395740538892, 
2.427218794557205, 
2.4274282774856593, 
2.4259509632237117, 
2.4302154383683066, 
2.4337665434399858, 
2.4331481600379865, 
2.43206978425789, 
2.437276718590481, 
2.434837012286436, 
2.4380572957703484, 
2.4379724559008897, 
2.440738498784369, 
2.4437771621740714, 
2.440954278712282, 
2.4426816708727292, 
2.4429554145128796, 
2.4471559743656135, 
2.44760616612973, 
2.451394121246593, 
2.451336721651429, 
2.4503571826077026, 
2.4518068254587595, 
2.4522555030586934, 
2.454951914732333, 
2.458230229990078, 
2.456711814184813, 
2.4622206269547595, 
2.4622250325022454, 
2.4645892958968707, 
2.4646959963999526, 
2.4672557563512205, 
2.4634317806037407, 
2.4673782307429084, 
2.4704120820126283, 
2.4696409689292826, 
2.4686192581329456, 
2.473953214782937, 
2.472815015546302, 
2.4711809720482867, 
2.478363691345449, 
2.474199793337603, 
2.481215352643672, 
2.479950110153651, 
2.480745833209638, 
2.4831811524561536, 
2.4845555232840573, 
2.482574113869986, 
2.4844924529428445, 
2.483142274674832, 
2.4835600422018578, 
2.4854125248645422, 
2.492864666295019, 
2.4868739704839973, 
2.4930664319039684, 
2.4927673771782812, 
2.491756471543524, 
2.4959906171671795, 
2.4996242890006917, 
2.4950195933587755, 
2.4939851788990373, 
2.497504055079573, 
2.503105447996801, 
2.50450913530939, 
2.500305734198789, 
2.5058185949308713, 
2.5015886298724004, 
2.501261061134655, 
2.5079096823238833, 
2.5082090603230673, 
2.512288302733025, 
2.5127901615825143, 
2.5105877190154464, 
2.512617756662862, 
2.512395955992374, 
2.5106155120018903, 
2.516944702864037, 
2.5162625356736603, 
2.512771093972133, 
2.5156143438720013, 
2.519740915407282, 
2.517829707012381, 
2.518741160518318, 
2.521225053328238, 
2.5256828400648894, 
2.522036123573458, 
2.5227753786052327, 
2.5220644273740627, 
2.5220555796302913, 
2.523476917596697, 
2.5282770750672237, 
2.5262075659603065, 
2.5251130439627056, 
2.5328723032736327, 
2.53275544598061, 
2.5294890155655287, 
2.529055191572096, 
2.5327629738434445, 
2.532651366561209, 
2.5324470971644764, 
2.5374751112181975, 
2.5369736575460826, 
2.5331961241118797, 
2.5403642711877388, 
2.5371604234467333, 
2.538778035958513, 
2.5439232276708856, 
2.543372673702624, 
2.537108570393446, 
2.5381053656528145, 
2.5441076877165223, 
2.5493853375034554, 
2.5428336737472, 
2.5429970730253224, 
2.547956382398471, 
2.543707674911875, 
2.545986968341129, 
2.5442192760273805, 
2.54495387820376, 
2.5531330111713437, 
0.12911141247227986, 
0.1318593218456422, 
0.1325538780965384, 
0.12961086951709244, 
0.13115457433585984, 
0.12900145349804829, 
0.13244351554722464, 
0.1289365873862225, 
0.13318187798375827, 
0.1315114499127541, 
0.1304042413113471, 
0.1318619795046274, 
0.12879918587976022, 
0.13047601091338, 
0.13236037975653428, 
0.13299505716522814, 
0.1327356566398309, 
0.13234005890994843, 
0.13001328204840126, 
0.13360818031156305, 
0.13013800398009687, 
0.13385410959444383, 
0.1335344912600349, 
0.1328613887974069, 
0.32282957646191696, 
0.2558350474341858, 
0.2663878888606945, 
0.2919877961911935, 
0.26615058090691557, 
0.32950586153313305, 
0.26605657307761604, 
0.28157942281448206, 
0.2831358552640889, 
0.2836714917135145, 
0.21716062490048174, 
0.25888067393648784, 
0.2569517871254412, 
0.2591046733330152, 
0.2725843586409635, 
0.2519552272164284, 
0.326105292553013, 
0.2880307956919633, 
0.24328269787193726, 
0.2797828905413466, 
0.27475294367490466, 
0.25521478737331416, 
0.27874858783937284, 
0.2722880612767315, 
0.28695730479046305, 
0.2887415833890013, 
0.23686030176249726, 
0.24524426464182214, 
0.2527881087532154, 
0.28127939815453534, 
0.2725518163336789, 
0.26673296817840164, 
0.2721533812921486, 
0.2685843600592517, 
0.32224415657740396, 
0.24631624968701246, 
0.27214952363522227, 
0.2708246296918095, 
0.28830087999123966, 
0.27146481004340856, 
0.2527506825548288, 
0.25937130061853386, 
0.21578134636373128, 
0.2527556577698208, 
0.2352532365093586, 
0.28083995272055334, 
0.2751676846829305, 
0.22149071915276727, 
0.2143461208168793, 
0.28306671349572576, 
0.28007125574829006, 
0.23805162910740638, 
0.26293779175318965, 
0.21845659561896202, 
0.2242157198855554, 
0.22268572722699678, 
0.2661418938404733, 
0.21685464838865626, 
0.25865014811579, 
0.21618300831443268, 
0.258144878014657, 
0.24708645845527827, 
0.22594802991774293, 
0.20646047131510054, 
0.3026469672293238, 
0.21245818625751975, 
0.21858303907482338, 
0.23285753518309812, 
0.2612107483862852, 
0.2245836473429318, 
0.2133351177716893, 
0.2569147538681966, 
0.21104035589607864, 
0.22812847654009005, 
0.19204286060264777, 
0.26096154655397946, 
0.27223798255089354, 
0.1831046976867524, 
0.2127388675713988, 
0.22321790825534707, 
0.2525250051929454, 
0.22182039770920156, 
0.26828551197459866, 
0.21100873389110955, 
0.21412362827642772, 
0.2138993280733992, 
0.2120674542164482, 
0.20979537852158556, 
0.21604326739878266, 
0.21279746390207582, 
0.2147114263267355, 
0.2149161115603641, 
0.2156726187826903, 
0.22107435222911492, 
0.21469599036845335, 
0.22208080744435918, 
0.2171924575859132, 
0.21728692998570537, 
0.22166066616668337, 
0.2185809163664073, 
0.22118345501790626, 
0.228882260438977, 
0.2292790752203965, 
0.22698241656778384, 
0.23159022004441915, 
0.22369205872089898, 
0.22453761173997736, 
0.225920279628615, 
0.2303282937096805, 
0.23007779942936124, 
0.23534841833500025, 
0.2319094498939848, 
0.22791564760620467, 
0.2304486394586776, 
0.2366390435731833, 
0.2357201759818931, 
0.24027751180365747, 
0.23429913910120562, 
0.23448664191508653, 
0.23684335915535393, 
0.24247222394366977, 
0.2384469234617631, 
0.23812562628522368, 
0.2369464076098645, 
0.24437014696547762, 
0.23751480403677264, 
0.24675739171623978, 
0.24706093581821867, 
0.24656702157806268, 
0.2404342876778352, 
0.2401040909971448, 
0.2487982206380353, 
0.24363958307591316, 
0.24185311981104074, 
0.24321063897832182, 
0.2454517190090832, 
0.25186756637335667, 
0.251735221033776, 
0.24917067634915713, 
0.24545680181396573, 
0.2461624953833755, 
0.2529939350398691, 
0.25025262442297397, 
0.2548914027946037, 
0.2503023367140997, 
0.2510440284944043, 
0.25278556247899503, 
0.25048941778016176, 
0.25812138497802806, 
0.25740609895440864, 
0.25829875997806173, 
0.2532549448485771, 
0.25666143052168455, 
0.2578089511386854, 
0.25752976474226213, 
0.26148672030798525, 
0.25949420824674313, 
0.2605185407442221, 
0.2614380906615505, 
0.26539853203037994, 
0.2606675672232759, 
0.265201114509492, 
0.2565099484700544, 
0.2604586928337648, 
0.25979524059365183, 
0.26295946908704027, 
0.2688302928944675, 
0.2599484589052374, 
0.26516395318769403, 
0.2682871635055732, 
0.26074321716852134, 
0.2694492456479921, 
0.2643764593616212, 
0.26527863705408966, 
0.2665614283088508, 
0.26232042200052635, 
0.26466583201935373, 
0.2655187286378399, 
0.26820355575299104, 
0.2635741417795351, 
0.26351984128625416, 
0.27509679707565504, 
0.2708366635098632, 
0.2678159163245564, 
0.2684216394000003, 
0.2708820861166944, 
0.2755132606090601, 
0.26506374869891486, 
0.2671596492547819, 
3.5407841421534675E-6, 
6.656535902360554E-6, 
0.055084254658065504, 
0.05452886068554296, 
0.05429145551764958, 
0.05487979593967938, 
0.056232311555668116, 
0.05757598578364269, 
0.05502614150181749, 
0.058384112121092846, 
0.05894647321005886, 
0.057931964374303827, 
0.05732525262036723, 
0.060112761419145455, 
0.06173835512056833, 
0.06011340668200495, 
0.061813538266097146, 
0.060414485834678476, 
0.06401829756386236, 
0.06227554454239023, 
0.06376401949881691, 
0.0629297115686834, 
0.06555930935722075, 
0.06671700004233497, 
0.06642367285920717, 
0.06535323203772242, 
0.06458603360137355, 
0.06719289414110434, 
0.06650533943096322, 
0.06678918593968262, 
0.07049620703888938, 
0.07098407665538092, 
0.0717273030719408, 
0.06928465399475212, 
0.07267537000372085, 
0.07047701172863416, 
0.06990059628818743, 
0.07434300778410981, 
0.07422663275414304, 
0.0752949125925356, 
0.07490604855100026, 
0.07274054212118265, 
0.07456503547013996, 
0.07325289287967765, 
0.07648392159067098, 
0.07585322020995422, 
0.07697642755881562, 
0.07697366533844446, 
0.07560981311878803, 
0.07585278186571048, 
0.07842937985064001, 
0.0817319218905691, 
0.0779269856665752, 
0.08063755253882736, 
0.08097077854988297, 
0.07977033915544739, 
0.08070369412275182, 
0.08050654412325306, 
0.08537017040103981, 
0.08425641484528223, 
0.08381049262372672, 
0.08378129321802584, 
0.08481588229761908, 
0.08749466650853092, 
0.08775287674421682, 
0.08715278762936098, 
0.0888852315466498, 
0.0890722909083927, 
0.08990086338556794, 
0.08942835814922709, 
0.08632664599232408, 
0.08775869157426862, 
0.09060768849772255, 
0.08826395398561984, 
0.08992886246347702, 
0.09311444320852601, 
0.09245393891276708, 
0.09526624476722675, 
0.09382332828768798, 
0.093446996199488, 
0.09429757112771756, 
0.09162771659638524, 
0.09204953968352145, 
0.09716868637257459, 
0.09453230314846987, 
0.09689074392478858, 
0.095125779086439, 
0.09878628068094661, 
0.09935667750956119, 
0.0954137764613218, 
0.09733472140437323, 
0.10179296479274678, 
0.10239179525833669, 
0.10138937013990648, 
0.09821477629784306, 
0.10350165282381346, 
0.10258284888037802, 
0.1037498709899852, 
0.10179440754839857, 
0.10214618452887764, 
0.1000569318804579, 
0.46059894757058994, 
0.5175412685007099, 
2.747588637008662, 
2.7464580561425596, 
2.734331507610513, 
2.279755756484738, 
2.2799381641529934, 
2.279762779118757, 
2.279957452139678, 
2.279953022666535, 
2.2799341623416494, 
2.279919038607156, 
2.2798252474495406, 
2.2798812305488543, 
2.279844351867504, 
1.9975892059766345, 
1.995093045879715, 
2.0007464403851367, 
1.9935874304361376, 
2.0005755877384117, 
1.9953273794194537, 
1.9990163355262616, 
2.002795423894612, 
1.9981313062846233, 
2.0026595311568207, 
1.9984232249555904, 
2.0033213216203247, 
1.9991684247539934, 
2.004658851480516, 
2.0047570389222256, 
2.007546184229521, 
2.0093330737551884, 
2.001281439581443, 
1.9996634786963443, 
2.002956952503286, 
2.004053282805649, 
2.0081294622057797, 
2.000988337195987, 
2.004036313259438, 
2.010886167866865, 
2.00356819822239, 
2.0103649004973065, 
2.0085390089399873, 
2.006042190223642, 
2.0135118775900724, 
2.0146809043550613, 
2.015232071749672, 
2.0106724004476604, 
2.008360980004541, 
2.0149228395618524, 
2.0105502367005066, 
2.0215193825414777, 
2.06114334716383, 
2.1216047867041583, 
2.1211247765214627, 
1.9976535556524682, 
2.0311775347877, 
2.03498227289397, 
2.0325121730692097, 
2.0343201828741453, 
2.0292223084917134, 
2.038371164875466, 
2.031067041494574, 
2.0348614159167218, 
2.036426841448314, 
2.03898405612867, 
2.03526366844416, 
2.0414233154819073, 
2.037652410532024, 
2.0367554870553164, 
2.035419552017247, 
2.0334840491008745, 
2.039738902560786, 
2.0410089006533427, 
2.04535427561831, 
2.03673777073386, 
2.043310070599696, 
2.0428230613683462, 
2.0468104588149982, 
2.0466830504130886, 
2.047703563881874, 
2.040376419842702, 
2.045271744076493, 
2.050275211402883, 
2.051437810107726, 
2.0419129094943465, 
2.0484280359651796, 
2.0463445496984822, 
2.053487728448882, 
2.046879081395264, 
2.0481333496463208, 
2.0521589036147945, 
2.047354159011034, 
2.0544279041746702, 
2.0575779025037706, 
2.0514527723149465, 
2.058667360231374, 
2.0508005052957317, 
2.0570184525168953, 
2.052111634364816, 
2.0599536955291327, 
2.0588153982541497, 
2.0599396344338743, 
2.0565276256694824, 
2.0635337658138373, 
2.0555688332467157, 
2.05750970996254, 
2.0574152185409793, 
2.0584278376338543, 
2.0586518262249336, 
2.0656095750996903, 
2.06182583418759, 
2.063364354842399, 
2.0622201645277585, 
2.0631235238735517, 
2.0675705472788355, 
2.065312611696985, 
2.0658129833273233, 
2.0729938281161364, 
2.071522310106234, 
2.0731078752629344, 
2.0736305459310707, 
2.0686000498304224, 
2.077253116090719, 
2.0748290624507857, 
2.073894180999416, 
2.071604229188413, 
2.079215688231073, 
2.0802037937536797, 
2.07553411965515, 
2.0775966306367435, 
2.0823125798079873, 
2.0850358405292333, 
2.0825006486928928, 
2.0813080498834564, 
2.0828706933204395, 
2.084355464866679, 
2.0812384433743536, 
2.089154247524929, 
2.091238879187018, 
2.087499909482513, 
2.0884894228384536, 
2.086417994782397, 
2.0934010941886494, 
2.092177247340826, 
2.0957274349454424, 
2.0900445772576055, 
2.09533343836139, 
2.0948163743039157, 
2.097253827277356, 
2.0991266937049966, 
2.1005261292635544, 
2.096121152653627, 
2.102160363249215, 
2.0965421631156103, 
2.099535124003932, 
2.1110079357264686, 
2.1154472964067574, 
2.1162380442467428, 
2.114841816045332, 
2.118842241336178, 
2.115264260569049, 
2.1156696610006076, 
2.1209438537851444, 
2.120177416891732, 
1.9714286321872714, 
1.9537702584524168, 
1.9999469717897593, 
1.9346138497616856, 
2.0536704200973825, 
2.1295130698972176, 
2.187400459118831, 
2.1760377125626125, 
2.201378945306612, 
2.215224144405619, 
2.2927782805695265, 
2.287837798837463, 
2.289239006321727, 
2.2935923915871874, 
2.28564691813286, 
2.2863013044045224, 
2.28993950449267, 
2.2840977279384496, 
2.2879682194374786, 
2.282635373079103, 
2.2934753789096054, 
2.2899010410395992, 
2.2847515682283164, 
2.292273311628492, 
2.28907630322307, 
2.2869635403312008, 
2.2832136757911603, 
2.282857023286198, 
2.2891271114322227, 
2.2874979477103783, 
2.286606190774674, 
2.284724739953373, 
2.2889138300250496, 
2.2936725599279386, 
2.2867677033226217, 
2.2889383327392325, 
2.2772179923274054, 
2.2440460588192908, 
2.311270186536743, 
2.276088764327608, 
2.2783597138249805, 
2.2748226387755723, 
2.2214740093528293, 
2.2695551051922367, 
2.33376206354549, 
2.306119971778611, 
2.3039602277658107, 
2.2794648612308466, 
2.253259418112134, 
2.310774459864388, 
2.2390099274664523, 
2.233154522389481, 
2.26718797350311, 
2.2656494256820396, 
2.305504560752394, 
2.269593737182885, 
2.337518038822634, 
2.2867272963883893, 
2.310714076448872, 
2.292297758308931, 
2.235528787314604, 
2.247764591835815, 
2.302929556626066, 
2.324551226379353, 
2.2806898152176673, 
2.2357677981934048, 
2.380205879619166, 
2.2146172884676902, 
2.298849274130089, 
2.2139461483515364, 
2.287253771180727, 
2.3021263634389557, 
2.1938404349222624, 
2.368820124851351, 
2.303584702549853, 
2.242783399983705, 
2.307522986947416, 
2.247417610806562, 
2.3582060153114357, 
2.2418589811929737, 
2.2811331545047127, 
2.356116916150424, 
2.251414526937407, 
2.2621351083795647, 
2.2506602883283593, 
2.3380919048336866, 
2.304878071491726, 
2.285763240666168, 
2.3171488523035295, 
2.266881394676827, 
2.202862620592822, 
2.28288699619645, 
2.3222897730090013, 
2.2183283916745014, 
2.2569672819638074, 
2.278124483090335, 
2.264301133304966, 
2.3340737810537293, 
2.3157139807797593, 
2.3204171679336527, 
2.22880971784964, 
2.271451447319021, 
2.294165995325881, 
2.2525101453201275, 
2.297922988129696, 
2.2724947561324287, 
2.310347774422138, 
2.220312438386128, 
2.3240090961801743, 
2.254991730215619, 
0.04626475378222135, 
2.244630669775756, 
2.249427715242359, 
2.257583440014795, 
2.2512568547870697, 
2.2468766190258234, 
2.247686884899633, 
2.2527095956008165, 
2.2492902316777443, 
1.959830887329073, 
1.9534406496871637, 
2.0084290210356355, 
1.9697276701556317, 
1.9727241595085983, 
1.9805060313099117, 
1.9047160131960905, 
1.94276197966698, 
1.989700758714417, 
1.9733236999958845, 
1.996799679850167, 
1.9467649076272946, 
1.9555455896056881, 
0.2989095266521799, 
2.0228365544822577, 
2.003828937493797, 
2.0291417636106712, 
2.060592306816251, 
2.0608035786706194, 
2.055146000114139, 
2.051797121216968, 
2.0726080195148495, 
2.059652073890764, 
2.048998832591114, 
2.0547105810649, 
2.1200360840628076, 
2.0892757974586584, 
2.104034460954811, 
2.1008405973660627, 
2.0877835136496867, 
2.037432510572135, 
2.039268751974849, 
2.0421100400982835, 
2.1037665162456745, 
2.1397150316516655, 
2.138804410818214, 
2.0747191322866376, 
2.082181239568001, 
2.0811867236600827, 
2.0851070677681816, 
2.078234183312854, 
2.0791612908912684, 
2.0848142007637187, 
2.081804818041323, 
2.0863001746108085, 
2.0886937888059323, 
2.084373736489575, 
2.086939745402151, 
2.0857486051533414, 
2.085709274812517, 
2.091149838933666, 
2.092842560605355, 
2.0873705905986464, 
2.0951224639946586, 
2.097142044854672, 
2.0900913253553757, 
2.0972477417233693, 
2.099865733709618, 
2.0990424233173166, 
2.101585644820654, 
2.097636519098556, 
2.1001074831996442, 
2.0982740682013024, 
2.0970067610280543, 
2.1000985166853, 
2.098779636283189, 
2.102725970955303, 
2.1077037269562413, 
1.952988400061804, 
1.9535628974078154, 
1.9587962495705762, 
1.960342403995889, 
1.9648367396525321, 
1.968486449340456, 
1.968985349620695, 
1.9772619874093889, 
1.9788390117526617, 
1.9825197690036265, 
1.9878542840401217, 
1.9893801502634791, 
1.990659090832163, 
1.9923961885496748, 
1.999826556336818, 
2.0027968796764464, 
2.0067012720502264, 
2.0046746866780434, 
2.011470066539931, 
2.0150122335983074, 
2.0198084593263843, 
2.020479098573163, 
2.0250990308221852, 
2.0292659210036, 
2.032226215807646, 
2.03275929299799, 
2.0376171274182386, 
2.0426297278254824, 
2.045048150645269, 
2.050477344175751, 
2.053094576133855, 
2.0552746806601863, 
2.060003319917249, 
2.0630525410864387, 
2.0676202729799362, 
2.0738526719441803, 
2.077019318278803, 
2.0812799721773794, 
2.0833714632616633, 
2.0892891689799065, 
2.0918040924589025, 
2.0931337419812337, 
2.0972197500123917, 
2.1020403251333084, 
2.105316109926357, 
2.107919587937535, 
2.11213235906717, 
2.1163542875306023, 
2.120830934275741, 
2.1258919353702597, 
2.1293611229676976, 
2.134303294208137, 
2.1373719901080865, 
2.1416063948832385, 
2.1453818689389497, 
2.1495520089289544, 
2.1530480330693953, 
2.15723535837712, 
2.1608236968327845, 
2.164714122236872, 
2.1704283596417184, 
2.1727894597098683, 
2.1778933412849244, 
2.1802297276777347, 
2.1851791959062092, 
2.188621390205385, 
2.193164834249071, 
2.197607779112261, 
2.287897238031234, 
2.2877998550000505, 
2.2877760431250356, 
2.287741014345654, 
2.2876945486740192, 
2.2876754363883585, 
2.287685452772537, 
2.287570286842889, 
2.2876241332392055, 
2.28754179782251, 
2.2874880972490303, 
2.287415843533682, 
2.287353891534979, 
2.2873158487161627, 
2.2872910887629145, 
2.2872799063462352, 
2.287290864088349, 
2.2872047287778865, 
2.2871251508681305, 
2.2871574475536653, 
2.2870884224719745, 
2.2870170264551395, 
2.2870283577952453, 
2.286913546941185, 
2.2869418445132212, 
2.2868501333893563, 
2.286839251411836, 
2.2867985351179616, 
2.286716547627827, 
2.2867221173165015, 
2.2866610454411744, 
2.286634992400819, 
2.286561997387242, 
2.2864871790036596, 
2.286444458366775, 
2.286433659691785, 
2.286359161350947, 
2.286330072505886, 
2.2862886886729332, 
2.286291643757469, 
2.286229483886148, 
2.2861980557588923, 
2.2861325884523005, 
2.28610844178723, 
2.286073843513115, 
2.2860101122625864, 
2.285953871768002, 
2.2859178681106602, 
2.2858651037505378, 
2.285847964107345, 
2.285803748439994, 
2.285747864833658, 
2.285687157614019, 
2.2856501889633605, 
2.285619472347925, 
2.2855901148973246, 
2.2855264542091556, 
2.2854754184696757, 
2.2854548952352167, 
2.285715411523328, 
2.2856151307508723, 
2.2855146782741476, 
2.285422024100478, 
2.285329356288624, 
2.2852282610418913, 
2.285135336730999, 
2.285042530870311, 
2.2849401771510665, 
2.284845657859631, 
2.0157924577776587, 
1.7928360137684463, 
1.8026871268386437, 
1.8131449722670414, 
1.8354235005242185, 
2.1571632102566456, 
2.2848445154166, 
2.2852463819480824, 
2.2844426983925654, 
2.2852975838921425, 
2.2862057414879957, 
2.287062690363404, 
2.2879630917857194, 
2.2888170875130402, 
2.2897156021590854, 
2.290535587205801, 
2.2915557538578195, 
2.292534317740674, 
2.293382270943026, 
2.29418188979807, 
2.2953328296681548, 
2.296153059182787, 
2.2966750328467875, 
2.297931124598556, 
2.298834055695026, 
2.2997648860599407, 
2.30071637931418, 
2.3012298969351415, 
2.30246709993849, 
2.303299980074533, 
2.3040143129722623, 
2.3053166029021614, 
2.305593155214213, 
2.307428969552806, 
2.308300019668361, 
2.309270856395545, 
2.309931475348851, 
2.3101499856690406, 
2.3113182412324043, 
2.3120217579842928, 
2.31282422812836, 
2.313440077032576, 
2.3150435541152095, 
2.316502085319898, 
2.317461448959961, 
2.3178861735656797, 
2.3190151684461835, 
2.319071186931802, 
2.3211595478344735, 
2.322046261738716, 
2.322343462122195, 
2.3230744122384603, 
2.323873194348254, 
2.3255448852459786, 
2.326819247713753, 
2.326083959789562, 
2.327395074817013, 
2.32776997350861, 
2.3297973069700446, 
2.3311618492947104, 
2.3308065370315667, 
2.3315197880971814, 
2.333834238179985, 
2.3326789428120995, 
2.3335469692071027, 
2.3359927089832397, 
2.337232307761517, 
2.3376525582496486, 
2.3394305712742027, 
2.3403409220738722, 
2.339168481637884, 
2.340758942336284, 
2.3412968614440413, 
2.3434873321731207, 
2.3433946919493334, 
2.3449912398792447, 
2.3443101213492548, 
2.34616046428669, 
2.347859785419805, 
2.348177695701887, 
2.3493426245641507, 
2.3503627269587244, 
2.3491847586418646, 
2.3524556761801403, 
2.4602781333707924, 
