0.41884331004777664, 
0.044678539221237656, 
0.04924467752367434, 
0.053317684865341164, 
0.05495876382210696, 
0.05787589801126103, 
0.05471324186498805, 
0.05152298924035392, 
0.05974621835588323, 
0.05060543676435714, 
0.05260729972584954, 
0.05603870537851208, 
0.05178685138011474, 
0.04239015916574829, 
0.057448181260618014, 
0.04899603131645591, 
0.05805766257965672, 
0.054327900450118705, 
0.0536137847563225, 
0.044132379516369724, 
0.047046564406500124, 
0.2954240902648735, 
0.2662416454240457, 
0.19826890018791232, 
0.24535168615567216, 
0.25404577400274775, 
0.24438450982506765, 
0.21438081672674514, 
0.20262282276008392, 
0.2951193201642184, 
0.2545315248813864, 
0.28795384536431357, 
0.20809211943561223, 
0.2366696826642425, 
0.19828500383198389, 
0.2711204043676574, 
0.19533052844618481, 
0.2703887902887061, 
0.2129087935811853, 
0.26200935053868335, 
0.220842281016985, 
0.2397498372998328, 
0.21669703971330279, 
0.2004266104186172, 
0.2580686889088071, 
0.2139320269988616, 
0.23962238751971654, 
0.25115038481794727, 
0.2211483015175304, 
0.22165146843629202, 
0.258893782887732, 
0.23278347687435286, 
0.19758620650094372, 
0.23698679479964113, 
0.26561867455690447, 
0.21270502371917388, 
0.20675338749395422, 
0.2087193784346013, 
0.045680440338237815, 
0.04615391623819676, 
0.042928833692755575, 
0.04688169752620297, 
0.041647802008363044, 
0.04715037620358231, 
0.04435102143907699, 
0.05207300558001293, 
0.04769212968643188, 
0.037381984173173066, 
0.044988238082922294, 
0.03969256736206006, 
0.04993965039284376, 
0.04410195421210261, 
0.04962199766754338, 
0.055613271437266576, 
0.03988179462907482, 
0.045169308919291495, 
0.043581206278837215, 
0.05140204991931796, 
0.22414599014830117, 
0.22079051345409795, 
0.22884119640875866, 
0.23343901429551295, 
0.22089643540481774, 
0.20581705282859275, 
0.23401557989251387, 
0.21536986616914788, 
0.1350272444556282, 
0.09192419004637031, 
0.07803186485940472, 
0.08761813583615918, 
0.04745582812900295, 
0.051925112382861016, 
0.052017235482779256, 
0.006010040163289432, 
0.028623664031727003, 
0.006501598678482878, 
0.011588779421167317, 
0.005392303788724462, 
0.025402987486934592, 
0.012572889806456544, 
0.014458061963402713, 
0.013534753736642813, 
0.03790514309267934, 
0.01115426493874594, 
0.01791622224947531, 
0.021589157246097557, 
0.040394595265723865, 
0.030898542639079096, 
0.012950256188538845, 
0.041453684156088855, 
0.03725254223262908, 
0.013017087408009331, 
0.04781340035503945, 
0.004739757022434787, 
0.019670273342256905, 
0.033330974487988385, 
0.004934556484997188, 
0.002748287035153396, 
0.007842548719068532, 
0.0057585113830782575, 
0.03387125813529934, 
0.026008289774857474, 
0.021623597024643004, 
0.003559712320225117, 
0.0033709876439473874, 
0.004099829975409364, 
0.03903870822141897, 
9.601474411908839E-4, 
0.011506081332655071, 
0.015118635578915018, 
0.03568565634256515, 
0.005092890569699193, 
0.0037779448157948536, 
0.01632453840342407, 
0.05707762376650294, 
0.0281016819412514, 
0.013858948608742594, 
0.00968935459438569, 
0.007080979084506112, 
0.0288809589330441, 
0.028270205084595545, 
0.018370306892450117, 
0.027104309055872022, 
0.023563991710503274, 
0.032819335814309625, 
0.022795675378802116, 
1.0730940019243462E-5, 
0.006745509301111952, 
0.023022682059739452, 
0.0038457474503488243, 
0.01147183616988201, 
0.01318448319526766, 
0.02231476666266019, 
0.04335236842369028, 
0.03242297671205563, 
0.03656204730177137, 
0.044514161526628016, 
0.04804902165400904, 
0.048097487726309396, 
0.05337067348774838, 
0.04743807668589284, 
0.03844180170888478, 
0.03463611956743762, 
0.036657946762389315, 
0.034149709990657584, 
0.03239786185254445, 
0.032657255936726415, 
0.03495804054512064, 
0.02946871605392687, 
0.037112819062926405, 
0.025272987151772952, 
0.022182881672485166, 
0.022389526027922102, 
0.11393759522576374, 
0.0807425628937608, 
0.09323124967968965, 
0.05962556225892257, 
0.0438308783932726, 
0.020841071807950584, 
0.009402469083795495, 
0.05081771825318526, 
0.007919850354880964, 
0.012206992014085927, 
0.0028678784473612495, 
0.019662117124738643, 
0.023285755338534386, 
0.05403702468851179, 
0.04580001379980558, 
0.024353462565855466, 
0.021302088532010544, 
0.007270405919939549, 
0.003282166688663324, 
0.017116029138058764, 
0.03290518146216215, 
0.01118066761345915, 
0.0019829002460980405, 
0.03321447654662535, 
0.018839796290762933, 
0.012754858998576424, 
0.017258945052283536, 
0.015025826593053182, 
6.839925420507598E-4, 
0.025824895470442755, 
0.03069830373007676, 
0.026314377757849172, 
0.02058764221098386, 
0.020070885364660285, 
0.013639538860644507, 
0.0017545886313499182, 
0.014653246722382107, 
0.03598419304736922, 
0.004537638419250811, 
0.030700047579145462, 
0.008066016947246624, 
0.006265071043237924, 
0.03880779969097148, 
0.032309353903727356, 
0.04615757792198849, 
0.03903825793594251, 
0.025258988100901547, 
0.014318323863840021, 
0.04557642452230226, 
0.02276224793517656, 
0.03788770727027213, 
0.03332836395025396, 
0.013838369370922976, 
0.035823512288295944, 
0.0076225638232685355, 
0.007174412148771125, 
0.05228590141715728, 
0.012403175076592277, 
0.05937173223699688, 
0.011672141462383934, 
0.01176795905738004, 
0.017195416272670627, 
0.0365743423217566, 
0.05637789785403413, 
0.027589670949282663, 
0.036048256227999786, 
0.005180777884525867, 
0.026227929893821056, 
0.023331177462395658, 
0.032698810662530775, 
0.006803694339453159, 
0.004969955556944683, 
0.0010812963642763407, 
0.019661939689314067, 
0.02993815138319178, 
0.0036207876982388143, 
0.04199561477383895, 
0.011856251384571692, 
0.011499481322303495, 
0.04853359647989208, 
0.04819290680342547, 
0.04836553331306348, 
0.04827106094718303, 
0.04785677810187039, 
0.04892146678071185, 
0.04839139402911741, 
0.048041212933966904, 
0.04792417985810715, 
0.04807185556994753, 
0.04797083391468249, 
0.04805191906601536, 
0.04853373208982248, 
0.048754742395090034, 
0.04901580218660939, 
0.04888815187748463, 
0.048722842486434104, 
0.04790856502955165, 
0.04856073247423964, 
2.707194944449043E-4, 
2.73067611619382E-4, 
2.7082732446359614E-4, 
2.704168213689684E-4, 
2.6761071134018266E-4, 
2.6872968343738535E-4, 
2.6892532815026016E-4, 
2.751374435590037E-4, 
2.669991071471145E-4, 
2.7577277158741254E-4, 
2.7528486000960584E-4, 
2.7285117344177934E-4, 
2.6894504824426235E-4, 
2.6968287600581675E-4, 
2.6963735352225626E-4, 
2.778170786363887E-4, 
2.7557774313180516E-4, 
2.7739975440610465E-4, 
2.7330832824290496E-4, 
2.695902383109683E-4, 
2.712540617118009E-4, 
2.732532973404034E-4, 
2.707939400146131E-4, 
2.7337103383118233E-4, 
2.710043472546886E-4, 
2.704127448254212E-4, 
2.7755331511514214E-4, 
2.7576730775180636E-4, 
2.71523244457228E-4, 
2.790244398411801E-4, 
2.7461673798256925E-4, 
2.7714055407557225E-4, 
2.7285301195689726E-4, 
2.774241490008933E-4, 
2.799430929876223E-4, 
2.7985788030449044E-4, 
2.816728562748949E-4, 
2.8142900621830336E-4, 
2.808195201318142E-4, 
2.7393912826312317E-4, 
2.750449297899138E-4, 
2.7414875350473267E-4, 
2.8274519397442077E-4, 
2.8033111918901454E-4, 
2.771156080285664E-4, 
2.817419490348527E-4, 
2.755165012473526E-4, 
2.818424356405558E-4, 
0.014093492479378966, 
0.017167820556103663, 
0.0020581120760923, 
2.3447910280083306E-13, 
0.09735582110247165, 
0.09548469887229061, 
0.09508931492631945, 
0.09253907133885164, 
0.09359167998777451, 
0.09448312708175166, 
0.09584199221391998, 
0.09775617222395994, 
0.09713645276183058, 
0.09784928314659425, 
0.09311354152611884, 
0.09383406170609021, 
0.09783907878081166, 
0.0935006703872574, 
0.09553266131904081, 
0.09326067823996453, 
0.09306426260345546, 
0.09326364009472954, 
0.09530553028894317, 
0.09612400470313176, 
0.0944456397242881, 
0.09661998070637168, 
0.09664437656167735, 
0.09419587973519583, 
0.0934073810849867, 
0.09200534312844866, 
0.09448918130987494, 
0.09604284038308464, 
0.09636444370550379, 
0.09682186978431062, 
0.09473080578646531, 
0.09659306679127866, 
0.09622485576078788, 
0.09339038268814548, 
0.093203052756337, 
0.09148276127030996, 
0.0939568722448918, 
0.09289909652126482, 
0.09554960676046775, 
0.09146718321998293, 
0.09249946385224561, 
0.0941346559458971, 
0.09256455050093848, 
0.0943652524116807, 
0.09211035131234269, 
0.09605119336383439, 
0.0932142208249438, 
0.09532685139909702, 
0.0940503079934274, 
0.09140941885244303, 
0.0924241542716473, 
0.09543012811626284, 
0.09210396414781741, 
0.0923032991277033, 
0.09591685986948661, 
0.0935834717087154, 
0.09066941047142052, 
0.09518269040837168, 
0.0940301833606263, 
0.09443250223151267, 
0.09140665565183426, 
0.09111980483974946, 
0.0918354025438255, 
0.09126596765472783, 
0.09589240944524136, 
0.0950124612915495, 
0.09071054922492294, 
0.09380005646336542, 
0.09233832845031742, 
0.09490978025527852, 
0.09113503132648049, 
0.12154498605694641, 
0.0630063291865639, 
0.05910368284164491, 
0.06007969362594423, 
0.057906905093602745, 
0.0629646627624254, 
0.0580833842900077, 
0.06091219555680283, 
0.06088956701555048, 
0.059698969652544065, 
0.0608724165534511, 
0.0623042390709756, 
0.06020944521294069, 
0.05999805088094945, 
0.05981172854178851, 
0.06291146563761885, 
0.06128841994621581, 
0.059030109302220524, 
0.06116783080039312, 
0.06006591517213167, 
0.060082498467878054, 
0.05954837863995266, 
0.06310946605358225, 
0.06066454037987512, 
0.060781692827234224, 
0.06138685824730317, 
0.05886951726751022, 
0.05768022883681567, 
0.06285940967464398, 
0.06045653132203199, 
0.05886609818287525, 
0.05740837590651893, 
0.05766611864041238, 
0.05784047329620989, 
0.059287602076409485, 
0.06247432624961391, 
0.05883125138591083, 
0.058494813119850164, 
0.06161267677219229, 
0.05893827628222681, 
0.06232769538314642, 
0.05758623066047619, 
0.06206226860619779, 
0.062337314754657314, 
0.059576226090158, 
0.058836063792099935, 
0.22457111925609752, 
0.18362976761341088, 
0.25757510717120624, 
0.2186951212221402, 
0.2822192044226455, 
0.22035364274617564, 
0.29848198392218706, 
0.24475219410606996, 
0.26545028798487635, 
0.27321742580187447, 
0.24704087333758196, 
0.22079912232173626, 
0.23026217929630377, 
0.2775532802774734, 
0.22296426418726867, 
0.24240157669356677, 
0.26518015198408307, 
0.2807968892406336, 
0.23618010725310512, 
0.24719500441210585, 
0.28112452211782113, 
0.23235144813854447, 
0.20105826600112664, 
0.232855742777204, 
0.22971730091146014, 
0.23825339361458475, 
0.2224784205447463, 
0.27935927833368623, 
0.20276364243413525, 
0.1517356409596573, 
0.12884272454162726, 
0.1327174334901713, 
0.06911186000010616, 
0.0399337883212354, 
0.01352653416688554, 
0.052914295296318414, 
0.05361936456449712, 
0.036615765458208216, 
0.053284078737917184, 
0.03888400557679006, 
0.019624365990651427, 
0.034367561840184635, 
0.04877504997422477, 
0.06288469957038956, 
0.01211721296921553, 
0.0055438231157154405, 
0.018033702958319964, 
0.009598733644068602, 
0.04344465308334122, 
0.04457903627701677, 
0.044222138108950884, 
0.04431135015383857, 
0.04470876643364781, 
0.044398191499239945, 
0.04455689668925465, 
0.044303234017903245, 
0.04411260770215866, 
0.04403196380240312, 
0.04405396935191176, 
0.044200599170846275, 
0.04392262419152089, 
0.043836446393947, 
0.0441455606225346, 
0.04444477949662537, 
0.04429489388644212, 
0.044090129805146205, 
0.04440338689208721, 
0.043891728094708815, 
0.04429649479344484, 
0.13909322870575214, 
0.13883477492861745, 
0.135790004177534, 
0.1380181794022829, 
0.13602193830927778, 
0.13616999594680063, 
0.13649533094202976, 
0.1327572051561156, 
0.1347184101699343, 
0.13413964370081624, 
0.1311222986482126, 
0.13276393602552752, 
0.12991393867621276, 
0.12987819642331172, 
0.13004539556480774, 
0.13059259178549876, 
0.13009108515832774, 
0.129228306996416, 
0.12884952300180202, 
0.12537048336699164, 
0.12718337879233876, 
0.12437693129088949, 
0.12364480027432198, 
0.12622245515210911, 
0.12284239627198265, 
0.12439485782812684, 
0.12314063669883435, 
0.12171691094606077, 
0.12035184893890333, 
0.12001914597326768, 
0.11998124547297827, 
0.12055104110997711, 
0.11849870925382433, 
0.11746365350922101, 
0.11865692923942037, 
0.1182590643804203, 
0.11687311407090964, 
0.11701564373806593, 
0.11454715604175378, 
0.11412787613727465, 
0.11347612246800495, 
0.11165122150447351, 
0.1136128327208051, 
0.11129378764168617, 
0.11005464576702223, 
0.11016618982802559, 
0.11067343530678554, 
0.10903605969517413, 
0.10743756979353396, 
0.10832488082338296, 
0.10802108446451764, 
0.10719513978210664, 
0.10691283613001265, 
0.10453379184619359, 
0.10414731640139355, 
0.10370296693549767, 
0.10413570864401663, 
0.10334823249956224, 
0.10309475825304891, 
0.10257223339367194, 
0.10183870457810384, 
0.09979605766823488, 
0.0988153241746451, 
0.09803066502343014, 
0.09896813196712528, 
0.09830172548685084, 
0.09711728073616294, 
0.09740070979738706, 
0.09615735575920854, 
0.09546825154971247, 
0.09405005904050368, 
0.09239434668171975, 
0.09340708473808841, 
0.09195917391345411, 
0.0906977532333254, 
0.09193072902965038, 
0.0896960941785073, 
0.09024026757154416, 
0.08921628371602264, 
0.08858406024349404, 
0.08808710292867991, 
0.08568571692272763, 
0.08595922604499323, 
0.08485029481117361, 
0.08396020320664212, 
0.08330101322527027, 
0.08382230496918475, 
0.08195842937987693, 
0.08125929311486382, 
0.08190549170658726, 
0.05866347169602836, 
0.021014933791167922, 
0.02019687332478593, 
0.021054319740463505, 
0.020847257306625563, 
0.020354943062089396, 
0.021321065056841462, 
0.022433445203403225, 
0.0225154759637727, 
0.022862613538538995, 
0.021703479194322903, 
0.023218213160367214, 
0.022543438319221686, 
0.023191324104332608, 
0.023809485923102953, 
0.02432220449454894, 
0.023453777574225055, 
0.02352980637907276, 
0.025297838307819613, 
0.02399218300731359, 
0.025517212013642817, 
0.025150205754494313, 
0.02547718596338662, 
0.02476315168334591, 
0.025651511185226725, 
0.025345129410360694, 
0.02523082896741654, 
0.026132052781092756, 
0.026248520273826167, 
0.027618242188331907, 
0.026258519790102595, 
0.026527883948865787, 
0.028065751893546348, 
0.028041884323812053, 
0.027795882691097163, 
0.029002375311465284, 
0.028027329670122534, 
0.028747777614129586, 
0.02974519129706134, 
0.029624639491378484, 
0.02996995330116299, 
0.02882102445023119, 
0.028378548437877543, 
0.02873458896515, 
0.031072029685047325, 
0.03132724489402794, 
0.030726758771384567, 
0.030268363670648366, 
0.03044372013586508, 
0.03098141047219089, 
0.030469710398920064, 
0.031100618318786032, 
0.031059228443882623, 
0.03292258531075409, 
0.033383087994290454, 
0.032340749760072354, 
0.03168779044432998, 
0.03203438540788711, 
0.03371364713592115, 
0.03369972514099694, 
0.03276189131290223, 
0.03378783713202134, 
0.032940011865954015, 
0.03399312470544408, 
0.034146538064765086, 
0.03343558546226617, 
0.03463162780458211, 
0.03480852871148667, 
0.03553431432987432, 
0.03647954609410478, 
0.03595251536559251, 
0.03659521764392141, 
0.03586074746699796, 
0.03650949732893181, 
0.03512388441500787, 
0.03589933610370746, 
0.038166351524891826, 
0.036751279588331714, 
0.03660961274939448, 
0.03864890492471193, 
0.0367830036986202, 
0.03903579263469268, 
0.03717072835403755, 
0.039316564444124624, 
0.039215250201325366, 
0.0400843451111808, 
0.040249460119448646, 
0.04025718020149496, 
0.039610105253045466, 
0.040589034770303706, 
0.04030577451990237, 
0.03897578561817684, 
0.04144988078977202, 
0.041280135054748965, 
0.041377247212005655, 
0.040298887022421036, 
0.04209812695001143, 
0.041442401749070726, 
0.0428120384100861, 
0.041124353804614225, 
0.04167536768324145, 
0.04110131662600845, 
0.0398609466521392, 
0.037873080525282835, 
0.03930160080104915, 
0.03901512150859476, 
0.0400870240183315, 
0.039097822168095694, 
0.0398915799794321, 
0.040290132882513145, 
0.039925796095428505, 
0.042007666425601366, 
0.040276818980329976, 
0.041513485268130576, 
0.04164806511163483, 
0.04047455726194005, 
0.04153030313981538, 
0.04159482871206027, 
0.04373977575967926, 
0.04138244813366141, 
0.043008577043013176, 
0.04414644276653587, 
0.043083337895464334, 
0.04351601002033376, 
0.0431728832069823, 
0.04391002236076226, 
0.04559369025694788, 
0.045586264469699225, 
0.04325822295509436, 
0.044981065249495626, 
0.04450352705504835, 
0.045789205108697106, 
0.04525443663860681, 
0.045474658477850524, 
0.04547995164667724, 
0.04472785283149694, 
0.047640946919114954, 
0.04587990521261876, 
0.04693675763390627, 
0.046640549774345286, 
0.14649306312920843, 
0.19432006735045143, 
0.1859116309181972, 
0.2190618925357368, 
0.22205192663190157, 
0.21591470085188377, 
0.23782688377325034, 
0.16249088435062753, 
0.1987515065697633, 
0.17823641924994116, 
0.1788828295484423, 
0.15614575184804266, 
0.16697428975274528, 
0.22318039734452436, 
0.21198969730652056, 
0.1944199709783971, 
0.19638503323541048, 
0.23799064473235987, 
0.19519637970197862, 
0.2303472824800612, 
0.21255306724607537, 
0.180001109208746, 
0.19201931832796862, 
0.2097025010402419, 
0.2084403656297527, 
0.2451774189820353, 
0.20877806803378174, 
0.2521624345086557, 
0.26030197614504474, 
0.2337536435659412, 
0.2378176313170372, 
0.23675251864412017, 
0.24955501149142328, 
0.225390860852258, 
0.25294126368706144, 
0.24247606953239717, 
0.2537763148017003, 
0.23504921594719555, 
0.2542782632109773, 
0.21455757980335027, 
0.15554325968123936, 
0.12670910293379933, 
0.02230494536893759, 
0.008340026244737321, 
0.022442288894344194, 
0.04267602426854901, 
0.020807068483332115, 
0.07538634877207132, 
0.007384246734192541, 
0.019144186199681987, 
0.024463013125792115, 
0.02267192055437966, 
0.014060109143500026, 
0.0031607047980815144, 
0.027698966588658152, 
0.057463407767634804, 
0.03812586137403567, 
0.02233777472933298, 
5.444525774820283E-4, 
0.06508988303114897, 
0.07761055895006039, 
0.02986299158926598, 
0.057477892534052374, 
0.06917894121198406, 
