1.4005881996370455, 
0.06268277754723166, 
0.07246810938423166, 
0.06735045743028559, 
0.04472631980971048, 
0.06120396741891547, 
0.05588419764607726, 
0.07044525842586752, 
0.06308606856035599, 
0.06062272868734353, 
0.05980226116106148, 
0.0523714152399482, 
0.05738353586722875, 
0.05492400839124961, 
0.06407137878105845, 
0.06647010957088198, 
0.053891421768057446, 
0.06643241156018914, 
0.05422813606691178, 
0.05764109265090732, 
0.06021452709858602, 
0.0607215636627544, 
0.05248221011212609, 
2.6871367133209665E-46, 
0.016180710235204288, 
0.016180710235204288, 
0.016180710235204288, 
0.016180710235204288, 
0.016180710235204288, 
0.016180710235204288, 
0.016180710235204288, 
0.016180710235204288, 
0.016180710235204288, 
0.016180710235204288, 
0.016180710235204288, 
0.016180710235204288, 
0.016180710235204288, 
0.016180710235204288, 
0.016180710235204288, 
0.016180710235204288, 
0.016180710235204288, 
0.016180710235204288, 
0.016180710235204288, 
0.016180710235204288, 
0.016180710235204288, 
0.016180710235204288, 
0.016180710235204288, 
0.016180710235204288, 
0.016180710235204288, 
0.016180710235204288, 
0.016180710235204288, 
0.016180710235204288, 
0.016180710235204288, 
0.016180710235204288, 
0.016180710235204288, 
0.016180710235204288, 
0.016180710235204288, 
0.016180710235204288, 
0.016180710235204288, 
0.016180710235204288, 
0.016180710235204288, 
0.016180710235204288, 
0.016180710235204288, 
0.016180710235204288, 
0.016180710235204288, 
0.016180710235204288, 
0.016180710235204288, 
0.016180710235204288, 
0.016180710235204288, 
0.016180710235204288, 
0.016180710235204288, 
0.016180710235204288, 
0.016180710235204288, 
0.016180710235204288, 
0.016180710235204288, 
0.016180710235204288, 
0.016180710235204288, 
0.016180710235204288, 
0.016180710235204288, 
0.016180710235204288, 
0.016180710235204288, 
0.016180710235204288, 
0.016180710235204288, 
0.016180710235204288, 
0.016180710235204288, 
0.016180710235204288, 
0.016180710235204288, 
0.016180710235204288, 
0.016180710235204288, 
0.016180710235204288, 
0.016180710235204288, 
0.016180710235204288, 
0.016180710235204288, 
0.016180710235204288, 
0.016180710235204288, 
0.016180710235204288, 
0.016180710235204288, 
0.016180710235204288, 
0.016180710235204288, 
0.016180710235204288, 
0.016180710235204288, 
0.016180710235204288, 
0.016180710235204288, 
0.016180710235204288, 
0.016180710235204288, 
0.016180710235204288, 
0.016180710235204288, 
0.016180710235204288, 
0.016180710235204288, 
0.016180710235204288, 
0.016180710235204288, 
0.016180710235204288, 
0.016180710235204288, 
0.016180710235204288, 
0.016180710235204288, 
0.016180710235204288, 
0.016180710235204288, 
0.016180710235204288, 
0.016180710235204288, 
0.016180710235204288, 
0.016180710235204288, 
0.016180710235204288, 
0.016180710235204288, 
0.016180710235204288, 
0.016180710235204288, 
0.016180710235204288, 
0.016180710235204288, 
0.46890125176327047, 
0.46890125176327047, 
0.468901251763274, 
0.468901251763274, 
0.468901251763274, 
0.468901251763274, 
0.468901251763274, 
0.468901251763274, 
0.468901251763274, 
0.468901251763274, 
0.468901251763274, 
0.468901251763274, 
0.468901251763274, 
0.468901251763274, 
0.468901251763274, 
0.468901251763274, 
0.468901251763274, 
0.468901251763274, 
0.468901251763274, 
0.468901251763274, 
0.46890125176327224, 
0.46890125176327224, 
0.46890125176327224, 
0.46890125176327224, 
0.46890125176327224, 
0.46890125176327224, 
0.46890125176327224, 
3.582852924495228E-4, 
3.582852924495228E-4, 
3.582852924495228E-4, 
3.582852924495228E-4, 
3.582852924495228E-4, 
3.582852924495228E-4, 
3.582852924495228E-4, 
3.582852924495228E-4, 
3.582852924495228E-4, 
3.582852924495228E-4, 
3.582852924495228E-4, 
3.582852924495228E-4, 
3.582852924495228E-4, 
3.582852924495228E-4, 
3.582852924495228E-4, 
3.582852924495228E-4, 
3.582852924495228E-4, 
3.582852924495228E-4, 
3.582852924495228E-4, 
3.582852924495228E-4, 
3.582852924495228E-4, 
3.582852924495228E-4, 
3.582852924495228E-4, 
3.582852924495228E-4, 
3.582852924495228E-4, 
3.582852924495228E-4, 
3.582852924495228E-4, 
3.582852924495228E-4, 
3.582852924495228E-4, 
3.582852924495228E-4, 
3.582852924495228E-4, 
3.582852924495228E-4, 
3.582852924495228E-4, 
2.5037092549498223, 
2.5033382632815835, 
2.5044960482540857, 
2.504599170393452, 
2.5047071358355555, 
2.5048130328479115, 
2.5049189807082657, 
2.505030648774151, 
2.5051425644506886, 
2.505254505224346, 
2.505365968818572, 
2.5054821550993895, 
2.5055989970401975, 
2.5057188672872748, 
2.505836788086169, 
2.5059579968665195, 
2.5060825051897453, 
2.5062029674878805, 
2.506325543802619, 
2.5064461797042012, 
2.506576706687379, 
2.506702273383338, 
2.506834682169572, 
2.5069636692115824, 
2.507093381724359, 
2.5072289234205396, 
2.507360537631722, 
2.507492180629836, 
2.50762971911696, 
2.5077703845303447, 
2.5079088204147104, 
2.508051630257693, 
2.508196312590102, 
2.5083368317682297, 
2.5084850048200886, 
2.5086347741641624, 
2.508781781402397, 
2.508933750891568, 
0.502342153904813, 
0.502342153904813, 
0.502342153904813, 
0.502342153904813, 
0.502342153904813, 
0.502342153904813, 
0.502342153904813, 
0.502342153904813, 
0.502342153904813, 
0.502342153904813, 
0.502342153904813, 
0.502342153904813, 
0.502342153904813, 
0.502342153904813, 
0.502342153904813, 
0.502342153904813, 
0.502342153904813, 
0.502342153904813, 
0.502342153904813, 
0.502342153904813, 
0.502342153904813, 
0.502342153904813, 
0.502342153904813, 
0.502342153904813, 
0.502342153904813, 
0.502342153904813, 
0.502342153904813, 
0.502342153904813, 
0.502342153904813, 
0.502342153904813, 
0.502342153904813, 
0.502342153904813, 
0.502342153904813, 
0.5023421539048112, 
0.5023421539048112, 
0.5023421539048112, 
0.5023421539048112, 
0.021577789272782866, 
0.021577789272782866, 
0.021577789272782866, 
0.021577789272782866, 
0.021577789272782866, 
0.021577789272782866, 
0.021577789272782866, 
0.021577789272782866, 
0.021577789272782866, 
0.021577789272782866, 
0.021577789272782866, 
0.021577789272782866, 
0.021577789272782866, 
0.021577789272782866, 
0.021577789272782866, 
0.021577789272782866, 
0.021577789272782866, 
0.021577789272782866, 
0.021577789272782866, 
0.021577789272782866, 
0.021577789272782866, 
0.021577789272782866, 
0.021577789272782866, 
0.021577789272782866, 
0.021577789272782866, 
0.021577789272782866, 
0.021577789272782866, 
0.021577789272782866, 
0.021577789272782866, 
0.021577789272782866, 
0.021577789272782866, 
0.021577789272782866, 
0.021577789272782866, 
0.021577789272782866, 
0.021577789272782866, 
0.021577789272782866, 
0.021577789272782866, 
0.021577789272782866, 
0.021577789272782866, 
0.021577789272782866, 
0.021577789272782866, 
0.021577789272782866, 
0.021577789272782866, 
0.021577789272782866, 
0.021577789272782866, 
0.021577789272782866, 
0.021577789272782866, 
0.021577789272782866, 
0.021577789272782866, 
0.021577789272782866, 
0.021577789272782866, 
0.021577789272782866, 
0.021577789272782866, 
0.021577789272782866, 
0.021577789272782866, 
0.021577789272782866, 
0.021577789272782866, 
0.021577789272782866, 
0.021577789272782866, 
0.021577789272782866, 
0.021577789272782866, 
0.021577789272782866, 
0.6019107409307694, 
0.6019107409307694, 
0.6019107409307694, 
0.6019107409307694, 
0.6019107409307694, 
0.6019107409307694, 
0.6019107409307694, 
0.6019107409307694, 
0.6019107409307694, 
0.6019107409307694, 
0.6019107409307694, 
0.6019107409307694, 
0.6019107409307694, 
0.6019107409307694, 
0.6019107409307694, 
0.6019107409307694, 
0.6019107409307694, 
0.6019107409307694, 
0.6019107409307694, 
0.6019107409307694, 
0.6019107409307694, 
0.6019107409307694, 
0.6019107409307694, 
0.6019107409307694, 
0.6019107409307676, 
0.6019107409307676, 
0.6019107409307676, 
0.6019107409307676, 
0.6019107409307676, 
0.6019107409307676, 
0.6019107409307676, 
0.6019107409307676, 
0.6019107409307676, 
0.6019107409307676, 
0.6019107409307676, 
0.6019107409307676, 
2.1189927213211934, 
2.1189919361161897, 
2.119089370008879, 
2.119094285902385, 
2.119099316999886, 
2.11901661888402, 
2.1190335513181084, 
2.119050625353913, 
2.1190680410998097, 
2.1190855263701107, 
2.1191028019869247, 
2.1191205485865914, 
2.1191379002458, 
2.1191562908522066, 
2.1191737860130755, 
2.1191921025944778, 
2.119016423979813, 
2.1190338722172513, 
2.119052499150438, 
2.119070537789214, 
2.11908932960038, 
2.119106950481162, 
2.119126270977311, 
2.119144465939163, 
2.119163728139737, 
2.119182622021643, 
2.119202095442869, 
2.1192078235054197, 
2.1192135345393757, 
2.11921951689212, 
2.1192250021544816, 
2.119231496220583, 
2.119237321436075, 
2.119243174249327, 
2.1192489717084086, 
2.119254995243475, 
2.1192609060306165, 
2.1192672050683266, 
2.119272942295764, 
2.11927932991148, 
2.119285296868958, 
2.1192916141749643, 
2.1192979737528423, 
2.119304166125969, 
2.1193103545098952, 
2.1193169090808097, 
2.119323131615128, 
2.1193293439171055, 
2.11933563956944, 
2.1193420861816716, 
2.119348620383218, 
2.1193546511316175, 
2.1193617409353736, 
2.1193678991349856, 
2.1193746745756377, 
2.119381384304368, 
2.119387643434779, 
2.119394222602142, 
2.119400990679157, 
2.1194077766064168, 
2.119414111198194, 
2.1194208359605993, 
2.1194273017290963, 
2.1194338676135285, 
2.119440631074862, 
2.1194474890261823, 
2.119454676818248, 
2.1194612763253873, 
2.1194681188503814, 
2.1194752121205225, 
2.1194819277583354, 
2.1194891991329636, 
2.1194963351309872, 
2.119503380123958, 
2.119510644481701, 
2.1195179308713312, 
2.1195248943986256, 
2.1195322562078642, 
2.119539251583114, 
2.1195463957695218, 
0.49634239914167466, 
0.49634239914167466, 
0.49634239914167466, 
0.49634239914167466, 
0.49634239914167466, 
0.49634239914167466, 
0.49634239914167466, 
0.49634239914167466, 
0.49634239914167466, 
0.49634239914167466, 
0.49634239914167466, 
0.49634239914167466, 
0.49634239914167466, 
0.49634239914167466, 
0.49634239914167466, 
0.49634239914167466, 
0.49634239914167466, 
0.49634239914167466, 
0.49634239914167466, 
0.49634239914167466, 
0.49634239914167466, 
0.49634239914167466, 
0.49634239914167466, 
0.49634239914167466, 
0.49634239914167466, 
0.49634239914167466, 
0.49634239914167466, 
0.49634239914167466, 
0.49634239914167466, 
0.49634239914167466, 
0.49634239914167466, 
0.49634239914167466, 
0.49634239914167466, 
0.49634239914167466, 
0.49634239914167466, 
0.49634239914167466, 
0.49634239914167466, 
0.49634239914167466, 
0.4963423991416711, 
0.4963423991416711, 
0.4963423991416711, 
0.4963423991416711, 
0.4963423991416711, 
0.4963423991416711, 
0.4963423991416711, 
1.8673129807375086, 
1.8673129812701785, 
1.8673129812701785, 
1.8673129812701785, 
1.8673129812701785, 
1.8673129812701785, 
1.8673129812701785, 
1.8673129812701785, 
1.8673129812701785, 
1.8673129812701785, 
1.8673129812701785, 
1.8673129812701785, 
1.867312980732157, 
1.867312980732157, 
1.867312980732157, 
1.867312980732157, 
1.867312980732157, 
1.867312980732157, 
1.867312980732157, 
1.867312980732157, 
1.867312980732157, 
1.867312980732157, 
1.867312980732157, 
1.867312980732157, 
1.867312980732157, 
1.867312980732157, 
1.867312980732157, 
1.867312980732157, 
1.867312980732157, 
1.867312980732157, 
1.867312980732157, 
1.867312980732157, 
1.867312980732157, 
1.867312980732157, 
1.867312980732157, 
1.867312980732157, 
1.867312980732157, 
1.867312980732157, 
1.867312980732157, 
1.867312980732157, 
1.867312980732157, 
1.867312980732157, 
1.867312980732157, 
1.867312980732157, 
1.867312980732157, 
1.867312980732157, 
1.867312980732157, 
1.867312980732157, 
