0.0479031878845986
0.03957675608890649
0.199999999999918
0.03953115834232275
0.04062997067097385
0.039185282723285156
0.1966079720244611
0.1996765069392666
0.20000000000000007
0.07671041386453555
0.0395217049023285
0.03833432193388898
0.03884931364810764
0.039289866556119
0.20000000000000004
0.03922960355153078
0.039544920171258505
0.037490681175978265
0.20000001791516653
0.04071277273068863
0.038636365125893406
0.04035238886714476
0.039021319431615596
0.039457911399437606
0.03917431612672742
0.040762387765171645
0.04007982164160946
0.20064067141042274
0.038841332456179316
0.19881203391685412
0.2001135308811284
0.039475110396340475
0.07326384822513711
0.20000000000000007
0.04356839285836236
0.03937459727412224
0.03882278476089118
0.03922586833767704
0.03910560882847204
0.2006279035934235
0.041766888812233775
0.19829491336656452
0.20000000000006196
0.14108651252432486
0.042753991885878806
0.039650962371735994
0.0391112449262847
0.03874401939164873
0.1983869996829839
0.03848662035583452
0.1999999997674452
0.0399926324548464
0.0394035199492108
0.044073111773158084
0.03933421082835952
0.04051468023203976
0.19899647143658616
0.039453981854034474
0.039094468955587984
0.040678053862150246
0.20000000000662932
0.04295350717774652
0.038826674463028864
0.03912582279177194
0.03930984685194251
0.20087571197844772
0.03936689424655864
0.20004551134994517
0.039066205696953724
0.0425238224170279
0.039424336706788604
0.13860030323663156
0.03961691090619453
0.03957211363618935
0.03933255051354298
0.1999999999998745
0.04189693789880863
0.19493588688069718
0.20000000000000007
0.19899647143658708
0.037548264869353275
0.19899647143658716
0.04016202464977134
0.03917918628735652
0.04436574668801747
0.03893603912637495
0.04010389050767288
0.03901583132572316
0.19826774497299232
0.038069752509197904
0.03854289222011725
0.03866287798042247
0.03876035205223336
0.20387881523939652
0.200000000003189
0.03914956000661427
0.04036507922676658
0.1989964736013463
0.03910221046949299
0.03943226959776965
0.20007032514607492
0.0391873808820025
0.039297070758409665
0.19493588689590352
0.10605676550356742
0.0437561138458652
0.04083141394708301
0.038798144343516396
0.03892341939942386
0.04125345293670097
0.039207059061577544
0.03705125294428417
0.03900472761521774
0.0390377184019865
0.038080413326614194
0.19999999999152387
0.04041441617841226
0.03755915534568054
0.19497474965154313
0.20001721469771708
0.1949545786652804
0.03203155597329102
0.20000000001025514
0.03926575652282118
0.03883722070411467
0.2001066802598105
0.04055090458148685
0.0389520538749423
0.04050921011044587
0.03973988487298069
0.20000000000144944
0.04020016088844186
0.1999999999959223
0.040659161305346865
0.04025721916216792
0.19999999471839708
0.03872332764448684
0.19905139353158904
0.1999999999999956
0.039067418318117
0.19999999992355424
0.13390835472509632
0.037360395280430427
0.03892894541157829
0.1949425518679728
0.20000000000060747
0.0399665708029754
0.04918486013687847
0.03985891599971297
0.038765436516315886
0.04024764201967553
0.03911514417035649
0.03970284629174668
0.03909193748259453
0.04430700106708192
0.08570981235024475
0.20000000000000007
0.03900993313215252
0.03859735385695456
0.19890787104866978
0.03958902039939763
0.03906823678579775
0.03928747266834275
0.1999975983898637
0.20090162701463504
0.04135497223465476
0.20085642622682018
0.03971082402597276
0.03841579883871833
0.04113051478739701
0.2010776834362379
0.03678901057739511
0.04047122326702396
0.03823345710209318
0.04144536687267742
0.0378764212206195
0.19711420527617532
0.042315558582829406
0.20000009407060526
0.0414289172931291
0.1969781835682914
0.2014936735655553
0.04009543481937276
0.04478560169456184
0.049339897492753935
0.039782785238948674
0.0397516044608259
0.19942481768481413
0.0445598786382064
0.04286873448902357
0.03960312464801297
0.05511938591084344
0.20197778189026278
0.03881501530808057
0.04073514326489495
0.0402430663396365
0.03826791739624535
0.038801158399389205
0.039495816703608036
0.03994007992513471
0.20000286460748662
0.20000000000000007
0.03961742748773425
0.03932433098473031
0.0386499541954007
0.041255648232526934
0.04022440768660657
0.1991451574609264
0.039085117329063265
0.04023416723700606
0.19899245749768102
0.03932498884185935
0.03964945278436416
0.2000000000041399
0.10424704859501835
0.039400158033952457
0.03888712303166664
0.20014264944245777
0.039804719113853235
0.03934042255640377
0.0395352659462911
0.03946349373268382
0.03982177959906609
0.19999999999149112
0.03924134911077587
0.19999999999985069
0.2046892438494089
0.20000225543731845
0.1953557819937612
0.20000000000236773
0.03907688357781806
0.04133658865518343
0.04586321801275035
0.2000000000000013
0.03831892648962018
0.04357331360696816
0.042089708552917174
0.03762709710825742
NaN
0.040196980211169686
0.04020120975665908
0.04009055069750491
0.039858887546117244
0.038914947161106495
0.0395391388524697
0.038082701773168554
0.04041582919274398
0.19991124111435546
0.03928433425453436
0.1967180712850446
0.04082224120577561
0.04004607432862941
0.04097716671018693
0.03985269312443386
0.0384794247127388
0.0411730209147988
0.0385645228236574
0.039198753410118865
0.04244461060719701
0.04605998700572203
0.15873749508880688
0.03850567331702801
0.19999999767503462
0.039390991934077225
0.03885614951184736
0.19963369899662955
0.04007967885837383
0.03873149374996441
0.03952847712452325
0.04317007821469893
0.039092051272177464
0.03906239813279148
0.05858008606249179
0.038081845529931
0.03909712276713533
0.19985383983074276
0.19988438158397812
0.19999999999940457
0.04012650181492086
0.039418034226201444
0.19829091333519414
0.20000000000000007
0.039580209173774986
0.1999999952443199
0.040311685994735634
0.03992291320622116
0.04437158528223499
0.04128945684872193
0.03815748266459988
0.04042701637617199
0.040195058344601145
0.2001078076407728
0.03747925128572461
0.03964892308206381
0.038913727864099745
0.03933494382646368
0.2000771950673067
0.04191231813716226
0.20000000000548745
0.03870417542673877
0.04036956140630706
0.03914518347573235
0.19999999974267246
0.20000000000000007
0.0391618286647613
0.038445877683282864
0.03917234858357476
0.04009769348775428
0.04054281277910828
0.20000022419970234
0.04006726574641423
0.03923954936842834
0.19999999999986984
0.036754518805413076
0.039450997933841055
0.03947719618951181
0.05807051239845276
0.19980805686737507
0.03899814631637366
0.19899647141440652
0.15198442071665846
0.04460507040218125
0.19994455234174943
0.03915478437254012
0.13798827042913245
0.0382660190228388
0.03919130012030381
0.038715398334024785
0.041762376349999526
0.03901318738958271
0.03929340473272597
0.19999840945274716
0.03722400458418137
NaN
0.03974563090929905
0.03658203319894768
0.03968394251201918
0.059256691095124665
0.03909745317182186
0.037956732923351263
0.041634127185525276
0.039668201346455635
0.20263239839517752
0.03777332469429174
0.03837686612658927
0.05637741335805143
0.1987619017169991
0.0393238264839348
0.19932215759715552
0.04036704809179395
0.05946569266636987
0.039301845073005354
0.039417359289872965
0.2008604415266428
0.03971008345347144
0.18475286120728943
0.039248342726306285
0.19999999999620133
0.03990021692991118
0.1949358868930233
0.19753338710043317
0.1989964714365873
0.03889895918044693
0.04162868339533438
0.17730934429151654
0.19999555159588114
0.04026346572516339
0.04073205949887257
0.038373483479898704
0.040964890323821536
0.20000000000000154
0.146116403519637
0.13261499900695153
0.03873135323215733
0.03817999691889097
0.04130327392987367
0.039155809260284606
0.046008211669375375
0.03964010213081134
0.19899647143654925
0.04059632113616689
0.20000000000000007
0.20171295629258365
0.04522304123677238
0.045030924618813375
0.039560651210205695
0.03898023374230027
0.20084999664083633
0.04095706515638307
0.198996471436586
0.040856963567433714
0.19999848292243907
0.20010861943339248
0.03874857687502528
0.18410112945266083
0.051013678226441685
0.03899287631663566
0.20000273226073859
0.039015127311061756
0.20011197192130983
0.20000003113720052
0.06506330774007676
0.03844571443396436
0.038673418598407436
0.04269359403620361
0.039592632335156586
0.19999986061942002
0.04170948059739095
0.038009966925600436
0.03886101563804495
0.03939698564759906
0.07906714438165123
0.039235327201810534
0.1999999605153226
0.03912846233289221
0.040541070698022263
0.03741646261576552
0.1824276243383912
0.040334791530178285
0.20378887030230822
0.19999999971155802
0.03902778519085891
0.04030037241941687
0.04109676704131617
0.12499861282692146
0.03969979273640933
0.04076917172502201
0.038405387187690126
0.20000000021630185
0.044005657075522425
0.19505603932105023
0.23268499509905288
0.17786294412237094
0.20000109567941662
0.1999497779300529
0.03933321778158662
0.18145662271759866
0.040006440217334814
0.04244200968562304
0.19999999994404452
0.20092763349693502
0.19909365890171105
0.19911903626261843
0.039731995464432575
0.03877177454619028
0.19465608806036402
0.039658343353808634
0.04053401038925857
0.039065516496950864
0.054614221166020355
0.039143567863172114
0.03903212229991617
0.20000000000061555
0.19849636435617357
0.19022432314866303
0.03938693407518997
0.19899647143716392
0.04118974908535844
0.20351726548447763
0.03937161699553212
0.20002787324454366
0.03909149116653814
0.03902557297805512
0.039715461635884054
0.19899647143658727
0.039760127607159364
0.2000000000000355
0.03904015088739265
0.039402864842466585
0.04017531832905921
0.040143056337582826
0.03901571620343766
0.03975236833486517
0.19999999999999993
0.03918164139071304
0.04014010615287927
0.0400946149669444
0.19558398561614487
0.1989964714365873
0.0396394389499919
0.039844197750874326
0.1333684860420534
0.1923253833211286
0.03901079142702083
0.19999999999546572
0.03918155209677739
0.038841019149160806
0.04489757737539634
0.03929185123864524
0.20001152277500422
0.06656537281245557
0.20074628531502284
0.03807227979818994
0.20036787385330698
0.2000000000716438
0.20066891673635814
0.19977561770621446
0.03914334056772892
0.04069246228908448
0.19601081682140498
0.19493588689612157
0.03979825641884345
0.20000000000000007
0.03842257724249238
0.2000389450940093
0.03860223265666952
0.03886341564643436
0.20064171123723398
0.039705422710370655
0.19493634047237013
0.08612069622618261
0.19832289144644072
0.039093992850336275
0.199999999998194
0.03954309237871648
0.039743260952980884
0.041884219661276256
0.045150534355284225
0.04255137566628877
0.03939660422656612
0.2000000000007303
0.03818733173922917
0.03947503627819246
0.21761080850329334
0.19999999980146252
0.0402336068160552
0.1959287765185167
0.04594735555443753
0.0389048080465211
0.03870423417147766
0.03852829425235697
0.040439081306073515
0.039689383282487396
0.03939625932946002
0.05711239056591122
0.20024139305512206
0.038232102998750746
0.2011176018138826
0.038596391136539974
0.194935886896235
0.04136630508104432
0.1543865312088715
0.045314787717930106
0.03910081378758165
0.03900147260903632
0.20000000000000948
0.03926743060672833
0.03818306599881998
0.06180387258376942
0.18852534317125327
0.20004067447822982
0.039595158967279616
0.03963221263554715
0.20000000003377416
0.1748837188020022
0.03923975561981197
0.19354403656738525
0.042434516686972616
0.1987647744902206
0.039974819445600426
0.03846617603916827
0.04077509327883019
0.039888328024485484
0.0387417210174925
0.038842458468974536
0.19926399274025514
0.03839850979620214
0.19546383855670268
0.03956503573729028
0.0411983608135856
0.1999999999984456
0.03780405740231754
0.03967410950358982
0.03926416271553828
0.19999999999821713
0.0384275637388861
0.03908142254845707
0.19493588776222015
0.1994118628132372
0.0381857493701468
0.03962684656290406
0.041645706346708895
0.2006406714248028
0.03945667076530862
0.03945077940004666
0.19999999998049378
0.18832005851684253
0.03701208109610904
0.0412219709619682
0.03879453656556302
0.19899647148652233
0.04011821207833941
0.19834746944052994
0.04413041121386653
0.03958834030805761
0.045173349586232724
0.03954842128923615
0.040514040188543834
0.03932355596751807
0.03939375410109779
0.19999996084553998
0.03886805290091346
0.1989964714365873
0.04225719227226997
0.047284098574874436
0.03944441533908848
0.039145713971914464
0.03853587109985252
0.19905610734518556
0.040947947366686485
0.039374131163151034
0.03939954173411642
0.03862993541523868
0.039508781372332796
0.038599964970776654
0.1999999999648582
0.18767641251804376
0.039772178769544204
0.03955222917272601
0.19005418705539193
0.0396383876281519
0.04435797972795845
0.03945794496467679
0.20000000000561585
0.04563880418854757
0.19662279809456112
0.20000000752316996
0.03954876360650961
0.1594382433155065
0.20000000000000015
0.03830090066439098
0.03922535418596211
0.038682151765637884
0.044780340025320685
0.04113375778213835
0.03484720877112631
0.03974487547571294
0.19974727894798053
0.040135431300324355
0.11017335996299382
0.04066052089941385
0.03938718226638889
0.03850281769170673
0.0429856937967969
0.03999263737987584
0.03861260050820426
0.03888187059142658
0.038775005638415974
0.053339873608277556
0.19999999922333603
0.05897098941367859
0.039519243389755335
0.03891911926186959
0.04524385907780808
0.03948483448694164
0.1965824046827934
0.039197231462356624
0.03940679919562274
0.039732543426630636
0.038116908036335835
0.04042392705876879
0.04046826328600923
0.03915740639609414
0.038666121769299976
0.040239292830812755
0.0375391061202475
0.1544401211771856
0.03782458083032132
0.04143521918609771
0.19999999994554335
0.20001351227206968
0.04046304950889724
0.04087886220586535
0.0398600771267378
0.03866899479489307
0.04044451096031148
0.0388867918055655
0.03852136288104462
0.1990122136576831
0.03965032245882624
0.03975456549853205
0.04013578413041578
0.042839362342194355
0.03910179005369541
0.20000000000325158
0.03856905842762888
0.03936972932122655
0.05059856089309083
0.039283462403116254
0.042761319161017414
0.039438467828896054
0.0493291679506659
0.04103717958022792
0.03919858364299432
0.19916956393333612
0.198996471436587
0.03954007337292207
0.038741136739870584
0.040076470564469786
0.20000000000000007
0.038933199684645696
0.03743598727222238
0.14947773594700675
0.19999999908216137
0.03812117241341348
0.03996301642417112
0.039435664583752555
0.03944231851609661
0.03856710858214507
0.1998450876782957
0.19999999999903878
0.03970947758744948
0.03944091166317199
0.04035272021682676
0.2000000000009095
0.0387406225435957
0.20000000000000007
0.03809580463572886
0.20000000000000007
0.13490340772789816
0.19911070797159647
0.16246276970394583
0.039324072089879765
0.03804555820197826
0.03870519825118156
0.14821977868659822
0.20110066121880887
0.0571199938989703
0.14660830709146663
0.1999999999717091
0.041721903503149714
0.14725245101210416
0.2000000000267255
0.03957310205839336
0.038275457389631465
0.038908806106990455
0.05795136225108122
0.03997441025553115
0.04063443172086151
0.03837976626945683
0.03949128359692493
0.20000000000000007
0.039210796699615164
0.20000000000005044
0.03989305052076189
0.2000000002093708
0.03937081634573517
0.20012600820990167
0.039996591469927754
0.03812953541005966
0.04096969992771618
0.14866440219299332
0.19899647143658727
0.037633488955171816
0.03777199059754063
0.20073982534891593
0.03886874403584625
0.03833274473613501
0.0408831802064709
0.03922421407886791
0.03903200947265027
0.039183419436605006
0.03776527735493389
0.03987105525006632
0.044434897499025405
0.039165609071985075
0.0455185163794333
0.03904137215998992
0.03944410978925053
0.17455329759212546
0.19493593161387593
0.03833036124143442
0.04002644864959099
0.042068745092450975
0.046259825835606325
0.03881068830322843
0.038731298685586786
0.17925411696062846
0.038535408334431205
0.039933790844072836
0.19999999999945242
0.0400125259882327
0.041020236887475414
0.038341150016735465
0.03865797492378545
0.1999217918049545
0.036586808975541944
0.03975044297232276
0.20064067142480466
0.03804354404462854
0.038518723775561356
0.03890527998639794
0.19822317877420056
0.08020861795741699
0.2000000002428137
0.03815221196545975
0.040169091252582854
0.04084682871466893
0.17738665547428173
0.0393556816823529
0.03836460800301126
0.039117170141676184
0.03995348900811893
0.03763166098256991
0.039252071151854216
0.19899647308790083
0.04632434447588237
0.03846396942580324
0.1993103983421692
0.0369088283801673
0.04042544691502132
0.039659826541135514
0.1998889443975189
0.17768847370497098
0.09974754899601739
0.039093889967443694
0.19900700829889723
0.19995745779840793
0.03889849451436448
0.20064067142409417
0.03801665535008694
0.046219639057395595
0.03885577786790807
0.11359840607432374
0.04045106034844918
0.2006406714248028
0.03831937157276081
0.2000000000005996
0.03924491806740553
0.0394239186894892
0.05582270466696934
0.20072245618817877
0.2000000129055223
0.03899038353864887
0.23461120588145276
0.1999999951023545
0.03890976715577994
0.039130855192583275
0.03954136254459317
0.0397503123757764
0.20000212968150594
0.03889530971522246
0.19991676455898988
0.03976608958586512
0.20000000000000007
0.04610838133576035
0.2001290287078758
0.2006581193679954
0.03823335730559912
0.03639651780216536
0.03909447789167077
0.03893013611471679
0.041555016301580115
0.03896669413880109
0.03952155104877516
0.039923538168429466
0.1951504091485351
0.19930508529491528
0.041329252282621576
0.03909572031039221
0.19495849584064961
0.03907893242861023
0.04017874626030912
0.03811738986458385
0.03880265620118175
0.04388998789538046
0.0409953735098437
0.19506369318288055
0.19494787062856103
0.04020778868168601
0.19498087356891883
0.038418702153829164
0.20022997191288994
0.20000000000000007
0.03929934006747991
0.19183037187024352
0.05217982632518425
0.039279171433089746
0.04098492731739947
0.038791656113195946
0.03910618529087678
0.03706569057957344
0.03870945011899836
0.03900794822352023
0.2011052068652542
0.03821528518865922
0.039739177854798156
0.0405046186788049
0.04005341614626959
0.20000000000000007
0.19727433213993675
0.03937063194778668
0.2000002838388089
0.03875968260792035
0.20000000003052099
0.03946459131882782
0.040356334886831165
0.04128761155122552
0.03820380320622527
0.1989962041311414
0.038568432929427986
0.03890981813371239
0.037653933300567315
0.041195565468761415
0.20000000000000007
0.20141333565234792
0.20000000000000007
0.03920854023389081
0.20000000000000207
0.039019405950774876
0.19957136529010636
0.03943861654165263
0.1999999994707242
0.039298260133759755
0.038517028601188594
0.03986131118587324
0.040821905118252774
0.04022309959015067
0.03855751384415238
0.0461482312333226
0.040322019184646084
0.05912259904404853
0.19999999485941689
0.20071536466305523
0.039167727375556335
0.03900471714725197
0.039494966073714464
0.1998646054874755
0.04115644674652084
0.20000117813922924
0.042359717251567654
0.2049144839978566
0.03946704337849102
0.03887571762247492
0.1983363336849928
0.045866629024726394
0.044024784266617725
0.19999999999346663
0.17366469741559581
0.03974342827304975
0.03960413647064476
0.19766877552356366
0.040388974370922634
0.1971932692186534
0.04006449452353962
0.19483025030602952
0.0393254920750854
0.194689014986738
0.03877906359496292
0.03968016065180553
0.03935003950996514
0.04605333562976859
0.042368935611995444
0.039701250943856146
0.03900825019915031
0.04286370647054842
0.038493430796207505
0.20098312596677226
0.041383530784859256
0.03785225834751517
0.038787765604089794
0.03937572977790366
0.03954168439844702
0.03945064908542558
0.20083512253156086
0.03931420218046554
0.03828044382554656
0.03915910485654297
0.0384410736267047
0.03995036203811883
0.06260390704517976
0.18822634276312408
0.03938246298976749
0.03972017708399108
0.03994809575901616
0.18778670103109316
0.03938366994430283
0.040117868675949575
0.03823241613183093
0.03911257414610497
0.03958952596497745
0.20000000128471027
0.03836862724792465
0.19500957539956273
0.1989964714368024
0.20000000000000007
0.20066891673628978
0.03943095093586534
0.20001022932893125
0.041094833242171544
0.04172055574608774
0.20000000000811669
0.20000000000000007
0.1995577808130275
0.036368299063855046
0.03901690805310592
0.04172438228548653
0.19982630350619263
0.038958759528633105
0.20000000000000007
