[0.729289331489971, 0.1894378891749553]
[0.715335675017253, 0.17136709127266603]
[0.6992581251264725, 0.15411883255310665]
[0.6813433187502109, 0.13770993135996049]
[0.661821811300489, 0.12215020211805652]
[0.6408785059377472, 0.10744611634172767]
[0.61866188162978, 0.09360307359623517]
[0.5952920845225284, 0.08062663461519617]
[0.5708680508917711, 0.06852297795702023]
[0.5454738609689512, 0.05729876743134847]
[0.5191845107232134, 0.04696056203401549]
[0.4920712498111773, 0.03751386248476823]
[0.464206577187827, 0.028961867020977927]
[0.4356689162306032, 0.021304002100770197]
[0.40654691264010767, 0.014534299232144231]
[0.3769432161261646, 0.008639704884958365]
[0.3469775291553191, 0.003598432914610087]
[0.3167886446455117, -6.215068592289007E-4]
[0.2865351643404592, -0.004063451000349078]
[0.2563946064040462, -0.006782736384750835]
[0.22656068707829452, -0.008846720639799537]
[0.19723870119147216, -0.010334064736128998]
[0.16863912072994403, -0.011333241715759028]
[0.14096975468204728, -0.011940326177344243]
[0.11442702832340555, -0.012256219715668029]
[0.08918710124082911, -0.012383560388437067]
[0.06539761127024363, -0.012423630548841373]
[0.043170784227098594, -0.012473602114427355]
[0.02257849041615257, -0.012624435297465278]
[0.0036495878898000766, -0.012959680694469709]
[-0.013630383217391382, -0.01355533988767214]
[-0.029317348945343276, -0.01448083637942053]
[-0.043505083071466846, -0.015801056727556176]
[-0.056320323945559664, -0.017579356042128798]
[-0.0679171503568837, -0.019881389371894476]
[-0.07847108649904042, -0.022779629349514777]
[-0.08817330121688033, -0.02635845231008862]
[-0.09722513751183626, -0.03071970708452208]
[-0.10583307843314531, -0.035988707948739006]
[-0.11420414302186833, -0.04232060093519103]
[-0.12254162395157948, -0.049907027991152715]
[-0.13104103772502218, -0.0589829483139466]
[-0.1398861700489586, -0.06983337260109838]
[-0.14924517457572, -0.08279964273750609]
[-0.1592668248317927, -0.0982847858205586]
[-0.17007719726424167, -0.11675743296558865]
[-0.1817771798362645, -0.13875381461983174]
[-0.19444105754454163, -0.1648772442225921]
[-0.20811575156749396, -0.19579375492845735]
[-0.23637018643409174, -0.22454183957807042]
[-0.2584078461210009, -0.2521064969491402]
[-0.27935783255548763, -0.27984987837701114]
[-0.2991916158628549, -0.3071928605687269]
[-0.31792088944761193, -0.33355725270748143]
[-0.3355957095211046, -0.3584011429015479]
[-0.3522996083409512, -0.3812512168624227]
[-0.3681418306290877, -0.40172775885490747]
[-0.38324754922775706, -0.41955937426042655]
[-0.39774740022045163, -0.43458649807949334]
[-0.4117677678460281, -0.44675480014408364]
[-0.4254229615598305, -0.4561010743984873]
[-0.43880991703309125, -0.46273482417102313]
[-0.4520055145385609, -0.46681858704064916]
[-0.46506618949861867, -0.4685493585030199]
[-0.4780292745284011, -0.4681425987941785]
[-0.4909154502469065, -0.4658194944822476]
[-0.5037317431384334, -0.4617975308373185]
[-0.5164746339640292, -0.45628404475632056]
[-0.5291329817698383, -0.44947224004226044]
[-0.5416905961908766, -0.4415391008125289]
[-0.5541283903758446, -0.4326446785565522]
[-0.5664261155859422, -0.42293230972633344]
[-0.5785637197828546, -0.41252941422852896]
[-0.5905223923653791, -0.4015486138603206]
[-0.6022853620321343, -0.39008898563166794]
[-0.6138385101222654, -0.37823732567302903]
[-0.6251708520524666, -0.36606934571804506]
[-0.6362749276762799, -0.35365075803766277]
[-0.6471471294669207, -0.3410382286596917]
[-0.6577879864269531, -0.32828019510781914]
[-0.6682024120376091, -0.3154175557655966]
[-0.678399916562697, -0.30248424490657305]
[-0.6883947777493696, -0.2895077115717701]
[-0.698206159668362, -0.276509322537946]
[-0.7078581675376471, -0.26350470996724146]
[-0.7173798274324078, -0.25050408306971816]
[-0.7268049843311954, -0.23751252022860686]
[-0.736172120269975, -0.22453025353023723]
[-0.745524106300234, -0.21155295163690355]
[-0.7549079166939487, -0.19857199978098344]
[-0.7643743499782283, -0.18557476790459793]
[-0.7739778169053059, -0.17254485035924116]
[-0.7837762679003821, -0.15946225395077984]
[-0.7938313390575434, -0.14630350633627415]
[-0.8042087932178351, -0.13304165474147994]
[-0.8023883159918076, -0.11401737916592933]
[-0.7975848107490612, -0.09542418977660205]
[-0.7902159468891902, -0.07724045207443656]
[-0.7806340462449307, -0.05944936073034404]
[-0.7691346597712414, -0.042038896449777235]
[-0.7559658002606335, -0.02500159921888115]
[-0.7413369406290177, -0.008334130939050166]
[-0.7254272837046292, 0.007963360624936328]
[-0.7083930630892789, 0.02388804946625664]
[-0.6903737856236558, 0.039435378051542264]
[-0.6714974098994047, 0.05460010854510276]
[-0.6518844989431717, 0.06937744248459267]
[-0.6316514067531033, 0.08376417136549116]
[-0.6109125688680999, 0.09775981925666713]
[-0.5897819726658446, 0.11136773777412892]
[-0.5683738865336722, 0.12459611385145866]
[-0.5468029296522492, 0.13745885205115496]
[-0.5251835663720734, 0.14997629589889902]
[-0.5036291113342187, 0.162175757114336]
[-0.48225033379223153, 0.17409182785635177]
[-0.4611537520487187, 0.18576645931856536]
[-0.440439711218663, 0.19724880016313315]
[-0.4202003390022226, 0.20859480010310344]
[-0.40051747389204984, 0.2198665969239704]
[-0.38146065737543755, 0.23113171865218984]
[-0.36308527563957876, 0.24246214557834833]
[-0.3454309269603692, 0.2539332885264069]
[-0.32852007880051515, 0.2656229492464054]
[-0.3123570645417392, 0.27761033524943135]
[-0.29692745482948707, 0.28997520396056986]
[-0.2821978237976799, 0.30279720885251415]
[-0.26811591683425084, 0.31615551226578026]
[-0.2546112146179924, 0.3301287148598249]
[-0.24159587823748813, 0.3447951289878157]
[-0.22896605258198988, 0.3602333917556009]
[-0.21660350039756712, 0.3765233723517857]
[-0.20437753847444085, 0.39374727699421397]
[-0.19214725209410935, 0.41199079349101786]
[-0.17976397640428715, 0.4313440463910341]
[-0.16707405614336768, 0.4519020542269393]
[-0.15392192945980854, 0.4737642954736834]
[-0.14015362620823393, 0.4970329066842033]
[-0.12562081992333424, 0.5218089701658248]
[-0.11018561189897814, 0.5481863291607523]
[-0.09372623124877538, 0.5762424465469647]
[-0.07614377063258665, 0.6060260739995048]
[-0.05736989935390768, 0.6375420141704057]
[-0.03737516455191872, 0.6707341136519533]
[-0.01617700140379144, 0.7054688061437249]
[0.006154004557802462, 0.7415228277401384]
[0.04697046386281878, 0.7593421594764753]
[0.06995703473454742, 0.7708357985760701]
[0.09321414298271348, 0.7769457781838941]
[0.11660712795270792, 0.778353918955601]
[0.14004589350950697, 0.7757548681943104]
[0.16346791632104812, 0.7698018012940755]
[0.18682679905777788, 0.7610773691014743]
[0.21008537312298622, 0.7500829759692668]
[0.2332120082544347, 0.7372395895431494]
[0.2561789119462736, 0.7228947800919099]
[0.27896150487874816, 0.7073324087819803]
[0.3015382720307837, 0.6907828129419652]
[0.3238907418875395, 0.6734323451383087]
[0.34600342239751913, 0.6554317613419443]
[0.3678636316015467, 0.6369033214793999]
[0.38946122066763744, 0.6179466569574678]
[0.4107882145670274, 0.5986435446549532]
[0.4318384043467264, 0.5790617523224033]
[0.4526069241926681, 0.5592581153248894]
[0.4730898418744013, 0.539280986091587]
[0.49328378566440145, 0.5191721747986273]
[0.5131856256508892, 0.4989684774933094]
[0.5327922227831767, 0.4787028682648059]
[0.552100254871802, 0.45840541593644807]
[0.5711061249077355, 0.4381039730820832]
[0.5898059533477686, 0.41782467554825603]
[0.6081956524512734, 0.39759228352055287]
[0.6262710774747959, 0.3774303898935163]
[0.6440282467298417, 0.3573615177159793]
[0.6614636203929919, 0.33740712530176964]
[0.6785744266984289, 0.31758753484992186]
[0.6953590238387668, 0.29792179787297207]
[0.7118172865439565, 0.27842750829315244]
[0.7279510077689497, 0.259120571783347]
[0.7437643079365432, 0.24001493798165202]
[0.7592640463712118, 0.22112230087454446]
[0.7744602314589575, 0.20245177225011204]
[0.789366427196937, 0.1840095339638127]
[0.8040001537503719, 0.16579847699730382]
[0.8183832781918229, 0.14781783885052033]
[0.832542388818287, 0.13006285528893882]
[0.8465091427145219, 0.11252444711893433]
[0.860320572242331, 0.09518896644161373]
[0.87401933271996, 0.07803802858601044]
[0.8876538714411683, 0.061048454666003116]
[0.9012784976780666, 0.044192344969099684]
[0.8872771232175025, 0.026663990832295315]
[0.8720072009133505, 0.008553658788567065]
[0.8557179403771027, -0.010083871327526084]
[0.8386014419584914, -0.02919726844076198]
[0.8208081048814605, -0.04873780668950217]
[0.8024581541387819, -0.06865837445550962]
[0.7836502109468682, -0.08891259010467281]
[0.764467622588054, -0.1094541436201413]
[0.7449830933095272, -0.13023639711973756]
[0.7252620219076251, -0.15121222318792718]
[0.7053648487406133, -0.1723340293777334]
[0.6853486381123352, -0.19355390539958595]
[0.6652680647752025, -0.21482383282410528]
[0.6451759307658412, -0.23609591170841698]
[0.6251233075441374, -0.2573225798551603]
[0.6051593763107791, -0.27845682352183576]
[0.5853310250070857, -0.29945239871760243]
[0.5656822526894842, -0.320264096133941]
[0.5462534294728636, -0.3408480880752329]
[0.5270804615441549, -0.3611623919362365]
[0.5081939140707524, -0.3811674728281613]
[0.48961814821467, -0.400826990183172]
[0.47137053001365803, -0.42010867272832175]
[0.45346076703169774, -0.438985286601066]
[0.4358904224318741, -0.45743564581355123]
[0.4186526452898445, -0.47544560519543516]
[0.4017321412047381, -0.4930089745747677]
[0.3851053899956467, -0.5101282991102098]
[0.3687410994328737, -0.5268154628655587]
[0.3526008676551395, -0.5430920884447518]
[0.3366400140892654, -0.558989721847474]
[0.3208085307475545, -0.5745498058250044]
[0.305052103486948, -0.5898234546476919]
[0.2893131562185793, -0.6048710469465453]
[0.27353187957867753, -0.619761650738229]
[0.25764721817624786, -0.6345722863543325]
[0.2415978059104453, -0.6493870199560761]
[0.22532285556573536, -0.6642958643341331]
[0.2087630254564935, -0.6793934468848375]
[0.19186130074116275, -0.6947773895420712]
[0.17456393841700893, -0.7105463350970845]
[0.15682153086307796, -0.7267975525931655]
[0.13859024057210967, -0.7436240661282432]
[0.1198332453724956, -0.7611112821030481]
[0.10052240576469756, -0.779333145595454]
[0.0806401213451467, -0.7983479415748369]
[0.06018128106675427, -0.8181939711923589]
[0.03915513586161254, -0.8388854690206473]
[0.01758684207868569, -0.8604092626577868]
[-0.004481641372647727, -0.8827227751249492]
[-0.040718888011106374, -0.8863004087930839]
[-0.06517055691705723, -0.8830444322216449]
[-0.08896353899662396, -0.8762177032384287]
[-0.11225639575529292, -0.8665179772778626]
[-0.13517782980969212, -0.8545196370204741]
[-0.15782554536266813, -0.8406833072111222]
[-0.18026909484571968, -0.8253721990170835]
[-0.2025544078764984, -0.8088698376233611]
[-0.22470865224137013, -0.79139648630468]
[-0.24674473044322703, -0.7731232002079393]
[-0.26866511629932166, -0.7541833135455058]
[-0.2904649612773186, -0.7346815691182305]
[-0.31213451546255866, -0.7147012455303974]
[-0.3336609588153, -0.6943096547128403]
[-0.3550297531921571, -0.673562344124002]
[-0.3762256213513797, -0.652506282625716]
[-0.3972332456346751, -0.6311822544756043]
[-0.4180377619239535, -0.6096266390781232]
[-0.4386251071658023, -0.5878727165408787]
[-0.45898226318382174, -0.5659516097205118]
[-0.47909742667493177, -0.543892950547108]
[-0.4989601255589515, -0.5217253402372467]
[-0.5185612950755585, -0.49947665816109227]
[-0.5378933227109357, -0.4771742616981478]
[-0.5569500685110532, -0.4548451088910713]
[-0.575726865887062, -0.4325158268673329]
[-0.594220507027841, -0.41021274176876754]
[-0.6124292160901106, -0.3879618802491294]
[-0.6303526122665513, -0.36578894833798553]
[-0.6479916637022584, -0.34371929038643334]
[-0.6653486322877666, -0.32177782857229376]
[-0.682427008950673, -0.2999889816707735]
[-0.6992314395517637, -0.2783765601362882]
[-0.7157676431385009, -0.2569636327329021]
[-0.7320423272401512, -0.23577235789103526]
[-0.7480631090259751, -0.21482377074878456]
[-0.7638384561847236, -0.1941375147607659]
[-0.7793776667796779, -0.17373150532888698]
[-0.794690912325981, -0.1536215127891436]
[-0.8097893719780427, -0.13382065401943244]
[-0.8246854869419274, -0.11433878662238639]
[-0.8393933619815108, -0.09518180759255757]
[-0.8539293342819245, -0.07635086970933275]
[-0.8683127184695377, -0.05784154311335604]
[-0.882566720364288, -0.03964296538077966]
[-0.896719491896576, -0.02173703890606321]
[-0.8857328678964642, -0.0053486869580072205]
[-0.8727996077563837, 0.012049306733955267]
[-0.858234722726018, 0.030370282794200232]
[-0.8422855636056301, 0.04953632552260706]
[-0.8251481272466901, 0.06947710885295816]
[-0.806980053307117, 0.09012796245157523]
[-0.7879108357100828, 0.11142782026358974]
[-0.7680497539225118, 0.1333173983747473]
[-0.7474919725740496, 0.15573774158195502]
[-0.7263231926759925, 0.17862914003682973]
[-0.7046231744283564, 0.2019303308717773]
[-0.6824683919414403, 0.2255778582045127]
[-0.6599340226147954, 0.24950546517098232]
[-0.6370954172213328, 0.27364342863624164]
[-0.6140291416883464, 0.29791781165810116]
[-0.5908136310491052, 0.3222496871150845]
[-0.5675294544502665, 0.346554462218884]
[-0.5442591622857055, 0.370741491964029]
[-0.5210866766587392, 0.39471419633410515]
[-0.4980961968732518, 0.41837088213564355]
[-0.4753706222136249, 0.44160641276487667]
[-0.4529895411285941, 0.46431477277432726]
[-0.43102689166424396, 0.4863924517059872]
[-0.4095484522012358, 0.5077424432895866]
[-0.38860936261229995, 0.5282785456675636]
[-0.3682518935898663, 0.547929578560342]
[-0.34850366992578985, 0.5666431201091484]
[-0.32937651185935624, 0.5843884139679398]
[-0.31086599361146383, 0.6011581974063045]
[-0.29295174123626855, 0.6169693340577864]
[-0.2755984163684956, 0.6318622750043182]
[-0.258757270494854, 0.6458994943272001]
[-0.24236811428606292, 0.6591631316534395]
[-0.22636153137203513, 0.6717521157276292]
[-0.2106611739151193, 0.6837790405424282]
[-0.19518600315067813, 0.695367027468083]
[-0.17985237484370747, 0.7066467455721904]
[-0.16457591058871243, 0.7177536909642004]
[-0.14927313553433313, 0.728825755688075]
[-0.13386289761635997, 0.7400010554339489]
[-0.1182676104862381, 0.7514159379323081]
[-0.10241438089823596, 0.7632030626124815]
[-0.08623609076938299, 0.775489427829155]
[-0.06967250386039742, 0.7883942252715157]
[-0.05267145613186722, 0.802026423168045]
[-0.0351901660607678, 0.8164820224382372]
[-0.01719666536725406, 0.8318409950643938]
[0.0013286985507368343, 0.8481640023383319]
[0.020391797581434806, 0.865489099000131]
[0.039983469960131995, 0.8838287471423358]
[0.07744909868305255, 0.8803562874090114]
[0.0973758127920352, 0.8733982307813624]
[0.11770882055126063, 0.8635039573513135]
[0.13838742877899798, 0.8512779128064174]
[0.15935248681132202, 0.8372022843757405]
[0.1805452089170011, 0.8216575089959819]
[0.20190753671641504, 0.8049420999703375]
[0.2233831499380977, 0.7872899713524936]
[0.24491860094640594, 0.7688847492707158]
[0.2664642922755052, 0.74987120579532]
[0.2879751718273865, 0.7303642125535912]
[0.3094111154050901, 0.7104556720818862]
[0.33073702038374697, 0.6902198533587184]
[0.3519226610026943, 0.669717492527618]
[0.3729423646159445, 0.6489989490748683]
[0.3937745664106741, 0.6281066438108922]
[0.41440129284122484, 0.6070769517089912]
[0.4348076149307284, 0.5859416799903859]
[0.45498110383060253, 0.5647292284212065]
[0.4749113136122214, 0.5434655029501287]
[0.4945893103940151, 0.5221746340928977]
[0.5140072623104734, 0.5008795366797892]
[0.5331581010580579, 0.479602336792705]
[0.552035262384841, 0.4583646841692831]
[0.5706325096443252, 0.43718796338248894]
[0.588943841304307, 0.416093414114213]
[0.6069634801419984, 0.39510216927197406]
[0.6246859389316373, 0.374235219036897]
[0.6421061549608901, 0.35351330872742626]
[0.6592196839212766, 0.33295677824438297]
[0.676022942788527, 0.3125853505541249]
[0.6925134913474036, 0.29241787600816493]
[0.7086903430223372, 0.27247203826093047]
[0.7245542975221141, 0.2527640262451224]
[0.7401082902242201, 0.23330817535065024]
[0.7553577558045255, 0.21411658000603517]
[0.7703110058426224, 0.19519867973566174]
[0.7849796214349529, 0.17656082191495498]
[0.7993788617072203, 0.158205807204035]
[0.8135280871883805, 0.1401324280899109]
[0.8274511932500865, 0.1223350168035735]
[0.8411770435909253, 0.10480302533038599]
[0.8547398878345844, 0.0875206660854011]
[0.8681797417935886, 0.0704666455935713]
[0.8815427049292025, 0.053614023772196095]
[0.894881187750926, 0.03693022723616474]
[0.881848694935271, 0.02084951761045678]
[0.8673359160198344, 0.0038293087461260256]
[0.8515989498645666, -0.014042817072411895]
[0.8348370301756155, -0.032692772627268385]
[0.8172070137277815, -0.0520565404888384]
[0.7988346969460363, -0.07207692380397449]
[0.7798235621663858, -0.09270074398907471]
[0.7602614678684305, -0.11387660858832299]
[0.7402257025122563, -0.13555327253428232]
[0.7197867385332953, -0.15767854284349436]
[0.6990109561780709, -0.18019862354777882]
[0.6779625539764963, -0.2030577653761741]
[0.656704819294971, -0.22619807673103937]
[0.6353008946274874, -0.24955937041447745]
[0.6138141408934515, -0.2730789617545172]
[0.5923081679380641, -0.296691391107123]
[0.5708465762097829, -0.32032810672549183]
[0.5494924345158394, -0.34391720103567114]
[0.5283075089563591, -0.3673833337087221]
[0.5073512587783249, -0.3906479904892937]
[0.48667962564422057, -0.4136302132621842]
[0.46634366159808266, -0.43624789457388624]
[0.44638806406853104, -0.4584196638343644]
[0.4268497085501891, -0.4800673122506903]
[0.4077562856777575, -0.5011186220911459]
[0.3891251544306005, -0.5215103973445274]
[0.37096251418109105, -0.5411914499474486]
[0.3532629749417934, -0.5601252868860971]
[0.33600957019098887, -0.5782922705790245]
[0.31917421529555834, -0.5956910829091746]
[0.30271857338823155, -0.6123394011337293]
[0.2865952560203573, -0.6282737774918109]
[0.27074926288286116, -0.6435487895751498]
[0.2551195558206161, -0.6582355843873571]
[0.2396406671005351, -0.6724199693275412]
[0.22424425811118576, -0.6862002072103193]
[0.20886056872877592, -0.6996846534464998]
[0.19341972543257271, -0.7129893381163995]
[0.1778529041736053, -0.7262355515155617]
[0.16209336901768565, -0.739547446293868]
[0.14607742753619113, -0.753049629005678]
[0.12974535726935715, -0.7668646840055388]
[0.1130423630996999, -0.7811105574578252]
[0.09591962179246707, -0.795897732502011]
[0.07833545585180376, -0.8113261517050319]
[0.06025665273419009, -0.8274818925830959]
[0.04165990641969064, -0.844433677186892]
[0.022533307049335982, -0.86222939467892]
[0.0028777445984162764, -0.8808929269670414]
[-0.01729196715251166, -0.9004216728628561]
[-0.05051063661350216, -0.9013384260683377]
[-0.07165147841341812, -0.8955925623632296]
[-0.09264586680697617, -0.8867449639744402]
[-0.1135955650363688, -0.8754334639833169]
[-0.13457137615010095, -0.8621637921173272]
[-0.1556169368565946, -0.8473304417519467]
[-0.17675375102324103, -0.8312382580435783]
[-0.1979862488568128, -0.8141218387699578]
[-0.21930630814095853, -0.7961617523146997]
[-0.24069703627358446, -0.7774975443208957]
[-0.2621357953213155, -0.7582379154591533]
[-0.2835965361232031, -0.7384685706629877]
[-0.30505154009720464, -0.7182582212034501]
[-0.32647267519221634, -0.6976631495385486]
[-0.34783226841086134, -0.6767306647896364]
[-0.36910368749176464, -0.6555017023344649]
[-0.3902617114500809, -0.6340127606381729]
[-0.41128275527385627, -0.612297322519407]
[-0.43214499934788264, -0.590386874510406]
[-0.4528284602055219, -0.5683116139459803]
[-0.4733150269309463, -0.5461009160715807]
[-0.4935884776278512, -0.523783620403855]
[-0.513634483156943, -0.5013881850311465]
[-0.5334406007581454, -0.4789427483694797]
[-0.5529962578139342, -0.4564751295230488]
[-0.5722927252575493, -0.43401279069850085]
[-0.5913230802954204, -0.41158277820855954]
[-0.6100821585881716, -0.38921165267764735]
[-0.6285664964031026, -0.36692541428113434]
[-0.6467742633460619, -0.3447494252220042]
[-0.664705186178206, -0.32270832902241586]
[-0.6823604641841251, -0.30082596429937214]
[-0.6997426769370914, -0.279125269157694]
[-0.7168556864525284, -0.25762817084725825]
[-0.733704537880403, -0.2363554536776708]
[-0.7502953661381454, -0.21532659631354917]
[-0.7666353200873205, -0.19455956764409482]
[-0.7827325206305389, -0.17407056880011434]
[-0.7985960738345129, -0.15387370813569728]
[-0.8142361640449313, -0.1339805967855543]
[-0.8296642539679203, -0.11439985547347653]
[-0.8448934178080383, -0.09513652920564747]
[-0.8599388288084362, -0.07619141568830728]
[-0.8748184132325484, -0.05756032565351382]
[-0.8895536687277827, -0.03923330801281261]
[-0.9041706265417344, -0.021193888414070883]
[-0.892444062701303, -0.004571230184530928]
[-0.8789391058323983, 0.01307665835696209]
[-0.8639446551861854, 0.03165256354277857]
[-0.8476870585943896, 0.05107243651361848]
[-0.830345417424139, 0.07126280571838522]
[-0.8120636757094934, 0.09215791805830481]
[-0.7929600429607193, 0.11369709301672115]
[-0.7731342577731142, 0.135822513740001]
[-0.7526731321729313, 0.15847751150434258]
[-0.7316547477256524, 0.18160529061167366]
[-0.7101516111769482, 0.2051479744318509]
[-0.6882330196625015, 0.2290458252737635]
[-0.665966830860709, 0.2532364992119595]
[-0.6434207801011238, 0.2776542382099617]
[-0.620663434585454, 0.302228968060272]
[-0.5977648267971055, 0.3268853499723999]
[-0.5747967685849966, 0.3515419117413661]
[-0.551832818560612, 0.3761104465257025]
[-0.5289478621943874, 0.40049590014636577]
[-0.5062172688887423, 0.42459696174547645]
[-0.48371561373629257, 0.4483075231643723]
[-0.461514991148671, 0.4715190820369095]
[-0.4396829972968308, 0.4941240429199999]
[-0.4182805096086718, 0.5160197380896742]
[-0.39735943399389695, 0.5371128684713278]
[-0.3769606140306942, 0.5573239797299234]
[-0.35711209407912314, 0.5765915577536365]
[-0.33782789833200894, 0.5948753599818412]
[-0.3191074343062872, 0.6121586892388704]
[-0.3009355614766406, 0.6284494475019633]
[-0.2832832957007323, 0.6437799530456725]
[-0.2661090595524831, 0.6582056390684536]
[-0.24936034644289518, 0.6718028537077145]
[-0.2329756466688656, 0.6846660380582001]
[-0.21688648578315983, 0.6969045685823192]
[-0.20101944577377415, 0.7086395199820825]
[-0.18529807136550747, 0.7200005463468286]
[-0.1696446009032183, 0.731123005982657]
[-0.15398149825796995, 0.7421453812337767]
[-0.13823279503659458, 0.7532069782738842]
[-0.12232527862383463, 0.7644458392758195]
[-0.10618957995984701, 0.775996763613031]
[-0.08976122480024626, 0.7879893169401626]
[-0.07298171298155781, 0.8005457074973599]
[-0.05579968114497394, 0.813778428281236]
[-0.038172184364345635, 0.8277876028923399]
[-0.020066100071317983, 0.8426580332363971]
[-0.0014596131930977863, 0.8584560291926552]
[0.017656313916390387, 0.8752262010678091]
[0.03727664432132882, 0.8929885062612936]
[0.0750093345428135, 0.8875945124379819]
[0.09497467243974192, 0.8795412279357515]
[0.1153266439218843, 0.8687063846052047]
[0.13600102974656864, 0.8556698753660813]
[0.15693890144515008, 0.8408912293427784]
[0.1780842639082979, 0.824731182963801]
[0.19938345642888977, 0.8074717327616996]
[0.2207854017163674, 0.7893332778001904]
[0.24224215853324763, 0.7704885835489131]
[0.26370947617243334, 0.7510738280322666]
[0.2851472030724732, 0.7311971852652972]
[0.30651949589494465, 0.7109454260988052]
[0.3277948294644842, 0.6903889677729944]
[0.34894583584589733, 0.6695857306447919]
[0.3699490120491913, 0.6485840873126407]
[0.3907843371700178, 0.6274251251562033]
[0.41143483593136415, 0.606144390578822]
[0.4318861197440465, 0.5847732413740304]
[0.45212593042154703, 0.5633399009864534]
[0.4721437064640531, 0.5418702832540455]
[0.49193018759026613, 0.5203886370062106]
[0.5114770697806774, 0.4989180454707989]
[0.5307767201874114, 0.477480804896113]
[0.5498219585605775, 0.45609869938625247]
[0.5686059091407835, 0.4347931840529749]
[0.5871219242099712, 0.41358548564177344]
[0.6053635777419026, 0.3924966282735114]
[0.6233247250060592, 0.3715473913750498]
[0.6409996217613537, 0.350758206820272]
[0.6583830950446663, 0.33014900239600725]
[0.6754707567008748, 0.30973899865304044]
[0.6922592508407306, 0.28954646580422966]
[0.7087465273838229, 0.26958844650751257]
[0.7249321356615231, 0.2498804491693764]
[0.7408175344984153, 0.2304361150113424]
[0.7564064178978462, 0.21126686087861768]
[0.7717050579397073, 0.19238149906070098]
[0.7867226681886952, 0.17378583570612144]
[0.8014717912423537, 0.15548225116316405]
[0.815968712567836, 0.13746926900428041]
[0.8302338992772665, 0.11974112552198674]
[0.844292457129897, 0.10228735762690938]
[0.8581745924053515, 0.08509243338840622]
[0.8719160583249331, 0.06813545462252218]
[0.8855585595555551, 0.05138996351281133]
[0.8991500840229093, 0.03482388406069825]
[0.8855249274732656, 0.019723992807656965]
[0.8705293180758128, 0.0035869535068414615]
[0.8543915480242299, -0.013475593623187287]
[0.837288774315263, -0.03137281863315422]
[0.819359988922878, -0.05002961193341082]
[0.800716217269632, -0.06938202290024692]
[0.7814484698757633, -0.08937339406380648]
[0.7616338916871848, -0.10995124541717632]
[0.7413404679943459, -0.1310648943841433]
[0.7206305718167424, -0.1526637474388301]
[0.6995635794823846, -0.17469616023513898]
[0.6781977369634009, -0.19710873466324647]
[0.6565914249600318, -0.21984590810329135]
[0.6348039413320402, -0.24284969691374042]
[0.6128958922487194, -0.26605948440981647]
[0.5909292573997927, -0.28941179023053243]
[0.5689671707609174, -0.31284001569284536]
[0.5470734390371859, -0.3362742182809218]
[0.5253118077264329, -0.35964101688013894]
[0.5037449819507784, -0.38286375815331974]
[0.48243341672361756, -0.4058630770181103]
[0.4614339082969815, -0.42855795816424735]
[0.4407980418684918, -0.45086735341444845]
[0.42057057668813347, -0.4727123387696053]
[0.4007878718917832, -0.49401871649459306]
[0.381476469581129, -0.5147198951965275]
[0.36265195139710893, -0.5347598278832592]
[0.3443181691352681, -0.5540957647183744]
[0.32646691995746463, -0.5727005883158953]
[0.3090780966131259, -0.5905645428802421]
[0.29212029908506165, -0.6076962359204053]
[0.27555185321396897, -0.6241228700181874]
[0.2593221502638822, -0.6398897383358434]
[0.24337320310385546, -0.6550590791604598]
[0.22764131105306576, -0.6697084238362496]
[0.21205873526593733, -0.6839285860186766]
[0.19655530673807975, -0.6978214301063973]
[0.18105991555181183, -0.7114975282544554]
[0.1655018587246735, -0.7250737756893977]
[0.1498120513716297, -0.7386709906579445]
[0.13392412902774217, -0.7524114851349027]
[0.11777548583640901, -0.7664165611999585]
[0.1013083023282032, -0.7808038705178996]
[0.08447061634722963, -0.7956845745894942]
[0.06721747999454591, -0.8111602647702547]
[0.0495122230017421, -0.8273196460926129]
[0.031327808005455704, -0.8442350585814067]
[0.012648216498229864, -0.8619590014073943]
[-0.006530250719717384, -0.8805209301893449]
[-0.026197930322004154, -0.8999246987511849]
[-0.05850584365909428, -0.900330409338093]
[-0.07850094181864062, -0.8941004751090954]
[-0.0984947314997486, -0.8848770383866795]
[-0.11857075955658244, -0.8732762520283055]
[-0.13878281871152975, -0.8597846298200527]
[-0.15915953423680823, -0.8447809500076272]
[-0.17970959447477963, -0.8285579038782577]
[-0.200426682605233, -0.8113411065006358]
[-0.22129372474641879, -0.7933047709855757]
[-0.24228636021485822, -0.7745841659124231]
[-0.26337567418959446, -0.755285301090654]
[-0.28453028548101694, -0.7354923607152449]
[-0.30571789570782354, -0.7152733639847216]
[-0.3269064031620718, -0.6946844544780607]
[-0.3480646751619021, -0.6737731361870561]
[-0.369163060831694, -0.6525807008366343]
[-0.39017371348635604, -0.6311440324619164]
[-0.41107077878655474, -0.6094969307856005]
[-0.4318304921451436, -0.5876710624092114]
[-0.45243121715049484, -0.5656966253123036]
[-0.4728534466674589, -0.5436027949294343]
[-0.49307978025308924, -0.5214180069298576]
[-0.5130948857708253, -0.4991701211636044]
[-0.5328854494725995, -0.47688650207370475]
[-0.5524401169404034, -0.45459404273538434]
[-0.5717494265725979, -0.43231915246107144]
[-0.5908057371774744, -0.4100877216930533]
[-0.6096031512138251, -0.3879250728218117]
[-0.6281374350064965, -0.3658559016701584]
[-0.6464059368037683, -0.34390421158673934]
[-0.6644075029811121, -0.322093240171202]
[-0.6821423923255351, -0.3004453772805664]
[-0.6996121885076486, -0.2789820717851601]
[-0.7168197118829018, -0.25772372324422715]
[-0.7337689338647029, -0.23668955306735678]
[-0.7504649003138125, -0.21589744780118952]
[-0.766913674515922, -0.1953637651132799]
[-0.7831223149763615, -0.17510309121665502]
[-0.7990989078363223, -0.15512793744024816]
[-0.8148526774113913, -0.13544836406649297]
[-0.8303942002415865, -0.11607152211757249]
[-0.8457357471507532, -0.09700110906742265]
[-0.8608917732576393, -0.07823674282444981]
[-0.8758795670319561, -0.05977326967895208]
[-0.8907200561568237, -0.04160003556625791]
[-0.9054387505474543, -0.023700164632453058]
[-0.8936274128892291, -0.0068141627635100455]
[-0.8800773757747641, 0.01102025658135286]
[-0.8650742804398386, 0.02971540819990315]
[-0.8488412069309446, 0.04919520582938269]
[-0.831554088732498, 0.06939297663746363]
[-0.813353830420553, 0.0902489595924767]
[-0.7943557221498175, 0.11170795729814376]
[-0.7746566828568985, 0.13371736325309835]
[-0.754340783774569, 0.1562256279955913]
[-0.7334834264534065, 0.17918112413983436]
[-0.7121544813096164, 0.2025313065354569]
[-0.6904206330177554, 0.22622203443654043]
[-0.668347124900019, 0.2501969258238708]
[-0.6459990434536618, 0.27439664696694155]
[-0.6234422357279087, 0.2987580967189209]
[-0.6007439077796519, 0.32321351515953506]
[-0.5779729147108994, 0.34768961786529917]
[-0.5551997252798095, 0.37210691736945756]
[-0.5324960300601822, 0.3963794303189333]
[-0.5099339639065174, 0.4204149730679663]
[-0.4875849316463628, 0.4441162147467388]
[-0.46551805867420026, 0.46738258565737556]
[-0.4437983308968225, 0.49011303743364987]
[-0.4224845340856204, 0.5122095339305404]
[-0.4016271422164453, 0.5335810378230821]
[-0.38126632889169376, 0.5541476688216365]
[-0.3614302786343153, 0.5738446637472759]
[-0.3421339529851115, 0.5926257771537333]
[-0.32337842229678804, 0.610465823409409]
[-0.30515081503084274, 0.6273621655268493]
[-0.2874248724012781, 0.6433350824902242]
[-0.27016203806812206, 0.6584270720595453]
[-0.2533129689830504, 0.6727012491053155]
[-0.23681932946768744, 0.6862390663390066]
[-0.22061572700797272, 0.6991376095586046]
[-0.20463166233880495, 0.7115067062189031]
[-0.188793393170026, 0.7234660431883789]
[-0.1730256445862381, 0.735142428724392]
[-0.15725313439308694, 0.7466672667388601]
[-0.1414019142855312, 0.7581742481428831]
[-0.12540055482769932, 0.769797211442162]
[-0.10918122214984513, 0.7816680870440634]
[-0.09268070600025083, 0.7939148190920322]
[-0.0758414616194554, 0.8066591560741959]
[-0.05861272102881113, 0.8200142176751603]
[-0.040951711740635915, 0.8340817812567372]
[-0.022824991611448964, 0.8489492879111068]
[-0.004209867228000319, 0.8646866452258808]
[0.014904188783643413, 0.8813429988678305]
[0.03451426430645063, 0.8989437494952928]
[0.07200195275449583, 0.8926803230725231]
[0.09161297119966688, 0.8842458599820094]
[0.11168817898825747, 0.8730528611215924]
[0.13214386566489042, 0.8596837989695457]
[0.15290769418659633, 0.8445974618063963]
[0.17391467301966912, 0.8281521587090138]
[0.19510526345027468, 0.8106267803036311]
[0.21642464985275883, 0.7922385318990928]
[0.23782256938742752, 0.7731572219280414]
[0.2592533461098795, 0.7535164683970498]
[0.2806759359030901, 0.7334223439718134]
[0.3020538902946307, 0.712959980779025]
[0.32335520858537387, 0.6921985912245318]
[0.3445520821943949, 0.6711952783043875]
[0.36562055204941013, 0.6499979295617737]
[0.3865401058674105, 0.6286474210351787]
[0.4072932420051739, 0.6071793027501379]
[0.4278650234491587, 0.5856250942993456]
[0.44824264148803583, 0.5640132857865361]
[0.4684150047565961, 0.5423701138729087]
[0.4883723660720022, 0.5207201632052544]
[0.5081059968008247, 0.4990868288541267]
[0.5276079161980942, 0.4774926645955567]
[0.5468706810102295, 0.45595963419471747]
[0.5658872384567739, 0.4345092776898857]
[0.5846508434326024, 0.41316280149856455]
[0.6031550384449236, 0.3919410994856388]
[0.6213936925504069, 0.37086471148892547]
[0.6393610935768975, 0.34995372576868894]
[0.6570520864125127, 0.32922763205952427]
[0.6744622493194805, 0.308705132042145]
[0.6915881002306591, 0.2884039138862803]
[0.708427325884631, 0.26834039691096917]
[0.7249790284154518, 0.24852945135066126]
[0.7412439864716338, 0.22898409682230653]
[0.7572249307915521, 0.20971518161223057]
[0.7729268369712454, 0.1907310437120795]
[0.7883572403852648, 0.1720371540757208]
[0.8035265792812059, 0.15363574329028984]
[0.818448571436468, 0.13552541509913252]
[0.8331406270837965, 0.11770075410315128]
[0.8476242960123586, 0.10015194028167584]
[0.861925740145018, 0.08286438908483573]
[0.8760762151880127, 0.06581844173166412]
[0.8901125371536956, 0.048989134723278815]
[0.9040775027479546, 0.03234607919388738]
[0.8899558269510441, 0.017796382791810728]
[0.8745716338215284, 0.0021352027283130237]
[0.8581284452962469, -0.014505380541636526]
[0.8407841692156263, -0.03202021013044398]
[0.8226625743968642, -0.05032445179742545]
[0.8038623771046244, -0.06934792068986523]
[0.7844643792924971, -0.08903037569950495]
[0.7645370347353012, -0.10931774764522628]
[0.7441407477884209, -0.13015922975495922]
[0.7233311468290035, -0.15150513351253828]
[0.7021615251929736, -0.1733053908923672]
[0.6806846055152136, -0.19550856564235827]
[0.6589537551185133, -0.21806122665329672]
[0.6370237563693786, -0.24090754143272594]
[0.6149512136196164, -0.2639889708451975]
[0.5927946561490891, -0.2872439870129446]
[0.570614374986557, -0.31060778954034535]
[0.5484720126713377, -0.3340120524901376]
[0.5264299117150034, -0.3573847855746551]
[0.5045502223574678, -0.38065042797161575]
[0.4828937748350172, -0.40373030438933805]
[0.46151873583512504, -0.4265435565104765]
[0.44047909120742335, -0.4490086193597661]
[0.4198230235210182, -0.4710452470274512]
[0.3995912784479377, -0.49257701556432837]
[0.37981563241995564, -0.5135341558229369]
[0.36051758046129145, -0.5338565093294833]
[0.3417073544292929, -0.5534963675233902]
[0.32338335790037465, -0.5724209555885327]
[0.3055320675943456, -0.5906143567106834]
[0.28812840811789175, -0.6080787343189371]
[0.27113656385024754, -0.62483478701025]
[0.25451115567393423, -0.6409214494770817]
[0.23819868599197444, -0.6563949198631437]
[0.22213914555836078, -0.6713271401221343]
[0.2062676798824375, -0.685803876676079]
[0.19051622894656153, -0.6999225445108461]
[0.17481507794535775, -0.7137898933486848]
[0.1590942845246262, -0.7275196366588393]
[0.1432849756699071, -0.741230060788012]
[0.12732053176648794, -0.7550416098037149]
[0.11113769399804316, -0.769074408084417]
[0.09467764236219836, -0.7834456623985431]
[0.07788709371086908, -0.7982668822971885]
[0.06071946108350326, -0.813640875383321]
[0.04313609607369137, -0.8296585147699782]
[0.025107604459050165, -0.8463953405236242]
[0.006615182538386638, -0.8639081426738822]
[-0.01234812927518128, -0.8822317726434663]
[-0.03177643118450932, -0.9013765272119901]
[-0.06383613995509158, -0.9008415769099092]
[-0.08331035925954877, -0.8938784650891402]
[-0.10285804165247533, -0.8840574618136733]
[-0.12254736827240464, -0.8719691719449136]
[-0.14241919252852178, -0.8580780728268633]
[-0.16249177311677307, -0.842745048650441]
[-0.1827658187753067, -0.8262488355627348]
[-0.2032290834988646, -0.8088044855974704]
[-0.22386023443597558, -0.7905784116060977]
[-0.24463195645317887, -0.7717002534526427]
[-0.2655133621963672, -0.7522720548835555]
[-0.2864718118053229, -0.7323752771418479]
[-0.30747425019543256, -0.7120761209406166]
[-0.3284881610988081, -0.6914295452329215]
[-0.34948222435256093, -0.6704822883909671]
[-0.3704267494877365, -0.6492751264656415]
[-0.3912939455656611, -0.6278445470045689]
[-0.41205807481187584, -0.6062239744103252]
[-0.43269552622923246, -0.5844446514803524]
[-0.45318483541055365, -0.5625362587684041]
[-0.4735066685764112, -0.5405273362252841]
[-0.4936437826468827, -0.518445558241177]
[-0.5135809688972447, -0.4963179023567679]
[-0.5333049851827918, -0.47417074272560944]
[-0.5528044803999652, -0.45202989152218]
[-0.5720699142542703, -0.42992060480742594]
[-0.5910934750443877, -0.4078675639208651]
[-0.6098689976994603, -0.38589483929489543]
[-0.6283918835721215, -0.36402584062022547]
[-0.6466590225475216, -0.34228325534235804]
[-0.6646687171010658, -0.3206889762359413]
[-0.6824206073485868, -0.29926401792094937]
[-0.6999155962261172, -0.27802842129046657]
[-0.7171557749971961, -0.25700114362694976]
[-0.7341443514740339, -0.2361999305380735]
[-0.750885586644186, -0.21564116376413045]
[-0.7673847496088075, -0.19533967660703822]
[-0.7836481054497626, -0.17530852660200202]
[-0.7996829552441055, -0.15555871364790996]
[-0.815497751162978, -0.13609883178358856]
[-0.831102311540748, -0.1169346448145755]
[-0.84650816005998, -0.0980685806348709]
[-0.8617290089357187, -0.07949914668919972]
[-0.8767813976046694, -0.06122027952813469]
[-0.8916854857423752, -0.04322065423037502]
[-0.9064659827977525, -0.025482993408925736]
[-0.8944320440888719, -0.008663098509702871]
[-0.8807140180729018, 0.00907760028585497]
[-0.8655892117949688, 0.02765071543692843]
[-0.8492736669784314, 0.04698044053873984]
[-0.8319373056744467, 0.067001098466489]
[-0.8137158177554542, 0.08765448843754353]
[-0.7947198930870606, 0.10888744892449947]
[-0.7750423295596438, 0.13064982855131907]
[-0.7547634621019816, 0.15289291522181858]
[-0.7339552772874902, 0.1755682815022811]
[-0.7126845089226512, 0.19862694653529722]
[-0.691014951059359, 0.22201872638292555]
[-0.669009172980627, 0.24569164440707314]
[-0.6467297730610015, 0.2695912993705419]
[-0.6242402638102396, 0.2936601369199071]
[-0.6016056395372918, 0.31783663227975034]
[-0.5788926430542276, 0.3420544581473875]
[-0.5561697215905728, 0.3662417706273079]
[-0.5335066475431165, 0.3903207867003549]
[-0.5109737790668142, 0.41420784016183965]
[-0.4886409496388909, 0.4378140834199136]
[-0.4665760034083615, 0.4610469488719201]
[-0.44484303076751225, 0.48381240035804174]
[-0.4235004001410567, 0.5060179031446053]
[-0.4025987197277353, 0.5275759359588044]
[-0.38217888869923455, 0.5484077794359478]
[-0.3622704044492915, 0.5684472594356429]
[-0.3428900774227155, 0.5876441130621493]
[-0.3240412687779493, 0.6059666831107086]
[-0.30571371402765035, 0.6234037263132362]
[-0.2878839364835847, 0.6399652270166578]
[-0.270516197595985, 0.6556822210468067]
[-0.2535638857981828, 0.6706057349777521]
[-0.2369712170210672, 0.6848050188617407]
[-0.2206751106876492, 0.6983652878133975]
[-0.204607113294657, 0.711385189354498]
[-0.1886952636767474, 0.7239741849117846]
[-0.17286582455275015, 0.7362499848160049]
[-0.15704483877129297, 0.7483361172051662]
[-0.14115950139533792, 0.7603596521239036]
[-0.12513936712625104, 0.772449050497229]
[-0.10891743440383167, 0.7847320688041329]
[-0.09243116146953817, 0.7973336273636179]
[-0.0756234748035797, 0.8103735449382758]
[-0.058443825786982484, 0.8239640559299322]
[-0.040849336280997184, 0.838207059643454]
[-0.022806047226714282, 0.8531911045260017]
[-0.004290246125334823, 0.8689881835006332]
[0.01471019931345599, 0.8856505063718855]
[0.03419462886296759, 0.9032075136778298]
[0.0711314599066597, 0.8964539165711276]
[0.0902088253300051, 0.8877825474719432]
[0.1098492329100918, 0.8763623653358661]
[0.1299484662400418, 0.8627811068709195]
[0.15041904773031556, 0.8474988432243621]
[0.17118484677801332, 0.8308730130448184]
[0.1921781162801443, 0.8131806270951304]
[0.21333794185956753, 0.7946366812899787]
[0.23460945710273795, 0.7754088257442056]
[0.25594342915358853, 0.7556287658594886]
[0.2772959846726247, 0.7354009901491695]
[0.2986283529959666, 0.714809392635776]
[0.3199065701696645, 0.6939222748829624]
[0.3411011273047555, 0.6727961184769403]
[0.36218656838330077, 0.6514784323899204]
[0.38314105268004606, 0.6300099075923282]
[0.4039458999993607, 0.6084260539797028]
[0.42458513623094785, 0.5867584502290025]
[0.44504505444011977, 0.5650357031086398]
[0.46531380406599776, 0.5432841867528553]
[0.4853810183715925, 0.5215286126482802]
[0.5052374882038229, 0.49979246620440143]
[0.5248748882775525, 0.47809833479045105]
[0.544285560420867, 0.4564681442681248]
[0.5634623563651765, 0.4349233157316121]
[0.5823985406738152, 0.41348485086506415]
[0.6010877523148307, 0.3921733525680561]
[0.6195240213211827, 0.3710089868360373]
[0.6377018351266011, 0.35001139189868363]
[0.6556162477262599, 0.3291995409367851]
[0.6732630239899058, 0.3085915649937415]
[0.690638811413932, 0.2882045427180323]
[0.7077413324313412, 0.2680542631559242]
[0.7245695921002763, 0.2481549669061587]
[0.7411240984376095, 0.2285190696214744]
[0.7574070955942847, 0.20915687029625402]
[0.7734228130907375, 0.1900762453359252]
[0.78917773693992, 0.1712823284706455]
[0.8046809101164671, 0.15277717659177092]
[0.8199442699322131, 0.1345594229376023]
[0.8349830280147301, 0.11662392195706028]
[0.8498160945466317, 0.09896139458913666]
[0.8644665423207231, 0.08155808821290017]
[0.8789620984802079, 0.06439547137533824]
[0.8933356433538903, 0.047449988525450126]
[0.9076256875511738, 0.030692903208010602]
[0.8932628244160785, 0.016344372641168448]
[0.8777028032775002, 8.514956008229269E-4]
[0.8611343990052182, -0.015641909106892504]
[0.8437042042660414, -0.033022531729545]
[0.8255271309565042, -0.05120004492099617]
[0.8066947784634827, -0.07010078613401077]
[0.7872820462416709, -0.08966259397218057]
[0.7673523198580396, -0.10983069849810181]
[0.7469615004432324, -0.13055454971211045]
[0.7261610936084681, -0.15178545976521982]
[0.7050005308433205, -0.17347492488687752]
[0.6835288639508507, -0.1955734831476397]
[0.661795948246913, -0.21802995925081706]
[0.6398532094304838, -0.24079095376003612]
[0.6177540693133629, -0.26380045584406964]
[0.5955540855824056, -0.2869994963630421]
[0.5733108407974665, -0.31032580827871753]
[0.551083597710128, -0.33371351670908767]
[0.5289327243625578, -0.3570929321571418]
[0.5069188859731616, -0.3803905580092519]
[0.485102003273246, -0.4035294393959197]
[0.4635399892723886, -0.42642997011810446]
[0.44228729713517484, -0.44901123696054074]
[0.4213933377744332, -0.47119292051911077]
[0.40090085213159055, -0.4928976974608087]
[0.3808443443062871, -0.5140540132151876]
[0.36124869238932905, -0.5345990301723911]
[0.34212805028825805, -0.5544815168503805]
[0.32348513488866404, -0.5736644362790086]
[0.30531096056053564, -0.5921270188449906]
[0.28758504210018354, -0.6098661610412941]
[0.27027604424549256, -0.626897066327956]
[0.2533428177116488, -0.6432531239599444]
[0.2367357338195705, -0.6589850926404663]
[0.22039821549352806, -0.6741597076705537]
[0.20426836229190104, -0.6888578570931576]
[0.18828057944722723, -0.7031724735316468]
[0.17236714225826494, -0.7172062677334938]
[0.1564596535173926, -0.731069393876184]
[0.140490378964202, -0.7448770933518004]
[0.12439347059678166, -0.758747320790778]
[0.10810610736393592, -0.7727983203308711]
[0.09156959529562145, -0.7871460971237443]
[0.07473047295808638, -0.8019017231115848]
[0.05754166196595273, -0.8171684304529623]
[0.039963685111796515, -0.833038482795877]
[0.021965945973942164, -0.8495898744315561]
[0.0035280243110870635, -0.8668829878956427]
[-0.015359105972476583, -0.8849574347168866]
[-0.03469207878648406, -0.9038293977947998]
[-0.06677752239453849, -0.9022951536712867]
[-0.08598622724053545, -0.8946077966003605]
[-0.10532163473722614, -0.8841839706037677]
[-0.124836077940667, -0.8715934349134815]
[-0.14455804627507932, -0.8572823727313298]
[-0.1644965870392979, -0.8415965295575568]
[-0.1846458726177858, -0.8248025666018703]
[-0.20498929098200735, -0.8071061372051899]
[-0.22550284194379058, -0.7886664621572383]
[-0.24615782898730276, -0.7696077450574951]
[-0.26692292315896016, -0.7500279562609745]
[-0.28776570187935757, -0.7300055200255696]
[-0.30865376507924697, -0.7096043718378445]
[-0.32955552036661245, -0.6888777654724885]
[-0.35044071535913324, -0.6678711263935944]
[-0.37128078168974354, -0.6466241785697218]
[-0.39204904243890115, -0.6251725172184196]
[-0.41272082318360725, -0.6035487587998082]
[-0.43327349669873727, -0.5817833690408556]
[-0.45368648282626184, -0.5599052471283998]
[-0.47394121831503766, -0.5379421270970077]
[-0.49402110655881293, -0.5159208440673447]
[-0.5139114539622864, -0.493867502156367]
[-0.5335993978043798, -0.47180757188037864]
[-0.5530738294906531, -0.4497659373758199]
[-0.572325316521513, -0.42776690766229464]
[-0.5913460259571189, -0.40583420144096793]
[-0.6101296513932289, -0.3839909115049871]
[-0.6286713444203649, -0.3622594525910713]
[-0.6469676503457535, -0.3406614951676473]
[-0.665016446873028, -0.3192178868925397]
[-0.6828168837882852, -0.2979485629029628]
[-0.7003693218198123, -0.27687244536808414]
[-0.7176752699788438, -0.2560073315717856]
[-0.7347373229811172, -0.2353697680684506]
[-0.7515591037617657, -0.21497490620397658]
[-0.768145220414085, -0.1948363317348506]
[-0.784501251702761, -0.17496585880043708]
[-0.800633780042576, -0.1553732766436049]
[-0.8165504947586489, -0.13606603686590735]
[-0.8322603907080579, -0.11704887030414518]
[-0.8477740870595494, -0.09832332640973301]
[-0.863104287375619, -0.07988723468467401]
[-0.8782663944967334, -0.06173409731723184]
[-0.8932792818212658, -0.04385243422513091]
[-0.9081662066268041, -0.02622511525129778]
[-0.8957749788322551, -0.009665401763219394]
[-0.8817759296421404, 0.007828102964384964]
[-0.866432899795246, 0.026157982504142363]
[-0.8499510672084546, 0.04524244036014502]
[-0.8324914795854035, 0.06501202601845762]
[-0.8141824557462822, 0.08540641764115642]
[-0.7951284447199489, 0.10637158962126059]
[-0.775416855996151, 0.12785749961806853]
[-0.7551232873200349, 0.14981631099401282]
[-0.7343154965189553, 0.17220109065674633]
[-0.7130563962775964, 0.19496487468230744]
[-0.691406294353734, 0.21805997019112075]
[-0.6694245531318527, 0.2414373612816201]
[-0.6471707985930234, 0.2650461089038913]
[-0.6247057681372327, 0.2888326765524207]
[-0.6020918493791884, 0.3127401696949002]
[-0.5793933296674031, 0.33670753849011303]
[-0.5566763511414992, 0.36066885072855104]
[-0.5340085513221225, 0.38455278514817387]
[-0.5114583667019187, 0.40828251570319707]
[-0.48909398761495043, 0.43177614891534455]
[-0.4669819761297349, 0.4549478368312705]
[-0.44518559203052277, 0.47770961995064054]
[-0.42376291010569145, 0.4999739658368141]
[-0.4027648481781957, 0.5216568730467331]
[-0.3822332521374823, 0.5426813227792167]
[-0.36219919509650333, 0.5629807985729844]
[-0.3426816386869401, 0.5825025701268889]
[-0.3236865751957535, 0.6012104565081537]
[-0.3052067236274034, 0.6190868436024449]
[-0.28722179807582127, 0.6361338194639545]
[-0.26969931189013485, 0.6523733926965158]
[-0.2525958344972987, 0.6678468552617411]
[-0.23585858568556153, 0.6826134270045026]
[-0.21942723770172157, 0.6967483651418928]
[-0.20323579837683625, 0.7103407351025018]
[-0.18721446570887637, 0.7234910226029378]
[-0.17129137137492068, 0.7363087281167122]
[-0.155394162571995, 0.7489100333337618]
[-0.13945140389362826, 0.7614155742354425]
[-0.12339381006147965, 0.7739483050658222]
[-0.10715534368998733, 0.7866313978224762]
[-0.09067422814934972, 0.7995860969910399]
[-0.07389393282300596, 0.812929441607342]
[-0.05676418568158981, 0.8267717778303312]
[-0.039242055249121305, 0.8412140159318724]
[-0.021293120028426343, 0.8563446362579019]
[-0.0028927082002650484, 0.8722365183887476]
[0.015972854753687454, 0.8889437529478864]
[0.03530510409773266, 0.906498688256576]
[0.07167818793416308, 0.8993662831541775]
[0.09024439731581185, 0.8904611508785264]
[0.10946030974154256, 0.8788276968369881]
[0.12920390679260213, 0.8650563482569578]
[0.14937440400121516, 0.8496065336274081]
[0.16988576854790072, 0.8328334285098857]
[0.1906628874281162, 0.8150111759851922]
[0.21163933938517143, 0.7963518640080997]
[0.23275609353525367, 0.7770204809464223]
[0.25396071009739374, 0.7571464394631795]
[0.2752067867182612, 0.7368323348292716]
[0.29645350381256214, 0.7161605485786748]
[0.31766519264581883, 0.6951982078114782]
[0.3388108931910955, 0.6740009053441847]
[0.35986389384105844, 0.6526154930759294]
[0.38080125810668436, 0.6310821851253008]
[0.40160334902272266, 0.6094361478596525]
[0.4222533633341288, 0.587708708306271]
[0.44273688681635204, 0.5659282777114995]
[0.46304148058533634, 0.5441210606755573]
[0.4831563066333723, 0.5223116003695228]
[0.503071799303609, 0.5005231953902624]
[0.5227793879658691, 0.4787782127842367]
[0.5422712746654602, 0.4570983138989221]
[0.5615402688824741, 0.4355046043923173]
[0.5805796797259883, 0.41401771642819674]
[0.5993832639444207, 0.3926578293373358]
[0.617945226185525, 0.3714446343927631]
[0.6362602661670307, 0.35039724941863]
[0.6543236660277919, 0.3295340893518333]
[0.6721314103214617, 0.30887269927691985]
[0.6896803310580415, 0.28842955659733993]
[0.7069682709979952, 0.26821984871297594]
[0.7239942600736841, 0.24825723176940886]
[0.7407587022555142, 0.22855357476931865]
[0.7572635731697762, 0.20911869175422426]
[0.7735126319567321, 0.18996006315624903]
[0.7895116537632347, 0.1710825461582256]
[0.8052686913522727, 0.1524880734051019]
[0.8207943750300439, 0.1341753400738523]
[0.8361022589625229, 0.11613948141034924]
[0.851209218674724, 0.09837174644373314]
[0.8661358990608088, 0.08085917845830959]
[0.8809072048734455, 0.06358431837025075]
[0.8955528170220569, 0.04652495255274697]
[0.9101077089361422, 0.029653930848661247]
[0.8956339163505813, 0.015329828610218699]
[0.8800013332858171, -1.4571677044555864E-4]
[0.8633904702788376, -0.016622898393937158]
[0.845941592007741, -0.03398428008922111]
[0.8277646565369208, -0.05213677628539953]
[0.808947264868204, -0.07100501631149314]
[0.7895609626400635, -0.0905259756940926]
[0.7696661973553095, -0.11064473065670599]
[0.7493161826277573, -0.13131118997725752]
[0.7285598721386738, -0.15247766022288847]
[0.7074442062802049, -0.17409709898106715]
[0.6860157641268482, -0.19612190699655063]
[0.6643219299811576, -0.21850310927401884]
[0.6424116640789966, -0.2411897833411914]
[0.6203359484454701, -0.2641286144533451]
[0.5981479600108998, -0.28726349366246473]
[0.5759030041426492, -0.3105351225390571]
[0.5536582243075036, -0.3338806416541994]
[0.5314720900712938, -0.35723335028296943]
[0.509403658625881, -0.3805226232471056]
[0.4875116064896377, -0.4036741495892216]
[0.46585303873878325, -0.42661061168693154]
[0.444482102235504, -0.4492528910639643]
[0.42344845415250604, -0.4715218316154398]
[0.40279566335576134, -0.49334051986954186]
[0.3825596445955416, -0.5146369666197359]
[0.3627672386750243, -0.5353470080461525]
[0.34343505174830447, -0.5554171998541648]
[0.32456865191120066, -0.5748074639951074]
[0.3061621925149644, -0.5934932674039544]
[0.28819849323377866, -0.6114671623879877]
[0.27064956791811373, -0.6287395894026939]
[0.2534775493394279, -0.6453389218873398]
[0.23663593087586127, -0.6613108059616282]
[0.22007102778385737, -0.6767169038315954]
[0.20372355718061963, -0.6916331818314133]
[0.18753024504806165, -0.70614789036125]
[0.17142538750321676, -0.7203593663934951]
[0.15534231838166931, -0.7343737558069954]
[0.13921476184508622, -0.7483027103281177]
[0.1229780736849845, -0.762261070285357]
[0.10657039538119306, -0.776364506923853]
[0.08993375860228217, -0.7907270726201151]
[0.0730151830524371, -0.8054585985821979]
[0.05576780607668452, -0.8206618908602388]
[0.0381520672527097, -0.836429708805584]
[0.020136944881070817, -0.8528415659100216]
[0.0017012045027725575, -0.8699604689453573]
[-0.017165425006736956, -0.8878298009026468]
[-0.036461278900399074, -0.9064706436376266]
[-0.06862781968408346, -0.9040269428403643]
[-0.08764089897559857, -0.8957010614704569]
[-0.10682979365989403, -0.8847401388533327]
[-0.12623056421341255, -0.8716980634346204]
[-0.1458593540552107, -0.8570066951565922]
[-0.1657162254780829, -0.8409996527993966]
[-0.1857891186054043, -0.8239337120392721]
[-0.20605737113667538, -0.8060066527576898]
[-0.22649461520383474, -0.7873715122063576]
[-0.24707104985140188, -0.7681476740937304]
[-0.26775516239312025, -0.748429359877016]
[-0.28851499350060933, -0.7282920684761328]
[-0.30931903898496593, -0.7077974310175673]
[-0.330136870483335, -0.6869968552694669]
[-0.35093954416106143, -0.6659342505153182]
[-0.3716998536310239, -0.644648054549419]
[-0.3923924714494872, -0.6231727307551396]
[-0.41299401307804806, -0.6015398627467614]
[-0.4334830482740156, -0.5797789439687645]
[-0.4538400776170329, -0.557917937218273]
[-0.4740474863515115, -0.5359836620309377]
[-0.49408948384281903, -0.5140020545793683]
[-0.51395203447468, -0.4919983340680051]
[-0.5336227843910942, -0.4699971009200935]
[-0.553090987679705, -0.448022385015767]
[-0.5723474349962663, -0.4260976567117043]
[-0.5913843869305782, -0.4042458092663861]
[-0.6101955134526059, -0.3824891184913939]
[-0.6287758395624975, -0.3608491837466601]
[-0.6471216959620778, -0.33934685350343985]
[-0.6652306724398077, -0.3180021382547272]
[-0.683101571037151, -0.2968341131814417]
[-0.7007343562480562, -0.27586081234311643]
[-0.7181301007276392, -0.25509911500265225]
[-0.735290927364312, -0.2345646228966104]
[-0.7522199520633843, -0.21427152486513268]
[-0.7689212359933038, -0.19423244246735633]
[-0.7853997609796428, -0.17445824739954768]
[-0.8016614466531927, -0.15495783921274892]
[-0.8177132321773174, -0.13573787060102793]
[-0.8335632480944178, -0.11680240804464781]
[-0.8492211041839063, -0.0981525184432277]
[-0.8646983163856174, -0.07978577800644193]
[-0.8800088891305731, -0.061695708243919956]
[-0.8951700584416875, -0.043871155154882824]
[-0.9102031859551247, -0.02629564088958536]
[-0.8974252332672087, -0.010042777429070171]
[-0.8831216671987314, 0.007173704256738633]
[-0.8675412228033248, 0.025244174014165566]
[-0.8508771279115219, 0.0440783806767559]
[-0.8332808568416669, 0.06360114792409466]
[-0.8148729272601611, 0.08374844348505928]
[-0.795751299667408, 0.10446404528612513]
[-0.7759978649018483, 0.12569686926051632]
[-0.755683421016968, 0.14739893045612099]
[-0.7348714642642533, 0.16952385139945378]
[-0.7136210546164179, 0.19202579602921466]
[-0.691988963193459, 0.21485869014428408]
[-0.6700312638982405, 0.23797559054393294]
[-0.6478044914547169, 0.2613280854357798]
[-0.6253664510713409, 0.2848656467712146]
[-0.6027767309398868, 0.3085349065845133]
[-0.5800969389565387, 0.33227888722193233]
[-0.5573906615614155, 0.35603627098973073]
[-0.5347231278728425, 0.3797408392540293]
[-0.5121605584501872, 0.40332123622884924]
[-0.48976918623364335, 0.42670121241681436]
[-0.4676139571939634, 0.44980047388916333]
[-0.4457569478120589, 0.47253620747772374]
[-0.4242555715055588, 0.4948252745477763]
[-0.4031606806125738, 0.5165869781194763]
[-0.3825146977496299, 0.5377462239390697]
[-0.36234992396655125, 0.5582368308171206]
[-0.34268716680163913, 0.578004711917044]
[-0.32353480801111767, 0.5970106539079494]
[-0.30488839108569, 0.6152324646368161]
[-0.28673075866333364, 0.6326663341944214]
[-0.2690327175618168, 0.6493273451531647]
[-0.2517541624971005, 0.6652491591332927]
[-0.23484555514228947, 0.6804829837997568]
[-0.21824963676984524, 0.6950959762949314]
[-0.20190325094562417, 0.709169261210193]
[-0.18573916554482708, 0.7227957345322978]
[-0.16968780688349233, 0.7360777951284586]
[-0.15367884840650015, 0.7491251004383257]
[-0.13764262768792315, 0.7620523920334816]
[-0.1215113947270123, 0.7749773877728336]
[-0.1052204188141952, 0.7880186970516397]
[-0.08870899857861439, 0.8012936889279064]
[-0.07192142879584429, 0.8149162328932706]
[-0.05480797706601928, 0.8289942406604924]
[-0.03732591270669958, 0.8436269655659075]
[-0.01944060854729926, 0.8589020641392553]
[-0.0011267037982629624, 0.874892490795341]
[0.017630725844483774, 0.8916533776458877]
[0.03683509258450257, 0.9092191391224317]
[0.07275250523037563, 0.9017292171372047]
[0.09090566576665696, 0.8925732407576249]
[0.10977693451437082, 0.8807189882878532]
[0.12922889396332254, 0.866757351485282]
[0.14914940042487246, 0.851145547205608]
[0.16944412349183108, 0.834235404406288]
[0.19003193941465654, 0.816297450810846]
[0.21084209757278596, 0.7975403374524958]
[0.23181245348430118, 0.7781259951121955]
[0.2528883179625205, 0.7581812216991322]
[0.27402164343816504, 0.737806432030808]
[0.2951703815018597, 0.7170822186537307]
[0.31629791894139303, 0.6960742549922594]
[0.33737254559336827, 0.6748369571999516]
[0.35836693493390326, 0.653416222662871]
[0.37925763370999305, 0.6318514841728854]
[0.40002456454563584, 0.610177257665207]
[0.42065054852741535, 0.588424314903904]
[0.44112085542579577, 0.5666205773601534]
[0.4614227887563346, 0.5447918010358659]
[0.4815453120244846, 0.52296210205586]
[0.5014787215053501, 0.5011543579682955]
[0.5212143698238401, 0.4793905087671967]
[0.5407444433623406, 0.45769177388261095]
[0.5600617950730141, 0.4360787961493662]
[0.5791598326034397, 0.4145717205401815]
[0.598032459822079, 0.3931902137634964]
[0.6166740679850636, 0.37195343024591443]
[0.6350795710971741, 0.35087993013894997]
[0.6532444786904219, 0.32998755544089786]
[0.6711649984728958, 0.3092932707849407]
[0.6888381612574879, 0.28881297565305564]
[0.7062619613762845, 0.26856129454845196]
[0.7234355074502337, 0.24855135090775454]
[0.7403591808384923, 0.2287945292769435]
[0.7570348021408789, 0.20930022864698894]
[0.7734658094492294, 0.19007560809402813]
[0.7896574552059691, 0.17112532433650213]
[0.8056170310162367, 0.1524512599051963]
[0.8213541310297026, 0.13405224071529476]
[0.8368809640592997, 0.11592374324495475]
[0.8522127220652711, 0.09805759440738288]
[0.8673680078493426, 0.0804416714499529]
[0.8823693179035553, 0.06305961442433361]
[0.8972435677727741, 0.045890569257196145]
[0.9120226377021282, 0.028908984325662024]
[0.8974709477039937, 0.014544663221349619]
[0.8817886226039777, -9.681732706741664E-4]
[0.865150503928533, -0.01747613922504354]
[0.8476925092676839, -0.03485932028928884]
[0.8295211902921221, -0.05302294894987686]
[0.8107213927342147, -0.07189059121559016]
[0.7913623382425619, -0.09139868060549172]
[0.7715024158218504, -0.11149222268923115]
[0.7511929233481875, -0.13212150125023345]
[0.7304809540445055, -0.15323962652087983]
[0.7094115850608986, -0.17480077056527554]
[0.6880294960606039, -0.19675893601383743]
[0.6663801228994166, -0.2190671070739819]
[0.6445104322369274, -0.24167664196646327]
[0.6224693848037387, -0.26453678803765146]
[0.6003081368062514, -0.28759423606627016]
[0.5780800107313558, -0.3107926763947334]
[0.5558402500214982, -0.33407237094340897]
[0.5336455589233459, -0.3573698042837484]
[0.5115534216471955, -0.38061751546591416]
[0.48962119572433277, -0.4037442327573086]
[0.4679049839937542, -0.42667543057941487]
[0.4464583073925165, -0.44933439979693923]
[0.4253306243812808, -0.47164387132005703]
[0.40456576853924775, -0.4935281653147117]
[0.3842003986582362, -0.5149157645684144]
[0.36426257041290533, -0.535742143369815]
[0.3447705411943171, -0.5559526351156745]
[0.3257319078321058, -0.5755051023320259]
[0.30714315132680126, -0.5943721861929412]
[0.2889896268102677, -0.6125429567897301]
[0.27124599631029045, -0.6300238521619299]
[0.2538770629473997, -0.6468388711851953]
[0.23683893381073165, -0.6630290593615711]
[0.22008041906743042, -0.6786513856681679]
[0.20354456858470457, -0.693777145137117]
[0.18717025381542546, -0.7084900329506143]
[0.1708937193685456, -0.7228840234264747]
[0.1546500519177995, -0.7370611567886276]
[0.1383745399645394, -0.7511292955353408]
[0.12200392283464892, -0.7651998685653145]
[0.10547754814704707, -0.7793855824857924]
[0.08873847151135439, -0.7937980520255041]
[0.07173453863199322, -0.8085452901332364]
[0.054419486976488074, -0.8237290066873455]
[0.03675409075051769, -0.8394416948664246]
[0.018707348721882622, -0.8557635364610807]
[2.57680119441106E-4, -0.8727592294514734]
[-0.018605948081049956, -0.8904749267462596]
[-0.037883083403510515, -0.9089355621897326]
[-0.07011482354580759, -0.9057013180841402]
[-0.08894678565700537, -0.8968232376225522]
[-0.10800287898681904, -0.8853957672295711]
[-0.12730301633190022, -0.8719604144318518]
[-0.14685119506227, -0.8569375489823914]
[-0.16663866929886123, -0.8406508662619895]
[-0.18664726005229398, -0.8233489152509806]
[-0.20685229604218255, -0.8052228164611073]
[-0.22722501974782144, -0.7864202862393904]
[-0.2477344565716479, -0.7670564787347145]
[-0.26834881167707936, -0.7472222485442472]
[-0.28903647819645406, -0.7269903936870713]
[-0.3097667386186988, -0.7064203477852099]
[-0.330510231325592, -0.6855616937148032]
[-0.351239242293259, -0.6644567855961074]
[-0.3719278702569129, -0.6431426968219063]
[-0.39255210300085835, -0.6216526584393168]
[-0.41308983318981995, -0.6000171120774739]
[-0.4335208344430468, -0.5782644717670753]
[-0.45382671223676885, -0.5564216667024453]
[-0.473990839680283, -0.5345145200683791]
[-0.49399828510152083, -0.5125680059040127]
[-0.5138357364302332, -0.49060641555292195]
[-0.5334914262214615, -0.46865345692448657]
[-0.5529550604309854, -0.446732303225547]
[-0.5722177533928761, -0.4248656028286605]
[-0.5912719706163562, -0.403075458384362]
[-0.61011147991645, -0.3813833809894098]
[-0.6287313100728146, -0.35981022395073103]
[-0.6471277148566572, -0.338376100122516]
[-0.6652981391485857, -0.3171002865799779]
[-0.6832411832972102, -0.29600112016001445]
[-0.7009565621244596, -0.27509588682122416]
[-0.7184450562820351, -0.25440070661703496]
[-0.7357084561053286, -0.23393041422491723]
[-0.7527495016587953, -0.21369843246880837]
[-0.7695718271289664, -0.19371663330462968]
[-0.786179922749578, -0.1739951776542894]
[-0.802579132536831, -0.15454232274701984]
[-0.8187757106319247, -0.13536418383153048]
[-0.8347769622387594, -0.11646443688123287]
[-0.8505914961801698, -0.09784395083298114]
[-0.8662296141430343, -0.07950034247427923]
[-0.8817038559990096, -0.061427454599891074]
[-0.8970297106501068, -0.043614768423525074]
[-0.9122264874927887, -0.02604677392164728]
[-0.8990904721049232, -0.010072578066538163]
[-0.8845067547402656, 0.006897543963555353]
[-0.8687094689801214, 0.02474163713867039]
[-0.851880456022457, 0.043360824715829915]
[-0.8341621940799195, 0.06267396982952339]
[-0.8156679664445117, 0.0826130349065336]
[-0.7964897873490899, 0.10311925489913909]
[-0.7767045372702854, 0.1241401167961188]
[-0.7563786813770381, 0.1456270703633416]
[-0.7355718733186337, 0.16753385551609312]
[-0.7143396864724146, 0.1898153083032676]
[-0.692735665359646, 0.21242649741316688]
[-0.6708128482862968, 0.23532204750359662]
[-0.6486248754651229, 0.258455525930842]
[-0.6262267631065049, 0.28177880516529885]
[-0.6036753928642093, 0.30524136118327644]
[-0.5810297385487286, 0.3287895227156837]
[-0.5583508300338806, 0.35236573998126447]
[-0.5357014399913572, 0.3759079863450778]
[-0.5131454744862753, 0.3993494345881337]
[-0.49074705478783237, 0.42261855505638857]
[-0.4685692949663394, 0.44563976239481656]
[-0.4466728062737174, 0.4683346910124471]
[-0.4251139914084096, 0.4906241113825444]
[-0.4039432243662111, 0.512430418731404]
[-0.3832030385244329, 0.5336805451187486]
[-0.36292646091771713, 0.5543090793550698]
[-0.3431356299055235, 0.5742613392266496]
[-0.3238408149360383, 0.5934961352999157]
[-0.3050399226207722, 0.6119879967710963]
[-0.2867185277907669, 0.6297286918682163]
[-0.26885041869717785, 0.6467279567529424]
[-0.25139859968383016, 0.6630134331096558]
[-0.23431665903435675, 0.6786298912651225]
[-0.21755038848708877, 0.6936378715751192]
[-0.20103953546567457, 0.7081119058117527]
[-0.1847195780880674, 0.7221384817094381]
[-0.1685234332633326, 0.7358138916242973]
[-0.15238303545861842, 0.7492420674285875]
[-0.13623075370184515, 0.7625324566039109]
[-0.12000064325977941, 0.7757979471524503]
[-0.10362955315784778, 0.7891528084096109]
[-0.08705812904055871, 0.8027105865194801]
[-0.07023176119547053, 0.816581881014084]
[-0.053101528693226735, 0.8308719349963134]
[-0.035625181643861054, 0.8456779970584969]
[-0.017768183995301334, 0.8610864582986615]
[4.951907796341137E-4, 0.8771698310741619]
[0.01918075797171473, 0.8939837133865246]
[0.03829340564311001, 0.9115639660432285]
[0.07387657487766175, 0.9037210616077066]
[0.0917179284482488, 0.8943063625311021]
[0.11033068059911225, 0.8822277944385458]
[0.129563592546313, 0.8680757048336477]
[0.1492945628042961, 0.8523044752107847]
[0.16942220163777866, 0.8352622171778439]
[0.18986047584137078, 0.8172156234810466]
[0.21053529762476286, 0.7983697676462799]
[0.23138231569231593, 0.7788834136043957]
[0.252345430115542, 0.7588806371088093]
[0.2733757295487167, 0.7384595504863956]
[0.29443066660227035, 0.7176988130195217]
[0.31547336371316825, 0.696662476264453]
[0.33647199059139254, 0.6754035897554794]
[0.35739918422179306, 0.6539668891478355]
[0.37823149978025616, 0.63239080723145]
[0.39894889019748137, 0.6107089857209709]
[0.41953421664958673, 0.5889514185367715]
[0.43997279410513235, 0.5671453218816925]
[0.4602519765337859, 0.5453157998894816]
[0.48036078620435213, 0.5234863547865614]
[0.5002895909893952, 0.5016792757872403]
[0.5200298328394705, 0.4799159302012715]
[0.5395738095826668, 0.4582169726415224]
[0.5589145109259235, 0.4366024831359939]
[0.5780455080046867, 0.41509204183954396]
[0.5969608941269701, 0.3937047464368913]
[0.6156552726228791, 0.3724591778009939]
[0.6341237861187392, 0.35137331962451335]
[0.6523621803043504, 0.33046443821794935]
[0.6703668945480077, 0.309748929151958]
[0.6881351717049011, 0.2892421376561607]
[0.7056651802761782, 0.2689581594869172]
[0.7229561437478276, 0.24890962824355176]
[0.7400084744125084, 0.22910749384863208]
[0.7568239120826747, 0.20956079522427679]
[0.7734056715506007, 0.19027642831229602]
[0.7897586060405164, 0.17125890881398825]
[0.8058893967442646, 0.15251012774082817]
[0.8218067803052157, 0.1340290974585564]
[0.8375218263030386, 0.11581168671038689]
[0.8530482749720771, 0.09785034532774456]
[0.8684029413057393, 0.08013382298352234]
[0.8836061853425677, 0.06264689115979155]
[0.8986824400546835, 0.04537008296568412]
[0.9136607783805251, 0.028279470811472696]
[0.8990245822038014, 0.0138605216475709]
[0.8832840388034815, -0.0017023335791417904]
[0.8666088936841339, -0.01825272238225817]
[0.8491311725262194, -0.0356686299308317]
[0.8309543980701798, -0.05385381260378913]
[0.8121609891824004, -0.07273083983751161]
[0.792818142721011, -0.09223555695465119]
[0.7729824722643059, -0.11231276194206102]
[0.7527036347320937, -0.13291290594890534]
[0.7320271331876474, -0.15398964331435944]
[0.7109964481188957, -0.17549806686499658]
[0.6896546211761889, -0.19739346969294186]
[0.6680453929506296, -0.219630480713097]
[0.6462139773579502, -0.24216243371528062]
[0.6242075373622482, -0.26494085258819916]
[0.6020754089886617, -0.2879149702486099]
[0.5798691029667041, -0.31103124358402245]
[0.5576420971831685, -0.33423287647208766]
[0.5354494204029878, -0.357459410740325]
[0.513347020625523, -0.3806464831117443]
[0.49139091178906424, -0.40372586767477614]
[0.4696361012188005, -0.4266259229937853]
[0.4481353168111302, -0.4492725383622579]
[0.42693757547884376, -0.4715906264117663]
[0.4060866593485477, -0.4935061450104409]
[0.3856195889931361, -0.5149485595933746]
[0.3655651986632712, -0.5358535897251226]
[0.3459429228500293, -0.5561660330580127]
[0.3267618941685941, -0.5758424358268257]
[0.30802042966683474, -0.5948533867697068]
[0.2897059491262992, -0.6131852499034851]
[0.2717953298127821, -0.6308412138968701]
[0.25425566358977714, -0.6478416104778056]
[0.23704535017254727, -0.6642235282698508]
[0.22011543891294624, -0.6800398097519544]
[0.20341112297783162, -0.695357559252098]
[0.18687329388546822, -0.7102563053026201]
[0.17044007893180446, -0.7248259522963408]
[0.1540483056987417, -0.739164628945185]
[0.1376348627768304, -0.7533765016492453]
[0.12113795041967068, -0.767569577502901]
[0.10449823597957772, -0.7818534819733687]
[0.08765994420472173, -0.796337166929186]
[0.0705719199437945, -0.8111264909305946]
[0.0531886991143426, -0.8263216192866117]
[0.03547161199092541, -0.8420142185223594]
[0.017389920601340342, -0.8582844688898792]
[-0.00107804004610218, -0.8751979870991426]
[-0.01994378664477045, -0.8928028334640384]
[-0.03920778983909984, -0.911126861912026]
[-0.07148375343504623, -0.9072079062797911]
[-0.09014576897469351, -0.8978462467001157]
[-0.1090782318908631, -0.886009728747158]
[-0.12828550639380482, -0.8722297225070642]
[-0.14775995276407236, -0.8569169775985885]
[-0.16748439597653086, -0.8403867598296261]
[-0.1874347840724464, -0.8228805494877406]
[-0.20758256533917716, -0.8045836844237659]
[-0.22789662631367763, -0.7856392094487169]
[-0.2483447819717292, -0.766158518494946]
[-0.2688948708839564, -0.7462294277821342]
[-0.28951552634213074, -0.7259222536327572]
[-0.3101766934683054, -0.7052943673753087]
[-0.33084995392921157, -0.6843935985363324]
[-0.3515087094313263, -0.6632607704204987]
[-0.3721282648760912, -0.6419315826058051]
[-0.39268584275358687, -0.6204380015684471]
[-0.4131605523643468, -0.5988092806975438]
[-0.43353333090879287, -0.5770727012477048]
[-0.453786868398133, -0.5552541035801496]
[-0.47390552464734303, -0.5333782612247329]
[-0.4938752441291918, -0.5114691373203301]
[-0.5136834729193301, -0.4895500528411471]
[-0.5333190810079359, -0.4676437880667622]
[-0.552772292551706, -0.4457726326396882]
[-0.5720346259060738, -0.4239583950497868]
[-0.5910988443308121, -0.40222237930408844]
[-0.6099589170534042, -0.3805853346726832]
[-0.6286099889872242, -0.3590673834790543]
[-0.647048356030181, -0.33768793160233634]
[-0.6652714417807384, -0.3164655663212826]
[-0.6832777709928093, -0.2954179460003129]
[-0.7010669354144252, -0.27456168558809835]
[-0.7186395490134642, -0.2539122407460441]
[-0.7359971920793028, -0.23348379154277432]
[-0.7531423472669965, -0.21328912407411443]
[-0.7700783351455076, -0.19333950527343968]
[-0.7868092619051642, -0.17364454288155284]
[-0.8033399971133779, -0.1542120194885248]
[-0.8196762041921042, -0.13504768727890376]
[-0.8358244499213756, -0.11615500920158034]
[-0.8517924209603337, -0.09753483334707286]
[-0.86758927429311, -0.07918499088123437]
[-0.8832261438644984, -0.06109981432491468]
[-0.8987168168326807, -0.04326958237462758]
[-0.9140785794820282, -0.025679909524085553]
[-0.9006277156391567, -0.009934462782231646]
[-0.8857993915883072, 0.006836189297959427]
[-0.8698143889335314, 0.024498813810656495]
[-0.8528442625984658, 0.04294661661890603]
[-0.8350234586540686, 0.06209294111045299]
[-0.816458872553903, 0.08186597629432524]
[-0.7972373198657373, 0.10220448528370374]
[-0.7774313345705676, 0.12305447642217104]
[-0.7571036403455038, 0.1443666963365461]
[-0.736310575016988, 0.16609480185145042]
[-0.7151046930322971, 0.18819405599017283]
[-0.693536725103514, 0.21062039056127194]
[-0.6716570356792131, 0.2333296859661649]
[-0.6495166849799024, 0.2562771399699048]
[-0.6271681712808588, 0.2794166316109753]
[-0.6046659005167454, 0.30270003196125583]
[-0.5820664049017312, 0.3260764653850167]
[-0.5594283117414733, 0.34949157681357057]
[-0.53681204996004, 0.3728869050668246]
[-0.5142792769339869, 0.3961994923272413]
[-0.49189201324098913, 0.4193618696039259]
[-0.46971148802288754, 0.4423025436917483]
[-0.44779672149177496, 0.4649470721583261]
[-0.42620290065800426, 0.48721975262532013]
[-0.40497963505786705, 0.5090458785595964]
[-0.38416920552246925, 0.5303544369992141]
[-0.3638049352427448, 0.5510810570149555]
[-0.3439098141398597, 0.571170973486823]
[-0.3244954928094671, 0.5905817577243359]
[-0.305561732116754, 0.6092855876367964]
[-0.28709635296691677, 0.6272708819871101]
[-0.26907568417133726, 0.6445431962838426]
[-0.25146546180809537, 0.661125358984203]
[-0.23422209745675132, 0.677056902183357]
[-0.2172942096337879, 0.6923928994319369]
[-0.20062430453144003, 0.7072023576426202]
[-0.18415049807543427, 0.7215663181662295]
[-0.16780818868997693, 0.73557580658952]
[-0.15153161517429714, 0.7493297375158634]
[-0.13525526262962984, 0.7629328371782937]
[-0.11891510762341267, 0.7764936011518393]
[-0.10244971859284976, 0.7901222638780934]
[-0.08580124646322174, 0.8039287270425127]
[-0.06891635181494854, 0.8180203793628794]
[-0.051747117381508584, 0.83249974387299]
[-0.03425198726978254, 0.847461911760114]
[-0.01639675654814049, 0.8629917642792964]
[0.0018443930891209603, 0.8791610445112138]
[0.02048785262210248, 0.8960254144975088]
[0.03953962325572402, 0.9136217126249946]
[0.07488618541529302, 0.9054342881277471]
[0.0924967981163034, 0.89576287033641]
[0.1109211407638159, 0.8834628969170052]
[0.12999523501782467, 0.8691239292001992]
[0.1495880212617341, 0.8531974590437021]
[0.16959194928668864, 0.8360279257153731]
[0.18991687797728674, 0.8178782705375222]
[0.2104860995570113, 0.7989500734694861]
[0.23123370368386156, 0.7793989941451283]
[0.2521027712033717, 0.7593464166539523]
[0.2730440721666545, 0.7388881457855938]
[0.2940150655429329, 0.7181008679973983]
[0.3149790785544006, 0.6970469426294195]
[0.3359045952473743, 0.6757779567021994]
[0.35676461611840915, 0.6543373686602679]
[0.37753606988396804, 0.632762482365214]
[0.398199269441051, 0.611085928875]
[0.41873740992953556, 0.5893367857859652]
[0.43913610971968114, 0.5675414283161585]
[0.4593829964439994, 0.5457241798118099]
[0.47946734061921936, 0.5239078096797116]
[0.4993797393208411, 0.5021139122417214]
[0.5191118519152205, 0.48036318949587015]
[0.5386561890574589, 0.45867565338979366]
[0.5580059550452613, 0.4370707583039778]
[0.5771549422256064, 0.41556747146289486]
[0.5960974745756451, 0.39418428747243534]
[0.6148283959612922, 0.3729391927007504]
[0.6333430970912142, 0.35184958539271594]
[0.6516375740229667, 0.33093215788895197]
[0.6697085104323129, 0.31020274780459023]
[0.6875533758923318, 0.289676165259769]
[0.7051705332446019, 0.26936600305807096]
[0.7225593498292286, 0.2492844359761717]
[0.7397203098319785, 0.2294420140465619]
[0.7566551281578056, 0.20984745297633922]
[0.7733668697907315, 0.19050742284253752]
[0.7898600821828977, 0.1714263342240956]
[0.8061409513745934, 0.1526061193251616]
[0.822217494771601, 0.1340460047930785]
[0.8380998042807906, 0.1157422731871991]
[0.853800352371323, 0.0976880116669257]
[0.8693343702552292, 0.07987284953150059]
[0.8847203016277511, 0.062282690633310045]
[0.8999803273733668, 0.04489945202824658]
[0.9151409466742058, 0.027700825925814188]
[0.9004065104790291, 0.013228686847990556]
[0.8845946238845401, -0.002383963813457235]
[0.867869844412164, -0.018977720832392242]
[0.8503602689707058, -0.03642841538186503]
[0.8321663961683625, -0.05463825390065419]
[0.8133682562973747, -0.07352870715847859]
[0.7940310878834479, -0.09303489736729748]
[0.7742098197318007, -0.11310124531900403]
[0.7539525791377768, -0.13367816568819932]
[0.7333034074288294, -0.15471962138970474]
[0.7123043300298236, -0.17618136301086443]
[0.6909969010286408, -0.1980196890203303]
[0.6694233203585477, -0.2201905718523822]
[0.647627202970901, -0.24264900965588887]
[0.6256540618118999, -0.26534848754526863]
[0.6035515490402454, -0.28824046696200784]
[0.5813694828752618, -0.31127386552898356]
[0.5591596719142501, -0.33439453809768416]
[0.5369755365315853, -0.35754481621672685]
[0.5148715200807179, -0.3806632008982084]
[0.49290228274928877, -0.40368432565695184]
[0.471121678952792, -0.42653930823842856]
[0.4495815347874919, -0.4491565877383149]
[0.42833026355614334, -0.47146329993000613]
[0.4074113815485374, -0.4933871824795321]
[0.3868620088100684, -0.5148589320015]
[0.36671145585574494, -0.5358148678934567]
[0.3469800030318886, -0.5561997055303562]
[0.32767797193021364, -0.575969213789908]
[0.3088051677275577, -0.5950925348274839]
[0.2903507399874932, -0.6135539775251035]
[0.2722934719456425, -0.6313541541443803]
[0.254602470438359, -0.648510401863007]
[0.23723819616836678, -0.6650565043800354]
[0.22015375139406115, -0.6810417916361269]
[0.20329633178503925, -0.6965297389788391]
[0.18660875124141488, -0.7115962063269854]
[0.17003096111662735, -0.7263274532302947]
[0.15350150540434632, -0.7408180412615801]
[0.1369588773848475, -0.755168697587445]
[0.12034276737532834, -0.7694841706720548]
[0.10359521244979414, -0.7838710686634963]
[0.08666167475371186, -0.7984356400037059]
[0.06949208338970053, -0.8132814397642288]
[0.05204187434856217, -0.8285068281689861]
[0.03427305263755756, -0.8442022720563112]
[0.016155280269067096, -0.8604474659974739]
[-0.0023330362206131494, -0.8773083551438269]
[-0.021203722255182023, -0.894834220695548]
[-0.040457978989109133, -0.9130550704267715]
[-0.0727687494079231, -0.9085366942744129]
[-0.09127959628630725, -0.8987438072282015]
[-0.1101036197355511, -0.8865425873839246]
[-0.12923052388926276, -0.8724557638280094]
[-0.14864176723765285, -0.8568857490802793]
[-0.16831231032996538, -0.8401404284503204]
[-0.18821263254735118, -0.8224550443400575]
[-0.20831056812380588, -0.8040097946566702]
[-0.22857280243705502, -0.7849435402872162]
[-0.248966009048243, -0.7653642778902022]
[-0.26945766641585456, -0.7453570496067239]
[-0.29001661174206406, -0.7249898771773992]
[-0.3106133899646073, -0.7043181969954027]
[-0.33122044932881745, -0.6833881669349885]
[-0.3518122262426572, -0.6622391269173216]
[-0.3723651533610617, -0.6409054250572319]
[-0.39285761692429255, -0.6194177678579614]
[-0.41326988262693254, -0.5978042130399718]
[-0.43358400384223184, -0.5760908939659938]
[-0.4537837218729027, -0.5543025425188253]
[-0.47385436494349775, -0.5324628605964141]
[-0.4937827506936753, -0.5105947776097779]
[-0.5135570957025459, -0.4887206215022917]
[-0.533166934762376, -0.46686222322286364]
[-0.552603051930287, -0.44504096888967193]
[-0.5718574245882739, -0.42327780981141716]
[-0.5909231807052518, -0.40159323786457213]
[-0.6097945682096795, -0.38000723221559124]
[-0.6284669339538116, -0.35853918274053453]
[-0.6469367083812915, -0.33720779540209445]
[-0.6652013909579564, -0.31603098494426946]
[-0.6832595309665738, -0.2950257602170086]
[-0.7011106986476208, -0.2742081069540566]
[-0.7187554430718205, -0.2535928716867463]
[-0.7361952356411964, -0.2331936485849192]
[-0.7534324017021252, -0.21302266840161393]
[-0.7704700472566819, -0.1930906855223926]
[-0.7873119928869294, -0.17340685567398723]
[-0.8039627323416004, -0.15397859353617926]
[-0.820427438234109, -0.13481139682493876]
[-0.8367120413107024, -0.11590862193697254]
[-0.8528234120188377, -0.09727119655215116]
[-0.8687696728279168, -0.07889725723304719]
[-0.8845606661132239, -0.06078170547981632]
[-0.9002085946827847, -0.04291568411937413]
[-0.9157288396915221, -0.02528598722584724]
[-0.9020017343274084, -0.009721524829133243]
[-0.8869599598086928, 0.006893428454026684]
[-0.8708122004824435, 0.024415566365909747]
[-0.8537207932106198, 0.04273102571574977]
[-0.8358130619854294, 0.06174820012726023]
[-0.8171902956561217, 0.08139185881098976]
[-0.7979347892926242, 0.10159847994957488]
[-0.7781153261180191, 0.12231265358547638]
[-0.7577914171506913, 0.1434843894216376]
[-0.7370165575377516, 0.16506715882913509]
[-0.7158407082696612, 0.18701649970924358]
[-0.6943121699843243, 0.20928901727206642]
[-0.6724789799991383, 0.23184162591345098]
[-0.6503899323138619, 0.25463089990326804]
[-0.6280952915848921, 0.2776124345171027]
[-0.6056472455845452, 0.3007401630470084]
[-0.5831001171131708, 0.32396562492096304]
[-0.5605103371930662, 0.3472372302846335]
[-0.5379361684606818, 0.37049961029117456]
[-0.5154371627066786, 0.39369317345158106]
[-0.49307334066822733, 0.4167540010738369]
[-0.4709040956716523, 0.439614205240463]
[-0.4489868444599281, 0.4622028398602256]
[-0.4273754759007561, 0.48444740152516397]
[-0.40611867718072076, 0.5062758885348775]
[-0.38525824245997164, 0.527619313318728]
[-0.36482748553503747, 0.5484144975046598]
[-0.34484988152995544, 0.5686069318465049]
[-0.3253380507552442, 0.5881534642063986]
[-0.306293171175676, 0.6070245919054473]
[-0.28770486782178606, 0.6252061779917963]
[-0.26955158360488174, 0.6427004765572601]
[-0.25180139299941606, 0.6595264284346709]
[-0.23441318416984294, 0.6757192624487436]
[-0.2173381109261546, 0.6913294974273603]
[-0.2005212056210094, 0.7064214786097456]
[-0.18390304753774636, 0.7210715957659397]
[-0.16742139625353525, 0.7353663206266229]
[-0.151012722438612, 0.7494001729780024]
[-0.13461359565565736, 0.7632736849676948]
[-0.1181619162100617, 0.7770913894659419]
[-0.10159800277864273, 0.7909598180088828]
[-0.08486556689420827, 0.8049854630948824]
[-0.06791261749501559, 0.8192726431541248]
[-0.05069234227382749, 0.8339212095901711]
[-0.033164006508573596, 0.8490240556140539]
[-0.015293893911603323, 0.8646644262866964]
[0.0029437120140389794, 0.8809130864746855]
[0.02156554220985804, 0.8978254739447353]
[0.040578427923645105, 0.9154390406673413]
[0.07575917790137812, 0.9069205832589922]
[0.09319935341501215, 0.8969993861622639]
[0.1114876111902986, 0.8844844166858744]
[0.13044812205524037, 0.86996448415936]
[0.1499416734583445, 0.8538883283834029]
[0.16985525974840987, 0.8365968936996023]
[0.19009524036739586, 0.8183495472414928]
[0.2105828120503394, 0.7993445299766591]
[0.23125096098527784, 0.779734518421768]
[0.2520423495060591, 0.7596382894038063]
[0.27290778646305347, 0.7391493887742238]
[0.29380505992322503, 0.7183425463812224]
[0.3146979959323466, 0.6972784178535153]
[0.3355556619861857, 0.6760070936831657]
[0.3563516684487865, 0.6545707038226968]
[0.37706354228413985, 0.6330053596806493]
[0.39767215992175187, 0.6113426104959507]
[0.4181612331485467, 0.5896105428121172]
[0.4385168457886702, 0.5678346160390269]
[0.4587270409581266, 0.5460383006668345]
[0.47878145964147534, 0.524243566206412]
[0.49867103163203064, 0.5024712516651136]
[0.5183877196839024, 0.4807413411029682]
[0.5379243171196705, 0.45907315965919276]
[0.5572742981715707, 0.43748550071057335]
[0.5764317190744944, 0.415996691972081]
[0.5953911664795283, 0.3946246069087367]
[0.6141477482585771, 0.37338662738317874]
[0.6326971203947456, 0.352299563643959]
[0.6510355425861936, 0.33137953823139155]
[0.6691599546180226, 0.31064184084792057]
[0.6870680656408599, 0.29010076146471125]
[0.7047584493568315, 0.2697694087325298]
[0.7222306398098521, 0.2496595200241375]
[0.7394852249798592, 0.22978126813527677]
[0.7565239385630622, 0.21014306788550052]
[0.773349753949244, 0.190751383759803]
[0.7899669881455595, 0.17161053757808575]
[0.8063814268177456, 0.15272251330217523]
[0.8226004842357464, 0.1340867548555737]
[0.8386334132111495, 0.11569995259534732]
[0.8544915796176185, 0.09755581512791822]
[0.8701888134005932, 0.07964482566349929]
[0.8857418428659026, 0.06195398603778496]
[0.9011708114460172, 0.04446655665697802]
[0.9164998662626485, 0.02716180648866584]
[0.9016574121556044, 0.012640290065022208]
[0.8857650535756185, -0.0030199610912315378]
[0.868981995097562, -0.019656363570117352]
[0.8514323168075478, -0.03714248755864347]
[0.8332134585757757, -0.05537889698491977]
[0.8144030667633431, -0.0742858697594651]
[0.7950644566811559, -0.09379769825499223]
[0.7752509322270752, -0.11385829952603771]
[0.7550091715242935, -0.134417900990638]
[0.7343818516880902, -0.15543059706683912]
[0.7134096542629149, -0.17685259266518719]
[0.692132767022459, -0.1986409633069695]
[0.670591976672939, -0.22075277431972296]
[0.6488294286374933, -0.24314441856692354]
[0.6268891128538729, -0.2657710574474435]
[0.6048171175464735, -0.28858608481630676]
[0.5826616764223882, -0.3115405765131642]
[0.5604730197862964, -0.33458273528190013]
[0.5383030283570656, -0.3576573862111111]
[0.5162046819505469, -0.38070561484782806]
[0.4942312952322778, -0.40366466255301325]
[0.4724355402901432, -0.4264681965227122]
[0.4508682706004373, -0.4490470525625264]
[0.4295771815073397, -0.47133050773444474]
[0.4086053656928951, -0.49324808168182427]
[0.38798984427772026, -0.514731797726157]
[0.36776017067960926, -0.5357187684012554]
[0.3479372111052613, -0.5561539165639233]
[0.32853219990224425, -0.5759926127535302]
[0.3095461494899968, -0.5952030083811818]
[0.29096966525965945, -0.6137678734304245]
