[0.9991728774286437, -0.0012528432390744304]
[-0.0034374644249297592, -0.988095161134585]
[-0.9985395602568545, 0.0018450072061297895]
[-0.02333891077102908, 0.9715136323039032]
[0.9991728774286437, -0.0012528432390744304]
[-0.0034374644249297592, -0.988095161134585]
[-0.9985395602568545, 0.0018450072061297895]
[-0.02333891077102908, 0.9715136323039032]
[0.9991728774286437, -0.0012528432390744304]
[-0.0034374644249297592, -0.988095161134585]
[-0.9985395602568545, 0.0018450072061297895]
[-0.02333891077102908, 0.9715136323039032]
[0.9991728774286437, -0.0012528432390744304]
[-0.0034374644249297592, -0.988095161134585]
[-0.9985395602568545, 0.0018450072061297895]
[-0.02333891077102908, 0.9715136323039032]
[0.9991728774286437, -0.0012528432390744304]
[-0.0034374644249297592, -0.988095161134585]
[-0.9985395602568545, 0.0018450072061297895]
[-0.02333891077102908, 0.9715136323039032]
[0.9991728774286437, -0.0012528432390744304]
[-0.0034374644249297592, -0.988095161134585]
[-0.9985395602568545, 0.0018450072061297895]
[-0.02333891077102908, 0.9715136323039032]
[0.9991728774286437, -0.0012528432390744304]
[-0.0034374644249297592, -0.988095161134585]
[-0.9985395602568545, 0.0018450072061297895]
[-0.02333891077102908, 0.9715136323039032]
[0.9991728774286437, -0.0012528432390744304]
[-0.0034374644249297592, -0.988095161134585]
[-0.9985395602568545, 0.0018450072061297895]
[-0.02333891077102908, 0.9715136323039032]
[0.9991728774286437, -0.0012528432390744304]
[-0.0034374644249297592, -0.988095161134585]
[-0.9985395602568545, 0.0018450072061297895]
[-0.02333891077102908, 0.9715136323039032]
[0.9991728774286437, -0.0012528432390744304]
[-0.0034374644249297592, -0.988095161134585]
[-0.9985395602568545, 0.0018450072061297895]
[-0.02333891077102908, 0.9715136323039032]
[0.9991728774286437, -0.0012528432390744304]
[-0.0034374644249297592, -0.988095161134585]
[-0.9985395602568545, 0.0018450072061297895]
[-0.02333891077102908, 0.9715136323039032]
[0.9991728774286437, -0.0012528432390744304]
[-0.0034374644249297592, -0.988095161134585]
[-0.9985395602568545, 0.0018450072061297895]
[-0.02333891077102908, 0.9715136323039032]
[0.9991728774286437, -0.0012528432390744304]
[-0.0034374644249297592, -0.988095161134585]
[-0.9985395602568545, 0.0018450072061297895]
[-0.02333891077102908, 0.9715136323039032]
[0.9991728774286437, -0.0012528432390744304]
[-0.0034374644249297592, -0.988095161134585]
[-0.9985395602568545, 0.0018450072061297895]
[-0.02333891077102908, 0.9715136323039032]
[0.9991728774286437, -0.0012528432390744304]
[-0.0034374644249297592, -0.988095161134585]
[-0.9985395602568545, 0.0018450072061297895]
[-0.02333891077102908, 0.9715136323039032]
[0.9991728774286437, -0.0012528432390744304]
[-0.0034374644249297592, -0.988095161134585]
[-0.9985395602568545, 0.0018450072061297895]
[-0.02333891077102908, 0.9715136323039032]
[0.9991728774286437, -0.0012528432390744304]
[-0.0034374644249297592, -0.988095161134585]
[-0.9985395602568545, 0.0018450072061297895]
[-0.02333891077102908, 0.9715136323039032]
[0.9991728774286437, -0.0012528432390744304]
[-0.0034374644249297592, -0.988095161134585]
[-0.9985395602568545, 0.0018450072061297895]
[-0.02333891077102908, 0.9715136323039032]
[0.9991728774286437, -0.0012528432390744304]
[-0.0034374644249297592, -0.988095161134585]
[-0.9985395602568545, 0.0018450072061297895]
[-0.02333891077102908, 0.9715136323039032]
[0.9991728774286437, -0.0012528432390744304]
[-0.0034374644249297592, -0.988095161134585]
[-0.9985395602568545, 0.0018450072061297895]
[-0.02333891077102908, 0.9715136323039032]
[0.9991728774286437, -0.0012528432390744304]
[-0.0034374644249297592, -0.988095161134585]
[-0.9985395602568545, 0.0018450072061297895]
[-0.02333891077102908, 0.9715136323039032]
[0.9991728774286437, -0.0012528432390744304]
[-0.0034374644249297592, -0.988095161134585]
[-0.9985395602568545, 0.0018450072061297895]
[-0.02333891077102908, 0.9715136323039032]
[0.9991728774286437, -0.0012528432390744304]
[-0.0034374644249297592, -0.988095161134585]
[-0.9985395602568545, 0.0018450072061297895]
[-0.02333891077102908, 0.9715136323039032]
[0.9991728774286437, -0.0012528432390744304]
[-0.0034374644249297592, -0.988095161134585]
[-0.9985395602568545, 0.0018450072061297895]
[-0.02333891077102908, 0.9715136323039032]
[0.9991728774286437, -0.0012528432390744304]
[-0.0034374644249297592, -0.988095161134585]
[-0.9985395602568545, 0.0018450072061297895]
[-0.02333891077102908, 0.9715136323039032]
