0.038887898309664826
0.039306351311254935
0.039924102444959905
0.04041958025362171
0.039025103886226715
0.04038718401609242
0.03984631045262614
0.04007460561615446
0.03895226862644109
0.03940890635180024
0.03941148482201101
0.039472590193285556
0.04139015660944102
0.03933462874881782
0.03939203549526338
0.04089514066476732
0.04279583628234662
0.03935083455710443
0.03944980875569337
0.04144332451593782
0.041654065715039254
0.03948559423814956
0.03914038120014896
0.04099874929475173
0.03954159990391199
0.03972762830056119
0.03938327032517511
0.039375860574011996
0.04008501372893298
0.04244729876260091
0.03967561751757566
0.039105596711406974
0.03969254538557669
0.0389203856353617
0.04025891488708215
0.04215159821948001
0.03889562394589382
0.038955742541947974
0.04131374498001254
0.03995345688097302
0.03937092713226831
0.04133154068679656
0.04213350789447135
0.040086731851930804
0.03926944155807944
0.04526731708249667
0.040193447474966164
0.039747096244507646
0.04497810181078103
0.040967944020026396
0.039476353821090264
0.03917496682063124
0.042597588348578914
0.039344257920460736
0.0394679497692133
0.03965152476158075
0.03941821825774257
0.039410507705815924
0.03938783840598684
0.039975583077295845
0.03987410578124164
0.043195637254537345
0.039054275189168694
0.03889895921036711
0.043176204459651514
0.04249650904878808
0.040564754743928004
0.03918806687773405
0.03991268852496444
0.03925046263561206
0.039205005189826
0.03923018756872391
0.039888306089325115
0.03915660846210522
0.03970783694659578
0.03980344992294383
0.041851989144129215
0.04026221841043045
0.04152531908233471
0.0401414245626891
0.039654481014259266
0.03890935561066554
0.03935460175458505
0.04033638594816771
0.04110681204137572
0.03995924397487044
0.04073094771282014
0.039758827118780704
0.039861515757010295
0.03973086517874247
0.0390584903464927
0.040195210115999754
0.039484088108761924
0.039927389557180115
0.041505422815864196
0.03920231736853723
0.040443409356231697
0.03972289401489848
0.0391577846605816
0.03972621941132225
