0.0482328352056615
0.06770293404009413
0.08230535648803933
0.09433825060483308
0.10469802942410099
0.11384665187854981
0.12205928278118645
0.12951537130361823
0.1363395671808887
0.14262268632217023
0.14843351643663708
0.1538259517146251
0.1588435412314118
0.1635225039878478
0.16789377969148295
0.17198444145582276
0.17581866791303782
0.17941840106993512
0.18280377541085935
0.18599337951684825
0.18900439655328477
0.19185266036115886
0.19455265724345064
0.1971174984557951
0.19955888401854102
0.2018870742687607
0.20411088136396613
0.206237688766165
0.20793197010800585
0.2094190595529609
0.21075575479349712
0.21198569888134958
0.21314274287258034
0.21425356322842126
0.2153396463712636
0.21641876725771259
0.21750607842843941
0.21861490567826758
0.21975732472884854
0.22094457398169495
0.22218734286423894
0.22349596347739392
0.22488052475044876
0.2263509225516285
0.227916855687283
0.22958777602654165
0.23137280073736038
0.23328059543816942
0.23531923853393982
0.23749607862711883
0.2398175981361968
0.24228929659705925
0.24491560615638452
0.2476998493006729
0.2506442450008967
0.2537499646000726
0.25701723357798534
0.26044547054472444
0.264033451124717
0.26777948225619064
0.27168157199734516
0.2757375810346804
0.279945344322391
0.2843027541092304
0.2888077984900774
0.29345855210088456
0.29825311734192683
0.303189515391501
0.3082655262026334
0.3134784756777858
0.3188249663511927
0.3243005452604622
0.3298992993844165
0.3356133652932465
0.34143233596594935
0.3473425450013115
0.35332620837800677
0.3593604093265583
0.36491512548204796
0.37004016523772537
0.37474694691876664
0.37904674946187333
0.38295188450572737
0.38647624588020435
0.3896356533704587
0.3924479908160138
0.39493314816839853
0.397112787672135
0.39900996480399104
0.40064864390214977
0.40205315511263495
0.4032476418299851
0.4042555451238721
0.40509916366893545
0.4057993156283743
0.40637511493660744
0.4068438609317598
0.4072210293394314
0.4075203453624316
0.4077539162762691
0.40507090406117574
0.4024096378988434
0.39977608829230116
0.39717608014592465
0.3946154016550407
0.39209987319215284
0.38963537147461363
0.3872278082480423
0.3848830664323979
0.38260690002201
0.3804048068320104
0.37828188524238937
0.37624268722596726
0.37429108004448114
0.37243012805209175
0.37066200417301276
0.36898793803487684
0.36740820471105606
0.3659221548241364
0.3645282836237691
0.363224333762712
0.362007424007795
0.3608741941767592
0.3598209553253069
0.3587513999971314
0.3576901387070579
0.35664771627015157
0.3556315741558671
0.3548475412772218
0.3541754837135361
0.3535888618326585
0.3530668533182437
0.35259310962054186
0.3521546816068758
0.3517411463943988
0.35134392199261716
0.35095573905179966
0.35057023640690105
0.35018165101912646
0.34978457891744136
0.34937378972465083
0.3489440824738975
0.34849017444575364
0.3480066176967078
0.34748773989522136
0.3469276071281461
0.3463200065832754
0.3456584465655359
0.34493617032083673
0.34414617884146254
0.34328125649092867
0.3423339922313433
0.34129678876456054
0.34016185223144246
0.3389211563314522
0.3375663767310697
0.3360887941595121
0.3344791672680693
0.33272757876200904
0.3308232601983511
0.3287544020560469
0.3265079563336557
0.3240694393435945
0.3214227430454781
0.31854996474852626
0.31543126779606856
0.31204479017825054
0.3083666237559313
0.3043708931789014
0.30002996911883206
0.29531485271330354
0.29019576413522347
0.284642955447424
0.2786277466900567
0.27194647570421115
0.2646850443437424
0.2568730363032337
0.24852114793843133
0.24040153484341836
0.23251238958494655
0.22490169655537018
0.2176156154000807
0.21069700126260701
0.20418420043879454
0.19810966711894645
0.19249859200312275
0.18736773992575573
0.18272467458701827
0.178567503394889
0.17488520707023747
0.17165853640795747
0.16886137789557637
0.16646242811292167
0.1644269870654137
0.1627186869136416
0.16130100907285327
0.16013849662076335
0.1591976259077314
0.15844734963201118
0.15785935708917476
0.1574081146738903
0.1570707534463977
0.15682686475604654
0.15665825371200945
0.15654868710864886
0.1564836596122202
0.1564501910027503
0.15643665870839318
0.15643266392108574
0.15642892605169897
0.15641719876676344
0.15639020083070623
0.15634155591213397
0.15626573689817805
0.15615801169459262
0.15601438870128526
0.1558315610154618
0.1556068489289688
0.15533814055478878
0.15502383060622174
0.15454287644314155
0.15396436032417013
0.15329670608918108
0.15254593243298942
0.151935200034472
0.15140235683109937
0.15091828520091957
0.15046168612885452
0.15001673482588643
0.1495713931505956
0.14911620835081846
0.14864346066864606
0.14814655715034
0.14761959860232876
0.14705706940890462
0.1464536164381351
0.14580389473394198
0.14510246536971802
0.14434373576980403
0.14352193579962622
0.14263112458321903
0.14166522376585888
0.14061807312361263
0.13948350428148718
0.1382554280416137
0.1369279306112262
0.1354953739888369
0.13395249600221606
0.1322945060262762
0.1305171732207877
0.1286169051495831
0.12659081578095477
0.12443678302985278
0.12215349712110894
0.11974050211691448
0.1171982340171048
0.11452806003311826
0.11173232513394747
0.10881441395499301
0.10577883878200584
0.10263136755020677
0.09937920932439438
0.09603127779202889
0.0925985545134036
0.08909457079442555
0.08553601681163026
0.0819434646616011
0.07834215318505675
0.07476272208445156
0.07124170008585776
0.06758069112222029
0.06388639119817476
0.06031740542433732
0.05695684613206328
0.05476152545912368
0.053267616949513825
0.05224510585670722
0.05155905392035741
0.05110468545569808
0.05080524473032977
0.050606825100792785
0.05047267120673813
0.05037820739085316
0.05030719273568814
0.050248962755673594
0.050196550061352305
0.050145450240547874
0.0500928319525692
0.05003703880995952
0.04997727608842723
0.04991341123280496
0.049845842895021863
0.04977541049543549
0.049703327213941495
0.04963112584336526
0.04956061058581494
0.049493809741446335
0.04943292512098997
0.04938027449377876
0.04933822389937758
0.049309107512583376
0.049295134133337255
0.04929828129939979
0.04932018035447455
0.049361998259960384
0.04942432411191699
0.04950706976775377
0.04960939430148516
0.04972966094891123
0.04986543277149635
0.050013509731925566
0.05017000574825479
0.05033046023002347
0.050489975250041286
0.050643367381239805
0.05078532260638513
0.05059117132610452
0.05025612195025908
0.04980076424648147
0.04923667331382476
0.04895012972050069
0.04872916168658083
0.048550580172487416
0.04839928865636896
0.048265628807219185
0.048143709087665805
0.04803034272166209
0.04792435250924738
0.047826087653825775
0.047737054474538895
0.04765959937223464
0.047596606422143375
0.047551188632418515
0.047526364547613435
0.04752472246829841
0.04754808399964463
0.04759718687225279
0.04767141313687505
0.047768591583823995
0.047884901288767226
0.04801489591993568
0.04815165640696481
0.048287064623656235
0.0484121756869793
0.04851765434120172
0.04859423403860981
0.04863315680417484
0.04862655734899945
0.04856776454637525
0.04845150507411603
0.04827400557712494
0.048032999475018094
0.04772765165852733
0.04735841865528823
0.04692686381892528
0.04643544740935897
0.04588731082617022
0.04528607331095922
0.044635658447316866
0.04394016671661891
0.04320380882707954
0.042430911828946524
0.04162600524988988
0.04079398666385972
0.039940354487524636
0.03907148025610193
0.03785888259652987
0.036476508147595406
0.03502364783762612
0.03353891322773651
0.0325603248798707
0.03196521157018697
0.031533621815159125
0.031210839280887404
0.030964805091086442
0.03077786327733118
0.030640497335580753
0.03054703619749932
0.0304929946149382
0.03047365952442558
0.030483561945447234
0.030516520180241844
0.030565992931224428
0.030625540918153293
0.03068925963039778
0.03075210644878931
0.03081009481660115
0.030860362223946076
0.03090113761851523
0.030931640599038596
0.030951943573401582
0.03096282273906358
0.030965616950063623
0.030962106830301383
0.030954420587975765
0.030944968082340023
0.030936400754790448
0.030931591962917712
0.030933629981226323
0.030945814457705514
0.03097164651291579
0.03101480305155859
0.031079087330479482
0.03116835041852405
0.03128638176752975
0.031436771356873776
0.03162275022480443
0.03184701994722426
0.03211158403294479
0.03241759470127783
0.032765226873006856
0.0331535876935178
0.03305218312283496
0.03278645533119624
0.03238394812954126
0.03186021955323103
0.03173814733899971
0.03171031803047059
0.03173999602673877
0.031803564818051105
0.03188619857235058
0.03197891142203233
0.032076558348902495
0.03217646318964389
0.03227744908758315
0.03237912598017316
0.03248134722843951
0.032583787074927886
0.03268561655054028
0.032785271308573755
0.03288031341495944
0.032967392472216465
0.03304231113571534
0.033100197110007
0.033135778675063086
0.03314375402021569
0.033119236489839894
0.03305824884456267
0.032958230765425006
0.032818516354861854
0.032640733705558284
0.03242907791107832
0.03219041293620978
0.03193416679544333
0.03167199836761529
0.031417232590957335
0.031184083294604675
0.030986708609105407
0.030838170588527117
0.030749394166317102
0.03072823464819986
0.030778761031848324
0.030900840705940024
0.031090071584239456
0.03133805924421143
0.03163299180535553
0.031960435287708526
0.03230426208393908
0.03264763251863471
0.03297396660335804
0.03326786114804494
0.03351591965623761
0.03339970699661256
0.03305814132148168
0.03262897712694411
0.03214257262839649
0.03202050829921234
0.03205799663357304
0.032148486355547505
0.03226355515705798
0.032384925671059474
0.03250101385423119
0.032604634209806076
0.032691516126964366
0.03275935459259022
0.03280719981068298
0.03283505704010383
0.03284361605326491
0.03283406186892111
0.03280793882358791
0.03276705214131075
0.032713397750229765
0.03264911432293363
0.03257645291641839
0.03249776012586441
0.03241547085608631
0.032332106856670983
0.03225027710568502
0.03217267597164388
0.03210207488128727
0.03204130308159536
0.031993213171213994
0.03196062757384052
0.031946263200148525
0.03195263329804102
0.03198192791845187
0.032035877376147576
0.03211560624958772
0.032221488379948315
0.032353015447327896
0.032508692489842145
0.03268597280842389
0.03288124196350653
0.033089856264562255
0.03330623585588385
0.03352400700837561
0.03373618338039936
0.03393537251982651
0.03368091975768471
0.033244335987571184
0.03264497425707492
0.031889400207598055
0.03153891677601517
0.03126873248879524
0.03104998207278063
0.03086358769661089
0.030697374433465655
0.030544114279979436
0.030400192528388346
0.03026466985909645
0.03013858190873203
0.030024370640082645
0.02992538078673387
0.029845383555495434
0.02978811178170985
0.029756808057620317
0.029753801200088296
0.029780137007646246
0.029835295917544902
0.029917031706011135
0.030021360626826935
0.03014271898651467
0.030274290103539346
0.03040848137446197
0.03053751228220544
0.030654058287683448
0.030751886494638742
0.03082641814660323
0.030875160143464524
0.030897961257714497
0.030897066252047484
0.030876960226241756
0.03084401424175672
0.030805960221917224
0.030771237512521254
0.030748264791706757
0.030744698622188045
0.030766742924391483
0.03081857093935593
0.030901912134667118
0.031015841313869544
0.031156787697885643
0.031318760960434164
0.031493772453622136
0.03167241563962891
0.03184456082055095
0.0320001145904315
0.03212979188022157
0.03187051928218398
0.031392586682162056
0.03081518889877009
0.03016826346126385
0.029823310399716387
0.029645225266502522
0.02949135459372942
0.029340766491267482
0.029186471685490423
0.029029379365596956
0.02887427885605466
0.02872721677583762
0.02859383722239307
0.02847841544784741
0.02838341296369112
0.028309426173543865
0.02825541449106875
0.028219098432215834
0.028197426981798984
0.028187031579714854
0.028184609426540483
0.02818720612919783
0.028192391637864384
0.02819834065463
0.028203838407313157
0.028208235919447974
0.028211377578801735
0.02821351987311565
0.02821525518352115
0.028217449530991628
0.028221198715049196
0.028227803586399793
0.028238762277848488
0.028255775013853093
0.028280755547629068
0.028315842284845183
0.02836340174139506
0.02842601718959573
0.028506456231551867
0.028607612637687782
0.028732420068710733
0.02888373811057321
0.029064214106198322
0.02927612715718854
0.029521222935907872
0.029800549199476903
0.029618937087275955
0.02930489976697609
0.02887732886665468
0.02834521401389524
0.02823591144749905
0.02822108784481276
0.028264450278026362
0.028342511870280515
0.028440473780193296
0.028549387591275354
0.028664221627798022
0.028782528731070834
0.028903498940491778
0.029027253459450977
0.029154291575010198
0.029285041793636307
0.02941949556365526
0.029556919420668307
0.02969565145238967
0.02983299238638498
0.02996520173172768
0.030087606287341907
0.03019482269389503
0.030281088076375497
0.030340683702550632
0.03036842665388133
0.030360194772417595
0.030313441904988695
0.03022765510548465
0.030104704161456775
0.029949037285524692
0.029767685162856213
0.029570048392592214
0.029367460092753598
0.029172535426107513
0.028998342321482705
0.0288574513801409
0.02876094518080727
0.028717483453601027
0.02873252527925093
0.028807797963889492
0.02894107375774498
0.02912627502596156
0.029353885534699326
0.029611610950972568
0.029885212730868096
0.03015943731840939
0.030418972292636976
0.030649375276417975
0.030837933156863173
0.0306414691469492
0.03023405246921343
0.029742271051902535
0.02919596576546782
0.029010327898360933
0.029008436416243257
0.029062869318680264
0.029146577220178594
0.029242820001504976
0.029341350111990894
0.029435934723981268
0.029522804182663353
0.029599707004222268
0.029665348452163377
0.029719064658085565
0.02976063659358608
0.02979018357455682
0.02980809974737172
0.029815012819544975
0.02981175444524121
0.029799337709660482
0.02977894028131251
0.029751893011335188
0.02971967383812742
0.029683906362410077
0.02964636174450573
0.029608961838126346
0.029573780814306092
0.02954304200415604
0.02951910635210393
0.029504448785750283
0.02950161905226966
0.02951318422768806
0.029541651244149657
0.029589369430663145
0.029658415182082603
0.02975046331628367
0.029866652193116343
0.03000745189037768
0.03017254624474826
0.03036073997516445
0.03056990113881188
0.030796946761837436
0.031037875833291935
0.031287849394738325
0.031541312815562175
0.031363135166298205
0.031034375307830698
0.030572015432109998
0.029981178951270337
0.029760485321316296
0.029589912828351304
0.029447416366244775
0.029318849637392046
0.029195620114344324
0.02907313527293097
0.02894976071680372
0.02882609079336908
0.02870439515209414
0.028588151183212646
0.028481606449328935
0.028389341025421906
0.028315819995555522
0.028264942986376683
0.028239611278038274
0.028241343521377124
0.028269977455364918
0.02832349593164119
0.028398009899061716
0.0284879185632942
0.02858624888683794
0.02868515552926077
0.028776541757587003
0.028852745339648333
0.02890722368503079
0.028935170816815483
0.028934004905310912
0.02890367760010212
0.028846773102650547
0.02876838359387447
0.028675766446496036
0.028577806443032334
0.02848432240156719
0.02840527180197758
0.028349918494563454
0.028326035917518897
0.028339219344750408
0.0283923735046529
0.028485425712307923
0.02861529101850986
0.028776088781656037
0.028959584720584575
0.0291558133741945
0.029353825009301282
0.029542497481049094
0.029711354407121048
0.02950723724877838
0.02909633854107457
0.02859813264364329
0.028038277910228164
0.027807024113498096
0.02772484363933263
0.027658837234642894
0.027586111078207062
0.027498054731693942
0.027394318346145353
0.027278908008489505
0.02715767560646084
0.027036721382079177
0.026921417410200706
0.026815877485096732
0.026722759069808994
0.026643308257439335
0.026577568063184336
0.026524676718504645
0.02648319251271043
0.026451396380880676
0.026427540836879662
0.026410030837457583
0.026397536093445362
0.02638904385912425
0.026383866262744148
0.02638161758568431
0.02638217570419619
0.026385639290463475
0.026392289202420222
0.026402559352375385
0.026417019550682822
0.026436370501063167
0.026461449291536817
0.026493242336155805
0.026532901721295105
0.026581760252750445
0.026641340169119083
0.026713350493791546
0.02679966837287703
0.0269023005222875
0.0270233220952979
0.027164791847265852
0.027328644318268636
0.027516561714438413
0.02772983004160846
0.027506951118083923
0.027169381596728815
0.02673158521133634
0.026198734908971982
0.026094222557754967
0.026077297719632932
0.026114412099433076
0.02618378833185979
0.026271632094085735
0.026369539571499092
0.026472742554252554
0.026578906588891293
0.026687278891783243
0.02679805085840592
0.026911851580555125
0.027029326049263693
0.027150777769691506
0.027275872905305396
0.027403413691619555
0.02753119411987504
0.027655951873955358
0.02777342805264611
0.027878540964794824
0.02796567275875053
0.028029058358542015
0.028063255819887965
0.028063666772905106
0.028027066350092854
0.0279520952854606
0.02783966392518551
0.027693219484853204
0.027518834226236123
0.02732508303446786
0.027122693687193666
0.026923971550822903
0.026742022263400014
0.02658982054906488
0.026479198709503195
0.02641985036346382
0.02641845729254087
0.02647804314160437
0.026597633714019835
0.02677226255272292
0.026993312046997273
0.027249137371084784
0.02752589362054785
0.027808479175190675
0.028081516762118855
0.028330309695739547
0.028541725964578026
0.028358674637357726
0.027972010470406688
0.027503451745226056
0.026980700837195563
0.02680579364014071
0.026804817303423812
0.02684844514429004
0.026913026610861757
0.026985208552712667
0.027057807516097113
0.02712718271110785
0.027191620962950455
0.027250378840103638
0.027303143791937937
0.02734975802640939
0.02739010198708504
0.027424068663835264
0.02745158331580963
0.027472639964211377
0.027487338315866472
0.02749591349214506
0.027498756583288986
0.02749642717419069
0.027489660231643898
0.02747936974642839
0.027466650833618888
0.027452781013425777
0.02743922038017923
0.027427609463576128
0.027419762867938784
0.027417656282000383
0.027423404215390634
0.027439225874900792
0.027467396985641407
0.02751018612742494
0.027569775311923124
0.027648166044845147
0.027747073908190357
0.027867816590668382
0.028011202043546988
0.028177424746831232
0.02836597863587705
0.028575594822226595
0.028804210734309343
0.02904897477132125
0.029306287267120812
0.02914918167340386
0.028866651749425137
0.028473469628121407
0.027973460919822248
0.027827802962440067
0.027719958423632667
0.027629927656116438
0.02754518684174457
0.02745843584554946
0.02736612793970894
0.027267499250563258
0.027163898696139104
0.02705828260811801
0.026954784338255953
0.02685830278010834
0.026774079258233222
0.02670725273900328
0.026662400580205334
0.026643086654710976
0.02665145021233504
0.026687876050063238
0.02675078788371874
0.02683660104750969
0.026939857660825114
0.027053548591002622
0.02716960475375948
0.027279519194384868
0.02737504453040225
0.02744890028906188
0.027495422578045086
0.027511094067907284
0.027494904007216808
0.027448503898954698
0.02737614242340926
0.02728438143000312
0.02718161216014792
0.027077406709045414
0.026981753788081472
0.02690423962844948
0.026853243242092265
0.026835218338318458
0.02685412983563978
0.02691109978665794
0.027004296325802535
0.027129073114008397
0.027278340585366025
0.027443128949321403
0.0276132892933093
0.027778273332348374
0.02792793205120419
0.027717913160730617
0.02732006846985078
0.026846194285697813
0.026318991114794736
0.02613521621169274
0.026095921037294776
0.026071795073264157
0.02603944539476892
0.02598945937048642
0.0259205182321519
0.0258356552265169
0.025739894758067202
0.02563877130726631
0.025537425931991424
0.025440101199255608
0.025349921603685127
0.025268878159701916
0.025197950394585646
0.025137307834410986
0.025086542211486384
0.025044892826740064
0.025011440035258542
0.024985253954990225
0.024965495627063957
0.024951475079097188
0.024942674933576218
0.02493874979938919
0.024939511392483103
0.024944907881368942
0.024955003951960916
0.02496996596461225
0.024990054595865945
0.025015625647983326
0.02504713831178612
0.025085169073285486
0.025130428630488966
0.025183778599297907
0.02524624441089719
0.02531902062651997
0.025403464923866352
0.025501077260448035
0.025613461215787753
0.025742265274422683
0.025889102835576747
0.026055450997673046
0.026242529613932034
0.026012811813820213
0.025681608881330156
0.025261392207876758
0.024755521402413105
0.024669450688817138
0.024659211793037802
0.02469511455272997
0.02475798934201376
0.024835741807251125
0.024921036065769165
0.025009749181411967
0.02509992487537536
0.025191036579814384
0.025283435109254057
0.02537790424801505
0.025475281900108556
0.025576128573184143
0.02568044141768369
0.025787422531752244
0.025895315933198187
0.02600132932124554
0.026101655121722876
0.026191600805342146
0.026265831498436056
0.026318718927310032
0.026344780398391363
0.026339180753286423
0.02629826027039219
0.02622004366799654
0.026104680931325036
0.025954770481036626
0.025775519525554114
0.02557470512094539
0.02536241213173261
0.02515054073377964
0.024952096419390574
0.02478029967754515
0.0246475795635096
0.0245645417839636
0.02453902124287893
0.024575333049545903
0.024673818515064186
0.02483074370624119
0.02503855616946808
0.025286454810544312
0.025561192350063978
0.02584801611647837
0.026131658998151404
0.026397309618821824
0.02663150939284117
0.02647382803226053
0.02612256019755496
0.025695391994045323
0.025216898592024587
0.025078581075420294
0.025096214452890207
0.025146833826189388
0.02520894975516172
0.02527156932175519
0.025329772786713296
0.025381948943323854
0.025428119363866346
0.025468958358330258
0.025505254038605533
0.025537647376072288
0.02556654250375171
0.025592116323887585
0.025614378443912334
0.025633249037319474
0.02564863485333452
0.02566049312306033
0.025668879820977344
0.025673982931759452
0.025676143496867497
0.025675867833436575
0.02567383398164067
0.02567089460210925
0.025668077536954038
0.025666584268068678
0.025667785663410256
0.02567321374769624
0.025684547792989967
0.02570359281450291
0.0257322485973694
0.025772467693181905
0.025826201427543452
0.02589533385073141
0.02598160470884783
0.026086523832428696
0.02621128070012382
0.026356654154619262
0.026522928114480822
0.026709819431042173
0.026916423623867522
0.027141183024858476
0.027381879930623968
0.027221306148432683
0.02695348322605618
0.026591322504519618
0.026137505162825224
0.026033371250794267
0.02596224606348735
0.02590455641582051
0.025848209031788538
0.025786293074120333
0.025715594254699055
0.02563562636601196
0.025547973626302272
0.025455803502143975
0.02536345721037393
0.02527605929221844
0.025199113321921422
0.025138071390673745
0.025097882499138403
0.02508254010590102
0.02509466137679065
0.025135138840485516
0.025202907471447704
0.025294865330850173
0.025405973560113232
0.02552954310104392
0.025657693878406954
0.02578195101670895
0.025893925513551283
0.025986016196369924
0.02605206685895905
0.02608791693344542
0.02609179459898191
0.026064516006421304
0.026009471358823193
0.025932396244594338
0.025840943668309774
0.025744087965869845
0.025651405833415637
0.025572291564173295
0.025515172286519623
0.02548679286417114
0.025491637165093953
0.025531541230417457
0.025605534775863185
0.025709923032146618
0.025838595590421686
0.02598352736570455
0.026135422206428827
0.02628444264666385
0.026420968028401055
0.026206819188205582
0.025822210182288613
0.025369788137292366
0.024870126961242276
0.02471629577442911
0.02470136838264007
0.024699344684088836
0.02468793076786092
0.02465808547775684
0.024608368243424567
0.024541410381064714
0.024461729249242295
0.024374381925127364
0.02428415673853025
0.02419512435039906
0.02411043767858476
0.024032304299086756
0.023962072381337768
0.02390038195442883
0.023847342604745494
0.023802708394236535
0.02376603069765929
0.02373677883795756
0.02371442592856057
0.023698502704121202
0.023688625308694103
0.0236845043342145
0.023685942351429953
0.023692826252815435
0.0237051193555935
0.023722856700727487
0.02374614552669682
0.023775171601580134
0.023810211007745285
0.023851646096218506
0.023899983648166607
0.02395587277638109
0.02402011974770267
0.024093696690922345
0.02417774106604084
0.02427354281361254
0.024382516292963965
0.02450615448104294
0.02464596347065901
0.024803376108336484
0.024979644671667398
0.024753001819643784
0.024435771702075195
0.024039444850822968
0.0235665388089346
0.0235020511624331
0.023502429244402608
0.023541204935541512
0.023601470351024872
0.02367268481812714
0.02374856638931418
0.02382570660641282
0.02390264406940538
0.0239792164968994
0.024056074492220622
0.024134285749186007
0.024214990528059473
0.024299091740232915
0.024386978518912795
0.02447829236657204
0.02457175087544718
0.02466504626927517
0.02475483506200841
0.024836831311894784
0.02490600958305685
0.024956915210921013
0.024984069402704232
0.024982445973896112
0.024947986288248496
0.02487811054378361
0.024772178161170597
0.02463184857691834
0.024461296611229533
0.024267243675413813
0.024058777067797507
0.02384694425184678
0.023644127433847164
0.023463226224570626
0.023316702236317967
0.023215566639188112
0.023168414403673777
0.023180619094845735
0.02325379204631342
0.0233855770195362
0.02356980197864655
0.023796956722264687
0.024054923783985112
0.024329869772963888
0.02460720551476564
0.024872538644577738
0.02511256162427578
0.024970000752699367
0.024646879379344757
0.02425566178646845
0.023817668616132243
0.023715368171257443
0.023752141044124014
0.023813594800016304
0.023879501069037308
0.023940316174995653
0.023992525503333046
0.024035784954480065
0.02407121497310105
0.024100417532075116
0.02412494492734767
0.024146050369618335
0.02416461113784553
0.024181151689670173
0.02419591761808529
0.024208967859070143
0.02422026494420805
0.02422975243273172
0.024237415339725007
0.024243323695254167
0.02424766172388367
0.024250746019380782
0.024253036004254058
0.024255139333555213
0.02425781404162101
0.024261968342915222
0.024268658199384553
0.02427908211369382
0.024294572125455712
0.024316579688648466
0.024346655003491795
0.02438641847696089
0.024437523302798515
0.02450160868510962
0.024580243961596977
0.02467486476773925
0.024786703342483053
0.024916715996197377
0.025065511503961364
0.025233284604981955
0.025419758753221004
0.02562414169452489
0.025845096338126317
0.025675553149373934
0.025412004430686502
0.025066021380679874
0.024639486003907213
0.024561218218626345
0.02451345098620103
0.02447687171187866
0.024439637801046802
0.024395034841073988
0.02433997274697173
0.024274015273163124
0.02419873046712125
0.0241172187031392
0.024033723809107163
0.023953267347989787
0.02388127155260079
0.023823156466760878
0.023783913769792536
0.023767674481968978
0.023777300020611264
0.023814034717169644
0.023877261246887833
0.0239643970097811
0.024070958869173355
0.02419080685515938
0.024316557035901933
0.024440133217335198
0.02455340989590564
0.024648887533273524
0.024720336998511505
0.024763352869940487
0.024775764150466957
0.024757864215409518
0.02471243772075475
0.024644579165274495
0.024561314608228073
0.024471053899774286
0.024382915156443235
0.024305975523236767
0.02424851148940111
0.024217296547239364
0.024217021878767113
0.024249895626960036
0.024315458338231385
0.024410628736781403
0.024529969318994156
0.024666139954230774
0.024810493010964035
0.024953756283167032
0.025086748600747385
0.024875817883280367
0.024509121030388475
0.024080940317738626
0.02361008992393657
0.023481795019863153
0.023484482831468128
0.023496720632902007
0.023497950516357956
0.023480026751844605
0.023441822034913767
0.023385915923019297
0.023316578914178036
0.02323855445810034
0.023156342772134592
0.023073811832430235
0.02299402800852915
0.022919234078080032
0.02285092129700016
0.022789954054457072
0.022736715097134128
0.022691248107744824
0.02265338270780719
0.02262283424125995
0.02259927648655609
0.022582389504474543
0.022571887220487526
0.02256753034065524
0.022569130179253338
0.02257654830139205
0.022589695860115375
0.022608535358429282
0.022633086438290418
0.022663436274790543
0.022699754274794898
0.022742310056958277
0.022791493119015734
0.022847832163551844
0.022912011735699626
0.022984883605909
0.023067470192779063
0.023160957258464315
0.023266673128940738
0.023386051816348636
0.02352057769096995
0.023671709821909755
0.0238407848445815
0.023616600661379262
0.0233106440898169
0.022933764611786856
0.02248801135269856
0.022441536867028457
0.022451443385177787
0.0224935259549712
0.022552514183582804
0.022619039584638772
0.02268766207540324
0.022755589776757422
0.022821831741150187
0.022886609212232692
0.02295091372217597
0.02301614427436965
0.023083786433117957
0.02315511749687454
0.02323093678200758
0.02331133002117243
0.023395482923794453
0.023481561596175298
0.023566677102970276
0.023646948207170285
0.023717670498691956
0.023773592070398912
0.023809286193429223
0.023819600924024683
0.023800155347531732
0.023747843488105668
0.02366130098922586
0.0235412874194762
0.02339093894268785
0.023215852100434854
0.02302396928095414
0.022825249800431633
0.022631127384978734
0.02245377540761776
0.02230522527174686
0.02219640902661822
0.02213622015991674
0.02213069943813539
0.022182448164498377
0.022290345469434272
0.02244960273724791
0.022652138040806014
0.02288721067505567
0.023142231206071014
0.02340365846013689
0.023657906262476065
0.023892200364970993
0.023755289301380628
0.023451876815368547
0.02308810552024827
0.022682345452842423
0.022608572194596034
0.022659734629150677
0.02272978328393819
0.02279943418330128
0.022860161802841943
0.022909382673230127
0.022947549796854736
0.022976448067899474
0.02299822959167045
0.023014903382443257
0.023028103480534995
0.023039024560896675
0.02304845287527878
0.023056844776813686
0.023064421726267336
0.023071262752826855
0.023077384191208344
0.023082802736087163
0.023087581851742943
0.023091863779958904
0.023095890270382054
0.02310001516324043
0.023104711459548816
0.023110574794935036
0.02311832447020785
0.023128802488626532
0.023142970458928346
0.023161903767906257
0.023186782117348995
0.023218875364713103
0.023259523612036898
0.023310110658585553
0.023372030268274294
0.023446645189074182
0.023535239465736407
0.023638965254148422
0.02375878599779834
0.02389541836915909
0.024049275710005553
0.024220415733587203
0.024408494917179835
0.02461273130548622
0.02443514437380168
0.02417343396841094
0.02383826920267005
0.023431051027091906
0.02337100619843121
0.02333956969944315
0.023317858959454204
0.0232943593510979
0.023262569447068355
0.02321949779195671
0.023164700206155145
0.023099642670012212
0.023027245935261387
0.022951517659419163
0.022877212360509127
0.022809484349176536
0.022753517948382637
0.0227141351968207
0.022695394992143018
0.02270020926857252
0.022730010390017267
0.022784507985950223
0.022861571524706352
0.022957266339535865
0.02306605625328546
0.02318116746969328
0.023295089071691425
0.023400168515667973
0.023489248519632456
0.023556286161539798
0.023596896068947635
0.023608766558400326
0.023591909142799374
0.02354871641460774
0.023483819455602083
0.02340375241650399
0.02331644788017012
0.02323060141361831
0.02315495660435565
0.023097571743374727
0.023065134487884238
0.023062389373150798
0.023091733542465142
0.02315301868700428
0.023243574282787834
0.023358442962767564
0.02349079789472528
0.02363249766267571
0.02377472722553924
0.02390867252962381
0.023704441554737738
0.023357014263352266
0.02295340786895917
0.022510878148246663
0.02240591261828004
0.022422776726036577
0.02244574805707941
0.022456078729526822
0.022446621889420947
0.02241668619377614
0.022368924775613377
0.022307472369942318
0.02223684153885899
0.022161289024829712
0.022084482160318327
0.022009361164016552
0.021938128620727453
0.021872317194417144
0.02181289913736183
0.02176041066845442
0.0217150724652511
0.021676894676557517
0.02164576083632069
0.02162148962994131
0.02160387657731268
0.021592719483980036
0.02158783222709513
0.021589051384391655
0.02159623966196445
0.021609289257609108
0.02162812737639798
0.021652725203454685
0.02168311080113998
0.021719385668565152
0.021761744093994798
0.02181049394461503
0.021866077162790865
0.021929087956006107
0.022000286458243763
0.022080605483191438
0.022171147869758736
0.022273171835492794
0.022388061719490822
0.0225172815527012
0.022662309105258314
0.022824548516992442
0.0226004710562592
0.022301618364745073
0.02193830056766958
0.02151223364067603
0.021479087492987048
0.02149597412435437
0.021540256946778646
0.021597829185533882
0.02166018228600912
0.02172251891225959
0.021782540740487657
0.02183965289311209
0.021894414345321633
0.02194812591784565
0.022002490371968574
0.02205930861977927
0.022120196553951546
0.022186321303063423
0.022258165482474324
0.022335334141496976
0.022416422070981313
0.022498959168029145
0.022579448809857853
0.02265350885413686
0.02271611728276433
0.022761955185910534
0.0227858295555444
0.022783148280356075
0.022750411006840828
0.022685673319281646
0.02258893891755077
0.02246243565342958
0.022310736493039354
0.02214069544980301
0.02196118095273078
0.021782604824069417
0.021616264058995627
0.021473534668523846
0.021364980497186725
0.021299461500262705
0.02128333946525387
0.02131987785851842
0.02140891224251748
0.021546830434791817
0.021726856046244646
0.021939587753884587
0.022173720161944185
0.022416864298494633
0.02265639325128236
0.02288025343201662
0.022743898113894687
0.022454622769826415
0.022111775860685613
0.021731207522887725
0.02167891625157985
0.021739742772354024
0.02181515294038297
0.021886733022078463
0.021946795771406295
0.021993458110376885
0.022027723077853823
0.02205179860506184
0.022068165234141086
0.02207909545818103
0.022086444169208956
0.022091598437609387
0.022095515560124443
0.02209880359455321
0.02210181538640425
0.02210473882970211
0.0221076743941497
0.02211069659649084
0.022113899634581716
0.022117429321223424
0.02212150421114545
0.02212642881728495
0.022132601388817695
0.02214051810820456
0.02215077490898176
0.02216406750676901
0.02218118971682061
0.022203029722146682
0.022230563665734945
0.022264845774323652
0.02230699418426242
0.02235817173484772
0.02241956121798324
0.022492334911699288
0.022577618651348323
0.022676451162166458
0.022789739830759666
0.022918214460303156
0.023062380761677513
0.02322247531676308
0.02339842347089129
0.023589801067965762
0.02340605723001526
0.02314574939333067
0.02281892292558432
0.022426704428969775
0.02238040524286263
0.022361052321839953
0.022350329603752717
0.022337125169433748
0.022315188889928575
0.022281644526623373
0.02223604238064969
0.022179737552158067
0.022115451241231265
0.022046922442093712
0.021978591545991397
0.021915281490559074
0.02186186023835416
0.021822883096601572
0.021802226010898474
0.021802731708400566
0.021825898762980515
0.021871648045949064
0.021938200267540234
0.02202209161741967
0.022118342186670577
0.022220775496237844
0.02232246965932508
0.022416304392417097
0.02249555578361054
0.022554484032057665
0.0225888588147576
0.02259637210931929
0.022576898166992636
0.022532573554455242
0.022467685415081942
0.022388372168869623
0.02230215685105534
0.022217348415100265
0.022142359737085098
0.022085001507964164
0.022051816925517182
0.022047521117949137
0.022074600140325862
0.022133107366090986
0.022220672534771405
0.022332714836592972
0.022462830875787494
0.022603314487648702
0.022745759039592434
0.022881692471726844
0.022684588090006525
0.022355280777456847
0.021974393521241198
0.02155779692211495
0.02147363159217862
0.021501955700711433
0.021533392776485607
0.021550862139968482
0.02154814475340673
0.021524966282510504
0.02148406601421173
0.02142946919304439
0.02136548330367335
0.0212961366931006
0.021224894089473215
0.021154548133188292
0.02108722140328311
0.021024433625683278
0.02096720164061056
0.02091614917528142
0.020871611122475084
0.020833723333456355
0.020802493931193017
0.02077785581693881
0.020759702451464922
0.02074791031839891
0.020742351960199776
0.020742903365744504
0.02074944900222969
0.020761887096261547
0.020780137003941095
0.020804149750060456
0.02083392211331599
0.020869514016624045
0.020911068462578047
0.020958832835602216
0.02101318006672649
0.021074627908428397
0.021143854374093666
0.021221707235499182
0.02130920532161668
0.02140752921244975
0.02151799878016292
0.02164203492986479
0.021781102899096204
0.021936634686937972
0.021711152049383918
0.021416440926486837
0.021062308345264874
0.020650195881358302
0.020626590507394238
0.020648117923499257
0.020693312461544294
0.020748947503673305
0.020807175550928054
0.020863702323597254
0.02091662244717967
0.020965660354420705
0.021011648602032012
0.021056137744129823
0.021101073984076183
0.02114850944305814
0.0212003296345307
0.02125799652937842
0.021322315125623815
0.02139323759362153
0.02146972227171172
0.021549665205032726
0.021629919633054717
0.021706413969703357
0.02177437167174849
0.021828627478523273
0.021864024614366876
0.021875867691040073
0.021860397378882533
0.021815246554780336
0.021739834495961723
0.021635656326079115
0.021506429474481212
0.0213580671887119
0.021198460817935885
0.02103706741046874
0.0208843169998294
0.02075087442428873
0.02064681230855157
0.020580771820510626
0.020559200899195485
0.020585759949855932
0.02066096858076417
0.020782134827630597
0.02094356754020786
0.021137034027368298
0.021352398502964904
0.021578366837608283
0.021803267533841535
0.022015811289901967
0.021877788695290102
0.021599242193981287
0.02127275086029248
0.020912061647651154
0.020876021753581234
0.020942991288437553
0.02102117279426192
0.02109299117174357
0.021151498975430037
0.021195383934254828
0.021226059823142365
0.0212460210354742
0.02125794976357382
0.021264268819023328
0.021266956299558666
0.02126751022419122
0.021266993595640188
0.021266116316957705
0.021265327219187665
0.021264900825233586
0.021265011205367182
0.021265790356233168
0.021267371613383962
0.02126992021772776
0.02127365375415991
0.021278855141607902
0.02128588046362625
0.021295163385749143
0.021307217334325876
0.021322636081342963
0.021342092925572365
0.02136633829786244
0.021396195354646742
0.02143255296324861
0.021476355428720315
0.021528588365774856
0.021590260276354408
0.021662379639991406
0.02174592763493369
0.021841826944648337
0.021950907416959802
0.022073869574932417
0.02221124707340892
0.022363369107030327
0.0225303234805696
0.022711920559941715
0.022523403845046922
0.02226422535169761
0.021943955255609292
0.021563553141684674
0.021527863250884953
0.021517634347718976
0.021515171348590944
0.021509794381266337
0.021495523312312862
0.0214696129669775
0.02143162459168098
0.021382820173330746
0.021325739282623313
0.021263867953130032
0.021201342772167665
0.0211426567078788
0.02109235037029733
0.021054686039755025
0.021033313317690573
0.021030945071400388
0.02104907001289353
0.021087732731409254
0.021145412072249823
0.021219023583657584
0.02130406139296621
0.02139488051166739
0.021485104361060908
0.021568126855401482
0.02163766607601695
0.02168831910494834
0.02171606571511934
0.021718672217270175
0.021695955081041333
0.021649875861230333
0.02158445325713634
0.021505493692662494
0.021420157675386565
0.021336394515943213
0.02126229178116559
0.021205396743326138
0.021172073218694385
0.021166956539076614
0.02119256057743531
0.02124907398824525
0.02133436057660344
0.021444155251087414
0.02157242702113149
0.021711867279274235
0.02185445596287852
0.021992058507356173
0.021801156067188063
0.02148778837681159
0.021126810777886484
0.020732882035008397
0.020666634461021495
0.02070393968259466
0.02074195607485357
0.020765073280198453
0.02076788021147114
0.020750455990157634
0.02071559961180393
0.020667221764617588
0.020609428881113532
0.02054602486022369
0.020480269470371803
0.0204147957219207
0.020351623646425166
0.02029222835460777
0.0202376333129648
0.0201885091151865
0.020145265207093727
0.020108127632341804
0.020077200096767847
0.02005250862125416
0.020034031922976356
0.020021720638087718
0.020015508799967843
0.020015320827323786
0.02002107683186367
0.020032698459703038
0.02005011682827312
0.020073283473836842
0.02010218462352809
0.020136858574077206
0.020177415509622904
0.020224058726364975
0.020277105946550453
0.020337009184169964
0.02040437144829017
0.02047995841141959
0.020564703004799192
0.020659700713121718
0.020766193127681295
0.020885537104966045
0.021019156726934416
0.02116847526863726
0.02094101673835179
0.020648765005153703
0.020301046385782087
0.019899063053413327
0.01988231154393472
0.019906729245519637
0.019951814761131167
0.020005064736748367
0.02005917431901563
0.02011026102012904
0.020156738546959478
0.020198586382360776
0.020236850088239083
0.020273268804391377
0.02030996770921917
0.02034918100444846
0.02039299003190483
0.02044307441570418
0.020500483375440495
0.02056544047452192
0.02063719844311938
0.020713961461083702
0.020792890421746923
0.020870202296888588
0.020941368032743216
0.021001404919012024
0.021045249844017563
0.021068190258507882
0.021066321120439522
0.021036989664784393
0.02097918643489508
0.020893841204933806
