0.0023264063919765
0.00599694021640296
0.009444900578376283
0.012590319332008541
0.015470278485806878
0.01811368264903586
0.02054367585892027
0.02277959854931671
0.02483821403194246
0.026734509914473032
0.028482249764653446
0.030094365119584073
0.031583234621999225
0.03296087548758382
0.034239062006991554
0.03542938111325792
0.03654323346642527
0.03759178848538582
0.03858590238061081
0.03953600896606291
0.040451993539780975
0.0412629193510005
0.04195954751781197
0.04255018103665884
0.043043131332866365
0.043446524206874206
0.04376814068162069
0.04401529718166843
0.04413511398998359
0.044115329520833454
0.04401886423996925
0.04386815452711144
0.04367932529238777
0.043463945845114295
0.0432303742219323
0.04298475435229929
0.0427317405972934
0.042475017405326734
0.04221766904858698
0.04196244115915175
0.04171192435107505
0.041468681203208124
0.04123533116594103
0.04101460318057597
0.04080936257820382
0.04062261682716302
0.04045750365926524
0.040317264801702606
0.040205208763213346
0.040124666648362374
0.040078945562419366
0.040071284573672775
0.0401048181964106
0.04018255178962329
0.04030735208545577
0.04048195435037227
0.04070898564633819
0.04099100158491052
0.04133053215406413
0.041730130889617106
0.042192420994091824
0.042720131977785104
0.04331612089314803
0.04398337305827402
0.04472497809324068
0.04554407791534834
0.04644378389359085
0.04742706054506907
0.04849657291780316
0.04965449414121986
0.05090226856791165
0.052240324544676184
0.05366772926273367
0.055181776587652144
0.056777497723182406
0.05844708487989131
0.06017922129149877
0.061958319316818805
0.06354167865439116
0.06480801722464954
0.06577950518703356
0.06646596783503969
0.06688030995376751
0.06703865988152324
0.06696025123656188
0.06666711569703469
0.0661836040731216
0.06553576719520002
0.06475064099898824
0.06385548975421272
0.06287706572709392
0.061840941205677666
0.06077095939082176
0.059688835361173205
0.05861391978367646
0.05756311961521491
0.056550954831489635
0.055589720263374984
0.054689717527005514
0.053859523129448916
0.05465744102278766
0.05516219961268897
0.05576372601403696
0.05645698810727812
0.05723686008232533
0.058098208170047586
0.05903594126945052
0.05998339713368656
0.06089838875532976
0.06177748421854746
0.06256552640914317
0.06322339293268082
0.06375410085776619
0.06416040151981171
0.06444477626482285
0.06460944627639482
0.06465640089377517
0.06458744653027042
0.06440427584177418
0.06410855441192453
0.0637020201397158
0.06334060188772797
0.06305138522772297
0.06282669655173827
0.06273651794997617
0.06274557557270985
0.06284250509065238
0.06301381149876556
0.06324618362965656
0.06354076879105766
0.06386427778555859
0.06420433274486824
0.06455254035782504
0.06490333880926985
0.06525313162841707
0.06559965842052402
0.06594154680359794
0.06627799576812914
0.06660855055426776
0.0669329391863759
0.06725094945050517
0.06756233194374799
0.06786671998335544
0.06816356092822275
0.06845205612992505
0.06873110852480767
0.06899927795562025
0.06925474476524987
0.06949528210639905
0.06971823684342243
0.06992051801375981
0.07009859075066006
0.07024847257526369
0.07036572828362365
0.07044545948219348
0.07048228527459674
0.07047031166574619
0.07040308880311903
0.07027355701657043
0.07007398452755094
0.06975444513908872
0.06929994546858322
0.06870126447266682
0.06794935076474701
0.06703537616865249
0.06595081248093469
0.06468754102421687
0.0632380055156236
0.06159541903731944
0.05975403464621862
0.05770948543880147
0.055459193062073385
0.05300283425745138
0.05034284584170944
0.047499940816503244
0.044492275012244675
0.04131949203552081
0.03800288389732542
0.03482979476645426
0.0319453589986609
0.029332946788304337
0.026978039877207732
0.02486234422355168
0.022982098319646573
0.021331079552685418
0.019900555525793867
0.018679369552183564
0.017654177853494088
0.016809825957806092
0.016129829427732487
0.015596911129937214
0.015193543947952576
0.014902452825486839
0.014707040862069237
0.014591717900546695
0.014542123854467933
0.014545250834729167
0.014589476783683593
0.014664528497111444
0.014761393911449006
0.014872203002886684
0.014990094354875033
0.015109081137425618
0.015223926524375448
0.015330034924082539
0.015417751823978284
0.015466939087536742
0.015494302682910223
0.015511327681503833
0.015514643038701465
0.01552251851169657
0.01554758342386958
0.015585780878016446
0.01563346410340633
0.015687370511258684
0.015744597910100043
0.015802581683660107
0.015859072355867507
0.015912113389018434
0.015960019316356676
0.016026296042259386
0.01608586216889907
0.016142870607018543
0.016195377289617837
0.016246794975011677
0.01631232275266663
0.016381909669918582
0.016450711810021022
0.016515767233050198
0.016575329376579497
0.016628410995031383
0.016674472616264743
0.016713208461711
0.01674439760567147
0.016767799032374565
0.016783076888388218
0.016789747399304323
0.016787142302747294
0.01677438578256275
0.01675038317289204
0.01671382042156526
0.01666317365459025
0.016596728295631673
0.016512607150658543
0.016405310295356863
0.016264984658528315
0.01608869554820056
0.015873708547951962
0.015617583407749134
0.015318264581435957
0.014974165873185534
0.01458424700460176
0.014148080337589417
0.0136659064354075
0.013138677574549017
0.012568088709847968
0.01195659574044886
0.011307421233743557
0.010624548044522038
0.009912701499582892
0.00919057637335856
0.008465133503556245
0.007741702879264468
0.0070258374858974985
0.006323283805108679
0.005639948022692951
0.0049818482289831385
0.004355038218036223
0.0037654845703998015
0.0032188776491745585
0.0027162585730617023
0.0022559550737253587
0.0018490458242062086
0.0015025622379536796
0.001288734503066356
0.0011611810129433455
0.0010849167236584762
0.0010399075745229575
0.0010138294106157024
9.986261373799252E-4
9.892035322739232E-4
9.849459879046865E-4
9.872473043017747E-4
9.946948964297806E-4
0.0010019112487310727
0.0010085274378673736
0.0010145408183173954
0.0010200218556069077
0.001025076602564825
0.0010298289650929459
0.0010344139136263285
0.001038976123314583
0.0010436707789063997
0.0010486647193533654
0.0010541369606105646
0.0010602781152287335
0.00106728846743702
0.0010753745651191496
0.0010847442278528897
0.0010934375491432786
0.0010991563057837414
0.0011017213249493354
0.0011009485529574984
0.001096635191415084
0.0010885457631341384
0.0010781681492154445
0.0010704087091908151
0.0010664594957765098
0.0010663146794452918
0.0010698751818635237
0.0010769454381808076
0.0010872138956273935
0.0010999192881236601
0.0011146705070762338
0.0011310235797905876
0.0011484975912305151
0.0011544886872503805
0.001149852025551192
0.0011387859691719545
0.0011220170704056523
0.0011171063127301886
0.0011218972059603056
0.0011299841992062016
0.0011399966502107285
0.001151131405940226
0.0011629628238498373
0.0011751133597761318
0.001185208547211287
0.0011930632742788764
0.0011986508375106924
0.0012020770839680005
0.0012035543598309128
0.0012033732551936453
0.0012018715418786326
0.0011994007606030168
0.0011962917639543437
0.0011928212148636125
0.0011891815577960096
0.0011854572487704624
0.0011816099531468608
0.001177474916836
0.0011727697691134562
0.0011671156999561502
0.0011600694489977581
0.0011523766460763236
0.0011463541580272847
0.0011420387344216857
0.0011395192236489915
0.0011389443003144758
0.0011405200977213452
0.0011444979081529094
0.0011511533095829038
0.0011607589653866688
0.0011735538551565685
0.0011781324934297666
0.0011737762329539958
0.0011610413194692686
0.001140614903002492
0.0011132754975304209
0.0010798578317706001
0.001041224608149956
9.982467947032595E-4
9.517930075872407E-4
9.027273118454518E-4
8.519134217754563E-4
8.002219382054217E-4
7.386113039087942E-4
6.712798003133639E-4
6.031485148143039E-4
5.377656838774405E-4
4.960732827140502E-4
4.784341802376815E-4
4.7019010259808427E-4
4.6391253902157653E-4
4.5816497299385964E-4
4.561040707095874E-4
4.564237809425457E-4
4.58320205650924E-4
4.612365804300474E-4
4.643174823566423E-4
4.670668189313621E-4
4.690709365420219E-4
4.699649903036187E-4
4.6945097204190476E-4
4.699958668285426E-4
4.7128309312158506E-4
4.729435388668608E-4
4.7469522301730934E-4
4.763425183476335E-4
4.7777071742551394E-4
4.7893760064657265E-4
4.798636231002479E-4
4.806220763600805E-4
4.813302198657336E-4
4.8214199451252567E-4
4.8324257708611175E-4
4.848447341827426E-4
4.863434153366237E-4
4.8529658007574706E-4
4.8311760980199555E-4
4.8145939270039136E-4
4.8066592049202724E-4
4.810910372173274E-4
4.8309638310821494E-4
4.870473110358022E-4
4.923147676789683E-4
4.991594094526609E-4
5.078216238018481E-4
5.185114503198861E-4
5.313982520978487E-4
5.466006890130257E-4
5.641907217891155E-4
5.624568791507748E-4
5.459724932598096E-4
5.21631369096771E-4
4.907700119025411E-4
4.7385767061204723E-4
4.6616756449195727E-4
4.6160765278463863E-4
4.585009316587028E-4
4.558642505032273E-4
4.5315746014190313E-4
4.501244118017414E-4
4.466882385285538E-4
4.428789773265648E-4
4.3878077481444394E-4
4.346368858663771E-4
4.3215746530764193E-4
4.316561662421187E-4
4.333567937216156E-4
4.373750287118253E-4
4.425564118339543E-4
4.4749958306369175E-4
4.520439605823378E-4
4.5598257660640413E-4
4.5908572120655186E-4
4.6113127560359164E-4
4.6193973493394673E-4
4.6141090029160487E-4
4.5955834285227044E-4
4.5653726616501307E-4
4.5266154808711983E-4
4.4840665167128257E-4
4.4439669507275104E-4
4.4137600535091063E-4
4.4016753755285237E-4
4.416221576476739E-4
4.4656359132474506E-4
4.506438167264639E-4
4.522272651273985E-4
4.5163804231171915E-4
4.490024738448691E-4
4.442102873987681E-4
4.369010204320872E-4
4.3407880645240845E-4
4.3587435231354996E-4
4.4152141881844667E-4
4.501023131903956E-4
4.605929228691899E-4
4.7191526111195703E-4
4.8299733781517875E-4
4.928382019519406E-4
4.93327256704314E-4
4.860056404763797E-4
4.7635055616504864E-4
4.6109549466526596E-4
4.546266711436732E-4
4.528217679054638E-4
4.5164411368585946E-4
4.4908812160457894E-4
4.446397556421792E-4
4.381366677476243E-4
4.3120014839129694E-4
4.252644548876027E-4
4.209699283368019E-4
4.18191953628469E-4
4.1671639366947655E-4
4.163457095613457E-4
4.164896152141538E-4
4.1615960399950263E-4
4.155669152574592E-4
4.148772195446253E-4
4.142514968165066E-4
4.1384725071968173E-4
4.138198833831469E-4
4.1432404993980857E-4
4.1551483128731353E-4
4.175485709019207E-4
4.2058321830240554E-4
4.247780097807916E-4
4.285987123082872E-4
4.317779502958439E-4
4.3423315857803543E-4
4.3588238834590953E-4
4.3663561688451395E-4
4.3638453948919E-4
4.3499119297916696E-4
4.3296335127324505E-4
4.3271058110477844E-4
4.342632491014909E-4
4.375894063501104E-4
4.425869834668423E-4
4.4907810728325845E-4
4.5680627884044404E-4
4.654375130785205E-4
4.756218893415436E-4
4.8699491934908203E-4
4.99136582054994E-4
4.957980279415586E-4
4.801191359732316E-4
4.567919297274295E-4
4.26507490052229E-4
4.119092192705586E-4
4.071943223497715E-4
4.061097181419942E-4
4.072496820742697E-4
4.09748422510434E-4
4.1310838492887635E-4
4.170924182871223E-4
4.2165251654043424E-4
4.2508265889097544E-4
4.273375550989258E-4
4.285077480533129E-4
4.2874665538942495E-4
4.2823970352709267E-4
4.271743475138064E-4
4.2571209745924425E-4
4.2396420542767913E-4
4.219729805608831E-4
4.1970080158666684E-4
4.170287388487777E-4
4.1481587705775034E-4
4.139869539684453E-4
4.142113803899856E-4
4.15124608722146E-4
4.163657442373887E-4
4.176173425073279E-4
4.186430347707537E-4
4.1931835125598547E-4
4.196506007606154E-4
4.197848988833868E-4
4.199952065280586E-4
4.206611914174957E-4
4.222334636936757E-4
4.251909379993504E-4
4.2872842299768806E-4
4.2938687230442425E-4
4.244690963744625E-4
4.192100895981456E-4
4.160398139430169E-4
4.1514984490850505E-4
4.165425963950567E-4
4.2004001887990084E-4
4.253033106161866E-4
4.318626746462879E-4
4.3915616869229376E-4
4.4657628014150755E-4
4.535219240420192E-4
4.4952898955151845E-4
4.3766648511349323E-4
4.222950671185204E-4
4.058481122357313E-4
3.977389801638345E-4
3.9590214171548473E-4
3.9365113170852344E-4
3.9432051538459544E-4
3.972004543143052E-4
4.0079702036760495E-4
4.038077962033202E-4
4.0633858433538104E-4
4.0856241947750444E-4
4.1063813504281884E-4
4.126682882791648E-4
4.146861126599027E-4
4.166626931877198E-4
4.180440088345585E-4
4.1854618338335364E-4
4.181105436532896E-4
4.1705341959720677E-4
4.1645470090709085E-4
4.161277354763162E-4
4.159268229493817E-4
4.157499847752984E-4
4.155381292067482E-4
4.1527195195448653E-4
4.1496776958296504E-4
4.1467323316666903E-4
4.144635818846925E-4
4.144388164123021E-4
4.1304630191759957E-4
4.1109277161033644E-4
4.0893460345199964E-4
4.067858304288533E-4
4.048746305491336E-4
4.034446909751351E-4
4.027560345875585E-4
4.030849231699149E-4
4.048879403453406E-4
4.0862270034796444E-4
4.1455439975047727E-4
4.219997580794157E-4
4.3087495273019875E-4
4.413000308771986E-4
4.533627905840247E-4
4.494372952052691E-4
4.3338242464459906E-4
4.111686404195425E-4
3.8364529969668826E-4
3.692780238931773E-4
3.637060778020944E-4
3.6084877181989455E-4
3.5919658583422477E-4
3.5785426231421636E-4
3.5632369619663124E-4
3.543665361279358E-4
3.5191364967106795E-4
3.490021927064682E-4
3.457290051625334E-4
3.422139081995974E-4
3.385695098654461E-4
3.366142327877942E-4
3.3664979716626215E-4
3.388444634728639E-4
3.432573619854794E-4
3.4982869381278934E-4
3.5694713883407844E-4
3.637907556121124E-4
3.701136729676373E-4
3.7565040195156936E-4
3.801472959856027E-4
3.8339801641127763E-4
3.8527957646869877E-4
3.857847537065529E-4
3.850464215378999E-4
3.833498434032405E-4
3.8113022736562083E-4
3.789546843982007E-4
3.7748982045578334E-4
3.774580758166248E-4
3.7824171517781814E-4
3.789518205412422E-4
3.799759660033139E-4
3.815908385946755E-4
3.8168793572667607E-4
3.7912305976423337E-4
3.748753731197775E-4
3.7217938038920173E-4
3.733671893228098E-4
3.7785012799054904E-4
3.848864569950597E-4
3.936217559715239E-4
4.031367683351726E-4
4.125024480779706E-4
4.208402799643705E-4
4.192043341135304E-4
4.106778544499631E-4
3.99940602288703E-4
3.8448549923313216E-4
3.7661401559588336E-4
3.7445022882059623E-4
3.7343106117081263E-4
3.7149633727456583E-4
3.6826183799325757E-4
3.6462025006048324E-4
3.6123561918354163E-4
3.576868217055874E-4
3.536951178875096E-4
3.5000720983356415E-4
3.4764651235672813E-4
3.4643510020701215E-4
3.461911194663466E-4
3.4672779831899594E-4
3.470271637056911E-4
3.4695387753272617E-4
3.465704808013611E-4
3.4646498851222633E-4
3.4693741955683954E-4
3.4806825360996857E-4
3.4994199899842987E-4
3.5264817231954855E-4
3.5625863417283326E-4
3.5969136702823575E-4
3.6283367759534134E-4
3.655867641864625E-4
3.6786342601418396E-4
3.6958454765969413E-4
3.703383619437783E-4
3.699218381963368E-4
3.683112566782163E-4
3.672231862371882E-4
3.6747210305341523E-4
3.6918698413740967E-4
3.7246256293967485E-4
3.773508066735556E-4
3.838528429598304E-4
3.9191190247811453E-4
4.014078743778162E-4
4.1215405349706103E-4
4.23896579469664E-4
4.363169194176498E-4
4.3489048232085617E-4
4.232179785224186E-4
4.0599614312809867E-4
3.837295913377179E-4
3.740270190132196E-4
3.7216627683938817E-4
3.7262720751628323E-4
3.7435905798326034E-4
3.767255397201915E-4
3.79380041775566E-4
3.8218674367655763E-4
3.851675631634685E-4
3.884629746212661E-4
3.913917605607466E-4
3.931715066577563E-4
3.939903166112559E-4
3.9406485189742393E-4
3.936108309112732E-4
3.928149058096678E-4
3.918098092073925E-4
3.906549014207325E-4
3.8932428774084973E-4
3.877044848856089E-4
3.8560313156118733E-4
3.8276939074491145E-4
3.8028880246660874E-4
3.7839154511725494E-4
3.76718385828104E-4
3.7495529675804224E-4
3.72872314084811E-4
3.703556010143287E-4
3.674284429192181E-4
3.642581060322983E-4
3.611472951694984E-4
3.585109955065776E-4
3.5684135274439944E-4
3.5666455993173235E-4
3.5849425641895855E-4
3.61421149820539E-4
3.612479241060297E-4
3.5977612560130927E-4
3.5738534734113995E-4
3.542906114409251E-4
3.527436684329674E-4
3.5371622669583486E-4
3.5689113347939417E-4
3.618158021169995E-4
3.6793842453425915E-4
3.7465096422302133E-4
3.8133730508497354E-4
3.788832380647007E-4
3.6972074841000625E-4
3.578024997165207E-4
3.451752117638494E-4
3.400093589068279E-4
3.387198355337313E-4
3.365714621545788E-4
3.362265265029065E-4
3.373213479138562E-4
3.392932644045839E-4
3.4194785850849964E-4
3.4527290255903726E-4
3.485701299423326E-4
3.512997974820651E-4
3.5363126207037894E-4
3.556947370281128E-4
3.575759279616511E-4
3.5932220071260227E-4
3.6095529302647596E-4
3.621437099117355E-4
3.6248431190375363E-4
3.620377524128498E-4
3.616262101629887E-4
3.6131891949081E-4
3.610478579793542E-4
3.6076882300925534E-4
3.60461495424802E-4
3.601282239569789E-4
3.597922383656475E-4
3.5949583695485556E-4
3.579644689587104E-4
3.559515390650552E-4
3.535851736268314E-4
3.510031828861486E-4
3.483539787775785E-4
3.457979085401714E-4
3.4381081974600036E-4
3.426943459065042E-4
3.425947562205313E-4
3.4367086276206846E-4
3.460930913158742E-4
3.5004138930373816E-4
3.5570180831200114E-4
3.631700825093557E-4
3.714375667402419E-4
3.805520100205091E-4
3.7598565845907184E-4
3.6099437056233397E-4
3.4079217474551886E-4
3.1598134565019516E-4
3.040053759940372E-4
3.000997321679784E-4
2.9850630227541344E-4
2.979365723614553E-4
2.976208281923281E-4
2.9712553012444063E-4
2.9623876764106296E-4
2.9489539961340014E-4
2.931252521511595E-4
2.910146135845759E-4
2.886754400790006E-4
2.8621931306248673E-4
2.8373487451786633E-4
2.821272609152123E-4
2.8242420597465913E-4
2.847109423123011E-4
2.889677801534555E-4
2.9506463922820915E-4
3.0182659026849147E-4
3.0822817260566063E-4
3.140204745201545E-4
3.1895293594621566E-4
3.2280537061096266E-4
3.2542208725092726E-4
3.2674433859946586E-4
3.268368520574348E-4
3.2590437969499725E-4
3.2429514001720036E-4
3.2248961585909627E-4
3.2107513893161923E-4
3.207086205308625E-4
3.203109139766154E-4
3.1983791101890843E-4
3.196916726549815E-4
3.2018444754918835E-4
3.2149154909141137E-4
3.2180081013928505E-4
3.198784248732298E-4
3.1667932816852653E-4
3.17260244390328E-4
3.2112337739307673E-4
3.276203670014331E-4
3.359872368271074E-4
3.453862481376281E-4
3.5495490552862815E-4
3.638608161546526E-4
3.630147916719252E-4
3.5594608314941996E-4
3.4680136828141187E-4
3.331583093826963E-4
3.2592920224465557E-4
3.237993185187629E-4
3.2242947657683436E-4
3.199723713406551E-4
3.1780824369719696E-4
3.165160117663744E-4
3.156240357220398E-4
3.148371280016294E-4
3.1396104758440595E-4
3.1285890535227433E-4
3.114272970810544E-4
3.0958440231730676E-4
3.0802433133053013E-4
3.0731110647255175E-4
3.072726456807708E-4
3.0750272100357816E-4
3.0764171597312615E-4
3.07709947971723E-4
3.0774081144475485E-4
3.081360418711647E-4
3.093903891425677E-4
3.1127098149912784E-4
3.133318831634037E-4
3.154407081127291E-4
3.174766736532139E-4
3.193302364169147E-4
3.205528194037055E-4
3.2084513630481064E-4
3.201871419250759E-4
3.185647626778583E-4
3.17375569408697E-4
3.1700141392754905E-4
3.1759872699895414E-4
3.1931384361489875E-4
3.2227691988365436E-4
3.26595402206791E-4
3.3234730561033184E-4
3.3957461690373533E-4
3.482771854770164E-4
3.5840749199033897E-4
3.6986668327749464E-4
3.823547954777088E-4
3.8182947844330335E-4
3.715199926644994E-4
3.5706863090571617E-4
3.3888062744020863E-4
3.3135800018566954E-4
3.3058334842533797E-4
3.314861422688254E-4
3.331486890260841E-4
3.350243573525729E-4
3.3682798839343783E-4
3.3846677484793803E-4
3.399937070302332E-4
3.415729083018517E-4
3.4345053296184146E-4
3.457998741786405E-4
3.472413950410179E-4
3.480149239428655E-4
3.4836004551156997E-4
3.484880646617772E-4
3.485566624394186E-4
3.4864934443233777E-4
3.4876182172270285E-4
3.487973072176976E-4
3.4857230687522175E-4
3.4783376698590564E-4
3.4628735991323943E-4
3.4455031948233517E-4
3.4303637181333247E-4
3.4140485131149326E-4
3.393877905064876E-4
3.3682353122636594E-4
3.3368049100888556E-4
3.300677304014988E-4
3.262306073651537E-4
3.225317993167893E-4
3.1941990792839754E-4
3.1738933799200326E-4
3.169358865414049E-4
3.184102254196101E-4
3.201334358212702E-4
3.204732617583537E-4
3.198364206342642E-4
3.1848436163887885E-4
3.1652023493903436E-4
3.1574637175560134E-4
3.170517675094474E-4
3.200646195000714E-4
3.2431295953947386E-4
3.292631345927548E-4
3.343630032738646E-4
3.315551379837959E-4
3.2328635549136946E-4
3.1290663175695887E-4
3.0153971930629473E-4
2.9655476853455623E-4
2.950470979647671E-4
2.9268370645744687E-4
2.9199378470307774E-4
2.9238424899950816E-4
2.933181424416674E-4
2.9460168089951984E-4
2.962179988596531E-4
2.982245641185869E-4
3.006916454426996E-4
3.0360248500365473E-4
3.061243850775122E-4
3.083709987732655E-4
3.104295661909617E-4
3.123669300895691E-4
3.142381799376953E-4
3.160725376651418E-4
3.171570759457802E-4
3.175906044231651E-4
3.176968019415409E-4
3.1777450214003663E-4
3.178006506533148E-4
3.177667765917018E-4
3.1767906777440763E-4
3.1714730558733315E-4
3.157537259330904E-4
3.1385314524195155E-4
3.1153511212479897E-4
3.0889793589552106E-4
3.0604914101004573E-4
3.034253640521092E-4
3.0134763828754666E-4
2.9990012729205E-4
2.9917663486890014E-4
2.992814305917061E-4
3.003296067581797E-4
3.024467712886131E-4
3.057678899945841E-4
3.1043510252260186E-4
3.1659434794642646E-4
3.242676321760497E-4
3.3242839046236915E-4
3.285783904607826E-4
3.15536834452317E-4
2.980042211296608E-4
2.765779042156083E-4
2.669132427291365E-4
2.643800394047377E-4
2.637348766893388E-4
2.6390232832436774E-4
2.6424046813626034E-4
2.643881073315203E-4
2.6416990565718474E-4
2.63534936310424E-4
2.625144268005267E-4
2.611902856266949E-4
2.5966959968726054E-4
2.5806254751718717E-4
2.5646263783784753E-4
2.5492913573689756E-4
2.535938827046681E-4
2.5404974859729E-4
2.563046081723151E-4
2.602669183646894E-4
2.6574485369026024E-4
2.7118700520621056E-4
2.76145684542735E-4
2.803865438057577E-4
2.836937607830782E-4
2.859015110583046E-4
2.8692514473386817E-4
2.8678816410168814E-4
2.856410484508482E-4
2.8376862516800444E-4
2.815840143753076E-4
2.7960896380674615E-4
2.784422791849546E-4
2.7728358618531076E-4
2.760890562515659E-4
2.7526720623240094E-4
2.751559739486184E-4
2.7597655768297135E-4
2.7742438877212535E-4
2.772226541461144E-4
2.7523128568128594E-4
2.745477572803674E-4
2.7714362333346475E-4
2.8245638330230965E-4
2.898090323314915E-4
2.984460885831508E-4
3.0757611847564346E-4
3.1642016135143046E-4
3.1630977743527704E-4
3.1081532807490013E-4
3.034249812815414E-4
2.9160915339135384E-4
2.8556679948916255E-4
2.837025725591698E-4
2.821456712471709E-4
2.798375338418891E-4
2.7882570948900836E-4
2.784839892101916E-4
2.784613296330618E-4
2.785590864652097E-4
2.7865841495974364E-4
2.7867874468642275E-4
2.7855568812761857E-4
2.782309477242448E-4
2.776492851199004E-4
2.7675923126173444E-4
2.755814408377641E-4
2.749319681798828E-4
2.746549029933071E-4
2.745947366424174E-4
2.746009352109533E-4
2.745312936771524E-4
2.742778215320475E-4
2.745105576778169E-4
2.7509373415684194E-4
2.7589880825973974E-4
2.768049058148436E-4
2.772338334436194E-4
2.7694530166602664E-4
2.7590059091511977E-4
2.744932137516788E-4
2.734237138390315E-4
2.728220686828299E-4
2.7282206823076965E-4
2.735583319042252E-4
2.7516273116596286E-4
2.777602597182607E-4
2.8146443423551976E-4
2.863723495263784E-4
2.92559550687447E-4
3.000749180956171E-4
3.0893578506302987E-4
3.191235177494545E-4
3.3057977709472874E-4
3.3049891227854864E-4
3.218626566108251E-4
3.0887898183791024E-4
2.93001523645102E-4
2.86693090754593E-4
2.86404191353851E-4
2.8744126373670754E-4
2.889563315933494E-4
2.9044828164280604E-4
2.916600118327709E-4
2.925139442699358E-4
2.9306886960224867E-4
2.9348801534283665E-4
2.9401235907444354E-4
2.9493580043329687E-4
2.965804998726359E-4
2.979408834155365E-4
2.989150250237586E-4
2.997207466314563E-4
3.005276713668375E-4
3.0143681874410775E-4
3.024662034729325E-4
3.0354431513884736E-4
3.0451304790005124E-4
3.051410763168957E-4
3.0514777728003447E-4
3.042365778457454E-4
3.033803952964216E-4
3.024587756866106E-4
3.0119053100809417E-4
2.993861447789899E-4
2.9697272665719693E-4
2.940073108586996E-4
2.906764434611093E-4
2.872818300197972E-4
2.84213697277697E-4
2.819150666041111E-4
2.8084104022728693E-4
2.8101137484634316E-4
2.8150134571009084E-4
2.8289117323828267E-4
2.83245219237976E-4
2.828371043237832E-4
2.81800488627413E-4
2.805163581557295E-4
2.81117971253725E-4
2.833019700474111E-4
2.8666785493600805E-4
2.90751880252851E-4
2.950653033888702E-4
2.9232427325057126E-4
2.8518633314142004E-4
2.763963344607202E-4
2.655375604561038E-4
2.6083215661344206E-4
2.5913212767684937E-4
2.5668478351379705E-4
2.5607896981418634E-4
2.562899472589437E-4
2.5683958921731407E-4
2.575556644658142E-4
2.584253692221703E-4
2.5950580262966037E-4
2.6087054958384037E-4
2.6258005943308855E-4
2.6466796638333545E-4
2.6713789961390727E-4
2.694566475569507E-4
2.71665634579729E-4
2.7383561580132947E-4
2.7603278092191785E-4
2.7830510767078024E-4
2.799636594811052E-4
2.8111838509595877E-4
2.8189141302269584E-4
2.824172218130101E-4
2.82685214862444E-4
2.8231983419384226E-4
2.813676108332186E-4
2.798840811807592E-4
2.779331775232782E-4
2.7558706670574975E-4
2.72926439784199E-4
2.7047186508400486E-4
2.684496876027466E-4
2.6691702196981126E-4
2.65938816675203E-4
2.655888901053306E-4
2.659507665581209E-4
2.6711815979566867E-4
2.6919494840213574E-4
2.7229448393062216E-4
2.765380684121794E-4
2.8205243188997206E-4
2.8896603406666224E-4
2.9678515304386874E-4
2.938332918393747E-4
2.8263934404881906E-4
2.6755664898153617E-4
2.4897648344412234E-4
2.410575549219544E-4
2.3951205398784953E-4
2.395041231217824E-4
2.4011817941706114E-4
2.4081119860809715E-4
2.412813495354001E-4
2.4138709249985678E-4
2.4109521245860147E-4
2.404452401131427E-4
2.395228958812051E-4
2.3843832839293155E-4
2.3730690140038983E-4
2.3623157090172308E-4
2.3528673800320208E-4
2.345040124798869E-4
2.3386067618577834E-4
2.3456965143391358E-4
2.369027341527099E-4
2.4070865871465375E-4
2.451930317138616E-4
2.4933939160950123E-4
2.529298667413734E-4
2.557545010323763E-4
2.5763991486222124E-4
2.584787178126532E-4
2.5825617478692495E-4
2.570703980796339E-4
2.551427412398491E-4
2.5281613149247386E-4
2.5054064886019804E-4
2.4884743917305845E-4
2.4729041014512235E-4
2.4563363536883733E-4
2.442688361205838E-4
2.4353596601673028E-4
2.4367917228595873E-4
2.448102964770402E-4
2.450883382030845E-4
2.4423285073301663E-4
2.444366895269593E-4
2.4566861963384027E-4
2.495703366002288E-4
2.555571553431346E-4
2.6296463527943515E-4
2.7108530374354964E-4
2.7921078012679086E-4
2.7933209012931534E-4
2.749694479071078E-4
2.683294102412275E-4
2.579101893175961E-4
2.528825423635721E-4
2.5120195371944624E-4
2.4950485293811006E-4
2.4812176328503513E-4
2.477532833857171E-4
2.4786586264856575E-4
2.481819537158834E-4
2.4856212244055067E-4
2.489357002852336E-4
2.4926135171782075E-4
2.495062980230378E-4
2.4963705376240944E-4
2.496169603587995E-4
2.4940735457777577E-4
2.4897029204333493E-4
2.482715421639433E-4
2.472831581959499E-4
2.464996305195871E-4
2.4582986784482555E-4
2.451481589621148E-4
2.44336111180415E-4
2.4330323576948626E-4
2.4272532584251712E-4
2.4248289745035858E-4
2.4220830593588413E-4
2.4140732311858073E-4
2.4018843971010398E-4
2.3905492196167003E-4
2.3809662887103926E-4
2.374107702037307E-4
2.3710078057606498E-4
2.3727480412799126E-4
2.3804375452917065E-4
2.395189356140937E-4
2.4180923180402395E-4
2.450179028535931E-4
2.4923904248390946E-4
2.545537832210904E-4
2.610263482732513E-4
2.6870006342263723E-4
2.77593445367765E-4
2.8769647543997715E-4
2.8764706639625924E-4
2.800603133467272E-4
2.6871591112504574E-4
2.544582512158011E-4
2.490330055736691E-4
2.4906571493080626E-4
2.5020303472248227E-4
2.5165576304628446E-4
2.529586692242483E-4
2.538732232710372E-4
2.5432699025738334E-4
2.5437339877148666E-4
2.5416228248024953E-4
2.539155317560158E-4
2.539046415978737E-4
2.544285320851965E-4
2.5579106513419383E-4
2.572461889356732E-4
2.585122115322296E-4
2.597570496796219E-4
2.610887304187487E-4
2.625411931903364E-4
2.640668556667012E-4
2.655374336470232E-4
2.667540578149627E-4
2.674669983553986E-4
2.674042714628246E-4
2.668522456158824E-4
2.6629474968359654E-4
2.654619024548163E-4
2.641614639425748E-4
2.6230338895851977E-4
2.599143191013575E-4
2.571398030768315E-4
2.5423365507730737E-4
2.515356206315782E-4
2.4944004632905287E-4
2.48359233452292E-4
2.4786946324448624E-4
2.474190623529925E-4
2.4804333600987117E-4
2.4904118876906497E-4
2.4931530958769593E-4
2.4900775830440796E-4
2.4813376411286726E-4
2.484809868976619E-4
2.5031387782562203E-4
2.5328547221631863E-4
2.5698654000094685E-4
2.609792559553513E-4
2.585801021699906E-4
2.5265726351365517E-4
2.454267548007905E-4
2.3541261097513984E-4
2.3111627271766005E-4
2.2929640305724392E-4
2.273987209807776E-4
2.2700591486490157E-4
2.272224830358515E-4
2.2763575652398136E-4
2.2810177977333618E-4
2.2861634504527166E-4
2.2923700219610574E-4
2.3003699885453771E-4
2.3107991951822757E-4
2.3240791524577683E-4
2.3403868228108842E-4
2.3596770878638528E-4
2.3817324408294293E-4
2.404887196612185E-4
2.4286195129150697E-4
2.45361398997877E-4
2.4788397757985535E-4
2.4993451350750165E-4
2.5141194049939396E-4
2.522561609880271E-4
2.5248888302987723E-4
2.521402014979676E-4
2.512480496934853E-4
2.49857822312462E-4
2.480222786548275E-4
2.4580177581622515E-4
2.4350035692927038E-4
2.415544747773588E-4
2.400032502456213E-4
2.3889211310381496E-4
2.3827387375264687E-4
2.3820975037613517E-4
2.387702378898181E-4
2.4003569869119346E-4
2.4209654862449847E-4
2.4505290288917363E-4
2.4901353450651963E-4
2.5409398197808933E-4
2.6041362391133566E-4
2.6796305905281545E-4
2.6568575869868107E-4
2.559119560044981E-4
2.427385448899691E-4
2.2650660719422314E-4
2.1980886730679384E-4
2.189096315708777E-4
2.1928524699830362E-4
2.2013112453215248E-4
2.209743246168008E-4
2.2155669528160747E-4
2.2176337663397313E-4
2.2157713671341436E-4
2.2104720577089038E-4
2.2026597517971658E-4
2.1934975687910407E-4
2.1842158005578569E-4
2.1759515498197035E-4
2.16959887881925E-4
2.1656732232099138E-4
2.1641970344032018E-4
2.1646157224851592E-4
2.175927957231726E-4
2.201736251798689E-4
2.2388510016572248E-4
2.2741166912298614E-4
2.3055207059094395E-4
2.3310396040483438E-4
2.3488976716723022E-4
2.3578404937728872E-4
2.3573927437320444E-4
2.348065863412373E-4
2.3314833030834922E-4
2.3103991532321034E-4
2.2885994232262644E-4
2.2706914671019184E-4
2.2546302336138625E-4
2.236515313156402E-4
2.2199389427990872E-4
2.208139096198001E-4
2.203587076895799E-4
2.207637188245363E-4
2.2109851194645672E-4
2.2084991429859626E-4
2.2156253858923229E-4
2.2299174216312934E-4
2.256946866049844E-4
2.304250017243091E-4
2.3660724055198256E-4
2.4361897367204333E-4
2.508274367156778E-4
2.5091483029399277E-4
2.4734630617801855E-4
2.4119141109702218E-4
2.3179775880852874E-4
2.27488546521699E-4
2.258570628068758E-4
2.2399944030727397E-4
2.2320391159083385E-4
2.232174839734924E-4
2.2357086705033924E-4
2.2403426515785926E-4
2.245048581880255E-4
2.249411728975772E-4
2.253260902842415E-4
2.2564753719657478E-4
2.2588997716582363E-4
2.2603221582580193E-4
2.260485618437098E-4
2.259114276324622E-4
2.2559420113341943E-4
2.2507375625055264E-4
2.2433233914809922E-4
2.23358802024432E-4
2.2228448290279393E-4
2.2112760827871266E-4
2.1978981894384478E-4
2.1835620473594026E-4
2.173241786071925E-4
2.1632069765591957E-4
2.152916475276138E-4
2.1429499303576933E-4
2.1339574247273413E-4
2.126656582965282E-4
2.1218277873257294E-4
2.120307050067571E-4
2.1229761320205802E-4
2.1307495913429363E-4
2.1445585794350861E-4
2.1653313580785783E-4
2.1939706761373292E-4
2.2313282976576157E-4
2.278177098187896E-4
2.335181226054167E-4
2.4028648455235466E-4
2.4815799274616055E-4
2.571473423550071E-4
2.5709514166457703E-4
2.502394368945514E-4
2.401393786146555E-4
2.271137915362478E-4
2.2233364609100463E-4
2.225996761106203E-4
2.2382067286530146E-4
2.252615636929879E-4
2.2648916284988036E-4
2.2728020252425578E-4
2.2756432686312135E-4
2.273865296018162E-4
2.2687994570021696E-4
2.2624365072121435E-4
2.2572242611117537E-4
2.2558693163187392E-4
2.2611369780957058E-4
2.2756497767463806E-4
2.291664054383605E-4
2.306944854341879E-4
2.3225652256911165E-4
2.3389525541321922E-4
2.355811718548116E-4
2.3721197197625548E-4
2.3862021233947883E-4
2.3958956497806857E-4
2.398792428524621E-4
2.3937120215028026E-4
2.3889748857336656E-4
2.3821019695557965E-4
2.3712755360847943E-4
2.3555725416370458E-4
2.335111276129416E-4
2.311088935619936E-4
2.2857020121613326E-4
2.261957526619879E-4
2.2433977693946496E-4
2.2337712930594854E-4
2.2247971748667794E-4
2.2146162725886226E-4
2.2143626841120715E-4
2.2267722365965924E-4
2.234219885672762E-4
2.236739397427339E-4
2.2345882552274026E-4
2.2366959988458023E-4
2.2530052337022878E-4
2.2804435289861306E-4
2.3153379245835894E-4
2.3537119683588508E-4
2.3336731642875256E-4
2.2850940797847216E-4
2.224529349180077E-4
2.1326729225813043E-4
2.0934838246252602E-4
2.0743140215451086E-4
2.0601743410824112E-4
2.058388758332752E-4
2.061116076730372E-4
2.0648045334875745E-4
2.0682709394859156E-4
2.0715544178489273E-4
2.0752308118930198E-4
2.080012832115348E-4
2.0865327452532483E-4
2.0952426299106523E-4
2.1063886153269216E-4
2.120028556517056E-4
2.1360715036019957E-4
2.1543240515922604E-4
2.1745340023880157E-4
2.1964260002941288E-4
2.2197270045098155E-4
2.240233637528659E-4
2.254721354561276E-4
2.2633195707528526E-4
2.2662250880222464E-4
2.2636996947200967E-4
2.2560681334268223E-4
2.2437176297639805E-4
2.2270997397718143E-4
2.2067348314430923E-4
2.1877351884375232E-4
2.1720434943542377E-4
2.1599736947080735E-4
2.1518973805734394E-4
2.1482543484823577E-4
2.1495628208727263E-4
2.1564284260313803E-4
2.1695509732208503E-4
2.1897279828758946E-4
2.2178538227413512E-4
2.254913142373562E-4
2.3019670831039236E-4
2.3601304752980925E-4
2.4305379479130866E-4
2.412061624096979E-4
2.324724937850889E-4
2.2072894649856817E-4
2.062802880597706E-4
2.0045798369154E-4
1.9997250056597957E-4
2.0056265493705657E-4
2.0150423593091223E-4
2.0237565445890924E-4
2.0295141621622944E-4
2.0313725228752943E-4
2.0292883837697142E-4
2.0238367582000674E-4
2.0160005401799046E-4
2.006996146653044E-4
1.9981166430416277E-4
1.9905842743887862E-4
1.9854111103817726E-4
1.9832709104512122E-4
1.9843881914607188E-4
1.988452427989814E-4
1.9945666405095166E-4
2.0111701257325646E-4
2.0403220615154778E-4
2.0705582629851623E-4
2.0984649268202636E-4
2.1221228008623085E-4
2.1397658607703686E-4
2.1500327791683282E-4
2.1522113217945304E-4
2.146444561802242E-4
2.1338682799035966E-4
2.1166550354346773E-4
2.097951684188276E-4
2.0817116638877285E-4
2.067128451469241E-4
2.0495324455566726E-4
2.032128923029738E-4
2.0178972536106726E-4
2.0092096587862675E-4
2.0075007604168266E-4
2.010570796329921E-4
2.0120342793850763E-4
2.021662943907412E-4
2.0376858990428653E-4
2.0571531295753421E-4
2.094466421238655E-4
2.145955035182029E-4
2.2061806537870582E-4
2.269538560140382E-4
2.269178605767908E-4
2.2396079750154645E-4
2.1818640367801594E-4
2.0960593734891935E-4
2.0582657285784557E-4
2.041648765062206E-4
2.0226336895843252E-4
2.018447929325811E-4
2.0208324542481216E-4
2.0256006085386948E-4
2.030802068738563E-4
2.0356544880190914E-4
2.039927041116193E-4
2.0435969883203666E-4
2.0466726789885963E-4
2.049116674983557E-4
2.0508264721406098E-4
2.0516453329710597E-4
2.051385834296178E-4
2.0498557490163251E-4
2.046880754663305E-4
2.042321719066359E-4
2.036086327895441E-4
2.0281359053559884E-4
2.0184887162373943E-4
2.0072210593851075E-4
1.9944672517854757E-4
1.984456158721025E-4
1.974808281203785E-4
1.965301159559512E-4
1.9564133395899268E-4
1.9486801471670136E-4
1.9426921505834663E-4
1.939092286912325E-4
1.93857131040709E-4
1.9418612397862584E-4
1.9497265422154414E-4
1.9629528841733188E-4
1.982333389455793E-4
2.0086524561157743E-4
2.0426672794917873E-4
2.0850872900136548E-4
2.136551726179021E-4
2.1976055121979604E-4
2.2686734886371283E-4
2.3500328532269395E-4
2.3496490842586832E-4
2.286624565947995E-4
2.1949836555659733E-4
2.076455654211506E-4
2.0333778199778485E-4
2.0376993246120696E-4
2.0504990276346618E-4
2.0649215684852496E-4
2.0769271878759877E-4
2.0844215535464642E-4
2.0867184541621415E-4
2.08418789315633E-4
2.0780036698190202E-4
2.0699400500579935E-4
2.0621887836057257E-4
2.0571815287674514E-4
2.05741172336223E-4
2.0652557143532968E-4
2.082796556069826E-4
2.1000928093437533E-4
2.1171696980177367E-4
2.1344900862520086E-4
2.151881564499234E-4
2.1685231341598513E-4
2.1830038451280828E-4
2.1934583461393362E-4
2.197776754428643E-4
2.1938764202164167E-4
2.1889703319269766E-4
2.1823736752723185E-4
2.1724188773749036E-4
2.1582274679909507E-4
2.1398530480286495E-4
2.1183271274559032E-4
2.095598489946613E-4
2.07437144229803E-4
2.0578621185690323E-4
2.0495019965584122E-4
2.0376244763673095E-4
2.0240279961657328E-4
2.0198328117972328E-4
2.027596188416948E-4
2.0381232334137109E-4
2.044670842993771E-4
2.0475484228770212E-4
2.048627458986257E-4
2.0633782924492445E-4
2.0890418239571297E-4
2.122286571044373E-4
2.1594718764638457E-4
2.1428931342099447E-4
2.1029909193262986E-4
2.0466379675190534E-4
1.9620842334068221E-4
1.9261679771678588E-4
1.9061402318713055E-4
1.8958257016394006E-4
1.8957960459482553E-4
1.8991246783244098E-4
1.9027285715432138E-4
1.905628447859232E-4
1.907919787617893E-4
1.9101642923499213E-4
1.9130398478663552E-4
1.917153368697266E-4
1.9229565907563214E-4
1.930725161207156E-4
1.9405738722643945E-4
1.9524893649042576E-4
1.9663678581762707E-4
1.9820502118838017E-4
1.999350230422646E-4
2.0180747296854316E-4
2.0380356528516374E-4
2.0526787031258288E-4
2.0617797400922344E-4
2.0655268299517922E-4
2.0641599002016851E-4
2.0579704268064322E-4
2.0473026191498018E-4
2.032556644864676E-4
2.0141940925278822E-4
1.9981133761798483E-4
1.985137411465504E-4
1.975526507270671E-4
1.969592185024666E-4
1.967707437145452E-4
1.97031677175106E-4
1.9779453143535901E-4
1.9912061795573956E-4
2.0108052499882473E-4
2.0375423841687365E-4
2.072307901481454E-4
2.1160729500761726E-4
2.1698720553033903E-4
2.2347757951956596E-4
2.219061570207203E-4
2.1392435880445928E-4
2.0323576048999142E-4
1.9011746945718676E-4
1.8491245495746268E-4
1.8469213251512848E-4
1.8539560076078293E-4
1.8635927793215188E-4
1.872004814600925E-4
1.8771861010097383E-4
1.8783514379994794E-4
1.8755554072200418E-4
1.869433159762694E-4
1.861006578979546E-4
1.8515235852116E-4
1.8423133762929768E-4
1.8346499783143842E-4
1.8296226380313556E-4
1.8280155416904614E-4
1.8302019239408666E-4
1.8360594122767465E-4
1.84491475600006E-4
1.855526916719005E-4
1.877589439733203E-4
1.9034654709837627E-4
1.9282418410436014E-4
1.9501184612171775E-4
1.9673783882358616E-4
1.9786177786823542E-4
1.9829748669520495E-4
1.980329974446462E-4
1.971447971952856E-4
1.9580391261374858E-4
1.9427237175427054E-4
1.9288987276153342E-4
1.9161915454614297E-4
1.8997839063469187E-4
1.8825097308630578E-4
1.867071365624409E-4
1.8556887838929747E-4
1.8497904232168838E-4
1.8497728739890094E-4
1.8542718353887052E-4
1.865514403971489E-4
1.8822433046459267E-4
1.9021115170005248E-4
1.9321652313131454E-4
1.9757495628849528E-4
2.0280988196132215E-4
2.084240997819703E-4
2.0827786598608396E-4
2.058065277111395E-4
2.003338514245388E-4
1.9239092710614995E-4
1.8898401292180732E-4
1.8725092953136204E-4
1.857797913733498E-4
1.8561283246429697E-4
1.8598701749490145E-4
1.865249979135844E-4
1.870586481020078E-4
1.8752751563209724E-4
1.8792092970486854E-4
1.8824618346447526E-4
1.885123868626888E-4
1.8872358710131265E-4
1.8887711892236523E-4
1.8896463058796023E-4
1.8897420849928252E-4
1.888926836360533E-4
1.8870764674883922E-4
1.8840898625698636E-4
1.8798993491634934E-4
1.8744770147338652E-4
1.867837984854969E-4
1.8600417830454501E-4
1.8511927139580988E-4
1.8414399524272547E-4
1.8318094558839046E-4
1.82264798083085E-4
1.814363794480958E-4
1.8074109241201502E-4
1.8022884466993778E-4
1.7995388087559738E-4
1.7997449172623797E-4
1.8035257492583505E-4
1.8115302706515158E-4
1.8244295228810124E-4
1.8429068175888062E-4
1.8676460585674283E-4
1.8993182697460024E-4
1.938566430195443E-4
1.9859886859072563E-4
2.0421199107556253E-4
2.1074114188122665E-4
2.1822083894275823E-4
2.1820067331124917E-4
2.1232524787615864E-4
2.0388332160236017E-4
1.930374317895854E-4
1.8907812467069054E-4
1.896231150808092E-4
1.9093502775262007E-4
1.9237306624586542E-4
1.9355984477773143E-4
1.9429887727275645E-4
1.9452376378302892E-4
1.9426506486884353E-4
1.9362673973121098E-4
1.9276739454013723E-4
1.9188362466878673E-4
1.9119402072159095E-4
1.9092323764923776E-4
1.9128605772643784E-4
1.924717110890698E-4
1.9434303996121138E-4
1.9614688099855678E-4
1.9792983112576704E-4
1.9968254725673696E-4
2.013379990609073E-4
2.0277607501353824E-4
2.0383506268167675E-4
2.0432987088176994E-4
2.040759929057839E-4
2.0356370276889172E-4
2.029132267610427E-4
2.019733315598392E-4
2.0066302339798221E-4
1.9898522050736198E-4
1.9703173152196894E-4
1.9497854604634773E-4
1.930717808849155E-4
1.9160591828575385E-4
1.9089694338207043E-4
1.8949844575821866E-4
1.8794174458636656E-4
1.872832959526509E-4
1.8776172241603237E-4
1.8901404034370783E-4
1.8995265690437127E-4
1.9061117201878152E-4
1.909318093857619E-4
1.9228590321005866E-4
1.947068384597869E-4
1.9789021187556288E-4
2.0150086290150762E-4
2.0012336536014993E-4
1.9681675441078343E-4
1.915252455899786E-4
1.8366946938544956E-4
1.8033087814981543E-4
1.7824415953336876E-4
1.7750170012411818E-4
1.776314816982159E-4
1.780142816029999E-4
1.7837886085062858E-4
1.7864269845855208E-4
1.7881863001606495E-4
1.789602707167664E-4
1.7913107741496646E-4
1.793881051239746E-4
1.7977487974026268E-4
1.8031974591394042E-4
1.810372507937502E-4
1.8193093283660607E-4
1.829964638169986E-4
1.842245180725926E-4
1.8560305313249602E-4
1.871189023435655E-4
1.8875872049980212E-4
1.9025470344148337E-4
1.9122545768198817E-4
1.9168960043452438E-4
1.9167001416298474E-4
1.911938887697733E-4
1.9029290918993357E-4
1.8900362860469738E-4
1.8736803985997636E-4
1.8597199731622163E-4
1.848704047383249E-4
1.840856307477052E-4
1.8364448915887934E-4
1.835792204392462E-4
1.839284651468703E-4
1.8473816945332476E-4
1.8606235769140882E-4
1.8796369961451425E-4
1.9051378854450135E-4
1.9379302886471795E-4
1.9789000607072532E-4
2.02900179697356E-4
2.0892370065115395E-4
2.0754176097570096E-4
2.0011001263699893E-4
1.9020750249302884E-4
1.7808940898629886E-4
1.7331809096861808E-4
1.7327068866117038E-4
1.740288465374611E-4
1.7497708896701238E-4
1.7576360310422845E-4
1.762074788270521E-4
1.762424744723395E-4
1.758813410217818E-4
1.751915750714248E-4
1.7427731433492118E-4
1.7326436168062104E-4
1.7228672418812219E-4
1.7147393865887738E-4
1.7093901799466394E-4
1.707672109172502E-4
1.7100600027680386E-4
1.7165692856863261E-4
1.7266996535375385E-4
1.739412231958699E-4
1.7559747768849108E-4
1.778011457615783E-4
1.7998717667558732E-4
1.819876507869867E-4
1.8363800449736664E-4
1.847980565989293E-4
1.8537334532232576E-4
1.8533425880117935E-4
1.8473031245922256E-4
