0.05378029494850117
0.039913349437063365
0.2010725721702373
0.04017573537071388
0.039695086650299985
0.048887132114386986
0.19839407660174127
0.18935011354393427
0.20000000000000007
0.15203495945034728
0.040735999176627374
0.20000000000391663
0.039049678114857725
0.03862079923307577
0.1981231383094601
0.039109056545410366
0.03884545264773933
0.20000000000000007
0.19999999946952665
0.040487503517152953
0.038726031091632286
0.03970334978357578
0.0784459480860128
0.03913904080082685
0.03965529674179109
0.03876274199350772
0.04031018987580773
0.19852494871698922
0.038614457266933265
0.03832766030365045
0.20198933367009603
0.03920059325248945
0.20076802942920352
0.20000000000000007
0.04005300814680256
0.03875582698246801
0.0409557719740359
0.040571366633557315
0.041391856961593025
0.19495461774734518
0.03980119258652013
0.19666672019947598
0.19983859770424908
0.19255953526952552
0.04126367768548969
0.039650629950628694
0.039806469488964935
0.0403589135070701
0.18795868300410865
0.038697258600606396
0.1998959023923229
0.03905323892111207
0.03905447520445282
0.03994214180008984
0.040628568789102947
0.039495330324665304
0.19899647155683167
0.03928421141550963
0.0427343490251986
0.039787575499041085
0.20000000000671742
0.04720981751068768
0.038976594156346404
0.0583521234717462
0.039343726872723986
0.20000000000000007
0.042940818700698394
0.049170792357157815
0.03901341475080891
0.1988621214498515
0.03938144524723975
0.2008558956178528
0.039632000113105866
0.03897868791154355
0.04046039754301905
0.19899647141405036
0.042776875356726154
0.1949358868179875
0.19309909881587992
0.19899647143658702
0.03937692588701191
0.19899647143658714
0.038846460810516806
0.03986047170803925
0.03770664484186724
0.04074753145282632
0.040555333873285845
0.03947220587708597
0.04417206912990465
0.038034898229280044
0.04043929896509682
0.039125235618260215
0.04128231660472402
0.1999999999999996
0.03783889209332101
0.039096013432853
0.04331793256091303
0.19999999999994358
0.03966909777452675
0.03929298631203935
0.1603043996075897
0.03903889620128049
0.04135811633189105
0.20041671231024083
0.1992891683428678
0.04028732961374421
0.03903990611525499
0.038705470936676846
0.038768692819623536
0.04002904463953646
0.03982625388282141
0.04003211649992207
0.039349843964392756
0.0392693067245102
0.03819696251926766
0.19999999998996457
0.039655303530322754
0.03801850433933199
0.19999999963725493
0.18973903919884105
0.19822180969527434
0.20149612446964485
0.20000000000000007
0.0381385971159401
0.0385388893637286
0.1910408863683961
0.03878875448805084
0.03920398478590764
0.03966515935533689
0.03935785470138328
0.2000000000020965
0.04030152506365568
0.19980152070550414
0.0376900944731207
0.041790185838866005
0.1292392174271847
0.03914766270411576
0.1732050809460629
0.199999999999993
0.04008363979950804
0.20000541599406965
0.19683727675745002
0.03738076197285153
0.04034017046941569
0.19494241822607108
0.20000000000227833
0.040791202402299144
0.0549601550771862
0.0397342766152856
0.038614597892472416
0.038765284177410576
0.03883709009474892
0.05408602722416058
0.03933757512703425
0.19992854021242631
0.175799270589444
0.20032059977537023
0.040061236310284895
0.03864607429875759
0.20259221267512115
0.042420389150356355
0.04091793368464511
0.03977272440162494
0.1221559503256773
0.162843742734208
0.039170852013452884
0.20079476020857356
0.041626390843668135
0.03942679481465587
0.03911199650858212
0.03913853714619421
0.03714814360012603
0.038624413508109794
0.0378388421684269
0.16788050911339814
0.03755798352094293
0.19981274907010235
0.03884802103497924
0.20000000820610633
0.03945623625228795
0.1949358868961795
0.2012592812407358
0.040092584455448096
0.039618360897042224
0.15932287998804506
0.1990489809599375
0.03897975232915869
0.19940579171491926
0.04859213525540814
0.03890761510068075
0.039947438363432945
0.05116052072889206
0.1975660375651637
0.03828542427014912
0.03948192067828636
0.039388193821087096
0.03837691965868016
0.03950498475189391
0.03900245785499661
0.0403193202687475
0.19989781914626573
0.20000000000000007
0.039200005553703614
0.03825163754300883
0.03903330907741495
0.03928637759551129
0.03932774271684649
0.19897498955154488
0.042429385303108254
0.047749198705927295
0.20012716998330687
0.04353167822036084
0.039687725515726094
0.20000041314725445
0.2001080102297776
0.03978693520074885
0.04014198991122865
0.19999999807697053
0.03850960366775618
0.03933263565171696
0.03842936202973319
0.03854391409333152
0.039621292792875976
0.19999999999747592
0.039411734719486516
0.19999999999269152
0.19747254656661317
0.20002621787249783
0.19624574448995039
0.2000000000024658
0.03916571971665606
0.042250916502719414
0.04046111895004446
0.19988366919907966
0.03796162130917802
0.04083333167009045
0.03874232030978818
0.19962788955002658
0.20104869220573088
0.04027370474897061
0.040836993365549086
0.04078767211908873
0.03963844941144828
0.03944501257829695
0.04023868587835162
0.03843976004690412
0.039972700109571276
0.19136889055797707
0.04011888245499032
0.2006407361200736
0.04345395582838182
0.03915617691797924
0.04054764764780421
0.039036570247879133
0.03935192221362239
0.03997364250139906
0.041409629103990486
0.0385232358422504
0.03953567147319222
0.06613486404147667
0.19842711014318926
0.03854153546132926
0.2000234529514966
0.03912874401756674
0.03881679773141317
0.18748623290916364
0.04011421193693841
0.039223023106624955
0.04130582331607066
0.038826160166673826
0.04033643408294867
0.1995581911001122
0.059928446662425666
0.03788933865859875
0.03914315684940729
0.19969068530246617
0.20363116639318912
0.20000000000000004
0.040340625853096265
0.042554501838588006
0.20000000000061272
0.19833560326933913
0.04060010836092604
0.1999999999999398
0.04183618776558759
0.039888572361904406
0.0398953886524466
0.19968221387023616
0.038239012457343936
0.03949630227344375
0.04028527781740308
0.19999999992782894
0.037351932868233566
0.045469426310344375
0.03924933102696571
0.20216967518755302
0.20009165120230799
0.038167791421254246
0.20000000000821858
0.19899654871232705
0.040446373776255394
0.1999999999990584
0.19999999965191803
0.20000000000000007
0.03903522433080931
0.03844763858353873
0.046250323905957534
0.039708637744925966
0.04160280433100829
0.1949358885784867
0.04017547274468185
0.03946549378180927
0.19999999999985
0.04015180158098812
0.039764827317227476
0.03916862589655337
0.06287800308768451
0.19986389007118613
0.04004191034669966
0.14312886299164332
NaN
0.03768201567511275
0.1999999999999872
0.039362084577905354
0.047282039833392395
0.039089023631422554
0.03894526391825169
0.2000059563747485
0.039192075501847924
0.040523887243235995
0.04025251440501381
0.2000003200222654
0.037316039733533174
0.20000000000000007
0.04079158626188328
0.19899647243048216
0.0402870412294172
0.20000000000000007
0.03951619564930884
0.03856379471802431
0.03968308149206179
0.03951442232840264
0.19736554070486878
0.037903429278527495
0.03959057760066754
0.06364554896674877
0.19883201433284609
0.03889732331770524
0.1351387831810324
0.03866349469457984
0.04651198621943706
0.03992741879371164
0.041988039173235396
0.20003931882464557
0.039959052794562314
0.14228538603086238
0.03973729955573166
0.19999999999550783
0.043721461462710616
0.20054978129904913
0.199001653847068
0.1843650021008378
0.04342751105684829
0.04110835960334451
0.19975572497088434
0.18525824308247238
0.03942034203229243
0.039708999559916996
0.03879282862494566
0.04173535497872499
0.1999999999999848
0.1653696070508609
0.1998199277195272
0.04021582956317742
0.045346321519049534
0.051366038267533935
0.040034701883243325
0.040436118149516254
0.03897325491412081
0.19317223220016072
0.03957522065822613
0.20000000000000007
0.15680753391045002
0.042533778687175595
0.03950418014151237
0.03939744863727463
0.03921073018234292
0.2008499967010391
0.03960075625729888
0.1999999999355845
0.042233061589334465
0.1999817842760368
0.03786211665769373
0.03909584939549138
0.20014076329944824
0.05299162803614857
0.040846535686239985
0.20002420951834882
0.040334974817876165
0.19999999993556775
0.13452823994413896
0.04470270120168111
0.03804946291679753
0.03867372744112553
0.038145648312733156
0.04889006715647705
0.15827078276295525
0.038946964777253096
0.13346712800446683
0.03943434203960951
0.04275712905344509
0.19781956390818356
0.039184208045769775
0.1989957303234465
0.039790896724065265
0.039723712299034694
0.03819949511445157
0.20000000000000007
0.04045306127053869
0.20150208387484805
0.19999999979444388
0.04084179417586984
0.039870950319359555
0.0396591623335716
0.1388941641747999
0.04166349387509934
0.03951613668773458
0.04185673478056832
0.19370624585650917
0.03939244346615893
0.19947209223380644
0.19609719695294736
0.038883461713250494
0.2000554151673208
0.04243468953854339
0.04155866254884075
0.20023856869474824
0.04235853072905895
0.03947455946665037
0.1875123328470926
0.20187175936211002
0.1978926114349782
0.19950975608503144
0.040078109778425144
0.0391649962522397
0.19463013723934933
0.04016771351648686
0.042165974684433616
0.039417850319592634
0.05526526227549139
0.03888641503735969
0.040973832061458104
0.20000000000056067
0.03845239031432707
0.19720265845532936
0.039391726817387424
0.1999999834763217
0.04201102767411637
0.19899647143656177
0.040134713891308495
0.18474867394031125
0.03943871778796637
0.0409632792032697
0.03988835430786972
0.03820179256128172
0.03959027633400952
0.19134928418582917
0.03920068038062988
0.04299456997449876
0.04050744552982981
0.04187916877325931
0.03893285226256728
0.04006689367736196
0.19891160779004224
0.040239013799979156
0.038936384487191965
0.039677557785380894
0.17677912322227232
0.1989964714365873
0.039420444541091365
0.03951012212201017
0.13690589547574508
0.19938536299519807
0.04214395812398552
0.040194124677657796
0.039335999822944404
0.03797994799946869
0.03968743473147179
0.03783633609856191
0.20138400794297345
0.18869385124416005
0.1961734683027889
0.03818946941636567
0.19879178292992628
0.04404942988894333
0.20000003972792352
0.20508493687895712
0.0413870133078149
0.039005776023735075
0.19893835035133212
0.19999999995666395
0.04511789035752513
0.20065941943944918
0.03841253744830096
0.19701736373157339
0.03753044086953607
0.03822561539096347
0.1992440876527207
0.19936141101794672
0.19493589643799222
0.0374833428053102
0.1999999999978572
0.038958604672768654
0.19999546995579232
0.0408341640213807
0.03991727386370057
0.040033037700122454
0.04557971006498158
0.03919113514636732
0.04054017428119509
0.20000000000000007
0.03811258702202387
0.03965906833840508
0.20000000000000007
0.19999999996998846
0.03938885022591154
0.20110030393433637
0.038940367659012876
0.04018206930060714
0.038915392531013185
0.03800989899181428
0.03931028141916888
0.0394729823685405
0.03899334607612292
0.05134528165172237
0.20043913018183246
0.038518478312962456
0.2007018071343123
0.038727107823086124
0.2000000000001549
0.04261791996963157
0.0350148242191398
0.045268492962717316
0.03979508467543728
0.03895201408311786
0.19899647143658727
0.0394931565005733
0.037837498125449856
0.1983004206681785
0.19391603474867652
0.20000788942022896
0.04030675810243849
0.05321751456153918
0.04552195326541169
0.20064238604512002
0.03908480640196315
0.1987299652261062
0.05980838257207093
0.19967591045271083
0.04145994426013753
0.03898789709615663
0.04091656792586525
0.03926808869947567
0.038980900653453096
0.039139318057721424
0.039538110621968346
0.03868095845610778
0.20000015692352593
0.04091304714889488
0.03942668433372288
0.1999999999983669
0.19941954848156232
0.040181136180857065
0.03902791041033408
0.19999999999829116
0.038880006432206626
0.03839582349652103
0.19999999975176988
0.19822716679253674
0.03809749786065838
0.03996885654129304
0.03972409121089938
0.17778304975822415
0.03936364447061189
0.03937270825839213
0.19999999997541085
0.19603977573927925
0.03803996336964519
0.040762131257653066
0.043388318207129996
0.19899713680815354
0.03978354387173753
0.12905423551892664
0.18426883495120633
0.03970113930759805
0.0457787109227453
0.039596919746923476
0.04054076064460491
0.03964848684098061
0.04399234356312888
0.20000000000000007
0.038965770903593946
0.20000000025421227
0.1442377357150506
0.1355740276398608
0.04091031202796968
0.03893553447153053
0.039111499675560914
0.19999997270566477
0.04341909744850422
0.03870243163644168
0.039725031567664215
0.038963970350575396
0.03907744380803164
0.19961480000849544
0.19999999994993692
0.19944677701302965
0.038929021522033
0.03881003400094665
0.20000516180523675
0.04034790415184529
0.19999671925877802
0.040258258819902415
0.20000000008808344
0.03876772332288229
0.19627478755936414
0.0372759390256042
0.03947797551081606
0.2
0.1999999999866756
0.03852137448107759
0.039410013355143894
0.03825755557615828
0.04589970593088805
0.045059582350106604
0.035117145621425545
0.20000134843874218
0.035489243831417695
0.039655885421446
0.03891138626612296
0.039675915445257066
0.03959737410364667
0.03856009710775232
0.03892799329453589
0.03856823727878369
0.039945643477013466
0.038822943110057004
0.03911938812380612
0.13722322860941527
0.19999999998878842
0.14474466405383107
0.039765840838814626
0.039265047840691895
0.048335770019428514
0.04116865197744714
0.20000000657669156
0.04155234847671602
0.03924993871288379
0.038323133758903505
0.0381368199695922
0.041546243493139824
0.03933134935590211
0.04029340353213367
0.0385249778599879
0.04422199628136534
0.037201182189942034
0.149238939151075
0.03792486947254205
0.04024959739375554
0.1999999999419009
0.199714964970845
0.03986268293549056
0.040567777440319086
0.03826606984081023
0.03913392192684771
0.0410499730009419
0.03876056212186864
0.038374216239558785
0.1990530150099568
0.03910004247220664
0.039564208619180544
0.039613143600986986
0.04002754862648478
0.038976767314287626
0.2000000000035804
0.03812592671764699
0.03923256541990253
0.03842979216548871
0.039130722922980074
0.0396430489656325
0.03892179418840658
0.047923596854742824
0.0391799618101344
0.0410396631796616
0.19976122350960362
0.19899647143658689
0.041652769214891305
0.038629972323134275
0.040213873692092054
0.19183922687098617
0.04095927905720388
0.038909957225510564
0.16096810407529757
0.20000000000000007
0.03800181177082522
0.04027858790232789
0.03958949254836602
0.03892055702357969
0.04378076586767244
0.19979175604659488
0.38697662935859933
0.03922961890647514
0.040513201912671826
0.03938110917236115
0.1983363336585631
0.04032216319422181
0.19999999999999957
0.03816169820754689
0.19944367068866245
0.14087662301898327
0.19875830223364038
0.03859966889434691
0.039432385721692165
0.17749691268705778
0.03814663155344369
0.20064918757891634
0.19998897050171127
0.06367107421648849
0.1896933596071223
0.19995513669205134
0.03898118808246261
0.1982834551775757
0.20000000002307014
0.039687958898307285
0.1949512465397718
0.040340354551027524
0.20108129157305482
0.03945396916372984
0.04036479281493013
0.04021539576954419
0.03926244830082896
0.19980651294470148
0.040513319139290786
0.16388073240984374
0.04236978486780636
0.20000000025245002
0.03941240055221104
0.2000087231837297
0.038245345829183056
0.040241452594155035
0.04124243110852353
0.05780623846854034
0.19899647143658727
0.049299352822157146
0.037914853245543376
0.20006722391294549
0.0386293571508626
0.03858500709277987
0.03914334301025272
0.03954843871868855
0.03876522663514553
0.03894501162841891
0.03749321388291455
0.03970885476974799
0.15233323554349273
0.0392469485449308
0.03735683240050587
0.040392226032545525
0.0408288724633765
0.19284529005875356
0.18963208970713738
0.03859206128826399
0.19999999997751486
0.20000000000000007
0.16471343706313932
0.04154184842926668
0.039104347858724346
0.1652754834315665
0.20060085624740534
0.044961362447790455
0.1390383387851018
0.03880822998734465
0.039810868551755904
0.03851661366781509
0.03829217405762747
0.15223509599164317
0.03524189740236293
0.039042951516419684
0.20003577053896848
0.03780130098808672
0.03910669552202809
0.04004642045484053
0.04105393605584464
0.20000000000000007
0.20000000637877466
0.03842599682382794
0.03939117747522358
0.03895226210140598
0.12873155995851668
0.041248022126614825
0.03938280880363341
0.04052860839281218
0.03922449992894686
0.038145531264579806
0.03892082190037058
0.20000000000000104
0.046372846231275286
0.038553499478197695
0.20258454709012189
0.039625222097732046
0.039020885813607575
0.03945025411716768
0.19999998528245186
0.15423957269884725
0.1902005157421979
0.15569937285418523
0.19999999999998166
0.04246055644413162
0.03937200180779412
0.20000000323562692
0.13191588632452164
0.03889253903154749
0.03894188645832332
0.1274453261417157
0.03955566301349096
0.1989964714364246
0.03789839776699411
0.2000000000003929
0.04020087640669276
0.03795717430623342
0.04140124243070044
0.17509398207114338
0.2000228627808464
0.03890226444476909
0.20000000100606585
0.19445130134315447
0.040697378658604934
0.038764926687885455
0.04087728353405456
0.04006316860657245
0.19899647143658805
0.04040428166324654
0.19493627627431226
0.039407115045954524
0.20000421468399907
0.0425552447691054
0.20010740842803063
0.2019523777135484
0.0379786218102191
0.1997949514271027
0.03856515459445613
0.04084671646916342
0.042177679241378316
0.039405219117504005
0.03966908243014093
0.039227927489690916
0.19788430264982482
0.20111552442996636
0.03887880637854844
0.03929216582850375
0.19517806815197375
0.04268700158402345
0.039366367284476525
0.04435316975114378
0.038852303732058384
0.03937349811394285
0.03970869256094259
0.19216279863312843
0.20114229449767948
0.040664898697161916
0.1949808735689183
0.03868105542373344
0.1607158432924919
0.20000000000000007
0.04020033245614048
0.19785054096885807
0.039379524110237554
0.03939193176518608
0.039235852388929536
0.03883389168262281
0.03916872278511342
0.036782443468046364
0.041141673906492045
0.03883887271637768
0.20000000000000007
0.03737874634798898
0.03972992806489831
0.04162279138331753
0.05477947430056455
0.19560647856348584
0.19868111359463794
0.03954609797074377
0.20000000000000007
0.03944325170063041
0.20282772245291672
0.041443778850114535
0.03964092879960113
0.03882423192945303
0.19731625122543447
0.19899637826517716
0.03976977340680702
0.038693703161033335
0.03810642109698081
0.039132980246586783
0.1999999999999991
0.19884952029434472
0.20000000000000007
0.039425041760621615
0.20000000000000007
0.038916551302314466
0.039258971052442554
0.04009744479533065
0.20000000000000007
0.039191401140165574
0.03882669632227575
0.04001230587718809
0.04229036163306529
0.03794603682261089
0.03852176555022578
0.13756256052787477
0.042352822421136666
0.038952672782760975
0.1803183705894984
0.200016622196781
0.039531520871381017
0.038779851491427264
0.03898888558813116
0.19969702439006543
0.04073835668814506
0.20000000000000007
0.1472144480446386
0.19613824160256924
0.039214904575237804
0.03873926824311542
0.04311079010952232
0.047113034908093515
0.040552551510470186
0.1999999999923853
0.1919697342659934
0.039799450568110684
0.04025260140027097
0.20002411873471135
0.044705491786193735
0.20027295685368982
0.039243579199100445
0.19658077350916714
0.039032785622456996
0.19776950144763455
0.042205759915663194
0.03893147919098688
0.04254083736261095
0.19996780078378648
0.041409301482744
0.04048950597986698
0.038175247232270386
0.04215495475545536
0.0384733316393313
0.20200517198040324
0.0392260371868899
0.03599709624645391
0.0385960997394633
0.04016290979439911
0.0398589508252203
0.041148317187601084
0.1898786030159406
0.039085608686093544
0.03826718342923234
0.040294729370274285
0.03855174320652936
0.040043637559175116
0.047084351725354155
0.04174412653679972
0.04073150339942504
0.0383845732154092
0.039151244355455604
0.19999305590343955
0.039799785050539556
0.042830399365344635
0.17452745180984294
0.03900061703043765
0.04028250515009488
0.2000000021318157
0.03937447383845109
0.19899647143658722
0.20176226436042397
0.20000000000000007
0.20059033520421954
0.038948067555727814
0.19633804726996112
0.03917709088776071
0.0411164063040062
0.20000000000933513
0.19999869118096023
0.038486519607010675
0.034811008663520354
0.0429041931421702
0.0382648112319132
0.19949908051906914
0.038639084079701756
0.20111397820754537
