0.0523751584566212
0.03935665239632775
0.20107227065519548
0.0407017756105336
0.041138827480320994
0.039702136488543566
0.19824554165414365
0.1842655728127272
0.20000000000000007
0.19758841557317006
0.039514291240582436
0.19611638689698807
0.038907850815551696
0.03857967161203103
0.199443670688682
0.03939441810070767
0.039001381681949124
0.20000000000000007
0.20000000000000007
0.04093193378948737
0.03859406498362614
0.03997466946821856
0.07711804445405458
0.04085522508749595
0.039439247352585
0.041791301291554096
0.03921387030150006
0.20000001603258244
0.03885056826703053
0.03829561064899065
0.20198933369756747
0.040518144778383794
0.20052803880439338
0.19967474157509393
0.03960543131754558
0.03914966611349651
0.03926735182968054
0.04353738312429056
0.04026734257428439
0.19573166502088102
0.039400516238236
0.20109209917769613
0.198573382236091
0.19318980275121247
0.03905984446297729
0.03929902774913951
0.03890256320121862
0.039213547567878954
0.19944313661860313
0.03872536750969771
0.19999999966061457
0.04019244871306599
0.04042254270401085
0.04115299782589099
0.03939022417852655
0.039839692192300984
0.19899647158788247
0.04050994826382991
0.03883429381635269
0.03898068977388083
0.2000000000067184
0.039161292987275706
0.038818964979123995
0.03934064010783899
0.0398049508868409
0.19899646922873415
0.03960299214833801
0.04696532376706866
0.03901197499938107
0.20000000237267473
0.03894365658491614
0.20085416284070914
0.03972505467709297
0.04024557141666653
0.03892884466484079
0.20000014706500066
0.04447146218794989
0.19493588688314087
0.2000141470040272
0.19899647143658708
0.03878298837738755
0.19899647143658714
0.03971272420776302
0.039609256733946184
0.03775277987118223
0.03883622813450866
0.03976542826755401
0.038983487158286506
0.04471211058061938
0.03801106711224924
0.03910081697466904
0.03902761211683376
0.039118607773628924
0.19999999999999984
0.038010674447252465
0.0392297189228452
0.03967990343334304
0.20081464190561996
0.04349245924293576
0.039002278006769336
