0.06787313561450938
0.09503227614585598
0.11524338215410021
0.13177395120703944
0.14590761077267594
0.1583126185346734
0.16939247968913462
0.1794148475945832
0.18856932442921187
0.19699696278170398
0.20480677656884255
0.2120856440371437
0.2189045771142474
0.22532286598982193
0.23139091772597997
0.23715225827069214
0.24264497949498143
0.24790280686614222
0.2529559009413882
0.2578314677446573
0.2625542290608708
0.26714678810595976
0.2716299156765682
0.2760227748393539
0.2803430973225433
0.2846073212942779
0.28883069768708597
0.2930273703495868
0.2972104338697631
0.3013919717774033
0.3055830768968749
0.3097938548132064
0.31403341068156526
0.31830981891383076
0.3226300745892959
0.32700002474542994
0.33142427701097393
0.3359060823725587
0.3404471882779607
0.34504765788811836
0.34970565128968734
0.3544171651764162
0.3591757293564512
0.3639720620771968
0.3687936923865225
0.37362456746739336
0.37844467685723704
0.38279547938474195
0.38675176609595957
0.3903461076614541
0.3936105292039
0.39657633929709696
0.39927390947605895
0.40173244248686313
0.4039797591147996
0.40604212431935144
0.40794412459421164
0.4097086007825882
0.4113566345273923
0.4129075823128257
0.4143791485757342
0.41578748836412793
0.41714733013727473
0.41847211016497055
0.4197741112625656
0.4210646000323508
0.4223539581873653
0.4236518047976499
0.4249671073655434
0.42630828049127295
0.42768327154503616
0.4290996332440842
0.43056458337610204
0.43208505214660187
0.43366771778752694
0.43531903117044896
0.4370452302374178
0.4388523451054351
0.44074619471955206
0.4427323759213804
0.4448162457556361
0.4470028977442978
0.44929713270026944
0.45170342441286904
0.4542258801987158
0.4568681958573647
0.4596336039868381
0.4625248138877
0.46554394040576585
0.46869241802689393
0.4719708953436512
0.475379103679524
0.4789156922310167
0.48257802068596684
0.48636189913310857
0.4902612646375121
0.4942677848959271
0.4980239014049815
0.5015678802398428
0.5049136025799174
0.5035199541415232
0.5021473521558685
0.5007963340295181
0.4994670804097417
0.4981593979894554
0.4968726985575068
0.49560597590650896
0.4943577824267141
0.4931262072857301
0.4919088580025335
0.49070284699695366
0.48950478437970196
0.4883107778922335
0.4871164405502602
0.4859169062158584
0.48470685303371475
0.4834805344198579
0.4822318170829393
0.4809542253834328
0.47964099119060755
0.4782851082789954
0.4768793902167152
0.47541653064158046
0.47388916480321785
0.47228993127663105
0.4706115328299571
0.4688467955600433
0.46698872559565413
0.46503056291072054
0.4629658320918406
0.4607883902729069
0.45849247290140693
0.4560727385631739
0.4535243148049607
0.45084284780651995
0.44802455991709744
0.4450663205249136
0.4419657374806992
0.4387212782996979
0.4353324324857981
0.4317999282972888
0.4281260186757658
0.4243148512269183
0.4203039284517143
0.4161509186312408
0.41187537945258484
0.40749901897718904
0.40345970519368557
0.3997143200271913
0.3962535472574754
0.3930646199649456
0.39013198384236947
0.3874379732082878
0.3849634695126028
0.3826885130911434
0.3805928442767164
0.3786563577990229
0.37685946287992766
0.37518334914101786
0.37361016452008494
0.3721231154994009
0.3707065021461301
0.36934570107330983
0.36802710887941775
0.36673805734937753
0.36546671006976844
0.364201948402154
0.3629332531503136
0.36165058684540524
0.36034428038927785
0.3590049268283215
0.3576232842408612
0.3561901890612178
0.35469648058293557
0.3531329368377695
0.3514902215016565
0.3497588409137083
0.34792910970559293
0.34599112294209644
0.3439347321057965
0.3417495217774115
0.3394247835446163
0.3369494836037955
0.3343122207908799
0.3315011724687303
0.32850402686981395
0.32530790218237166
0.32189925489959575
0.31826378275301836
0.31438633098499563
0.31025081490695444
0.3058401768549123
0.3011364021009656
0.29594149489441623
0.29030658346811483
0.2842305221506046
0.27771029209069864
0.27137940315756315
0.2652004895767604
0.25917502448222723
0.2533035159384263
0.24758572788444771
0.2420208826466641
0.23660784580673835
0.23134529500176632
0.22623187363257313
0.22126632924781453
0.21644763508682027
0.21177509223620097
0.20724840926344607
0.20286775610222224
0.1986337893711701
0.1945476471573138
0.19061091250606668
0.18682554633271956
0.18319379208872333
0.17971805614658787
0.1764007693622949
0.1732442364809386
0.170250480827275
0.16742109195618365
0.16475708356934524
0.1622587680442837
0.1599256524591313
0.15775635919381883
0.15574857226465535
0.15389900874980356
0.15220341322340353
0.1506565722237493
0.14925234554304276
0.14798371154641907
0.1468428246976456
0.14582108477584813
0.14490921862216768
0.14409737633386316
0.14337524432513424
0.14273217738194216
0.1421573506738655
0.1416399307427946
0.14109427590772983
0.14055695782052208
0.14003876444835336
0.1395420292709783
0.13927258645292756
0.1390760334807403
0.13892496340256794
0.13879906364115277
0.1386833814184467
0.13856696296709356
0.13844183225387163
0.13830224602239938
0.1381441573218837
0.13796482606485136
0.13776252577503886
0.13753630744919887
0.13728579302803748
0.13701098166802758
0.13671206129113475
0.1363892252703539
0.13604249923176487
0.13567158573018745
0.1352757352069271
0.13485365063138124
0.13440343114212183
0.13392255739195558
0.13340791860683396
0.13285587889084252
0.13226237822473863
0.1316230619980147
0.13093343180562858
0.13018900960491978
0.12938550710098723
0.1285189923134456
0.12758604556174627
0.12658389748896645
0.12551054216920007
0.12436481883248535
0.12314645640781383
0.12185607612428768
0.12049514905119883
0.11906590788279217
0.11757121553131614
0.11601439702802041
0.11439904547311622
0.11272881678832372
0.11100723123492558
0.1092375015970861
0.10742240834761681
0.10556424102525815
0.10348331318982622
0.10123842454337727
0.0988483175025014
0.09632852886397676
0.09425765956827921
0.09243660263837576
0.09082393676319642
0.08938391354744935
0.08808598003372972
0.0869041405875986
0.08581626599623433
0.08480341912657177
0.08384923791184913
0.08293939680963099
0.08206115525781742
0.08120299403806795
0.08035433615805769
0.07950534663278676
0.07864680451183464
0.07777004008703482
0.07686693005106705
0.07592994322919022
0.07495222924010243
0.0739277420000973
0.07285138937221594
0.0717191995359428
0.07052849391038032
0.06927805582732863
0.06796828375006665
0.06660131778599543
0.06518112863232889
0.0637135589640733
0.062206308613159095
0.06066885664586068
0.05911231555283389
0.057549215167793724
0.05599321662511521
0.054458759729864595
0.052960650696252096
0.051513601482881886
0.05013173699354857
0.04882809204469234
0.04761412562935145
0.0464992845306
0.04549065024245428
0.04459270087150177
0.043557179848554735
0.04256294071213493
0.04165154166821133
0.0408462537701525
0.04041965007033735
0.040211545280571435
0.04014093662399262
0.04015342094879297
0.040212500351124184
0.040293576249644775
0.04038001914346194
0.0404607145100438
0.040528605234087675
0.04057987408329984
0.04061350479556894
0.04063102691552176
0.04063629753245799
0.040635213641031266
0.040635290040827776
0.040645082391834855
0.040673480443418904
0.04072893548403412
0.04081871051608278
0.04094824591483287
0.04112071695909359
0.041336827799761104
0.04159484804016326
0.04189086259373654
0.042219179988361125
0.04257283203390409
0.04294409815075831
0.04332499746121565
0.04370770679240038
0.04408487922322656
0.04444985302110603
0.04479675328005321
0.04512049780219699
0.04541672488615543
0.045681664100410115
0.0459119722750284
0.046104556222145036
0.04625640139801729
0.04636442213027365
0.04642534450707474
0.04643562806701599
0.04639142772359594
0.04628859369430277
0.04612270529866381
0.045889134753058954
0.04558313942632403
0.04510273822843419
0.04450106699269157
0.043771169419235895
0.04290440459724277
0.04233887730166439
0.041925288561561344
0.04161502578445716
0.04137260755917727
0.04117275139509886
0.04099787455343152
0.04083608749093314
0.0406796412651066
0.04052375385753791
0.04036573616815415
0.04020434791255845
0.04003932693616623
0.039871048046591896
0.03970027779364815
0.039527999533377094
0.03935528899980216
0.03918322501664198
0.039012823405604455
0.03884498497155084
0.0386804509324174
0.03851976147241475
0.038363215300834884
0.038210830190112115
0.038062306374355995
0.03791699628824757
0.037773885255444915
0.03763158822850377
0.03748836740404027
0.037342174427519345
0.037190719012733395
0.03703156331185721
0.0368622385827529
0.03668037799138204
0.0364838571569355
0.036270932638496255
0.03604036819631848
0.03579153939550194
0.03552450883826932
0.035240066747777875
0.03493973442130816
0.03462573083929401
0.03430090512126956
0.03391910089877516
0.03355682370900479
0.03324635267872534
0.0330054274725829
0.033172901806089714
0.03349498590882292
0.0339048138811852
0.03435887691290509
0.03482918414812269
0.03529773378781725
0.035752833631157076
0.03618674676966856
0.036594231536266224
0.03697166103626044
0.03731650320354867
0.037627011096190224
0.03790202091030624
0.03814078988317409
0.03834283428758543
0.03850775265391152
0.03863504154432124
0.03872392830854927
0.03877325381849528
0.03878143590217506
0.03874653183041589
0.03866639994735797
0.03853894246411624
0.03836239892436683
0.038135655469821186
0.03785853809422485
0.037532065738617004
0.03715864806322255
0.03674222058734742
0.036288315445950126
0.03580406911832591
0.035298169496847095
0.034780744031298064
0.034263188786390036
0.03375793547270189
0.03327815046735799
0.03283735760467271
0.03244897672727928
0.0321257746508389
0.031879236046332304
0.03171887917847483
0.031651563336040855
0.03168085595157167
0.0318065404513575
0.03202434386973455
0.03232594317926097
0.03236735876534584
0.03235992715981901
0.03231548753314121
0.032234294813612493
0.03224660040652148
0.03225941475867175
0.032265062900455894
0.03225998240506913
0.03224315865601691
0.032215105562199836
0.03217720295506655
0.032131264825917556
0.03207925743594319
0.032023116335281515
0.03196463047459759
0.03190537333550399
0.031846667955122115
0.031789576724275896
0.031734909144885116
0.03168324213687799
0.03163494846316292
0.03159022964880592
0.031549150524819214
0.031511673265010906
0.031477689501665976
0.031447049777967244
0.031419590187313086
0.03139515652043165
0.03137362654433273
0.03135493112771991
0.031339074772484245
0.03132615570437917
0.03131638505494368
0.03131010392188771
0.03130779637009262
0.03131009590978688
0.0313177828446704
0.0313317702610128
0.03135307738149995
0.03138279046629615
0.03142201321034249
0.03147181035597351
0.031533149656817624
0.031606848058243535
0.03169352776761037
0.03179358670394831
0.031749552212855095
0.031708812010411716
0.03169482018115802
0.031718086073852333
0.031833648777845065
0.03195960293423254
0.03206111885011685
0.0321176019960311
0.032117050784557795
0.03205267619536623
0.031921001106339095
0.03172090032181966
0.031453229644721574
0.031120814941396395
0.030728643698319184
0.03028413779770666
0.029797400167465685
0.02928133028180566
0.028751504088203747
0.02822572310433417
0.027723165872242803
0.027263131618447557
0.026863452875111802
0.026538758933326696
0.026298864747315867
0.026147597157403838
0.026082317172716484
0.026094253752703928
0.026169577386311142
0.026290982708368885
0.02643947490791516
0.026596076225351525
0.026743255599433916
0.026865989939341618
0.026952453235783908
0.02699438411038425
0.026987204616995376
0.02692996226951456
0.02682515328978272
0.026678465349396763
0.026498457145037804
0.02629617267282479
0.02608467221278916
0.025878452490143665
0.025692728843424623
0.02554256634332444
0.02544187679019807
0.025402341806523458
0.025432369084873237
0.025536222847623535
0.025356783228711554
0.025108808596735227
0.024803726323934145
0.02444139639700457
0.024460518684233146
0.02456226592728674
0.024703577065365873
0.024856430304938795
0.02500330987129901
0.025133849051045817
0.025242467256451472
0.02532675640499856
0.02538640007094931
0.025422459872211787
0.025436910833652487
0.025432343740755498
0.025411777963729336
0.02537854527629601
0.025336216355021063
0.025288548998898135
0.02523944218556341
0.025192883956525202
0.02515288453384701
0.0251233894886538
0.025108171457743935
0.025110702866671848
0.025134016161578142
0.025180561749784582
0.025252076609038013
0.02534947771945218
0.025472793618498323
0.025621144328409357
0.02579277496160908
0.025985142225206065
0.026195046867875445
0.026418799931329156
0.02665240734804015
0.026891756414451674
0.02713278893533501
0.02737164894245466
0.02760479714419021
0.02782908888458979
0.028041816670337356
0.028240721720971397
0.028423981188513983
0.028590178580018683
0.028544182264940023
0.02844625869054428
0.028344787563442247
0.02826529238410886
0.028396019301832446
0.028572284836072593
0.02876302711110539
0.028948268344196157
0.02911503986259232
0.0292548357999722
0.0293621105926326
0.02943346134420173
0.029467245142653583
0.029463457833579
0.02942374856131789
0.02935147240329089
0.029251700552488866
0.029131121570950606
0.0289977845724399
0.028860659982977044
0.028729026794152113
0.028611733843629614
0.02851641923590156
0.028448796436402954
0.028412118449001357
0.028406908548079698
0.028431001235166415
0.028479882231211603
0.028547266718771447
0.0286258233517137
0.028707943090483922
0.0287864639912927
0.028855287743334696
0.028909851976936036
0.02894744718966892
0.028967384872278658
0.02897103327825438
0.02896174031006094
0.028944661039977563
0.028926502491072228
0.028915192506388715
0.02891947484752635
0.028948431065417952
0.029010932886438138
0.029115037776417677
0.02926735440499351
0.029472421299751896
0.02973215646468625
0.03004544272400337
0.03040790881145692
0.030421732142717674
0.030319190176974112
0.03011819620083841
0.029824620268475363
0.029745154361757543
0.029692064251210095
0.029646728257333534
0.029598750114016036
0.02954314962428663
0.02947841919185726
0.02940519501194333
0.029325350605875686
0.02924137711548702
0.029155959146760432
0.029071686328234477
0.028990861579522513
0.028915380300784173
0.028846662815939977
0.028785627334911235
0.028732693767384812
0.028687810775315837
0.028650499993794248
0.02861991263548232
0.02859489482200509
0.028574058966697746
0.028555859334089488
0.028538670475416854
0.028520867542692663
0.028500907487750426
0.02847740985330601
0.028449235291027955
0.028415559171064867
0.028375936801520674
0.028330356024424155
0.028279272498437886
0.028223623024273944
0.028164812988575486
0.028104675488512556
0.02804540192371407
0.027989446626315497
0.027939411113693975
0.027897916340134343
0.027867473385893987
0.027850363887438147
0.027848540861691997
0.027863558334343976
0.02762503425226829
0.027358798971734516
0.0271068345517667
0.02689269421079744
0.026934724198111503
0.02706387480282055
0.02722358916392585
0.027379193379422705
0.027509804117801184
0.027603119797726765
0.02765225639773701
0.02765393315283468
0.027607513371413
0.02751456589774888
0.027378719953039123
0.027205651236139883
0.027003075255053133
0.026780648338855868
0.02654969865952879
0.026322737250268655
0.026112737356529355
0.02593221942056547
0.025792232052881524
0.025701363647409943
0.02566493904807718
0.025684538863701232
0.025757924952495157
0.025879378156790745
0.02604037749761756
0.02623049691578379
0.026438378350296745
0.02665265596337963
0.026862742890060496
0.02705943386360895
0.027235313126111656
0.02738498187706744
0.027505132817724317
0.027594503481892897
0.02765373808467931
0.027685182261161494
0.027692628290413565
0.027681021603043657
0.027656133628557133
0.027624202320568017
0.02759154091663967
0.027564118354950477
0.02754712145915753
0.027544518764276875
0.027558656756580986
0.02758992836602735
0.027340296911241964
0.027001846730492655
0.026582942630502465
0.02608135489772512
0.02595324942435029
0.02592014500085548
0.025942729536649087
0.02599451464650734
0.02605814620529106
0.026122612812221932
0.026181229473824945
0.026230222220082127
0.026267753048560653
0.026293257954183212
0.026307004124233736
0.026309799217986155
0.026302805284877065
0.026287423551826217
0.026265225637759886
0.026237913124723976
0.02620729187708901
0.026175250789574805
0.026143737264810982
0.026114724012543684
0.026090163947907245
0.02607193216923589
0.02606175624322852
0.026061138241069398
0.02607127397718903
0.026092976447782697
0.02612661126349549
0.026172051676113486
0.026228659492467353
0.026295295819937947
0.026370362481878174
0.026451871544353463
0.02653753726588035
0.02662488244584124
0.026711349980080814
0.026794410576278703
0.02687165892560743
0.02694089284540885
0.02700017254454267
0.027047859735228295
0.027082638406534527
0.027103520406278673
0.02691401660129126
0.026682460910832474
0.026455956788426112
0.02626032894240865
0.026394745032204243
0.026620268817548625
0.026888390474317573
0.027167867519960687
0.027438705690891362
0.0276881460113348
0.0279081349168968
0.028093807911651728
0.02824263267456469
0.02835396071465958
0.02842881099534568
0.02846975798745493
0.02848082903951824
0.028467340359344843
0.028435624127257197
0.028392625616826248
0.028345379758226284
0.02830040874188559
0.028263110137459385
0.028237221130249374
0.028224442738690212
0.02822428661954419
0.028234170763802212
0.02824974859945789
0.028265419876190263
0.02827494966105149
0.028272116856209978
0.02825132341876946
0.028208114126769036
0.028139577926286827
0.02804462070593176
0.027924113096443045
0.027780924871508066
0.02761986028261122
0.027447507350534535
0.02727201013065603
0.027102767755150366
0.026950059299217788
0.02682459112288957
0.026736965300511378
0.02669707566627977
0.026713452235325372
0.02679259349067999
0.026938344826665885
0.027151393993045198
0.02742895463300018
0.027385979204379206
0.0272622919013842
0.027072235786410298
0.026818356963237106
0.026801890856329835
0.026814270080814592
0.026832433562633158
0.026843418109642594
0.026840890748515516
0.026822751033797453
0.0267895041056799
0.026743166292059722
0.026686532268547437
0.026622687387280124
0.02655468791494081
0.02648535810286941
0.02641716981566096
0.02635218099970255
0.026292015918679648
0.026237874411854774
0.0261905604479451
0.026150522538865628
0.026117900454435142
0.026092574285854944
0.026074213294389914
0.026062323156621364
0.026056291159680132
0.026055429578169045
0.026059017844541846
0.026066344177699017
0.02607674705046771
0.02608965628016414
0.026104632691900893
0.026121404363667774
0.0261398966004486
0.02616025221835992
0.026182838659327707
0.026208239056930902
0.02623722568394636
0.02627071613835139
0.026309714920218503
0.026355245341753746
0.0264082785545453
0.026469667452147034
0.026540093012931462
0.02662002919029276
0.026439924772755613
0.02622591295120571
0.026018296003803343
0.025839623030871547
0.02590571612790811
0.026040650574383744
0.026191889954213263
0.026327689770256932
0.026429335727672212
0.026486181308975378
0.026492646789344293
0.026446502234187395
0.02634795865726542
0.02619924945945186
0.02600448922637671
0.025769660817231643
0.025502618853376676
0.025213020510913748
0.024912112734178742
0.024612326246507645
0.024326656300383154
0.024067849839606754
0.023847465553655807
0.023674918146784543
0.023556647218954768
0.023495550578899155
0.023490784918106706
0.02353797010506131
0.023629756337372423
0.023756650226338622
0.0239079642047716
0.024072757246771704
0.024240664716906137
0.024402556281473232
0.02455099984692563
0.0246805386622823
0.024787805954443954
0.024871508349046532
0.024932308877795618
0.024972635543391207
0.024996434517223352
0.025008879752340913
0.025016044381048735
0.025024534862032207
0.025041087520972855
0.02507212977835543
0.02512331532211467
0.02519905309258204
0.025302062179604762
0.02543299530213075
0.025244961145439445
0.024966629062811496
0.02461184582152941
0.024182123965260226
0.024108738422685714
0.02411172461820711
0.024157284079854072
0.02422336174022283
0.0242960224842076
0.024366806208456646
0.02443087090747955
0.024485720709720996
0.024530350103089474
0.024564678042956888
0.024589182006024772
0.02460466923934306
0.024612141471809887
0.024612722243847366
0.024607624668244073
0.02459814330560706
0.024585657921858826
0.02457163985664839
0.024557654009619793
0.024545351344956643
0.024536448532576523
0.024532693028146983
0.024535813619245984
0.024547458233074262
0.024569122532386956
0.024602074363153925
0.024647280246888146
0.02470534060849288
0.02477644012266539
0.02486031838756578
0.0249562641917114
0.02506313419349336
0.025179394273021787
0.02530317957752982
0.025432367740104354
0.02556465913335835
0.025697658349805107
0.025828952204621607
0.025956181112250936
0.026077102310827202
0.02618964474118665
0.026291956178180316
0.026119601923016374
0.025888132671159466
0.02564840701254079
0.02542909913291688
0.025526964891665036
0.025708408810923396
0.025928333939920098
0.026157582355157846
0.026377384349432292
0.02657568582112058
0.02674484709149398
0.02688027251354197
0.026979642264876317
0.027042514423469964
0.027070134410513747
0.02706533444301489
0.02703243593049412
0.026977090499771785
0.02690601655034233
0.02682661171827754
0.026746448493590792
0.026672688674351044
0.02661147779316184
0.0265673969742995
0.02654305129733822
0.026538858219346012
0.026553069440537914
0.02658202205283941
0.026620579517035375
0.026662698396889978
0.026702047159472025
0.026732608101895886
0.02674920827884609
0.026747944516947047
0.02672648625763676
0.026684254907092562
0.026622488298514192
0.026544203872032227
0.02645407509561303
0.02635823364291884
0.026264006167239878
0.02617959048782672
0.026113673054080362
0.026074989139642284
0.026071830624940156
0.026111514099052817
0.026199833781737996
0.02634053722820023
0.026534873207843257
0.026781266234041402
0.02669760985000106
0.026528851235542304
0.026289346379230066
0.02598195713381006
0.02594319888896823
0.025941584563708858
0.025950969745621028
0.025956259243817625
0.025949680606803912
0.02592817826569551
0.02589163278702412
0.02584165841153438
0.025780797078135853
0.02571198300184409
0.025638193013209513
0.02556222588463766
0.025486572138593996
0.0254133475146102
0.025344270776084376
0.025280671514822703
0.025223517107132644
0.025173450608746248
0.02513083348960702
0.025095788881842853
0.025068242531671003
0.025047959944934
0.025034579302726602
0.025027640583050195
0.025026611925894074
0.02503091458458959
0.025039947783859075
0.025053114446648244
0.0250698480916168
0.02508964033037444
0.025112067454915107
0.025136813791909903
0.025163689016124247
0.025192636635722594
0.025223731486983474
0.025257165289107382
0.025293220961611323
0.025332238224635713
0.025374574634021856
0.025420567285563554
0.025470500664472095
0.025524585369106075
0.02529222625033274
0.025011731520249193
0.02472668846345901
0.02446249470094071
0.024515637171170234
0.024656681862761258
0.02482770211055373
0.02499323025098626
0.025132158029420364
0.025232391072071866
0.025287522714027094
0.02529486242727334
0.025254328408283247
0.02516786898056757
0.025039187504633638
0.024873616355330176
0.024678029706589562
0.02446071384123437
0.02423113642072044
0.023999578956178783
0.02377662330079894
0.023572513946320126
0.023396450343004374
0.023255891094427484
0.023155966552269702
0.023099091097267314
0.023084839235996565
0.023110105896893135
0.023169522657276273
0.023256061642290216
0.023361737321861566
0.023478315946905883
0.023597958539892626
0.023713748163211857
0.023820077762976892
0.023912895919739906
0.023989822101995947
0.02405015061161181
0.024094764642633357
0.024125980384473267
0.024147337389343024
0.024163346741427023
0.02417920397935741
0.024200470227895565
0.02423272354466955
0.024281183896796395
0.02435031986796489
0.024443452840951306
0.024562383677990737
0.024707075508906894
0.02451930789765976
0.024238861988795903
0.02388124367849472
0.02344917845272023
0.02337599666796895
0.023375850778851997
0.023416780068880795
0.023478184970291745
0.023547232505085947
0.023616255217726055
0.023680937909525097
0.023739084039990296
0.023789792597388042
0.023832920256986332
0.023868740191433306
0.02389773579488225
0.023920486279651088
0.023937613793261887
0.023949770294805738
0.023957648317370663
0.02396200386282708
0.02396368263222895
0.02396364298642955
0.023962970731586833
0.023962882235263383
0.023964713653619032
0.023969895296720164
0.023979911435462943
0.02399624716139783
0.02402032519135662
0.024053436650149012
0.024096670720131788
0.024150848467156098
0.02421646602743811
0.024293651636122866
0.02438213976588154
0.024481264096454874
0.024589969400437228
0.024706840971121895
0.024830149151219297
0.024957905960084847
0.025087930745839752
0.025217922072948214
0.025345533486038737
0.025468451144923295
0.025584471430881012
0.025394379250805885
0.025138637679989435
0.024868422703227037
0.024613184585850052
0.02468964971259082
0.024854371417428044
0.025060059619201432
0.02527615459598136
0.02548306848537391
0.025668339508097115
0.025824201580740648
0.02594612007936318
0.0260319537177541
0.02608150156868725
0.026096266778794404
0.02607931744871182
0.026035158171376978
0.02596955028887854
0.02588924076946191
0.025801582289284135
0.02571405178489686
0.02563370003460152
0.025566587051334223
0.025517272216982786
0.0254884295598816
0.025480645286022213
0.02549242857294713
0.025520433704569346
0.025559860019018638
0.02560497326071709
0.025649681896739072
0.025688104710777745
0.025715078151006564
0.02572656868052169
0.025719972342512127
0.02569429791083118
0.025650239963551178
0.02559015385887485
0.02551794651554003
0.025438896036360053
0.02535941060073018
0.025286733769033246
0.025228600522399516
0.02519284717766194
0.02518697985001477
0.025217711081672183
0.025290482515645404
0.025409001806938194
0.02557483183473381
0.025787076455535816
0.025671786610418496
0.025475706710431544
0.025212373826949682
0.02488420833803406
0.024843604365678076
0.02484492440833507
0.02485996121043725
0.024872259904511914
0.02487317333305407
0.024859089563807467
0.02482953374869262
0.024785887391307358
0.02473053296021823
0.0246662896036404
0.02459604889822262
0.0245225491948401
0.0244482465775455
0.0243752530032423
0.024305320349531426
0.024239854578828948
0.024179948106957363
0.024126421382426957
0.024079866999655378
0.024040691585919028
0.024009152330585697
0.02398538642960872
0.023969432928831275
0.023961247468952656
0.02396071124075236
0.023967636010832766
0.023981767329860345
0.02400278795423108
0.024030323098823917
0.024063948443800148
0.024103200950360438
0.02414759165705522
0.02419661891412128
0.02424978014230467
0.02430658029533332
0.024366535791164844
0.024429173673545416
0.024494026980897837
0.02456062846581699
0.02462850563504546
0.02469718032029873
0.02476617550382435
0.024524398891084546
0.024222254915347935
0.02390479856292028
0.023598798970614704
0.02364235991569
0.023778211971951565
0.02394813563662992
0.024116239767353942
0.02426107057552285
0.024370320143328718
0.024437484693269767
0.024459847641601477
0.024437314083557857
0.02437176875078426
0.02426673648664984
0.024127195388992186
0.023959438628498836
0.023770911860728303
0.023569977021844067
0.02336557546913532
0.02316678671631602
0.02298230367691125
0.0228198690833875
0.022685736247326834
0.022584225430385206
0.022517440933495142
0.022485193139680445
0.022485138276034527
0.022513114388819484
0.02256362367145482
0.02263039519882135
0.02270696022266848
0.022787182057915693
0.022865699304398142
0.022938259511576846
0.023001936547795095
0.023055236887201108
0.023098107362737617
0.023131860205974387
0.023159031362981274
0.02318318616000153
0.023208683345152116
0.02324040524072541
0.02328345907159175
0.0233428533331275
0.023423154050711548
0.0235281293570782
0.02366039677102728
0.023821094889813727
0.024009608094928477
0.02384622657590193
0.02358751074056135
0.023251110011646682
0.02284148136635865
0.02277943276131872
0.022781375074530263
0.022818262232371458
0.022871789402793347
0.02293087948208566
0.022989178389035497
0.023043328692899732
0.023091806725956253
0.023134154945256672
0.023170487648609555
0.023201184719402967
0.023226714249010294
0.023247542798550687
0.023264104146061466
0.023276805564863116
0.023286056340981152
0.023292307229529925
0.023296092418217985
0.02329806766560876
0.023299039862345407
0.02329998451711056
0.023302048749066176
0.023306538393040668
0.023314888871145013
0.023328620587225266
0.023349280741508847
0.02337837457746643
0.023417290059375147
0.02346722071687834
0.023529091769297523
0.02360349458183512
0.023690633994068476
0.0237902921577698
0.02390181135191817
0.02402409697306496
0.02415564069360837
0.024294562762004507
0.02443867164043648
0.024585538613763988
0.024732584577138634
0.02487717581380933
0.02501672512213643
0.024817496044706375
0.024542795504685834
0.024244407723032765
0.02395269006904732
0.024005624631673057
0.024148955406858564
0.024334488725245962
0.024531042959532387
0.02471866847881798
0.024884754834297074
0.02502155095980273
0.025124655638536404
0.025192138352353507
0.02522404825816672
0.02522214220433423
0.025189713021012666
0.02513143379967193
0.02505315947705597
0.024961649071764923
0.024864193658064682
0.02476815770673487
0.02468046371396942
0.024607069131360147
0.024552496486844655
0.02451947856619286
0.02450876894278552
0.02451914560623177
0.02454760687302807
0.0245897309740968
0.02464015004160487
0.024693079404151597
0.024742844416839792
0.024784356897473648
0.024813507630223598
0.024827456499899408
0.024824814897729426
0.024805724700240988
0.024771844075637192
0.024726253014354372
0.02467329153725484
0.024618341844051584
0.024567563098572987
0.02452758501063419
0.024505164799777334
0.02450681240493031
0.02453839160367685
0.024604710188791772
0.02470911988494339
0.024853154705061112
0.025036242627817895
0.024890258102210995
0.024662863133075967
0.02436715109383789
0.02400535519823687
0.02395466468162278
0.023952331673796068
0.02396835576332712
0.023985015216601936
0.023992774581893077
0.023987388542745867
0.02396791135371943
0.023935351634956147
0.023891774657172085
0.023839712370140067
0.02378178559629705
0.023720473411625514
0.023657984983514777
0.0235962023181234
0.02353667103551511
0.02348062217500514
0.02342901222377309
0.023382571702567304
0.02334185510332629
0.023307286971097813
0.023279200591358483
0.02325786717239022
0.023243514656398626
0.023236336377351997
0.02323649070252842
0.023244093517162764
0.023259205891333623
0.02328181946146706
0.023311841943647736
0.023349084790025457
0.023393254370382092
0.023443947323254843
0.023500650020714973
0.023562741575694213
0.023629499604752108
0.02370010809008183
0.02377366712335721
0.02384920493489443
0.023925693224484287
0.024002067202568065
0.024077251738421547
0.024150194489028696
0.0238883835724631
0.023554670023673663
0.023195410902962257
0.02283861658368915
0.022865260635425908
0.022991851423496676
0.02315920960803859
0.023330486938426875
0.023483463837535603
0.02360528615453498
0.023689085739654777
0.023731902486344044
0.023733451418710923
0.023695413097923793
0.023621029340807623
0.023514857466017742
0.023382583632367202
0.023230828426147588
0.023066902707302363
0.02289849338447317
0.022733279462441257
0.022578498463256
0.022440500432195677
0.02232433831399504
0.02223344654916007
0.02216945257164717
0.022132149154827464
0.022119632641812416
0.022128588293924983
0.022154684743915444
0.022193028625931897
0.02223862893918465
0.022286827085336747
0.022333659775408743
0.022376134862468425
0.022412412049940343
0.022441889848318415
0.02246520657864527
0.0224841667891447
0.022501605650051392
0.022521203340553252
0.022547259792388922
0.02258443807215277
0.022637482854992313
0.02271091955348291
0.02280874031924036
0.02293408568597933
0.023088934974299587
0.023273824020606664
0.02348761399780059
0.023338966789698552
0.023094494826114087
0.022772549955313547
0.02237832869525329
0.022323084072029667
0.02232515810244515
0.022357327586767055
0.02240281078163713
0.022451769245777135
0.02249883654235954
0.02254142646876466
0.02257860034878974
0.022610324610875757
0.022636997934265785
0.022659164001978514
0.022677351719266478
0.02269200223998626
0.022703453902774014
0.022711964192616844
0.02271775342903842
0.022721058859544497
0.02272219070910988
0.0227215838284046
0.022719840129436616
0.02271775818510146
0.022716347356034398
0.02271682472163729
0.022720594024592235
0.022729206841037013
0.022744307268963232
0.022767562548637776
0.022800583116210367
0.02284483654391172
0.022901560526915877
0.02297168043974794
0.0230557369396649
0.023153828626903777
0.023265573925028787
0.0233900952109466
0.0235260269243919
0.02367154804292153
0.02382443801804212
0.023982154087696453
0.02414192682485825
0.024300869837727432
0.024456098683546344
0.02424708925986904
0.023954318997011732
0.02362953734601296
0.023303513426448666
0.023337702668679607
0.02346489881546874
0.02363567366268888
0.023818030109004674
0.023991561135769137
0.024143474351445926
0.02426603528888112
0.02435499277754569
0.024408645039936158
0.024427301423955165
0.02441296885648898
0.02436914412910037
0.02430062925296977
0.024213313866745134
0.024113891034443235
0.024009493778459588
0.023907260426673623
0.02381385650607559
0.023734997128811615
0.02367502340049419
0.023636586478607672
0.023620482347968555
0.023625660652897767
0.023649406203745196
0.023687667744679758
0.02373549053135948
0.023787500413729012
0.02383838779168803
0.023883347941145175
0.023918446509569015
0.023940892206100236
0.023949210466860726
0.023943320865891227
0.023924526906431917
0.02389542981488583
0.02385977862709751
0.023822267876773752
0.02378829227973991
0.023763665691575703
0.023754310059737566
0.023765919832314856
0.023803608916324118
0.02387155104422879
0.023972629980596478
0.024108122339380773
0.024277441203422227
0.024114022005876135
0.023868225516875
0.023552992128820508
0.023170501210870456
0.02311530466039084
0.02311198647125168
0.023129897147707093
0.023150835934976473
0.023164904326384562
0.02316756301969974
0.023157606242313663
0.02313579277545242
0.023103934020232902
0.02306429746563757
0.023019228270934534
0.022970922476825476
0.022921305792071477
0.0228719852701673
0.02282425004745048
0.022779103383381825
0.02273731259374491
0.02269946672527938
0.022666034349358665
0.02263741587419298
0.02261398643893961
0.022596126868142875
0.02258424140918769
0.022578762094963536
0.02258014058060685
0.022588829177084324
0.022605253502508752
0.02262977964320422
0.022662678919434808
0.02270409327179727
0.02275400394983808
0.022812205663184586
0.02287828774900096
0.02295162333173207
0.023031367000461142
0.023116461262166342
0.023205651941761135
0.023297512724863627
0.023390479061144092
0.02348289153044414
0.023573048404622366
0.023659266452623503
0.02338697136169699
0.023032014771949185
0.022641552351163285
0.02224438110388578
0.022253648545193978
0.022367318205286892
0.022526364460023006
0.022693723976828326
0.02284687201193027
0.022972676745962685
0.023064052731462975
0.02311787373830287
0.02313371025110802
0.023113080796368302
0.023059005323082683
0.02297571865077454
0.02286844942466257
0.022743203097007694
0.02260651241313285
0.022465139666594507
0.02232573343837311
0.022194458716984288
0.022076631971580236
0.021976400035702493
0.02189650188501079
0.02183814498611936
0.021801013981679888
0.021783411877443478
0.021782516411468982
0.02179472054154404
0.02181601835006434
0.02184239669869318
0.021870197596278094
0.021896424441009803
0.021918974861562322
0.021936792026480266
0.02194993389438754
0.021959565451606444
0.021967882502662742
0.02197797728952859
0.021993656497972757
0.022019221507831723
0.0220592195441583
0.02211817321152348
0.02220029528275071
0.022309196050911327
0.022447592347535253
0.022617030457100572
0.022817639135623964
0.023047932810430105
0.022908810240147442
0.022674093331143366
0.022362183950887585
0.02197856405035104
0.0219278622274415
0.021929244247388333
0.02195667506461431
0.02199443835151255
0.02203362006759423
0.022069637906384807
0.022100556560835254
0.02212596331066828
0.022146233904566225
0.022162068215091094
0.022174212188705415
0.022183308260128855
0.02218983361296053
0.022194097216067882
0.02219627446849092
0.022196463847225574
0.022194753956062564
0.02219129228666554
0.02218634912465266
0.022180371584896653
0.0221740239272635
0.02216821124929566
0.022164084513416053
0.022163025748242363
0.02216661323281345
0.022176567552503777
0.02219468058655292
0.022222730689816957
0.02226238847295073
0.02231511855196182
0.022382083311572577
0.0224640550043396
0.02256134232243285
0.022673736916961004
0.022800484244883693
0.02294028169219703
0.023091305284356645
0.023251264589341673
0.023417483767465854
0.02358700521391386
0.02375671092642631
0.023923455633549976
0.023704122936761825
0.023392994457278063
0.023041634005934068
0.022681037404910044
0.022698410260309634
0.022811751124837992
0.02297044655970863
0.023141686052028404
0.02330458713614655
0.023446148431715077
0.023558619192196432
0.023637859272870935
0.023682349048488024
0.023692602535542298
0.02367081153245975
0.023620601965273488
0.023546821164871418
0.02345530254032456
0.023352576716364957
0.023245518514997888
0.023140938219090655
0.02304514276822981
0.02296350604814671
0.02290009478469881
0.022857395646256707
0.0228361793243047
0.022835520078257253
0.02285296806312959
0.022884851396982896
0.02292666967543999
0.02297353308440056
0.02302060168533876
0.023063486191327177
0.023098581950211652
0.023123319227967103
0.023136323217545135
0.023137485338436577
0.023127952957574107
0.023110047787128073
0.023087124309172313
0.023063379167995904
0.023043621129564186
0.023033009534001662
0.02303676778459794
0.023059877940110586
0.02310676342097177
0.02318096946937134
0.02328485515703434
0.023419315699704797
0.023583558368900512
0.02341010992527873
0.023152728982320424
0.022824317616976765
0.022427029585245062
0.0223692807899785
0.02236536722091578
0.022384639094532276
0.02240886370928996
0.022428079018021577
0.022437647546954306
0.022436227698095227
0.022424403195707994
0.022403771773705675
0.022376351814717414
0.02234420966176414
0.022309240837458597
0.022273058639811688
0.0222369568581997
0.022201922206987457
0.022168678196986032
0.022137746585540317
0.022109515860281547
0.022084308765533935
0.022062442892802146
0.022044279986362804
0.022030260988214784
0.022020925062876437
0.0220169119696758
0.022018948219963277
0.022027818464243034
0.022044324464067074
0.022069234761149758
0.02210322870349568
0.022146838780178767
0.022200395234091053
0.02226397668092407
0.022337370011307568
0.022420042262659076
0.0225111264947188
0.02260942305079297
0.022713416968328175
0.02282131171364306
0.022931078820408686
0.02304052235719232
0.0231473563888551
0.02324929271015286
0.02297034541227127
0.022599025444038485
0.022182898025086606
0.02175120772524781
0.02174320109860241
0.021842781519263454
0.021991365030856008
0.022151904903508154
0.02230173506612297
0.02242755256067506
0.02252212017140932
0.022582186252212196
0.022607207204189694
0.02259857270310063
0.022559128383812188
0.022492858767605428
0.02240464025136395
0.02230000705859796
0.022184897766579798
0.022065369879214623
0.02194728653310542
0.021835992944788007
0.021736009802197004
0.02165077529650593
0.02158246603581881
0.021531919758579612
0.0214986708759607
0.021481095795747984
0.021476651573041003
0.02148218122908138
0.02149425361258091
0.021509505205261986
0.02152495495314559
0.02153826957084048
0.02154796425000439
0.021553531015813265
0.021555493270765662
0.021555389929596817
0.021555695896461627
0.02155968758752556
0.02157126299644325
0.02159472574020427
0.02163454195855171
0.021695078261460467
0.02178032853698215
0.021893637728038116
0.022037431924291334
0.022212966321250912
0.02242010546175303
0.02265715301348176
0.022522183276455568
0.022292884376946227
0.021987091349577388
0.021610109428351062
0.02156259037355446
0.021563360603035642
0.021587045896475067
0.021618606985190317
0.021649777741351975
0.021676569790031918
0.021697573605882117
0.021712825728571018
0.0217230700982334
0.021729292350474032
0.02173244338105575
0.02173329413716058
0.021732380670087977
0.021730009911347343
0.021726304485404937
0.021721270449681376
0.021714875913505557
0.02170713146881986
0.021698165542028212
0.02168828935721796
0.02167804736997187
0.021668249957040267
0.021659985978841036
0.02165461368787851
0.021653729417789532
0.02165911459348956
0.021672662847292246
0.021696290359917075
0.0217318338798876
0.021780942088206676
0.021844966926249473
0.021924862053055837
0.02202109562905392
0.022133584073883442
0.02226165232464239
0.02240402451243757
0.022558847029070482
0.022723743858309026
0.02289590198464026
0.02307218282168471
0.023249254025141927
0.023423734818749025
0.023193952162784894
0.022865053894387487
0.02248819361108031
0.022094354605390925
0.022096883844111636
0.022198457297487855
0.022347388743332523
0.02251010514435226
0.02266526364306107
0.022799646887432214
0.022905465671276316
0.022978656741558034
0.023017838188172282
0.023023675150808408
0.022998482981708923
0.02294594936453672
0.02287089557446364
0.022779025602272965
0.02267663461364699
0.022570267838264102
0.02246633849708119
0.022370728381371184
0.02228840577580362
0.022223100743250228
0.022177075931505863
0.02215102180550545
0.02214409004515924
0.022154060847043616
0.022177622860983254
0.022210731900270845
0.022249008385656105
0.02228813389469543
