0.0046067625381455805
0.012280011993396006
0.01946074407809645
0.026035669374632607
0.032065819916266315
0.03760053497709738
0.04268087691099918
0.04734236217608864
0.05161660577351941
0.055532338626594305
0.059116067408748564
0.06239252114446053
0.06538496445830548
0.06811542385616264
0.0706048552536487
0.0728732706432525
0.07493983566593108
0.07682294607149076
0.07854028863158534
0.0801088904663875
0.08154515964957708
0.08286491918170565
0.0840834358563965
0.08521544511605172
0.08627517265741362
0.08727635327106949
0.0882322471604951
0.08915565376872647
0.09005892293046523
0.09095396295237725
0.09185224499293362
0.0927648028538173
0.09370222699551942
0.094674651237709
0.09569173018781689
0.09676260494814196
0.09789585407653124
0.09909942612228223
0.10038054935088424
0.10174561356665683
0.10320001835672374
0.10474798181877601
0.10639230423747818
0.10813408276022626
0.10997237663255072
0.11183400950280568
0.11359182923948442
0.11504594314373459
0.11610841640961268
0.11682203351060474
0.11721843208942107
0.11732967247051955
0.1171875430995162
0.11682293362758266
0.11626530666250452
0.11554228686683977
0.11467937388921554
0.11369977509848511
0.11262434616775781
0.11147162253429027
0.11025792246315909
0.10899750237558602
0.10770274663580563
0.10638437649262557
0.10505166580291787
0.10371265411634421
0.10237435040423921
0.10104292302230622
0.0997238733514322
0.09842219197213885
0.09714249724269618
0.0958891568337325
0.09466639319279642
0.09347837413624457
0.09232928984991944
0.09122341757069144
0.09016517515360506
0.08915916462937425
0.08821020674033958
0.08732336731753883
0.08650397622785812
0.08575763947281886
0.08509024484858277
0.08450796136508007
0.08401723235190364
0.08362476182774815
0.0833374932536695
0.08312557449628648
0.0828913497557361
0.08263366020423007
0.0823507426305026
0.08204017733778529
0.08169882000477953
0.0813227137439105
0.08090697771477849
0.08044566956287805
0.07993162125008682
0.07920872711617402
0.07827391703927054
0.0771502655696832
0.07630049745929642
0.07483089308545594
0.07346617215378018
0.0722072368205628
0.07105406209260927
0.07000577347066848
0.06906071704631293
0.06821652462670517
0.06747017583483453
0.06681805857262421
0.06625602873403204
0.06577946962539148
0.06538335120164432
0.06506228896286893
0.06481060216919454
0.06462237091000742
0.06449149148792416
0.0644117295320969
0.06437677022488338
0.06438026500142376
0.06441587405926731
0.06447730399604494
0.06455833988263421
0.06465287108565314
0.06475491018661705
0.06485860441670849
0.06495823914723829
0.06504823315830756
0.06512312566465829
0.06517755542276417
0.06520623269389027
0.06520390541356287
0.06516532163892384
0.06508519122921058
0.0649581507695424
0.06477873696543326
0.06454137507926543
0.06424039037820527
0.06387005189891351
0.0634246589390147
0.06289868132911755
0.06228696441720566
0.061524628201289386
0.06064793307070416
0.05960237884139805
0.0584773379278527
0.05740714353748826
0.05656603405551577
0.05597110109206039
0.05559477098251023
0.05541449461225348
0.05540761778350326
0.05555180738836854
0.05582541925305629
0.05620780100737817
0.05667952575897812
0.05722255606384994
0.057818907061099004
0.05844599938502589
0.05909363971489749
0.05975252923465118
0.060414211254890965
0.06107098312114531
0.061715784472741085
0.062342072024941644
0.06294368915293207
0.06351473680417423
0.06404945074013135
0.06454208884372141
0.06498683122218053
0.06537769505905171
0.06570846558302326
0.06597264407908429
0.06616341352224203
0.06627362212159892
0.06629578478278197
0.06622210219546566
0.06604449690503619
0.06575466532225265
0.06534414417115843
0.06480438940870598
0.06412686523448087
0.06330314053819175
0.06232499011755524
0.06118449835334159
0.0598741638463112
0.05838700485789814
0.056742857512906565
0.055007859576699174
0.05317783403165823
0.05124914752268836
0.049218755354117766
0.04708428463093919
0.04485857019029651
0.04252207998092802
0.04008506256908308
0.03754918998045092
0.03515107851718266
0.03293841325134355
0.030889831058897456
0.02899087452391424
0.027228222046901732
0.025589696473777682
0.02406425315283901
0.022641952539429296
0.021313921415862455
0.02007230549316677
0.018910215002786956
0.01782166404754639
0.01680150400790245
0.01584535116288971
0.014949508818446942
0.014110884557629632
0.013326903654037539
0.012595420142229473
0.011914627444636876
0.011282970750766085
0.01069906348155255
0.01016161011733504
0.009669337411904086
0.009220935572555801
0.008815010397579256
0.008450046690253888
0.0081243825882566
0.007836193838832033
0.0075834865847817234
0.007364096958081134
0.007175695735717831
0.0070157964970250794
0.006881766106364829
0.0067708368775783075
0.006680120385065682
0.006606623484401246
0.0065472676000224985
0.006498912638482002
0.006458386917442491
0.006422524216092521
0.00638820844760634
0.0063524255772258904
0.006347811488212095
0.006353951266597904
0.006367485192852197
0.006394291675161688
0.006443246902667383
0.006509897390097458
0.006582476032267852
0.006656807479460437
0.006730245914574015
0.006801241075201977
0.006869023828531082
0.006933383716042127
0.006994513128313692
0.007052896747926367
0.007109229289253266
0.007164348833787213
0.007219177016489355
0.007271501380712816
0.007310853800072621
0.00734057665275355
0.007360274185644832
0.007369868359153994
0.007369530844743955
0.00735962316903955
0.007340647494893882
0.007313209585234704
0.007277994399861444
0.007235753712761217
0.007187304223981369
0.007133533933175878
0.007075414057645862
0.007014013506587712
0.006950512842425515
0.006886214741398401
0.006822548182061611
0.006761063922075059
0.0066978867539265454
0.006622536669846179
0.0065361234593729525
0.00644000271172811
0.006335729199725878
0.006224995632849075
0.006098743392042308
0.005949638309751827
0.005779667133553479
0.005590987252849123
0.005385839074664174
0.005166465860598551
0.004935047641999975
0.004693654630774855
0.00444885013882488
0.004196499521597808
0.0039405284553301915
0.0036823456661251785
0.0034905339730159
0.0033543799990610563
0.003255238170470592
0.003173904583399068
0.003106202723888411
0.0030489549724157187
0.0029997458778848033
0.002956724993291962
0.0029184466785867965
0.0028837429038504766
0.0028516247915508198
0.0028212088761221093
0.002791664519015658
0.0027621794254116937
0.0027319406735113964
0.0027001290409625445
0.00266592467114523
0.002628522254783331
0.002587153911767787
0.0025411178592018844
0.0024898107737282866
0.0024327615425361994
0.002369663903093754
0.0023004053579369715
0.002225089777465954
0.002144051319066042
0.002054335963778364
0.0019567135008824784
0.001852597179844874
0.0017436294712738416
0.0016316235474923431
0.0015184940854233212
0.0014061815535601865
0.0012965748597619103
0.0011914375146311563
0.0010923422574460738
0.0010006184020900694
9.173150468160728E-4
8.431818618270797E-4
7.786675738854842E-4
7.239346909557516E-4
6.788876485191218E-4
6.392037509041011E-4
6.086935204932698E-4
5.900575084017467E-4
5.713222775983885E-4
5.58860982421221E-4
5.527708219369874E-4
5.476568070519591E-4
5.435228461477161E-4
5.42709216957535E-4
5.435661894424453E-4
5.451832731483414E-4
5.47146867484293E-4
5.493999913317835E-4
5.521612263061316E-4
5.55875579932695E-4
5.582021546830613E-4
5.592209136893426E-4
5.595364834434614E-4
5.598994964071904E-4
5.611531729439091E-4
5.591196074819566E-4
5.535763592280045E-4
5.487594999661723E-4
5.454274249671453E-4
5.441564956627408E-4
5.453146349170651E-4
5.490548249783362E-4
5.553257511505067E-4
5.638953977215401E-4
5.743830027409764E-4
5.862950674354572E-4
5.990617410179085E-4
6.120706270412701E-4
6.246957832037639E-4
6.363204000718814E-4
6.463523594722905E-4
6.542325891637724E-4
6.594368168336426E-4
6.614719313216222E-4
6.598686235147035E-4
6.561788943210853E-4
6.545183640053635E-4
6.549292942022505E-4
6.573582625863328E-4
6.616400420434601E-4
6.621910184971219E-4
6.611786280755938E-4
6.618459397676333E-4
6.638318867346761E-4
6.646571604699973E-4
6.679689607432434E-4
6.612277772724398E-4
6.439710849727934E-4
6.163314921009024E-4
5.988199693270889E-4
5.891412533599079E-4
5.82400593351247E-4
5.763095479066727E-4
5.694852597084961E-4
5.61181812620613E-4
5.516018126354301E-4
5.454941282017637E-4
5.420648075890846E-4
5.407755818327511E-4
5.412670824310979E-4
5.433039889642124E-4
5.467038420401319E-4
5.49742948215412E-4
5.524583748356749E-4
5.549306502310518E-4
5.572694937232766E-4
5.59602226146819E-4
5.620639954165453E-4
5.647891930497437E-4
5.679036529920473E-4
5.715174230047477E-4
5.75718083053001E-4
5.80564750839525E-4
5.847977030500576E-4
5.873675163985432E-4
5.883751983052031E-4
5.879132272255894E-4
5.860673678394686E-4
5.829205104650469E-4
5.805249446731674E-4
5.79092102121256E-4
5.786128440446985E-4
5.779932986041385E-4
5.762606269222553E-4
5.733274987983166E-4
5.691482191706384E-4
5.637251116161954E-4
5.571118720055422E-4
5.494136079112949E-4
5.407835940036077E-4
5.314170660965635E-4
5.239473413187401E-4
5.152831046936475E-4
5.035107022759597E-4
4.913091290647743E-4
4.888332877999145E-4
4.904402113487256E-4
4.907004800485155E-4
4.973047133283199E-4
5.081513895361226E-4
5.212501044168207E-4
5.352099335107244E-4
5.490228674026095E-4
5.619309459372864E-4
5.733444015915852E-4
5.827910071073679E-4
5.898839630278751E-4
5.942998975538877E-4
5.957614171372177E-4
5.940209655118539E-4
5.916553855354838E-4
5.891386614913882E-4
5.865423056114753E-4
5.838298199097268E-4
5.808451219976117E-4
5.821330963716282E-4
5.891934763618568E-4
5.957095046763117E-4
6.007574279078211E-4
6.039451983074789E-4
6.049027475541546E-4
6.033223188285581E-4
5.989930202451564E-4
5.918270439138015E-4
5.818760181556814E-4
5.693369179655106E-4
5.545477986589492E-4
5.379743063317139E-4
5.201884255431943E-4
5.018412223728087E-4
4.8363141711766673E-4
4.662714893486411E-4
4.504527250864675E-4
4.368102370786006E-4
4.2588861935256525E-4
4.181086378944791E-4
4.1373530773041443E-4
4.128479454024354E-4
4.1531336382889176E-4
4.207642720522045E-4
4.322194658777147E-4
4.371666576954518E-4
4.385814971180524E-4
4.394841278410196E-4
4.4101232649847595E-4
4.3762030275432454E-4
4.362624577604775E-4
4.360957457612785E-4
4.3650792206630773E-4
4.371476126689491E-4
4.3782835125737786E-4
4.38465410957409E-4
4.3903383545006907E-4
4.395404185764319E-4
4.400050558967139E-4
4.4044854243543714E-4
4.408849064102289E-4
4.4131699123035726E-4
4.417343813791128E-4
4.4211300954871723E-4
4.4196706699891784E-4
4.4114656082162607E-4
4.4101572283639556E-4
4.415847412965497E-4
4.428502170833671E-4
4.4479732527795684E-4
4.4740182957575493E-4
4.5063196399402637E-4
4.5445023278552465E-4
4.588152004900508E-4
4.6320465795387817E-4
4.667860556067732E-4
4.6837157260840994E-4
4.689577558480551E-4
4.693886062608042E-4
4.695740793373473E-4
4.694390081625998E-4
4.6892432736786227E-4
4.679875256398066E-4
4.666021987639015E-4
4.647566675419719E-4
4.6245174420406974E-4
4.6061563120363325E-4
4.600992758096768E-4
4.610191846043091E-4
4.634759246450992E-4
4.675515601797045E-4
4.7499652198368256E-4
4.780440728721666E-4
4.781265701826913E-4
4.770763000870156E-4
4.738705869677616E-4
4.715176897385106E-4
4.719847319762051E-4
4.7293155652970785E-4
4.7289630876413947E-4
4.7097839689807917E-4
4.666557953715915E-4
4.5968240731928507E-4
4.500335531798911E-4
4.3787939702475136E-4
4.235724553360787E-4
4.0763890641690723E-4
3.9076573731559666E-4
3.737777724496893E-4
3.5760090540952764E-4
3.432106416399523E-4
3.3156821130104065E-4
3.235495055201482E-4
3.181994738032921E-4
3.159568197612035E-4
3.1450231645870845E-4
3.133469286956623E-4
3.1248478750765655E-4
3.1160593130192643E-4
3.1015018627646146E-4
3.073907984269695E-4
3.0648963206561796E-4
3.0694670754704184E-4
3.079690359007146E-4
3.089017875289322E-4
3.0927295185749395E-4
3.088216618975743E-4
3.0751003570157184E-4
3.05519716346606E-4
3.032354143315183E-4
2.9991907520181835E-4
2.9494807146417947E-4
2.8900757886894543E-4
2.828980698243762E-4
2.77487969854955E-4
2.736649902535242E-4
2.722882438626284E-4
2.7344490772291096E-4
2.750200861352284E-4
2.7749565206121427E-4
2.811644203546101E-4
2.7809664346115646E-4
2.704388278696788E-4
2.607794206708853E-4
2.473606698360639E-4
2.4337621910393065E-4
2.436602729555917E-4
2.4371316441292308E-4
2.4232484800211696E-4
2.4220843489731117E-4
2.4282323884061195E-4
2.4361498123346255E-4
2.442541585367033E-4
2.4456626475196166E-4
2.444848907848463E-4
2.4401984049064702E-4
2.4323531729471333E-4
2.4223492748141724E-4
2.411512630526996E-4
2.401384640331345E-4
2.3936658183522572E-4
2.3901686542338553E-4
2.3920767310236612E-4
2.3836074783422647E-4
2.3698625979106007E-4
2.3534845943052633E-4
2.335106854438546E-4
2.3152152807897334E-4
2.294082875162459E-4
2.2717091975082377E-4
2.2477712183723304E-4
2.2215920579329783E-4
2.1921332145564515E-4
2.1580141417919092E-4
2.121495950202925E-4
2.087319455547008E-4
2.0633306138232582E-4
2.0482737102790448E-4
2.0407793435258195E-4
2.0394334110575957E-4
2.042838368694933E-4
2.0496629696380657E-4
2.05867813616035E-4
2.0687782971843597E-4
2.0789891766579248E-4
2.0884643737810598E-4
2.096473926627571E-4
2.1055738923798516E-4
2.1027566469306627E-4
2.0833469706654236E-4
2.0661823679204153E-4
2.0320208811592405E-4
2.0341243514608272E-4
2.0683270213441588E-4
2.1188096435695316E-4
2.1750187197520723E-4
2.2297880692787357E-4
2.2782596390238065E-4
2.3172802189393775E-4
2.3450841849459426E-4
2.3611411991413705E-4
2.3660841500310515E-4
2.361653311779506E-4
2.3506072264037561E-4
2.336564801894294E-4
2.3237595085291528E-4
2.3167057829075795E-4
2.3197978939908895E-4
2.3368789682951864E-4
2.360467709057776E-4
2.3878872816141512E-4
2.406895938747856E-4
2.3931192404235945E-4
2.3644802728842903E-4
2.3222083736272543E-4
2.293751218479541E-4
2.2844847119781627E-4
2.2909831617496916E-4
2.3097916401753252E-4
2.3377929391958663E-4
2.3725147136173484E-4
2.412362994782823E-4
2.4567751931572565E-4
2.4981036825282623E-4
2.522057498892873E-4
2.5287543862153054E-4
2.5195093624431685E-4
2.4966330207927106E-4
2.4631647038248487E-4
2.422554127363463E-4
2.392328080433476E-4
2.390425328241687E-4
2.4217196964517642E-4
2.490024435769799E-4
2.5977920183419895E-4
2.7074474301942025E-4
2.815676851540033E-4
2.809223199362574E-4
2.7744572291089724E-4
2.738087119485022E-4
2.7005872915020646E-4
2.718182582942889E-4
2.728097532339767E-4
2.710603657835627E-4
2.6845863874706534E-4
2.669093114247937E-4
2.6599998631788533E-4
2.655086680440262E-4
2.653311046988679E-4
2.6543126277132423E-4
2.6580741476620333E-4
2.6646904185261477E-4
2.6742140130466414E-4
2.6865562367058183E-4
2.701428461990779E-4
2.718313107786391E-4
2.7364564716748636E-4
2.7548777715979516E-4
2.7723903998646903E-4
2.787632669397979E-4
2.799106295355602E-4
2.8052215245173896E-4
2.8051367365987536E-4
2.8172854126427854E-4
2.840564107985832E-4
2.866956330894078E-4
2.8904278827511076E-4
2.9103523249909033E-4
2.9263161921297686E-4
2.938161256284874E-4
2.9460179216830065E-4
2.950326469273998E-4
2.951843129593232E-4
2.951628736685283E-4
2.951019003203191E-4
2.951577146385463E-4
2.955031471619108E-4
2.963202295383551E-4
2.9779239533066237E-4
3.000968329127029E-4
3.0339762002246437E-4
3.078401710912006E-4
3.1354735854788193E-4
3.166887519334082E-4
3.183063696442971E-4
3.166203139340821E-4
3.1289704775097074E-4
3.090467059710668E-4
3.076160397197976E-4
3.0808045066756687E-4
3.082128822490434E-4
3.0906662610097997E-4
3.099347175647405E-4
3.100878141133386E-4
3.091094574785531E-4
3.0681472336426213E-4
3.032046473066645E-4
2.9843997929280506E-4
2.92823222766746E-4
2.8678123180328827E-4
2.8084313785049607E-4
2.7561069636814725E-4
2.717205001274908E-4
2.6979977995408475E-4
2.6924879055854434E-4
2.699310502734015E-4
2.701732100622757E-4
2.6878134851666036E-4
2.659503532429434E-4
2.626428158471527E-4
2.5914457348317495E-4
2.563758840802466E-4
2.5619437375655273E-4
2.580746105992699E-4
2.614602697450615E-4
2.65802857139623E-4
2.705956590615707E-4
2.754016801479411E-4
2.798746065703688E-4
2.837722112316651E-4
2.869620928480908E-4
2.8942012722816824E-4
2.912224114446375E-4
2.910019040022381E-4
2.8997478396699644E-4
2.8851756583813575E-4
2.8703694293874234E-4
2.859421656905626E-4
2.856171606069241E-4
2.863931137945047E-4
2.885222960699116E-4
2.921541121849554E-4
2.9527143543282825E-4
2.9082007690415276E-4
2.805696228631687E-4
2.701572680594499E-4
2.5541093570434335E-4
2.5007175072738514E-4
2.490654354480246E-4
2.4831594931155437E-4
2.46776587175925E-4
2.440462834535902E-4
2.4280700313695337E-4
2.4245125107353281E-4
2.4258783891643803E-4
2.4297229128674772E-4
2.434603221602356E-4
2.439765252182421E-4
2.44493297183949E-4
2.4501672106987734E-4
2.455771761857951E-4
2.4622309546116854E-4
2.470167189364591E-4
2.4803098811022255E-4
2.4934694355703655E-4
2.5105116008154526E-4
2.532328989861134E-4
2.559807873236472E-4
2.579105885460483E-4
2.5882434334057976E-4
2.588104141230063E-4
2.579570305653124E-4
2.563476679984716E-4
2.5405717562912525E-4
2.5114904983854214E-4
2.482984564231295E-4
2.4598668467663994E-4
2.441908458283295E-4
2.4286538557493118E-4
2.4194568941205108E-4
2.4135252916664677E-4
2.409969634870257E-4
2.407852834195175E-4
2.4062362546516588E-4
2.4042195214538523E-4
2.4009720920147983E-4
2.3957558849605848E-4
2.3879393439414035E-4
2.3770041013408447E-4
2.3651688129508312E-4
2.3307770784877882E-4
2.2806769393461185E-4
2.2233793571336776E-4
2.2017766898147916E-4
2.1992673470709256E-4
2.2376155389020188E-4
2.3065294262376802E-4
2.390701505301536E-4
2.479795469577578E-4
2.566744658301153E-4
2.646767327299751E-4
2.71680241669343E-4
2.7751913563843847E-4
2.821493892095086E-4
2.856359893402726E-4
2.881400357378666E-4
2.8990176961830286E-4
2.912172188174595E-4
2.9240796457624267E-4
2.937854075836176E-4
2.956125861799208E-4
2.9657594439144486E-4
2.9675904466099556E-4
2.9620033143427373E-4
2.961019762648898E-4
2.9463839069482833E-4
2.927559532162045E-4
2.919220125668876E-4
2.9186880086869783E-4
2.922978658329769E-4
2.929188619409851E-4
2.9348486096665024E-4
2.938216342127296E-4
2.938492104571164E-4
2.935948918666782E-4
2.931977416310162E-4
2.9205031571306357E-4
2.889987363724509E-4
2.842984493665395E-4
2.7830178292686484E-4
2.714298564179559E-4
2.64140489710975E-4
2.5689365112527014E-4
2.5234908025109854E-4
2.5137189700938237E-4
2.543845943535661E-4
2.6168907612132025E-4
2.720536741088642E-4
2.8364800090035803E-4
2.862597534998013E-4
2.837508735172829E-4
2.788730286381589E-4
2.7356492065923837E-4
2.723520367864128E-4
2.717627866383902E-4
2.692219909994463E-4
2.68360626635679E-4
2.6839568672156085E-4
2.6887648222645796E-4
2.695651366251915E-4
2.703567689269267E-4
2.712255392552522E-4
2.721880920160176E-4
2.732790151498025E-4
2.7453475964741057E-4
2.759835779447956E-4
2.7763974552319856E-4
2.7950079863143325E-4
2.815468502791689E-4
2.837412912604849E-4
2.8603237273142686E-4
2.8835531766112685E-4
2.9063472893231523E-4
2.927871570108194E-4
2.9472376302429283E-4
2.963530654775356E-4
2.9673921886673395E-4
2.9556523063930905E-4
2.94266067056068E-4
2.931120859359191E-4
2.92100861776999E-4
2.912395984213939E-4
2.905467442870591E-4
2.900532290371162E-4
2.8980315086021634E-4
2.898537379980263E-4
2.902744394020117E-4
2.9114506959555564E-4
2.92553035711454E-4
2.9458979555118504E-4
2.973468133968158E-4
3.0091137209829635E-4
3.053626454438039E-4
3.1076842119325264E-4
3.171827898429142E-4
3.2095294870348166E-4
3.236967178879434E-4
3.225249328209969E-4
3.1925147274328137E-4
3.155626703780008E-4
3.145955350209182E-4
3.150029887520051E-4
3.1576029632741345E-4
3.169410980672199E-4
3.1749672624527763E-4
3.168012826529725E-4
3.1452016403019214E-4
3.1053404188882043E-4
3.048949932763394E-4
2.978001472529057E-4
2.895730470959369E-4
2.806459547502826E-4
2.7153859012051353E-4
2.628308368646244E-4
2.551289516959721E-4
2.490267163757256E-4
2.446934073401332E-4
2.4153539027895225E-4
2.3996681287143334E-4
2.3841326378620757E-4
2.3595262426425302E-4
2.3391108837235184E-4
2.3221967349424752E-4
2.3063188521507943E-4
2.288019083108701E-4
2.2831138847827088E-4
2.2967520435637417E-4
2.3240168278331746E-4
2.3603633167407345E-4
2.4018680791578785E-4
2.445418929943272E-4
2.488840135656363E-4
2.530951838345997E-4
2.5695412448966835E-4
2.5856835477850034E-4
2.579082943001814E-4
2.55812891341989E-4
2.538040572171921E-4
2.522876338321675E-4
2.516757291418942E-4
2.523619933215359E-4
2.546970242042447E-4
2.5896421153612714E-4
2.653564615309677E-4
2.7190627314747505E-4
2.70048189218844E-4
2.6239115863447546E-4
2.5306347392843007E-4
2.410712903711475E-4
2.3675993818635119E-4
2.3600363692233815E-4
2.3500567403656933E-4
2.3297930685244964E-4
2.314836052915815E-4
2.309846768101132E-4
2.310200206703176E-4
2.312956758763506E-4
2.3162910270858343E-4
2.3191148139947067E-4
2.320828964744589E-4
2.3211622719199185E-4
2.3200696639647818E-4
2.317670510613634E-4
2.3142133590033754E-4
2.3100570563185048E-4
2.3056607579228594E-4
2.3015771964878407E-4
2.2984450574436074E-4
2.2969775305507647E-4
2.2979451881603396E-4
2.3021523378965395E-4
2.2958361619973384E-4
2.2799245921542973E-4
2.2554411066950817E-4
2.2234473031112006E-4
2.1850021333832414E-4
2.1491154207651112E-4
2.1189703850342973E-4
2.0950563035470232E-4
2.07765039149029E-4
2.0668164053013326E-4
2.0624125911143654E-4
2.0641076458884354E-4
2.0714028419580233E-4
2.0836582640834325E-4
2.1001212246190458E-4
2.1199552997418366E-4
2.1422689591030913E-4
2.1661433033465114E-4
2.1906588375529603E-4
2.214921383071446E-4
2.2052578080429376E-4
2.1976326172644115E-4
2.1626356157323717E-4
2.1081834460411877E-4
2.0823929647547919E-4
2.0636988557900168E-4
2.087648829470042E-4
2.1391860859744876E-4
2.2043967203674828E-4
2.2739139653809069E-4
2.341381351052601E-4
2.402566585819398E-4
2.4548554751207126E-4
2.496965736511813E-4
2.528778134490905E-4
2.5512144051960265E-4
2.566111918577043E-4
2.576061193503488E-4
2.5841877944229375E-4
2.593875873786451E-4
2.598985293002297E-4
2.598044883347014E-4
2.593682647329348E-4
2.5878578745471405E-4
2.581636814230534E-4
2.5791330818580746E-4
2.568408145974157E-4
2.5400375579664943E-4
2.5133787915261716E-4
2.498950996190556E-4
2.4940454097169035E-4
2.4958733629944576E-4
2.501880402652348E-4
2.5100165053262776E-4
2.518946822208838E-4
2.5281937607332195E-4
2.538207669794144E-4
2.549030980497926E-4
2.541191817870172E-4
2.5159377789498203E-4
2.4754393065954105E-4
2.4225708606867677E-4
2.3627825204656141E-4
2.3201185564695938E-4
2.2996553386905205E-4
2.305958495582675E-4
2.342863133111854E-4
2.4132568846800783E-4
2.5151872106913295E-4
2.6231112801761397E-4
2.638886962493973E-4
2.6021023590001803E-4
2.5397462080375315E-4
2.4728378463008925E-4
2.460020768590447E-4
2.4597660477341203E-4
2.4429952922849643E-4
2.4325431746745528E-4
2.4330362464662088E-4
2.4395133483033133E-4
2.449277308538453E-4
2.461055548664328E-4
2.474435116346174E-4
2.4894813965327964E-4
2.506483159415963E-4
2.52578613044095E-4
2.547689108605887E-4
2.5723841586090227E-4
2.5967969466351293E-4
2.620665670391848E-4
2.645017664773175E-4
2.67082190245232E-4
2.698989581795102E-4
2.7303776399460056E-4
2.7657930213285183E-4
2.79929139714043E-4
2.8212794125300226E-4
2.831303275772898E-4
2.829028867584959E-4
2.814263936380509E-4
2.801847184483691E-4
2.791792473492181E-4
2.784134690246106E-4
2.7789537722534954E-4
2.776382840689618E-4
2.7766145533234015E-4
2.779904430047855E-4
2.78656984999419E-4
2.7969836827100526E-4
2.811562096736321E-4
2.8307469138665785E-4
2.8549838055253856E-4
2.884698474720545E-4
2.9202735430244273E-4
2.9620290138468924E-4
3.0102088301926116E-4
3.0191669396603037E-4
3.019278033192732E-4
2.980369028726566E-4
2.91660533213334E-4
2.8837001265330503E-4
2.86029563396647E-4
2.862586018055585E-4
2.8806630350069475E-4
2.9064750044510126E-4
2.929044146287619E-4
2.9417241393684903E-4
2.940822150020882E-4
2.924782819098191E-4
2.893699280909064E-4
2.8490070295819153E-4
2.7932666583467417E-4
2.7299724580627E-4
2.6633460924345935E-4
2.598093198227694E-4
2.539117739081607E-4
2.491204086001881E-4
2.448637255612763E-4
2.4125255029898505E-4
2.3862158475669305E-4
2.3802337484288397E-4
2.373550230374456E-4
2.3654074563611848E-4
2.3552984598551152E-4
2.3416959682717132E-4
2.3223353045268136E-4
2.3143971531744547E-4
2.3216908960352648E-4
2.340598143614234E-4
2.367773710728077E-4
2.4003517603340095E-4
2.4361012943580374E-4
2.473527229542075E-4
2.511916630350902E-4
2.5439679584302407E-4
2.5569433814540403E-4
2.5505699222683377E-4
2.5265706304088793E-4
2.5058607050762417E-4
2.4918586989807303E-4
2.4879881523914583E-4
2.4974774845885195E-4
2.5231595898070894E-4
2.5672719708363034E-4
2.6312596323526354E-4
2.708690466803334E-4
2.7000960459869255E-4
2.631650315592903E-4
2.5375282752589285E-4
2.4174872041113408E-4
2.3722568168538724E-4
2.3638383390763801E-4
2.3536684840740806E-4
2.3346007887413805E-4
2.3209441355458822E-4
2.316908405117737E-4
2.3182212932380868E-4
2.322135882388563E-4
2.3268875087870263E-4
2.3313387632939987E-4
2.3347497922294143E-4
2.336633477355263E-4
2.336668514145622E-4
2.334651732092327E-4
2.3304763478708166E-4
2.3241264122022227E-4
2.3156801907103105E-4
2.3053170128835423E-4
2.2962753660808692E-4
2.2891397773831086E-4
2.28324456334584E-4
2.277940483781502E-4
2.2725954385878732E-4
2.2616680741141635E-4
2.2372502532760856E-4
2.2054903680099463E-4
2.1761247693410083E-4
2.1502023575933028E-4
2.1286712174041E-4
2.1123449767606955E-4
2.101874729012326E-4
2.0977277951399583E-4
2.100173977496899E-4
2.10927938806795E-4
2.124907507806893E-4
2.1467268968685372E-4
2.1742249294822328E-4
2.2067270245236268E-4
2.2434209978974633E-4
2.2833862708647505E-4
2.325627630398739E-4
2.36911298596923E-4
2.3633259681010973E-4
2.3558482697676287E-4
2.3215362952128614E-4
2.2571278800380921E-4
2.2290522535104286E-4
2.2049617783230114E-4
2.2204884619813538E-4
2.2646761312589847E-4
2.3231044264789238E-4
2.3861549289352067E-4
2.4473818190436596E-4
2.502566751005901E-4
2.5491705447601556E-4
2.586013365526961E-4
2.613077485269688E-4
2.6313617403290524E-4
2.6427390818078994E-4
2.649785585794669E-4
2.6555644745606516E-4
2.653179622266381E-4
2.6429936993883343E-4
2.6280474931106724E-4
2.6110129269435326E-4
2.5939135986481046E-4
2.577923646378089E-4
2.5740452533892734E-4
2.574336194992418E-4
2.5600967879221907E-4
2.52992791908717E-4
2.5107407914570014E-4
2.5015985981126224E-4
2.4998653372794276E-4
2.503074645470046E-4
2.509179009106772E-4
2.516747545443603E-4
2.5251032868558635E-4
2.534396471422101E-4
2.545615719416217E-4
2.5458286754468274E-4
2.5285383359502557E-4
2.4954031020739154E-4
2.448762133526578E-4
2.3991511334177634E-4
2.3636272301534274E-4
2.3467392315100615E-4
2.3526230845074707E-4
2.3848048220126032E-4
2.446006706930939E-4
2.5379537823989385E-4
2.637471908756361E-4
2.6517998482824764E-4
2.614968020564317E-4
2.554936814533604E-4
2.478422120606977E-4
2.455275392912877E-4
2.4514600531791225E-4
2.434603334082302E-4
2.4245965370326046E-4
2.42594599364511E-4
2.4334830877538384E-4
2.444373418442568E-4
2.457250703470154E-4
2.471636792761699E-4
2.4875526638757327E-4
2.5052604943365166E-4
2.525097315523542E-4
2.542253484700308E-4
2.556914205072249E-4
2.5702807097172044E-4
2.5835413359406845E-4
2.597858032993256E-4
2.614362410980716E-4
2.6341566353928696E-4
2.65831575846626E-4
2.685471743332316E-4
2.7089795609340007E-4
2.7296079798051683E-4
2.7408418984882174E-4
2.742663519349352E-4
2.735160608423064E-4
2.718531838832239E-4
2.6980131624008085E-4
2.6813343419323425E-4
2.6686898457761726E-4
2.6602629355767035E-4
2.656224274962844E-4
2.6567306886881957E-4
2.661923377657083E-4
2.6719248857446336E-4
2.6868343488687643E-4
2.7067210060132205E-4
2.7316165309520304E-4
2.7615073241498854E-4
2.7963283397845247E-4
2.83596017904891E-4
2.8802309684311365E-4
2.874662446187115E-4
2.8560890990842277E-4
2.8024160362341804E-4
2.720634251649142E-4
2.6841777171622745E-4
2.6583652219792957E-4
2.656274122552617E-4
2.679475718133615E-4
2.7108912398681096E-4
2.7398746656227157E-4
2.759959458449996E-4
2.767525024592521E-4
2.7609937530478944E-4
2.74033750102181E-4
2.7067591313173733E-4
2.6624628233558735E-4
2.610456544001779E-4
2.554351010192198E-4
2.4981363206099934E-4
2.445931959362511E-4
2.3985668498793984E-4
2.3514019365616326E-4
2.3078763584684E-4
2.2797613028476853E-4
2.2714635488706167E-4
2.2759418993673275E-4
2.2765408475501053E-4
2.273052598259809E-4
2.2644954543284224E-4
2.2493343200805202E-4
2.2347682511665554E-4
2.233845566266411E-4
2.2438480635089336E-4
2.2622966774907396E-4
2.287121716768058E-4
2.3167895468523706E-4
2.3503827494000728E-4
2.3876338398391968E-4
2.411819415849235E-4
2.4208762449962396E-4
2.4147468031606128E-4
2.3939966776379514E-4
2.3730109017569274E-4
2.3614763016456742E-4
2.362473667864157E-4
2.378877313816005E-4
2.4131867966040805E-4
2.467356327310118E-4
2.542621802042784E-4
2.6351498702350515E-4
2.637366394319555E-4
2.578410602770217E-4
2.491484583762345E-4
2.3831233300631194E-4
2.3416521376144625E-4
2.3337919826010473E-4
2.3223225293610026E-4
2.3013073047661918E-4
2.290401372927007E-4
2.2877380636982206E-4
2.2896528475904832E-4
2.2938114423431678E-4
2.2987110445080183E-4
2.3033569518035542E-4
2.3070567218159163E-4
2.309294330603325E-4
2.3096590621320197E-4
2.3078115343675625E-4
2.3034742530379134E-4
2.2964374406487048E-4
2.2914346691147423E-4
2.2885243517753388E-4
2.286800743835572E-4
2.2853691242523527E-4
2.2833720056818688E-4
2.280007547598749E-4
2.2745390633620275E-4
2.2662951353201555E-4
2.2501767115085594E-4
2.229882618005218E-4
2.2055952909908947E-4
2.1846670846247134E-4
2.168185640358324E-4
2.1571379834888385E-4
2.1523730655712917E-4
2.154569177342584E-4
2.164207497051493E-4
2.1815526349060495E-4
2.2066407210064574E-4
2.2392753935272244E-4
2.2790319662821534E-4
2.325270039336094E-4
2.3771547821713662E-4
2.4336869745293443E-4
2.4937415569284E-4
2.5561138788909713E-4
2.554101600581858E-4
2.536938295111248E-4
2.4929712772353346E-4
2.4164605661979716E-4
2.3824685405960866E-4
2.3561847640165884E-4
2.3631400929647315E-4
2.3991165080617505E-4
2.4494707400935065E-4
2.5045176459320175E-4
2.5578495679965145E-4
2.6053543112614525E-4
2.644637162250116E-4
2.6746749892119724E-4
2.695595460015471E-4
2.7085112809105855E-4
2.715362837913767E-4
2.7187400587358213E-4
2.7116012247765047E-4
2.6949656144168506E-4
2.6720054876381845E-4
2.645810877240205E-4
2.619096783934506E-4
2.5939537889517033E-4
2.574982155223452E-4
2.571344897899279E-4
2.576539986111447E-4
2.5703787111237364E-4
2.5515988645737395E-4
2.527160194754798E-4
2.513405975571536E-4
2.5078822076246256E-4
2.5082476723472505E-4
2.51249887479134E-4
2.519151117196184E-4
2.527367356273274E-4
2.5370310954077357E-4
2.548764148186875E-4
2.5556474157384124E-4
2.5450694029171514E-4
2.518134270213775E-4
2.4765875668352215E-4
2.440804007213375E-4
2.4162419439639814E-4
2.4068533089990622E-4
2.4162603799787407E-4
2.4475757993367933E-4
2.5032252422670895E-4
2.5847709950863393E-4
2.6751683543372473E-4
2.6835858059926274E-4
2.6394080766603783E-4
2.571822801884914E-4
2.483239859875033E-4
2.452225390756176E-4
2.4476116480039444E-4
2.4336688043214574E-4
2.4215980983895453E-4
2.4219193366446304E-4
2.429231745029759E-4
2.4405224153412105E-4
2.45427567360427E-4
2.469879796825203E-4
2.487231516617827E-4
2.50498532714483E-4
2.5181076684463E-4
2.5276399014553916E-4
2.5347032785097857E-4
2.5404505057503125E-4
2.546040959818944E-4
2.552631219025993E-4
2.5613744470346397E-4
2.5734237428060713E-4
2.5899359039856045E-4
2.6069874097894494E-4
2.621341815728228E-4
2.634415454881904E-4
2.6444969180560807E-4
2.646317405103893E-4
2.640188141506562E-4
2.6265240991007305E-4
2.6058364582792954E-4
2.585542924573747E-4
2.569523188153577E-4
2.558079020933738E-4
2.551459619066037E-4
2.5498523614764267E-4
2.553375153059962E-4
2.5620702232496126E-4
2.575899313599929E-4
2.594740404308479E-4
2.618386440607812E-4
2.64654683277492E-4
2.6788527082855916E-4
2.714866888304102E-4
2.754099272161149E-4
2.733138805327497E-4
2.691177261362411E-4
2.620052286543769E-4
2.5178966422025246E-4
2.475366479396423E-4
2.452434399657531E-4
2.4516733690779985E-4
2.4775695896447534E-4
2.513340223103084E-4
2.54846954460564E-4
2.576515222111926E-4
2.593802243078232E-4
2.598626839590751E-4
2.5907578297879193E-4
2.5711078239894566E-4
2.5414937650210506E-4
2.504435069244585E-4
2.462957568804144E-4
2.4203868708320273E-4
2.3787176808901948E-4
2.332151084199094E-4
2.2838466044646535E-4
2.2456982630812206E-4
2.2219000547828716E-4
2.2140218655526954E-4
2.222710152872193E-4
2.2308704799107025E-4
2.2325762468265652E-4
2.2271924280494585E-4
2.2137016128650434E-4
2.1961188905799442E-4
2.1900243078793374E-4
2.1934331812324708E-4
2.2045838159301598E-4
2.2220778409824684E-4
2.244982547473679E-4
2.2728927100470117E-4
2.3037492517524974E-4
2.3223982886439904E-4
2.3283926561883613E-4
2.3218892720881123E-4
2.3035402001018817E-4
2.2818606066112235E-4
2.2714443098477958E-4
2.275093135784758E-4
2.2953813803573017E-4
2.334512840369147E-4
2.394174403397049E-4
2.4753847606877766E-4
2.57544867524816E-4
2.584205334867395E-4
2.5318719464107885E-4
2.4527304803430994E-4
2.3524785091579736E-4
2.3136560862596994E-4
2.306351476444148E-4
2.2941988149034526E-4
2.2735468115282726E-4
2.2653692992666993E-4
2.2645062306248973E-4
2.2677354816858696E-4
2.2730410271212473E-4
2.2791374294966812E-4
2.2851632306136664E-4
2.29048827865233E-4
2.2945990384763665E-4
2.2970374765755538E-4
2.2973764035679942E-4
2.2966384355623527E-4
2.2995078338045567E-4
2.304959043488852E-4
2.3119036418135108E-4
2.3192349168275425E-4
2.3258686571102257E-4
2.330777749657215E-4
2.333018653674669E-4
2.3317482914610402E-4
2.3262304433441773E-4
2.3189681503488945E-4
2.3071182918950344E-4
2.2904575656656074E-4
2.2719412949987966E-4
2.2581028589314708E-4
2.2500550443917217E-4
2.2487870158526696E-4
2.2551237442853167E-4
2.2696907913876123E-4
2.2928857908973175E-4
2.3248577173508076E-4
2.3654948759065233E-4
2.4144224682957498E-4
2.4710105326928195E-4
2.534392934247226E-4
2.603497805912045E-4
2.6770893318006536E-4
2.753819995526633E-4
2.755341127330441E-4
2.725301870650557E-4
2.669105034172133E-4
2.578204154993578E-4
2.536792577083494E-4
2.512002044219888E-4
2.512537336834573E-4
2.5423766503749977E-4
2.586555998704616E-4
2.6352602064923616E-4
2.682078396701426E-4
2.722975864029162E-4
2.755679829054664E-4
2.779303015686262E-4
2.794096633671779E-4
2.80126301262433E-4
2.802782715435387E-4
2.7954156395757824E-4
2.776432466830674E-4
2.7488269131448846E-4
2.71575470455152E-4
2.6802542113180794E-4
2.644983540596191E-4
2.6134520393925845E-4
2.596348534959527E-4
2.5940571061057325E-4
2.6042722291369654E-4
2.605258843984543E-4
2.595895953895472E-4
2.574691346307317E-4
2.5580619038062893E-4
2.549967209761898E-4
2.5482542251380365E-4
2.551057985012247E-4
2.556964566091136E-4
2.56512803092325E-4
2.575337835251609E-4
2.5880371397177476E-4
2.598723626270171E-4
2.592812636238236E-4
2.57107410766095E-4
2.5371996749248013E-4
2.509699940070444E-4
2.492153821654985E-4
2.4880210743450797E-4
2.500475500931536E-4
2.532242250544777E-4
2.5854372009064886E-4
2.6614070920989854E-4
2.7461940538166376E-4
2.751306649176164E-4
2.701755312879644E-4
2.628629451847015E-4
2.5287109595531417E-4
2.4907508783492306E-4
2.4847640772609445E-4
2.4720828325970395E-4
2.4589043065248537E-4
2.458399539945457E-4
2.465157522495979E-4
2.476136085922277E-4
2.489769107216152E-4
2.5053744312078074E-4
2.521920635596611E-4
2.5329856128912E-4
2.539359496347508E-4
2.5419919839015834E-4
2.5419165550232784E-4
2.540208872566452E-4
2.5379684085820444E-4
2.5363147106434106E-4
2.536391663160491E-4
2.5393747143868326E-4
2.5464773985427414E-4
2.5540796158110085E-4
2.5594812129303403E-4
2.5642841170576687E-4
2.570198187218434E-4
2.569071175283344E-4
2.560986050747267E-4
2.5466012130096345E-4
2.5266657159902297E-4
2.5038116148327975E-4
2.485510389500589E-4
2.4722233732104264E-4
2.464326413025205E-4
2.462091436303127E-4
2.4656712290683857E-4
2.475087867885008E-4
2.490225210095824E-4
2.510825912987294E-4
2.5364935720889565E-4
2.566700667005762E-4
2.600802992350653E-4
2.638061051430711E-4
2.677668449835973E-4
2.6470766670879585E-4
2.5875663510152894E-4
2.5026129874062446E-4
2.3837731573887326E-4
2.333683928661603E-4
2.313203265709636E-4
2.3123284368829907E-4
2.3389017728617795E-4
2.3765722120051513E-4
2.4150552871378652E-4
2.4480127088917264E-4
2.471784080124989E-4
2.484606938717732E-4
2.486121427083034E-4
2.477038499631311E-4
2.458896248799799E-4
2.4338567701338832E-4
2.404514956367423E-4
2.3721420066004446E-4
2.3314875163686023E-4
2.285347894622861E-4
2.2417436975749868E-4
2.2082223102709992E-4
2.186775359507854E-4
2.178647550534105E-4
2.1843009011298671E-4
2.197714588259178E-4
2.2034355333712914E-4
2.2010010443107513E-4
2.1896862251200827E-4
2.1702292987936587E-4
2.1605747692189544E-4
2.1592290801709948E-4
2.1649176302154078E-4
2.176703085398818E-4
2.1940698361318134E-4
2.2169723908792662E-4
2.2426634374991334E-4
2.2574298504118205E-4
2.2610896190292841E-4
2.253975382803904E-4
2.2368277713779954E-4
2.215792741119126E-4
2.207033670572102E-4
2.2131697460784586E-4
2.2365791574185723E-4
2.2792733725117062E-4
2.3427676401745193E-4
2.4279455224286532E-4
2.5308507239661676E-4
2.542495163857196E-4
2.493399124062903E-4
2.4184931158030714E-4
2.3241884030477877E-4
2.2874620752101054E-4
2.2808883801188362E-4
2.2685812138410248E-4
2.251621726194351E-4
2.2460015715730392E-4
2.2470158820054822E-4
2.2517958379762327E-4
2.2585956220036452E-4
2.2663289100519437E-4
2.274270880096696E-4
2.28187262027598E-4
2.2886529287476635E-4
2.2905620725839501E-4
2.2876636551387057E-4
2.2867328166995275E-4
2.287860167787385E-4
2.2911142835787328E-4
2.2965725104661134E-4
2.304350711632289E-4
2.3146291099037687E-4
2.3276721227997394E-4
2.33773217845788E-4
2.3434160887075617E-4
2.3439152154911217E-4
2.3409217746618694E-4
2.333122693235254E-4
2.3203153545142273E-4
2.3023570929099266E-4
2.2889187139837777E-4
2.2816581182816053E-4
2.2816607723013586E-4
2.2898500643268123E-4
2.306945849621121E-4
2.3334296216017867E-4
2.3695177309209875E-4
2.4151439323369722E-4
2.46995246671993E-4
2.533302819598945E-4
2.604287145139613E-4
2.6817610053001933E-4
2.764387469471001E-4
2.850693719360749E-4
2.8531971762719836E-4
2.8046834828217824E-4
2.7359967363721244E-4
2.6303809306401347E-4
2.5815940033093354E-4
2.5572741637528985E-4
2.5524474011030536E-4
2.577048698297796E-4
2.6159416123254227E-4
2.6592635230262245E-4
2.7006398022863493E-4
2.736123037608486E-4
2.763550689361306E-4
2.782143438299154E-4
2.7922358015293014E-4
2.795070376941206E-4
2.792397148340439E-4
2.776188099262734E-4
2.749014200499914E-4
2.713807148243918E-4
2.673607835512909E-4
2.6313130066798714E-4
2.59102663598849E-4
2.5629687931583134E-4
2.548429313193678E-4
2.547766353598823E-4
2.560425904695925E-4
2.566352203905995E-4
2.563395251756807E-4
2.550257888463704E-4
2.5315411959848737E-4
2.521282867507288E-4
2.5175774615545884E-4
2.518772858996215E-4
2.523613842500093E-4
2.5313449241666915E-4
2.541769348605439E-4
2.555264614004652E-4
2.5680250717429837E-4
2.565388332940014E-4
2.547902812834753E-4
2.5199767027666285E-4
2.4983540807490114E-4
2.486171725025468E-4
2.486451618837712E-4
2.5019515722071994E-4
2.535019150457797E-4
2.587447105604427E-4
2.660329194244639E-4
2.7408069846611384E-4
2.7428451032901957E-4
2.688882124937179E-4
2.611231397717803E-4
2.504661291621659E-4
2.4626339985266935E-4
2.456006970681922E-4
2.444485365125883E-4
2.430687390278655E-4
2.4295481392164566E-4
2.4357862378220944E-4
2.446416229958395E-4
2.4598713445850285E-4
2.475423925840021E-4
2.4866764850391815E-4
2.49240279720851E-4
2.4932826244931645E-4
2.4901457429819736E-4
2.4839048982665414E-4
2.475522447753721E-4
2.4659995805935935E-4
2.459958501168956E-4
2.458746088458581E-4
2.4624911817961267E-4
2.471284506742664E-4
2.4824253740415647E-4
2.4905256995735533E-4
2.4959799850630905E-4
2.499286273523856E-4
2.494079128669217E-4
2.482001270210105E-4
2.4643992996626425E-4
2.442273155011485E-4
2.4190850624009475E-4
2.4006224294451203E-4
2.3875255792242935E-4
2.3803238070695392E-4
2.3794072793525395E-4
2.385003464377109E-4
2.3971590580158488E-4
2.4157282604215044E-4
2.4403682250566692E-4
2.4705424910647684E-4
2.505533153881175E-4
2.544462347102688E-4
2.586323231581637E-4
2.6300200767671877E-4
2.5942945827606194E-4
2.5219175112007713E-4
2.4254612893717862E-4
2.2924470369887362E-4
2.2346314427885254E-4
2.2199298756721435E-4
2.217440365221001E-4
2.243078255975718E-4
2.2808800480730724E-4
2.3207801402859687E-4
2.3565506114819768E-4
2.3845647030795725E-4
2.4030314048328557E-4
2.4115043877033656E-4
2.410549220105014E-4
2.4014974357683665E-4
2.386243107049918E-4
2.3651251256635595E-4
2.333445268599175E-4
2.293598356534198E-4
2.248233914988717E-4
2.2094828381533587E-4
2.1795805795527632E-4
2.1601715596057417E-4
2.1522394950553727E-4
2.156086312933397E-4
2.1713588620947698E-4
2.1802352088064046E-4
2.1803910728208724E-4
2.1712617823454704E-4
2.1522657599739475E-4
2.1405501585553989E-4
2.1360681766384584E-4
2.1378741718645178E-4
2.1453435881010237E-4
2.158244111617153E-4
2.1767740969406903E-4
2.199641185467551E-4
2.2122409367593388E-4
2.214578082586582E-4
2.2071106442326737E-4
2.1906450470263408E-4
2.1706288739737278E-4
2.1632613555610557E-4
2.1710244612324004E-4
2.1961501267881572E-4
2.2405066449718324E-4
2.3054815867670886E-4
2.391858723858992E-4
2.493536503693675E-4
2.5054861724739514E-4
2.45759118889232E-4
2.3849189857839837E-4
2.2943725398044765E-4
2.2590285203182844E-4
2.2531478922887188E-4
2.241019333488278E-4
2.227279246567499E-4
2.2240787227135485E-4
2.227050048327308E-4
2.2336004240640928E-4
2.2422065886551726E-4
2.2519555859376857E-4
2.2622497666252627E-4
2.26834290812084E-4
2.2683064251631264E-4
2.2624487841471278E-4
2.2571482140445367E-4
2.2541084408509227E-4
2.253369963465485E-4
2.2549338185998306E-4
2.2587984477626113E-4
2.2649953516151576E-4
2.27362061124483E-4
2.2848600730314124E-4
2.2990065522580005E-4
2.313627188411882E-4
2.322443670410608E-4
2.3216208203768709E-4
2.3157882788697672E-4
2.3047551939665148E-4
2.288411960970454E-4
2.2735455629655608E-4
2.2651383135719597E-4
2.2643505473138315E-4
2.2721807100149462E-4
2.2894189258775965E-4
2.31660729646802E-4
2.3540085807459546E-4
2.4015847545415817E-4
2.4589868721636756E-4
2.5255575854913655E-4
2.600347515196671E-4
2.682146304031302E-4
2.7695285258891696E-4
2.8609136421100314E-4
2.8591053860576676E-4
2.7944973082645277E-4
2.71355636513827E-4
2.5937095026937386E-4
2.5378728792913616E-4
2.5130469707282437E-4
2.504132280497236E-4
2.524602273186758E-4
2.559298364156486E-4
2.598392903995093E-4
2.635584912484673E-4
2.6670210372439144E-4
2.6906344366533076E-4
2.705724350073972E-4
2.7126692406006977E-4
2.7127066588241913E-4
2.7039859428903577E-4
2.6822918449680107E-4
2.650119527181456E-4
2.6102610378519916E-4
2.5655728773277373E-4
2.5206847303272837E-4
2.4851098319120935E-4
2.4607752056238935E-4
2.448812091285503E-4
2.449519856118586E-4
2.4623908267698644E-4
2.4717380186634085E-4
2.473031779417734E-4
2.465183552867172E-4
2.4470205487726426E-4
2.434970819883141E-4
