0.05778492244927142
0.07563109668318786
0.08883372784126707
0.10289216544118639
0.1205190917920324
0.13015031518650855
0.13775316572370244
0.14612340429831341
0.15722410957301372
0.17236256713729164
0.1814503330787902
0.18689986620437588
0.19082770265686347
0.19506156912693307
0.20125379972921775
0.20446170134328198
0.2079465747239544
0.21301517847207563
0.22069018259549605
0.23173244908298668
0.2383104126438708
0.2416610525885318
0.24315941798505752
0.2442774896708113
0.24648475512093718
0.24773698457344678
0.24999496219159964
0.25398297193267716
0.2603961814223169
0.2698157658428228
0.27547627994882196
0.2783120348500711
0.27926157696153403
0.27957009008352035
0.28051943392586737
0.28133407178129805
0.2831955464524798
0.2866327107930617
0.29225969641770266
0.30068624297577295
0.30593195340397394
0.30871328989067115
0.3095795930409867
0.30966738755071815
0.3101709774314068
0.3108893221366824
0.3125720592931742
0.31566518666550114
0.3207133445890537
0.32826845518908665
0.33289659531926974
0.3353843721322395
0.33618906569127044
0.3362612447041294
0.33662468032643666
0.33727348091687687
0.33880343067168417
0.34160219035011685
0.34616579449566093
0.3530449260695699
0.35728763625260956
0.35966218441980835
0.36045571680920047
0.3605203933242063
0.3607925073844646
0.3613604064008978
0.3627271893552308
0.36525733591517345
0.369398877267458
0.3756248869752219
0.37932125502688885
0.3813452791594852
0.38202911575154036
0.38209356415087786
0.3823267580490416
0.382832069448287
0.3840649627250241
0.38634539461101514
0.3900740301987215
0.395692653292352
0.39895236702283826
0.4007638210109005
0.4013774898766949
0.4014355364996012
0.4016316783560346
0.4020558575272927
0.4031322675603663
0.40516017512529656
0.408498392038395
0.41351671347664576
0.4162623209210228
0.4177044576359375
0.41816807759046687
0.418211685574606
0.41839769372849445
0.41877958616997846
0.4197423538181426
0.4215374477004472
0.42447459926374
0.42888427848372956
0.4272749803459317
0.4256715331310001
0.42346973792042647
0.4203030151814244
0.4157716035208491
0.4131872928621344
0.4115820284029224
0.4103423845839532
0.40898004284643075
0.40703939525022
0.40509282571454513
0.4035498551014588
0.40194061809092946
0.3999184557489338
0.3970373955407717
0.39571921916431313
0.3947237358649995
0.3935531017847444
0.39184609819922167
0.3892959596657249
0.38702351344098324
0.38569882883445333
0.384902281393011
0.38420147704587615
0.38299589343714147
0.38246248979562697
0.3817186438742172
0.3804703930111718
0.37844960130216737
0.37538444533141735
0.3726968422746431
0.37113276319934796
0.3704828525140456
0.3702675037057916
0.36977884990967125
0.3694281060650235
0.3686823163603975
0.36728058958376475
0.36492223014819847
0.36125924324464204
0.35802561516699977
0.35606222818724553
0.3553392375312677
0.3552929740629641
0.35509098613895773
0.3546837955964342
0.3537923246278522
0.35217380966104705
0.34952903247111194
0.3454935691673667
0.342046976826647
0.3399142622784559
0.33912766935791017
0.3391205722513941
0.3390235262643373
0.33859882360461385
0.3376279508893604
0.3358405251407086
0.3329041094782761
0.3284030708669483
0.3246382279598921
0.32226915027635944
0.3214037351832291
0.3214224298604849
0.32138652127385875
0.3209301505320088
0.3198744896175346
0.31793701260796037
0.31478955473884723
0.3100339261460245
0.3062316463328519
0.30390202144350337
0.30308572186074223
0.3031471397164585
0.3031525335775034
0.3027038869350359
0.301619035072376
0.2995909398132184
0.2962752347665314
0.2912698945832922
0.2874339303972163
0.28510078330161387
0.28431982194944444
0.2844136317927745
0.2844415793831826
0.2840038635617773
0.2829024048105376
0.28082809904572786
0.27745514839435026
0.27242243369959374
0.26876225067529874
0.2666782738550784
0.2660833198803246
0.26625459679294916
0.2663023928028669
0.26587827014915344
0.264793437982298
0.26273755036778607
0.2593952644715461
0.2544442260704852
0.25107111929624015
0.24923617745133667
0.2488146884575096
0.24904146679560762
0.2490864056014349
0.24869877557661724
0.24765905157244023
0.24567181729853285
0.24245182403685372
0.2377251439643423
0.23469866558849606
0.23325312547631002
0.23310270370012065
0.23342200591043524
0.23346773688463907
0.233095616526691
0.2321153702129295
0.230252794981164
0.22724868328130535
0.22287766461376965
0.22029649613874336
0.21918279428090282
0.2192295533842886
0.21958996649691792
0.21961585683290666
0.2193027680631265
0.2184180553659058
0.21670653703904905
0.2139326581448965
0.20990413822809176
0.20767890735289227
0.20691623427555603
0.20718102624362003
0.20759733129122154
0.20761451882419762
0.20732315252828462
0.2065262151942613
0.2049976196051732
0.20252754585919608
0.198958093698083
0.19714233109881346
0.19661910121224824
0.19698662563029426
0.19739631167457747
0.19739312802628983
0.19717517962629927
0.19649595320251043
0.19514212763934685
0.1929156477128416
0.18967749483505633
0.1881419150315223
0.18785845912257348
0.18833854922749033
0.18875528188817745
0.1887454379861956
0.18854878754279944
0.18795776033198086
0.18678765883066964
0.18486173714946938
0.18205948055060267
0.18082097487018461
0.18065289435663784
0.18113608375736784
0.1815092029443583
0.18148688798581494
0.18135975719567793
0.18087759195570602
0.17986247807254255
0.17814333674450689
0.17561461892288333
0.17458313642208417
0.17456446587626392
0.17507987424187005
0.1754282417380247
0.1754034769247691
0.1752881827886881
0.17487501327762262
0.17401226173714052
0.17254670605403152
0.17038002049896886
0.16953750935574402
0.16954641556127445
0.17000659297694434
0.17029585359022337
0.170264777362893
0.17020347673531658
0.16987565045520117
0.1691328766284587
0.16782643311912382
0.1658741704964051
0.1651868393673098
0.16528720416964016
0.1657332165814564
0.165982670854899
0.16595141423165
0.16589153426176603
0.1656100187690911
0.16498172188502064
0.16387285665864143
0.16220063691661174
0.16162113403724115
0.16170088720913534
0.16207032614433944
0.16226059240709906
0.1622259611688797
0.1622034737232742
0.16198322591075315
0.16144110747678503
0.16044823347617507
0.15893972937906067
0.15847866242210196
0.15861442693829092
0.15894773629462763
0.159094389391911
0.15906052313456975
0.15903268235630555
0.15884068763067696
0.15838070418931705
0.15753599684608
0.1562355509094394
0.15582841084750756
0.15592310666104112
0.15618157696923501
0.15627767139618196
0.15624156271179646
0.15623819843355174
0.15608826278346485
0.15568715889015433
0.1549233504102313
0.15374457663437752
0.15342874883711757
0.15355831711684886
0.1537736981007754
0.15382878118114934
0.1537937737084086
0.15378198044666286
0.15364809287292527
0.15330509100825357
0.15265113002310227
0.15162418702295913
0.15132961043190457
0.15141362466492836
0.15156699194552536
0.1515837161381207
0.15154687664191152
0.15155087414089288
0.15144528069698912
0.1511407639435805
0.1505404803957549
0.14960109819659873
0.1493775409556551
0.14948419781738975
0.14959555469557462
0.14957665471753812
0.1495408904873851
0.14953577538037538
0.14943863561880455
0.14917547939941236
0.14865721063558798
0.1478286056813549
0.1476080043816488
0.1476722457960779
0.14773768431547538
0.14769286617125574
0.14765548966842362
0.14766076113845594
0.14758255238468906
0.14734327126738753
0.14685824009761972
0.14609026083336274
0.1459255447315869
0.14600554296800422
0.14603360060509693
0.14595909848334968
0.14592251352220775
0.14591922982537825
0.1458449780153412
0.1456357083035156
0.14521307431943842
0.14452696431641662
0.14435582802643557
0.14439930376264057
0.14439669401190142
0.14430721857830117
0.14426926020532307
0.14427312339084186
0.14421157599640816
0.1440159881586809
0.14361167709892575
0.1429655674950878
0.1428390641513297
0.14289445285834684
0.1428600774192517
0.1427462928230556
0.14270867302299778
0.1427050577962487
0.14264491131970047
0.14247168497656948
0.1421160464984018
0.14153175866391524
0.14139472181199417
0.14141983366789848
0.141367532231507
0.14124758906780943
0.14120890979504072
0.1412105052497273
0.14115893746186917
0.14099242601925935
0.1406445496139951
0.14008498243238454
0.1399841561752393
0.14001895350668814
0.13994019064756666
0.13980032775936674
0.13976144509454394
0.13975676882094448
0.13970522301150254
0.13955587925454133
0.13924700301442072
0.13873537488128793
0.13862294078787016
0.13863308542774647
0.13854629614070546
0.13840695588186105
0.13836739917703186
0.138366740318477
0.1383210167931704
0.13817373254846674
0.13786541533556737
0.13736760139758777
0.1372849411014643
0.13730332043886107
0.13719452042165906
0.1370386159364146
0.13699828564018637
0.13699250538527843
0.13694612765481703
0.13681242889120773
0.136536174964878
0.13607661050588507
0.13598301383170627
0.1359814804309224
0.13587198545567433
0.13572144184259924
0.13568087614193924
0.1356783312694875
0.13563590930477507
0.1355012643309048
0.1352209193285893
0.13476773498527092
0.13469881690706265
0.13470437820039885
0.13457633959434145
0.13441167365357537
0.1343697737754619
0.1343631278432292
0.13431979069265737
0.1341962028733801
0.13394281732674415
0.13352101550589315
0.13344283059110362
0.13343237799008606
0.1333088875724224
0.13315295995583348
0.13311130000770763
0.1331073343655752
0.13306667363075061
0.13294031604908624
0.1326801082424038
0.1322599370197034
0.13220221097449095
0.13219778564902002
0.13205830967078852
0.13188996647552131
0.1318464401781568
0.13183924816018577
0.1317976531149403
0.13168051116452714
0.13144338127567495
0.1310496131201774
0.13098484403225366
0.1309676086713294
0.13083632832185405
0.1306790085559108
0.13063622267844277
0.13063128509704763
0.13059148503706294
0.1304706016194082
0.13022534185734336
0.1298304758354379
0.12978250187793658
0.12977019394988998
0.1296247364545422
0.12945615398320284
0.12941100421296717
0.12940358017409567
0.12936296340940684
0.12924989763474265
0.1290246433499588
0.12865245278464216
0.12859993705041495
0.12857748611256212
0.12844270150891535
0.12828664471743487
0.12824275292303286
0.1282372369386073
0.12819781176649722
0.12808064730414295
0.1278469917571137
0.1274724513352165
0.1274334183362416
0.1274147323115876
0.1272670084066527
0.1271004475318894
0.12705372854993097
0.12704635130400188
0.12700629912540903
0.12689583565217125
0.12667964296844308
0.12632487075904322
0.12628389183454522
0.1262573277915437
0.12612191893963076
0.12596884166448977
0.12592390845245255
0.12591814792772218
0.12587888361032282
0.1257644040558555
0.1255402713709551
0.1251829362051799
0.12515236062008292
0.12512834587961152
0.12498083131489103
0.1248177441218592
0.12476955206601567
0.12476246103546483
0.12472279105865505
0.12461406941660064
0.12440520028687854
0.12406525620778333
0.124035298088617
0.1240053700271125
0.12387122483743493
0.12372220683438144
0.12367633152023216
0.12367060929666064
0.12363146968437697
0.1235191231038424
0.12330327044912227
0.12296124505798207
0.12293878748912881
0.12291016897343739
0.12276448730731358
0.12260578906479741
0.12255625268422198
0.12254965292760703
0.12251033495208004
0.12240290660811108
0.12220034070331824
0.12187366877031938
0.12185426857336666
0.12182147110268685
0.12168979796885677
0.12154549897996572
0.1214988055897469
0.12149336457522572
0.12145442774579605
0.12134397417980167
0.12113569240844585
0.12080785140195902
0.12079321088800467
0.12076049544902125
0.12061770099543881
0.12046396081762722
0.12041323300937645
0.12040730170622557
0.12036840332077782
0.12026208789164902
0.12006526470913363
0.11975095933876147
0.11974162691330846
0.11970628018069276
0.11957783263318925
0.11943864089893556
0.11939126891320782
0.11938632113552666
0.11934773510667243
0.11923912647201408
0.11903802596423856
0.1187236972995336
0.11871655624014932
0.11868011320808039
0.11854088813023021
0.1183924563357125
0.11834070679128672
0.11833559820651669
0.1182972465326056
0.11819203007417219
0.11800066777287149
0.11769820695223497
0.117698388959637
0.11766069940634717
0.11753593068470271
0.11740206033911266
0.11735415695518453
0.11734988936116168
0.11731184084464209
0.11720513775104933
0.11701100310539606
0.11670975617116346
0.11670975697111136
0.11666987554383819
0.11653466115444414
0.11639175039313157
0.11633915943069852
0.1163350077544991
0.11629736226718633
0.11619332655518252
0.11600729880343424
0.11571636599321712
0.11572543785933401
0.11568554205154943
0.11556470749965832
0.11543625991728776
0.11538797403520819
0.11538455135841787
0.11534724369503659
0.11524255946282085
0.11505525545225286
0.11476676669083166
0.11477350693516669
0.11473043452314931
0.1145995151434412
0.11446224965781636
0.11440900315676433
0.11440592364120089
0.1143691569294857
0.11426643146929483
0.11408568710194712
0.11380605822135277
0.11382333203776045
0.11378132685087819
0.11366454973102964
0.11354155086525473
0.11349302870010133
0.1134905942876184
0.1134542320528948
0.1133516964756648
0.11317111095094044
0.11289508467055265
0.11290812195733357
0.1128620878764239
0.11273564238340068
0.11260408653104036
0.11255037180019517
0.11254846090965627
0.11251274529179874
0.11241147575924892
0.11223598899370978
0.11196746519404946
0.11199220541263716
0.11194816789080221
0.11183548096452173
0.11171790359638054
0.1116692856598275
0.11166796119860935
0.11163273973665541
0.1115324768365321
0.11135848915937924
0.11109461577806272
0.11111347661699811
0.11106470515220696
0.1109428377372516
0.11081701181616078
0.11076301420657873
0.11076234943962569
0.1107278479538272
0.1106281762818271
0.11045791792583774
0.11020028907377091
0.11023173079196862
0.11018573060715128
0.11007710251941395
0.10996487958703467
0.1099162987312185
0.10991618363126353
0.10988228224519342
0.10978439765979199
0.10961686391318184
0.10936480215071902
0.10938899172983248
0.1093377079421334
0.10922046626742257
0.10910035509377423
0.10904625519149064
0.10904689503628899
0.10901375570380521
0.10891580825070309
0.10875073074627543
0.10850375842892841
0.10854112523553164
0.10849323209681314
0.10838858471027135
0.10828161770644047
0.10823319794273291
0.10823436888364944
0.10820194672707815
0.10810652151935207
0.10794527010145144
0.1077046434168998
0.10773365465805188
0.10768008557701052
0.1075674717710473
0.10745302947146226
0.10739900075133524
0.1074009850255868
0.10736933754134267
0.1072732187571157
0.10711324995741718
0.10687666216262978
0.10691918199178195
0.10686946976233581
0.10676869032549947
0.10666685515917897
0.10661871101769052
0.10662122193502459
0.10659041587829579
0.10649750448563926
0.10634233765311225
0.10611273834314237
0.1061460596568802
0.10609043281345594
0.10598241068462425
0.10587356375392779
0.10581977062302327
0.10582312127795587
0.10579307547444992
0.10569886524062191
0.10554390744803253
0.10531739972733252
0.10536431808879176
0.10531286684282558
0.10521581725852076
0.1051189689017686
0.10507120515827925
0.10507508777131849
0.10504601168939351
0.10495564243790562
0.10480634088246102
0.1045873376448758
0.10462445932393637
0.1045669999917522
0.10446350040743531
0.10436015014909528
0.10430674634480008
0.10431146869807045
0.10428311427563805
0.10419086765753724
0.10404079966179897
0.10382403953894902
0.10387463001383455
0.10382152684743316
0.10372805124664591
0.10363602781723123
0.10358873946792099
0.10359400433661477
0.10356674939866668
0.10347892652658723
0.10333525517005203
0.10312640164252598
0.10316682106193073
0.10310774911251779
0.10300867456969189
0.10291069945966579
0.10285782678943124
0.10286391108961336
0.10283731822180989
0.10274706677031699
0.10260174746803366
0.10239438019575174
0.10244795235110128
0.10239329145544639
0.10230322264556954
0.10221584919044135
0.10216912159545016
0.10217575963061756
0.10215039527362348
0.10206510177012437
0.10192681571532373
0.10172765863696459
0.10177088448646084
0.10171041141939263
0.10161564028263524
0.10152289846653159
0.10147068588391418
0.1014781090868242
0.10145332960086202
0.10136508361293183
0.10122435634270922
0.1010260109662144
0.10108191595749444
0.10102579825683507
0.1009389632710837
0.10085605531720457
0.10080996446163461
0.10081794878522671
0.10079452413207221
0.10071172494227223
0.10057857500311568
0.10038866135614567
0.10043421710780073
0.10037254357189984
0.10028193415307457
0.10019426611235051
0.10014282912173048
0.10015155676215959
0.10012862566617185
0.10004237699516418
0.09990607406842711
0.09971636926501087
0.09977400343472945
0.09971653596279133
0.09963276078003189
0.09955412763229203
0.09950874047045431
0.09951802851777833
0.09949657406014334
0.09941621936904545
0.09928795690244598
0.09910683980470127
0.09915426656887161
0.09909158052351341
0.09900497502865667
0.09892220637038217
0.0988716467449506
0.09888163480470968
0.09886057199032866
0.09877629711836894
0.09864424423455787
0.09846279368238241
0.09852160046619243
0.09846289558061287
0.09838200903213928
0.09830745677243136
0.09826283163124569
0.09827336739449417
0.09825389680661796
0.09817592522103466
0.09805230615950794
0.09787954950140523
0.09792840837555516
0.09786488393085484
0.09778211223789217
0.0977040565327887
0.09765446232096353
0.09766565901712754
0.09764647101085783
0.09756413417807788
0.09743615453713601
0.09726257171354151
0.09732204215305726
0.09726221664839824
0.09718405352748649
0.09711338767301257
0.09706957469632595
0.09708129102173278
0.09706380300660516
0.0969881445246237
0.09686893260788289
0.09670411453615141
0.09675398851372924
0.09668978541844755
0.09661066863251724
0.09653713022236796
0.0964885760093793
0.09650092345001508
0.09648360512278341
0.09640316136710159
0.09627907936739304
0.09611298174789024
0.09617265389041316
0.09611182805166686
0.0960362314614112
0.09596925925590018
0.09592630087508526
0.09593912174061679
0.09592360183783089
0.09585018054291879
0.09573514980022697
0.09557786519510568
0.09562836067755584
0.09556362438161521
0.09548797811872611
0.09541875482270396
0.09537130220811746
0.09538473788372578
0.09536927405672037
0.09529067206183098
0.09517031651965262
0.09501132918093287
0.09507078662334593
0.09500908325366116
0.09493590625164154
0.09487243858103948
0.09483036999975923
0.09484421271443184
0.09483063502070943
0.09475937147022002
0.09464830803177234
0.09449817013497078
0.09454891807675035
0.09448378027268159
0.09441141763428046
0.09434630329682508
0.09430000154573542
0.09431445964186726
0.094300826549702
0.09422401123325191
0.09410721809313694
0.09395497673787886
0.09401384654607686
0.09395138999860404
0.09388049661551692
0.09382034955561967
0.09377919923870846
0.09379397651754236
0.09378230528808097
0.09371311858851661
0.09360582191496043
0.09346246325974553
0.09351311997068026
0.09344769950916153
0.09337843372371141
0.093317220560661
0.09327210738603897
0.09328751991575654
0.09327568650607412
0.09320060130730048
0.0930872158366318
0.09294136926526379
0.09299931947228009
0.0929362347132254
0.09286750043410728
0.0928104964500233
0.09277028660829044
0.09278590848831544
0.09277609960049317
0.09270890917731384
0.09260519279814713
0.09246826557963328
0.09251851320811601
0.09245291728284954
0.09238656400309042
0.09232904471617205
0.09228514715190242
0.09230144491617981
0.09229137397876379
0.0922179628265417
0.09210784130655672
0.09196805336614096
0.09202479022246988
0.09196120194914013
0.09189451375027283
0.09184048257636271
0.09180122964084042
0.09181760521349304
0.09180960748475646
0.09174433456460665
0.09164402641233872
0.09151320242004304
0.09156274914216704
0.09149707464566847
0.09143345390095682
0.09137942354275022
0.09133675887063025
0.09135387226091857
0.09134552138980385
0.09127373034889912
0.09116674128829944
0.09103269233297909
0.09108795745256942
0.09102398928593507
0.09095924531914269
0.09090802455357666
0.09086973963430679
0.09088677857813396
0.09088053493760126
0.09081710376682786
0.09072004618667358
0.09059501640486912
0.09064359634703427
0.09057793130924009
0.09051686912111298
0.09046612670296492
0.09042470340172538
0.09044256306233335
0.09043588546181128
0.09036566406772227
0.09026168897544684
0.09013307687672865
0.09018664439288196
0.09012241815911169
0.09005952716948736
0.09001096262037486
0.08997365194623172
0.08999126585119435
0.08998671437006729
0.08992505319628305
0.08983110270222432
0.0897115766676195
0.08975894959246693
0.08969337462669527
0.0896347043027143
0.08958705414672963
0.08954687283644555
0.08956541020570567
0.08956035535599481
0.08949165765763643
0.08939059141835651
0.08926713216670266
0.08931880598468117
0.08925444109458909
0.08919332164920443
0.08914726746996335
0.08911093280722684
0.08912903628821135
0.08912611107789552
0.0890661529219054
0.08897517976018057
0.08886088475146936
0.08890683553863823
0.08884142523305917
0.0887849883592658
0.08874024120247288
0.08870129556311304
0.0887204433120676
0.08871695751322498
0.08864974284840572
0.08855149374837942
0.08843292168991354
0.08848253289824569
0.08841814582808225
0.08835872542318704
0.08831504407395817
0.08827968312237577
0.08829819472488028
0.0882968267141096
0.08823850995843326
0.08815039752962965
0.08804107764974317
0.08808541560364258
0.08802023981005502
0.08796588696621196
0.08792386083038484
0.08788613847838266
0.08790583086441756
0.08790385767822137
0.08783809120995867
0.08774258066250325
0.08762864841594437
0.08767605289673809
0.08761175676865017
0.08755397087224408
0.08751253294215726
0.08747813970806947
0.0874969826135205
0.08749710021707732
0.08744036903514253
0.08735501321658876
0.08725042841616423
0.08729298643265673
0.08722811141732845
0.08717570264171072
0.0871362234862583
0.08709970679765675
0.08711987994854001
0.08711936055796805
0.08705501360073142
0.08696217562020984
0.08685265371940153
0.08689772997969389
0.08683363423578722
0.08677742531195423
0.0867381092342774
0.08670467438103946
0.0867237769228795
0.08672530661496275
0.08667011126227386
0.08658741966372707
0.08648734474345823
0.08652797836612065
0.08646346779926078
0.08641287283126034
0.08637577500922128
0.08634044188202161
0.086361034023492
0.08636190752839118
0.08629895769287467
0.08620873816422162
0.08610341447088564
0.08614606170219628
0.0860822718626571
0.08602758841418535
0.0859902801031256
0.08595779127955651
0.08597708728417715
0.08597995408932263
0.08592625107489471
0.0858461422528263
0.08575036587297805
0.08578895226757861
0.08572486803840092
0.08567596636777335
0.0856410929064582
0.08560691745823289
0.08562786909588238
0.08563007276175993
0.08556850394522479
0.08548085973308263
0.08537953866281901
0.08541967502448052
0.08535629251775324
0.08530308817462322
0.08526768060902956
0.08523612275697168
0.08525555172579911
0.08525967963968091
0.08520743179304888
0.08512983444227648
0.08503815815970348
0.08507459503288352
0.08501099788605732
0.08496367863741587
0.08493088136579925
0.08489783456540924
0.08491908862929488
0.08492255810410171
0.08486236035108674
0.08477725828895995
0.08467975989119537
0.0847173210044221
0.08465444305600514
0.08460267572947755
0.08456906850509895
0.08453842414739765
0.08455793129801296
0.08456324364959711
0.08451242009595632
0.08443727223198692
0.08434950957841879
0.08438371406347824
0.08432066406003821
0.08427482574032957
0.0842439652850936
0.08421201551951735
0.08423351747784688
0.08423818698935585
0.08417935624494399
0.08409677204071708
0.08400293097043314
0.08403786860410525
0.08397558817005413
0.08392521928538206
0.08389331815379679
0.08386356766412811
0.08388310384926785
0.08388952361476071
0.08384009966839742
0.08376734780960281
0.08368332341964939
0.08371523094898901
0.0836527877605479
0.08360833789586118
0.0835792835671993
0.08354839714609096
0.08357009509253104
0.08357589763658846
0.08351843541169103
0.08343835250163444
0.08334801691744227
0.08338029784283019
0.08331870357443327
0.08326969738964007
0.08323941379859935
0.08321053565460076
0.08323005717828547
0.08323750725619918
0.08318946424039864
0.08311906259595925
0.08303861138912584
0.08306817456945961
0.08300639761895817
0.08296325230524307
0.08293588189230636
0.08290602349402827
0.08292786821172278
0.08293473573937742
0.08287864870483504
0.08280105708402903
0.08271408750363884
0.08274369249338236
0.08268286872055032
0.08263519173418776
0.08260644238097828
0.08257841340209324
0.08259788175202507
0.08260628520753006
0.08255961020763285
0.08249151987494432
0.08241448629279678
0.08244167379586087
0.08238062226123956
0.08233870565145612
0.08231290514579738
0.08228403820939258
0.08230598321365996
0.08231384682303217
0.08225914634686134
0.08218404139993006
0.0821003095404166
0.08212723248662887
0.0820672592091512
0.08202087965638334
0.0819935860629613
0.08196638163430853
0.08198576314912193
0.08199504343471008
0.0819497289899186
0.08188391716372247
0.0818101544610678
0.08183494993933749
0.08177468263858223
0.08173392638656721
0.0817095896502283
0.081681676718185
0.08170367827907664
0.08171246841587318
0.08165917005579248
0.08158655140805038
0.08150593903463897
0.08153018616169289
0.08147113903949575
0.08142602647312909
0.08140011458924265
0.08137370887268225
0.08139297436168755
0.08140305552005575
0.08135909925894183
0.08129553845367633
0.08122490804108984
0.08124730907506632
0.08118788425222427
0.0811482269312222
0.08112525532430973
0.08109825834109725
0.08112027548651164
0.08112992215535424
0.0810780451168477
0.0810079155224709
0.0809303133259526
0.08095190247503038
0.08089385281076059
0.08084997776184519
0.08082537760015496
0.08079974373356143
0.08081886806535427
0.08082967491935343
0.08078707914373688
0.08072574643036223
0.08065811726446565
0.08067813434548327
0.08061960937761281
0.08058099588905217
0.08055929786983024
0.08053317844111094
0.08055517294093406
0.08056560592816941
0.08051517249680251
0.0804475367774806
0.08037284329687214
0.08039180326147169
0.0803348179709867
0.08029215168223376
0.08026879698756566
0.08024390727314518
0.08026286894793455
0.08027432728142227
0.08023309850332161
0.08017397476202075
0.08010922277947916
0.08012687832975521
0.08006930937450504
0.08003169036025844
0.08001118106901056
0.07998590068621379
0.08000783701794482
0.08001898612534716
0.07997002108083665
0.07990488512554289
0.07983300572929476
0.07984937562338189
0.07979351719192221
0.07975203141631465
0.07972985936962641
0.07970568545194381
0.07972446617074493
0.0797365029032406
0.0796966513398742
0.0796397205304384
0.07957772812158329
0.0795930555514153
0.07953649715414565
0.07949982842324312
0.0794804292594581
0.07945594949408495
0.07947779479056076
0.07948959007832228
0.07944212009695159
0.0793794899309897
0.07931033586695165
0.07932416451016125
0.07926949093401692
0.07922915779054067
0.07920810874693471
0.07918462178115461
0.07920320602316677
0.07921574938033847
0.07917728841260985
0.07912253686487733
0.07906319238308386
0.07907623518369983
0.0790207398618726
0.07898498184047605
0.07896662004132271
0.07894290271296998
0.07896462669307029
0.07897699872969043
0.07893105178102205
0.07887093271035008
0.07880442023185737
0.07881576553894877
0.07876233025422731
0.07872312213253704
0.0787031393916887
0.07868031020239043
0.0786986848199996
0.0787116645012182
0.07867461010168639
0.0786220258290111
0.07856522313237269
0.07857603400195019
0.07852165182302223
0.07848676903444539
0.07846937726103456
0.07844638458271508
0.07846795946626542
0.07848083958238292
0.07843644432580701
0.07837884016078324
0.07831488973365043
0.07832381809820887
0.07827166989981313
0.07823355940579764
0.0782145890124609
0.07819238824326448
0.07821054208223155
0.07822388942571472
0.07818825956266263
0.0781378316019703
0.07808346962434799
0.07809210962411622
0.07803888779145385
0.07800484837114773
0.07798836430774753
0.07796605901166324
0.0779874594201107
0.07800077996295329
0.077957965149381
0.07790287751049739
0.07784141310340834
0.07784799876847873
0.0777971817235739
0.0777601416581428
0.07774213222991629
0.07772053048405872
0.0777384540346329
0.07775210218007202
0.0777179162048841
0.0776696339873576
0.07761761633647421
0.07762415407356478
0.07757213653303316
0.07753891178177148
0.07752327775194524
0.07750162319845733
0.07752282604323617
0.07753652062817397
0.07749531451208418
0.07744274221892182
0.07738369067769424
0.0773880150885743
0.077338568449649
0.07730257181357174
0.07728547439282805
0.07726444236475602
0.07728212744773141
0.07729601149575611
0.07726328952134612
0.07721714227812163
0.07716737685896827
0.07717188769274488
0.07712111477067726
0.07708867874767886
0.07707384135025538
0.07705280162240324
0.07707378598320333
0.07708778973885896
0.0770482195058926
0.0769981580494206
0.07694144855389676
0.07694359969065924
0.07689555781376652
0.07686057783201387
0.07684434575878149
0.07682385435677878
0.0768412938469292
0.07685535101431866
0.07682411329276463
0.07678008950018353
0.07673248816256734
0.07673505343149022
0.07668556151276584
0.07665389066919394
0.07663980043605186
0.0766193404216104
0.07664008741698561
0.07665433722045599
0.07661642843577332
0.07656886953318887
0.0765144331340581
0.07651450482348282
0.07646789709739961
0.07643390725712927
0.07641849605974055
0.07639851651958275
0.07641570410749289
0.0764298738766947
0.07640014018450271
0.07635822705343197
0.07631270526298686
0.07631341152960242
0.07626523278260887
0.07623430563479061
0.07622091671163857
0.07620100217437378
0.07622149482726452
0.07623592952622335
0.07619970560885626
0.07615463683939783
0.07610240607108011
0.07610049727953179
0.07605534807142439
0.07602232216848545
0.07600768946893653
0.07598819345856098
0.07600512345064052
0.07601934771190874
0.07599113675141352
0.0759513197649148
0.07590779629729862
0.07590673460963279
0.07585989676300006
0.07582969360381718
0.07581696345447182
0.0757975610959624
0.07581778419674902
0.07583234481550226
0.07579782654390635
0.0757552310634383
0.0757051396282376
0.07570135373861057
0.07565768236137811
0.07562559455095651
0.07561169998213887
0.07559265969732963
0.07560932685276181
0.07562355003707552
0.07559687886237673
0.07555914136558142
0.07551753802387864
0.075514803192296
0.07546932936650427
0.07543983201270994
0.07542772114680765
0.07540879865994483
0.0754287386295934
0.07544336855653253
0.07541057361044097
0.07537042994207829
0.07532241246013444
0.07531685653728803
0.07527467724311576
0.07524350209088305
0.07523030722311651
0.0752116954742303
0.07522809487677053
0.07524226407763927
0.0752171475531605
0.0751814703986106
0.07514171175414364
0.0751374016435607
0.07509331023887009
0.07506450181158106
0.07505297353519846
0.07503449965025819
0.07505414440597416
0.07506878956029285
0.07503773210377178
0.07500001400136669
0.07495400582047353
0.07494678987060403
0.07490611187444268
0.07487582440528402
0.07486329267988713
0.07484508296968247
0.07486120993158105
0.07487527501388076
0.07485172531312614
0.07481808656409863
0.07478009972092385
0.07477431455908255
0.07473161919973649
0.07470348393501933
0.0746925041233138
0.07467444864731132
0.07469378747289016
0.07470839644888144
0.074679086759167
0.07464376314009492
0.07459970019918861
0.07459093642932554
0.07455176396507115
0.07452233970714109
0.07451043637509672
0.07449260296777166
0.07450845296263855
0.0745223666567413
0.07450039280812419
0.07446876750159935
0.07443248188493182
0.07442532358820401
0.07438403312153435
0.07435655620783509
0.07434609309854093
0.07432842694842709
0.07434745037119782
0.07436197455891422
0.07433441870516722
0.0743014536485118
0.07425927238854506
0.0742490744728304
0.07421140688396013
0.07418282190643463
0.0741715139705313
0.07415403195212371
0.07416960057326473
0.07418331855291946
0.07416292603866843
0.07413328600867058
0.07409863317735954
0.07409020469622438
0.07405032324414963
0.07402349068328537
0.0740135146897052
0.07399620991984227
0.07401490959575882
0.07402930327728256
0.07400350285282538
0.07397285565876076
0.0739324929747383
0.07392097533436401
0.07388480719973639
0.0738570381431881
0.07384629430232899
0.07382913963268145
0.07384442257329896
0.07385790351597599
0.07383909392911144
0.07381140769017966
0.07377832117315798
0.07376872586004388
0.07373025291950482
0.07370405140802525
0.07369453495002923
0.07367756477428979
0.07369593338235354
0.07371015380337581
0.07368610571428753
0.07365773102018208
0.07361912424831797
0.07360640135197444
0.07357172264647159
0.07354474674528651
0.07353453733994864
0.07351768689648942
0.07353267994813246
0.07354588557684771
0.07352865634009939
0.07350288902967517
0.07347130418605173
0.07346064518863829
0.07342357577676006
0.07339799260466918
0.07338890995614956
0.07337224876491086
0.07339027991172557
0.07340428732856165
0.07338198364071373
0.07335583158923174
0.07331891852347332
0.07330510421492607
0.07327190050364096
0.07324569560031598
0.07323599255840436
0.07321942417204143
0.07323412323779004
0.0732470183437624
0.07323136249309911
0.0732074758706837
0.07317732977285685
0.07316570945617797
0.07313003429537865
0.07310505725946241
0.07309638441067587
0.07308000778293137
0.07309769591781515
0.07311145362037796
0.07309088146611642
0.07306689792037149
0.07303161685289568
0.07301682371188437
0.07298507637567016
0.07295962092718156
0.07295039770975503
0.0729340901932215
0.07294849131227514
0.07296104375812729
0.07294694979233132
0.07292490229239793
0.072896133631263
0.07288365303203417
0.07284935876990678
0.07282497609921566
0.07281669063247387
0.07280057534325102
0.07281791568397618
0.07283138999558804
0.07281253154033346
0.07279065834095333
0.07275694812165519
0.07274128686372693
0.07271097335315714
0.07268624642987183
0.07267747797641436
0.07266141114544118
0.07267551052603032
0.07268769122960402
0.07267514302608181
0.07265488986095509
0.07262743887197609
0.0726141971884919
0.07258126664705908
0.07255746693842414
0.07254954791565443
0.07253367193890814
0.07255066040781953
0.07256382066305454
0.07254665313112824
0.07252682838993284
0.07249462850037482
0.07247820742055454
0.07244930153470959
0.07242528281252568
0.07241694548560154
0.07240110017332305
0.072414894231157
0.07242667713036749
0.07241565392617957
0.07239714723443723
0.07237095564307174
0.07235704976379263
0.07232546221265347
0.07230223437445288
0.07229466223523733
0.07227900474238196
0.07229563791236931
0.0723084564143857
0.07229295217240787
0.07227511059728402
0.07224436123503904
0.07222728569943399
0.07219975788544404
0.07217642763200226
0.07216849916126467
0.07215285722628734
0.07216634262607267
0.07217770462555832
0.07216818106150932
0.0721513700969319
0.07212638108165295
0.07211190515524153
0.07208163660318177
0.07205896980590379
0.07205172627470975
0.072036267628954
0.07205254267852884
0.07206499463756705
0.07205112133284396
0.07203519457833195
0.07200583674811971
0.0719882087366849
0.0719620264056266
0.07193936546153172
0.07193182488715685
0.07191636921573943
0.07192954291363647
0.07194046381426157
0.07193241003884293
0.071917241394548
0.07189339956550682
0.07187844461460366
0.07184946811440605
0.07182735174686203
0.07182041974829342
0.07180514149495075
0.07182105617150747
0.07183311962639896
0.07182084037684683
0.07180675741494107
0.07177873302341267
0.07176065072619922
0.07173577858076097
0.07171376833680262
0.07170659595249497
0.07169131045529933
0.07170416974051776
0.0717146321530486
0.07170801398209767
0.07169443184424412
0.07167168323547209
0.07165633681594634
0.07162862277739676
0.07160704640771429
0.07160040998873389
0.07158529484169453
0.07160084743191804
0.0716125031565689
0.07160177678794172
0.07158946429365505
0.0715627162451171
0.0715442737134146
0.07152067408270632
0.07149929645407475
0.07149247374984165
0.07147734335371889
0.07148988588777633
0.0714998751322682
0.07149465425941536
0.07148260068475074
0.07146089275771152
0.0714452386645059
0.07141875517092636
0.07139770851169057
0.07139135276988681
0.07137638459445252
0.07139157390076972
0.07140280529765683
0.07139358662317331
0.0713829693695277
0.07135744166030669
0.07133872851319988
0.07131636169017361
0.07129559908863786
0.0712891086935617
0.07127411932883793
0.07128634318131077
0.07129584717391282
0.07129198142624757
0.07128139663778817
0.07126067829406106
0.07124479631410419
0.07121950943813606
0.0711989823152448
0.07119289333233508
0.07117805712463544
0.07119288244658904
0.07120367542933623
0.07119591556625608
0.07118691682354052
0.07116255463306692
0.07114365581907779
0.07112248039623158
0.0711023157011907
0.07109614132644271
0.07108127991016301
0.07109318359004091
0.07110219271904458
0.07109963635194848
0.07109045904721659
0.07107068064811867
0.07105464636012408
0.07103052047491931
0.07101050279987357
0.07100466757974994
0.0709899494429745
0.07100441056242157
0.0710147534295126
0.07100840014680539
0.07100094208118553
0.07097769185822356
0.07095868747092378
0.0709386606702619
0.07091907719950134
0.07091320358184242
0.07089845799742152
0.07091004047943258
0.0709185474724589
0.07091725149723008
0.07090941916371221
0.07089053255474463
0.07087441717508038
0.07085141525751691
0.07083189700298281
0.07082630341371082
0.07081169053140755
0.07082578770050224
0.07083567100214053
0.07083066909312764
0.07082467315999653
0.07080248270275748
0.07078344784852475
0.0707645258421254
0.07074550732301581
0.07073992016902218
0.07072527924273621
0.07073653998823742
0.07074453977248123
0.07074445231020916
0.07073790154302567
0.07071986008115116
0.070703730354366
0.07068181427737524
0.07066278545593278
0.0706574221752102
0.07064290278191358
0.07065663671291822
0.07066605311296513
0.07066234478669763
0.0706577321145168
0.07063655064367322
0.0706175553591451
0.07059969357711861
0.07058122411889071
0.07057591005012688
0.07056136352486404
0.07057230249708894
0.07057979205451635
0.07058085870964834
0.07057552552682322
0.07055828410874099
0.07054220224079223
0.07052133305235628
0.07050278369839676
0.07049764016206407
0.07048320351152611
0.07049657536759994
0.07050551950241842
0.07050304478757558
0.07049973654836271
0.07047951477222884
0.07046062398848091
0.07044377741157154
0.07042584147919138
0.07042078797853285
0.0704063264852003
0.07041694415882575
0.07042392237816192
0.07042608662532286
0.0704219067764942
0.07040542186626508
0.07038944549802054
0.07036958368485682
0.07035150383960989
0.07034657019287942
0.07033220652418465
0.07034521791041609
0.07035368624631924
0.07035238340156529
0.07035030116463023
0.07033099133599204
0.07031226488604284
0.07029638832061354
0.07027897071067232
0.0702741660699578
0.07025978109692144
0.07027007846205664
0.07027654598930683
0.0702797495671773
0.07027665883207744
0.07026088848665893
0.07024507070485107
0.07022617643924252
0.07020855613891216
0.07020382319004757
0.0701895236918967
0.0702021766459693
0.0702101673368302
0.07020997326183759
0.07020903932783976
0.0701905952921096
0.07017208795803075
0.07015713629165853
0.07014022211058513
0.07013565537975334
0.07012133924066331
0.07013131780148087
0.07013727689060824
0.0701414601970145
0.07013939467055927
0.07012429856202758
0.07010868794452817
0.07009072131317073
0.07007355058014211
0.07006900975637444
0.07005476652982176
0.07006706351182822
0.07007457625825113
0.07007542689997147
0.07007556461285978
0.07005794184739672
0.07003970344308078
0.07002563187946642
0.07000920652426923
0.07000486746211142
0.06999061326244341
0.07000027503076306
0.07000572939600451
0.0700108318788114
0.0700097282401536
0.06999526767361171
0.06997990836566961
0.0699628295797923
0.06994609841684261
0.06994174172235537
0.06992754774228234
0.06993949162332198
0.06994652753461197
0.06994835828383189
0.06994949231872089
0.06993264796330266
0.06991472344880995
0.06990148772115659
0.0698855368628096
0.0698814158894445
0.06986721749206212
0.06987656497626925
0.06988151964741393
0.06988748018631685
0.06988727594973039
0.06987341387611909
0.06985834569406285
0.06984211528042236
0.06982581366783527
0.06982163364368812
0.06980748271928917
0.06981907676859757
0.06982563822859937
0.06982838430234088
0.06983044092786284
0.06981433380641881
