0.0510972950861184
0.07223105792091712
0.09285798983594207
0.11674093875827131
0.13051062784200027
0.14013124714861297
0.14913832129010068
0.16015677429500144
0.17509898968461327
0.1845704692501208
0.19149394529752847
0.19817104057217902
0.20656782919889846
0.21831736623918796
0.22594085076543372
0.23159492154010303
0.23711683923764804
0.24415856030537728
0.254167716930417
0.2607516668421632
0.2656841122316258
0.2705297958626864
0.27672807622026907
0.28557581207861316
0.2913982727775308
0.2957578258400297
0.3000577272282077
0.3056109177213283
0.31362334109210677
0.3189536964742959
0.32298648563432336
0.3269768955450042
0.3321084857689651
0.33948117541059875
0.3443446190900921
0.34799283042828427
0.35160538078522485
0.35630440457974244
0.3631418367707139
0.36770867803492935
0.37119098766080694
0.3746575843869981
0.3791218596761964
0.38553363138072827
0.38971843063989836
0.3928398465759013
0.3959415262678814
0.400021750081306
0.4060244912902664
0.4100455542659399
0.4131425948279773
0.41624353911000245
0.42023063143661243
0.4259381101414934
0.4296099425847099
0.4323234830467554
0.43502218405273035
0.4386098929832174
0.4439431224381043
0.44750514144158826
0.4502878918748959
0.4531044326100367
0.4567105472793583
0.46180602251600905
0.4649369260472154
0.4671873259811971
0.4694380101100561
0.4725254900458985
0.47723884067276523
0.4803931582071492
0.4829151777165687
0.4854967003200411
0.4887723455800431
0.49333254897360307
0.4960094776098132
0.49787415119297934
0.4997432242351008
0.5023857437386497
0.5065208786156411
0.5092601407934936
0.5115148968430892
0.5138709960781985
0.516824345927266
0.5208000342784639
0.5228686885940402
0.5241950425545453
0.5255617188108602
0.527689545647896
0.5312457325668433
0.5336209943422433
0.5356436583622147
0.5377802609551932
0.5404124894772702
0.5438750418124806
0.5455335516815512
0.5465265812654458
0.5475753298868623
0.5493330103059607
0.5523948664825664
0.5543949930159103
0.5537872973936655
0.5533227978957609
0.5525509672170792
0.5509418840874998
0.548995184307811
0.5471769103060585
0.5454615346867308
0.5437427670775008
0.5418638437207347
0.540519008956599
0.5396943769198739
0.5389877076556725
0.5378973854186678
0.535861809351164
0.533633155922178
0.5316177937123081
0.5297304190093246
0.5277922029198724
0.5255621409899257
0.5238697092558765
0.5227115515657038
0.5216601834696407
0.5201662963685701
0.517577010661219
0.514957756603329
0.5126288690639063
0.5104602198922815
0.5082141694431147
0.505601251997559
0.5035887612976997
0.5020908859387417
0.5006580747944746
0.49873470370323075
0.49567342253754243
0.4928049321940797
0.49035898435652897
0.48810113808455563
0.48568421115742816
0.4827031875353576
0.48027782551303566
0.478361772874632
0.4764938696743958
0.474093664506005
0.4704819318198197
0.4673809290230586
0.4647806838370393
0.46235738912691304
0.45968408859737253
0.45631632418152207
0.45355476762984964
0.45127070567540023
0.4489947537852076
0.4461455445795118
0.44206186374843986
0.4387413489195174
0.4360879457242385
0.4336387138408652
0.4308381110490451
0.4271213969546137
0.4239997915634733
0.4213538163653043
0.4186943966182144
0.41540943487746185
0.4108674576331335
0.4075439505997419
0.404964215222359
0.40253328925188747
0.399607821006732
0.39561504255141816
0.3922889848262179
0.38935963303188703
0.3863562932467996
0.3826982754258327
0.37780262388096403
0.3744109646375443
0.3719343953759883
0.3696298140208806
0.3667299623271927
0.3625564465090329
0.3590550585201797
0.35591017711762135
0.3526482883827201
0.34869675254606497
0.3436117516142565
0.3406347210662853
0.338622659357802
0.33666821703964933
0.3339186191608626
0.3297204158524502
0.3262119868953349
0.3229119633798926
0.3194220065997246
0.3152665596836579
0.31009174162655323
0.30726265437495026
0.305522358335454
0.3038365271171393
0.3012587897556297
0.2970606136784526
0.2935523107781097
0.29023670121423917
0.2867138566934772
0.2825328973234848
0.27755723481860756
0.27546725011006923
0.27443960569743825
0.27327886147182257
0.2709808849660081
0.266879248142669
0.2634912336216995
0.2602255570240471
0.25673942312295756
0.25264197245490083
0.2478343625197756
0.2459178823495173
0.24509117426444837
0.24409381417792866
0.24189539124281942
0.23782044146959405
0.23459883905071138
0.23164257524698625
0.22853013325481936
0.2247872598462235
0.22046562283602444
0.21922134761295836
0.21898514054168233
0.21839054287311604
0.21640554281892738
0.21245670655104154
0.209558273774193
0.20699416247852473
0.20430883893585758
0.20099445131977167
0.19705753680229438
0.1959719137983487
0.19578466605263142
0.19518292678636126
0.19321116405891195
0.1893761187455232
0.1868933543374353
0.18497323623371076
0.1830252911771512
0.1803972486614237
0.1771277225261516
0.17648822899131886
0.17664521696502644
0.17629220660400224
0.17453225324320135
0.1709658911240459
0.16898863838980308
0.1676444562562946
0.16628773169358385
0.16424588224306325
0.16149740188382009
0.1610451719623688
0.1611694752675301
0.16074532132316022
0.1590309776949359
0.1557470154194894
0.15425053028076988
0.15352072411521928
0.1528280226420212
0.15145694113956065
0.14936586447310837
0.1491242387647087
0.14938802121077632
0.1491349916509935
0.14769604851149945
0.144800624010095
0.1437022145479245
0.1433667109874937
0.14306086725018488
0.14210799333390045
0.14045005511042866
0.14037363664044342
0.1405854760269098
0.14027403097333074
0.13892692522195219
0.13638406085488886
0.13561500242430455
0.1355946081531839
0.13559706563144436
0.13503247374151758
0.13383428540817044
0.1337758386030151
0.13400267184802853
0.13381643606614246
0.13275199583050987
0.13057935720180355
0.12998788532369027
0.13011131197939174
0.13025811490721248
0.12988400492949065
0.12893830830259342
0.12900612069787176
0.12920165747138726
0.1289836860344888
0.1280053976618877
0.1261424942151903
0.12574528068790475
0.12595422349452243
0.12614443986032498
0.12592079243791432
0.12523589761301332
0.1252111555602529
0.12536076716165492
0.12522345376508684
0.12447642935079875
0.12289959781424287
0.12254530257248154
0.12277378920675243
0.1229998798836899
0.1228468404154335
0.12228851163367417
0.12237226203570138
0.12252121675843893
0.1223713960640086
0.12168065631079894
0.12033483801109326
0.1201101361033975
0.12032766167741137
0.12048687128223017
0.12036716806805273
0.11994456248896115
0.11989212255868777
0.119970000443795
0.11986269308445437
0.1193409679035802
0.11819924739209728
0.11796223492054911
0.11816410203413535
0.11833444916352252
0.11824344773697272
0.11788473806766157
0.11793548892331941
0.11803581858755319
0.11792810253396958
0.11743580891349877
0.11645302516097847
0.11631393553248107
0.11647812494518721
0.11655461803493027
0.11645144135579358
0.11616019747444184
0.11606970495642799
0.11609351006399672
0.11600257013681667
0.11562903137276402
0.11478778919790411
0.11461589868233928
0.11476092174775207
0.11485002300406942
0.11476422830155983
0.11450908116878866
0.11451690079343002
0.11457550832785839
0.11449123601869898
0.11412955355110989
0.11339314265780967
0.11329998809721618
0.11340661081934396
0.11340679679749498
0.11329428310546999
0.11307033671128143
0.11295049126283736
0.1129376592717303
0.11285573984855661
0.11257737210401232
0.11193790407072832
0.11180428122174108
0.11189545034191334
0.11191342512602862
0.11181625029801101
0.1116163919525594
0.11158663711426728
0.11161256069857535
0.11154069851353325
0.11126404272156859
0.11069252787700327
0.11062513336540074
0.11068519122677756
0.1106286293832965
0.11050237685624223
0.11031444359722076
0.11017724661422441
0.11014134238559836
0.11006506350907883
0.10984788829326243
0.10934213898548523
0.10923168474824968
0.10928017432519913
0.10924475131887525
0.10913397208068851
0.10896476896320303
0.10890684664556424
0.1089084968431349
0.10884313042897124
0.10862220320948095
0.10816072323932428
0.1081083853707379
0.10813443835218454
0.10803980413926267
0.10790210956152027
0.10773464425490979
0.10758983420587664
0.10754023398200571
0.10746812453409373
0.10729084517857305
0.10687342117610334
0.10677774450013365
0.1067949172029242
0.10672253095996449
0.10660055024206733
0.10644912117468855
0.10637193029737377
0.10635609795725025
0.10629421913069033
0.10611044648160275
0.10572276521130948
0.1056798721963551
0.10568234617497567
0.10556415985089095
0.105418837676929
0.10526394949001545
0.10511806459383831
0.1050607940118122
0.10499218705264264
0.10484152562440492
0.10448275485002041
0.10439741025456652
0.10439259279464555
0.10429620381070218
0.10416646578741978
0.10402591095843808
0.10393649711508035
0.10390826580476228
0.10384840737160864
0.10369004803787722
0.10335251753028524
0.10331621903396526
0.10330286377921231
0.1031715075851198
0.10302215006843102
0.10287576302138035
0.10273275273016051
0.10267150328732268
0.10260605798178402
0.10247374496810881
0.10215451332415729
0.10207726925322509
0.10205746825190272
0.1019465973886903
0.10181233540993824
0.10167889614589161
0.10158242197744649
0.10154545006015886
0.10148694643987347
0.1013465784558446
0.10104390311948935
0.10101279323012163
0.10098905899201094
0.1008516271355047
0.10070112820556514
0.10056111876271587
0.10042319243908311
0.1003601531219207
0.10029766781452004
0.10017855828399647
0.09988670817682105
0.09981649697252855
0.09978673276491785
0.09966811775242695
0.0995320043942469
0.09940362720525737
0.0993037448499917
0.09926062342769404
0.09920322672306343
0.09907615465761123
0.09879851056087194
0.09877189536993197
0.09874149279447247
0.09860269645108201
0.09845323325751033
0.09831849913580218
0.09818680156682703
0.09812324077600852
0.09806357956210578
0.09795447456340296
0.09768236853907605
0.09761868851022566
0.0975824616149939
0.09746077497319329
0.09732490768924312
0.09720049217033269
0.09709974992756208
0.09705231498555808
0.09699599447345728
0.09687923995083317
0.09662034739033201
0.09659785409385578
0.09656326069470149
0.09642616798633197
0.09627932453334573
0.09614930341715235
0.09602436368318236
0.0959610043713013
0.095904064220862
0.09580296933296499
0.09554587018578922
0.09548846476402748
0.0954481806799446
0.09532663051985729
0.09519262178536429
0.0950716107152946
0.09497178128008402
0.09492134952124014
0.0948661837240884
0.09475784368492425
0.09451369286737576
0.09449507239753092
0.09445792571812787
0.09432450566291671
0.0941814160924029
0.0940558289479578
0.09393783261429578
0.09387508280259915
0.09382077583745733
0.09372643401250658
0.09348144128186316
0.09343013679230552
0.09338743997657224
0.09326822034601674
0.09313730167263891
0.09301944854080064
0.09292176586609908
0.09286930056032291
0.09281541711415175
0.0927142559928636
0.0924822743376206
0.09246730958670214
0.09242868993050214
0.09230018931153129
0.09216165919938603
0.09204036985041522
0.0919293149195388
0.09186740508912852
0.09181564808951119
0.09172724679762949
0.09149260651211115
0.09144723604994194
0.09140325328406697
0.09128786203970231
0.09116097157235854
0.09104620399394853
0.09095152602756897
0.09089774919248819
0.09084529057391089
0.09075048248881931
0.0905289974399462
0.09051746661902894
0.09047809104306416
0.09035528572616978
0.09022188295506102
0.09010482013150255
0.09000060279881138
0.08993966597668043
0.08989037449704672
0.08980736421882202
0.08958202602956651
0.08954239794261643
0.08949790764199679
0.08938736285098828
0.08926521098443761
0.0891535482838405
0.08906246675210276
0.08900793346525773
0.08895703743924026
0.08886800481817748
0.08865590215137394
0.08864756921301598
0.08860792041549838
0.08849127860615788
0.08836339746050795
0.08825051164488584
0.08815297189398702
0.08809308940143658
0.08804617516254588
0.08796815877745137
0.08775149518233881
0.0877173835191066
0.08767293000444767
0.08756791423086617
0.08745103044196634
0.08734253319092919
0.08725544768429414
0.08720059485538596
0.08715138364756045
0.08706769760055336
0.08686420734012049
0.08685882433900773
0.08681923430001746
0.08670902074298639
0.08658692588732954
0.08647816614882982
0.08638711131430263
0.08632833828447296
0.08628370878807626
0.0862103756296082
0.08600200615414617
0.08597315123060414
0.08592912034452127
0.08583007606597333
0.08571884213033533
0.08561358127509387
0.08553074988894523
0.0854759282588189
0.08542850302817359
0.08534982289011496
0.08515438724863951
0.08515170083345752
0.08511240415173656
0.0850087459793642
0.08489260252093905
0.08478790507331539
0.08470312179580868
0.0846455009210022
0.08460306039168167
0.08453414799539764
0.08433383052896844
0.0843099436893078
0.08426661227549566
0.08417380525541426
0.08406847946175013
0.0839665178309529
0.08388809251834682
0.08383358782181788
0.08378802639114111
0.08371406378236074
0.08352625691559513
0.08352601519775991
0.08348718268287658
0.08339011095953382
0.08328000534099621
0.08317928901818959
0.08310054937019104
0.08304411788552006
0.0830037688426226
0.08293904151603339
0.08274660612355021
0.082727375894635
0.08268494407868895
0.08259850620808054
0.08249924196107268
0.08240062376635292
0.08232667565707506
0.08227272285598909
0.08222907944969332
0.08215957743087784
0.08197905730399445
0.08198101552823003
0.08194277520364956
0.08185225135668
0.08174820636592707
0.08165137211690611
0.08157843699205393
0.08152322983493403
0.08148487481161662
0.08142411217477613
0.08123942149190835
0.08122451990471571
0.0811831322822009
0.08110309146035291
0.08100995249754406
0.08091469805385434
0.08084523607521354
0.08079202918346744
0.08075033539590662
0.0806850567359231
0.08051153647572278
0.08051546103588872
0.08047791125335738
0.08039384423868746
0.08029583027345298
0.08020276288156271
0.08013538423616826
0.08008143509924477
0.08004497821488027
0.07998796947942563
0.07981089559632659
0.0797999841904683
0.07975974395868664
0.07968604583466082
0.07959901939079154
0.07950712325178795
0.07944210816567669
0.07938980727128989
0.07935007377630135
0.07928879459645047
0.07912202539906368
0.07912769627167658
0.07909091394862698
0.0790131717912588
0.07892111571004991
0.07883168661167178
0.07876960932729224
0.07871695060475688
0.07868229884168362
0.07862884027308109
0.07845925177250675
0.07845198711821387
0.07841296575269348
0.07834549031798567
0.07826449896255996
0.0781759302700496
0.07811528548066733
0.07806402197483081
0.0780262406621628
0.07796874716469737
0.07780850788788607
0.0778157197680551
0.07777976563811877
0.07770818357382489
0.07762197593969548
0.07753604644013715
0.07747901014154684
0.077427672348522
0.07739473648293717
0.07734463054229274
0.07718238575724187
0.0771784244455849
0.07714066856263892
0.077079243405836
0.07700415590048452
0.07691886013530382
0.07686248015334189
0.07681236079558455
0.07677650712621034
0.07672259402937873
0.07656868455462616
0.0765772470300576
0.07654216907254206
0.07647655563365918
0.0763960568334026
0.07631348129357693
0.07626122223388977
0.07621123323227673
0.07617992842969604
0.07613298373579529
0.07597792779769436
0.07597693088124197
0.0759404673047747
0.07588487860154283
0.07581551990709112
0.07573342148440258
0.07568117864437077
0.07563228885248532
0.0755983242901826
0.07554779416104308
0.07540003083544095
0.07540976791003141
0.07537560366775199
0.07531574551452172
0.075240791044321
0.07516141979445023
0.07511367281070407
0.0750650570299349
0.07503530314824268
0.0749913347855586
0.07484329896565299
0.07484493583551233
0.0748097754914033
0.07475977735498322
0.07469593780837658
0.07461694313161853
0.07456869297839368
0.07452109958181816
0.07448897400000587
0.07444163702383978
0.07429984924092004
0.07431059846617992
0.07427737667935629
0.07422304265094679
0.07415344774962511
0.07407712960760114
0.07403363010211428
0.07398640785718825
0.07395812951411442
0.07391695943663298
0.0737757618532574
0.07377971353923743
0.07374585455580512
0.07370117710904864
0.07364262074633168
0.0735666214506419
0.07352220709566666
0.07347596069881575
0.07344561468983368
0.07340128862309418
0.0732653160472237
0.07327692746034349
0.07324466927356829
0.07319561393652417
0.07313117768525043
0.07305776203688254
0.07301824792324975
0.07297243488071338
0.07294556134473772
0.07290701875216435
0.07277246586331196
0.07277842774989912
0.07274585799408378
0.07270621437396475
0.07265268636922545
0.07257956256599521
0.07253881823669847
0.07249395528291448
0.07246532231759124
0.0724238324930629
0.07229352268737355
0.07230585769963044
0.07227457759692664
0.07223054445103876
0.07217105342241417
0.07210039187124084
0.07206460542364772
0.07202021223469716
0.07199467719392327
0.07195859882615659
0.07183048733813407
0.07183817130047168
0.07180687049048856
0.07177196291475021
0.0717231961180379
0.07165281950957995
0.0716155734621329
0.07157211805569433
0.07154512645731455
0.07150630577931168
0.07138151213598232
0.0713944424683635
0.07136414903091708
0.0713248734615066
0.0712701049789881
0.07120205260323971
0.07116974215573778
0.07112677425633258
0.07110251551211934
0.07106874584431354
0.0709468647977262
0.07095600077642851
0.07092594225944646
0.07089546724403267
0.07085118782238645
0.0707834245974592
0.07074950152399045
0.07070746704818175
0.07068204175836033
0.07064573066349977
0.0705263106044714
0.07053971732971435
0.07051041387505819
0.0704756258975284
0.0704253509514143
0.07035976722119021
0.07033068867531328
0.07028914624149478
0.0702661053646756
0.07023449670334816
0.07011862958016546
0.07012896662872947
0.0701001188819305
0.07007377167938629
0.0700337038875269
0.06996841733973615
0.06993764037150203
0.06989703092955456
0.06987309505473192
0.06983914143311383
0.06972495487845372
0.06973872759965455
0.06971041273960435
0.06967983955586186
0.06963382541123443
0.06957057482447852
0.06954449293660835
0.06950437097644774
0.0694824929550635
0.06945290544398497
0.06934283219347219
0.0693541390450295
0.0693264669411307
0.0693039452634877
0.06926781539070365
0.06920486822580527
0.06917706061064338
0.06913787230995082
0.06911534844650806
0.06908360752695816
0.06897451563529046
0.06898855180978251
0.06896121995121555
0.06893458832190123
0.06889260084551899
0.06883155334027635
0.06880824277299194
0.06876953133314927
0.06874876423247973
0.06872106578025293
0.06861656469839654
0.06862862990821315
0.06860209577668494
0.06858310286510448
0.0685506424205865
0.0684898987374179
0.06846488525144284
0.06842710734772943
0.06840591869120659
0.06837625289733805
0.06827211707905827
0.06828632148125795
0.06825996328539229
0.06823700171314812
0.06819880743974434
0.06813983863497676
0.0681190847683137
0.0680817692320466
0.0680620638807058
0.06803613002258363
0.06793697944570765
0.06794961117165194
0.06792417568118084
0.06790842278517929
0.06787937099491337
0.06782069793929393
0.06779830607823736
0.06776192199406258
0.06774199324374186
0.0677142720277992
0.06761495322370378
0.06762923753092906
0.06760384034115023
0.06758428105617875
0.0675496490097636
0.06749264031957079
0.06747423982810449
0.06743830128202355
0.06741961099211911
0.06739532469808276
0.06730130449029093
0.06731432997553023
0.06728995285984012
0.06727716118934103
0.0672512668837747
0.06719453598599293
0.06717459697019759
0.06713958520060642
0.06712084327491556
0.06709494293528952
0.06700030114447118
0.06701458362430586
0.06699013186872503
0.06697371260724119
0.06694241588971285
0.06688725454752371
0.06687101575717516
0.06683643140558182
0.06681871173042189
0.06679596317052726
0.06670685599849642
0.06672012081943926
0.06669676146631293
0.06668666367916523
0.066663686652752
0.06660877486769558
0.06659112448606555
0.06655745940295409
0.06653983398391063
0.0665156374707624
0.06642553150408319
0.06643973677972365
0.0664162123519491
0.06640267791974971
0.06637449507725018
0.06632107409837247
0.06630681714272621
0.06627356075059372
0.0662567692800643
0.06623545555689378
0.06615104795564583
0.06616441509431005
0.06614203301593813
0.06613437430163291
0.0661140862237825
0.06606087669874762
0.06604535601051943
0.06601300857619442
0.0659964325026392
0.06597382921470539
0.06588811664471682
0.06590217551504239
0.06587955813477256
0.06586866175125379
0.06584337792803607
0.06579159603150894
0.06577915283130756
0.06574719517956441
0.06573129137095522
0.06571131622783338
0.0656313994682431
0.06564474826255969
0.06562330346386192
0.0656178422810458
0.0656000272337813
0.0655484098328404
0.06553486574148921
0.0655038041408789
0.06548821367074047
0.06546709924531026
0.06538563652035849
0.06539948581345638
0.065377753367257
0.0653692577891434
0.06534666567897528
0.06529642718330983
0.06528564127484354
0.06525495061435437
0.06523989565491971
0.0652211691674251
0.06514553994097272
0.06515876495974895
0.06513821821990787
0.0651347267411738
0.06511918145271833
0.0650690530685405
0.06505733877910534
0.06502752897910706
0.06501286394060768
0.06499314003792254
0.06491578272719635
0.0649293651691147
0.06490849403098493
0.06490217245926366
0.06488207306527664
0.06483328776754532
0.06482401400616301
0.06479455649949595
0.06478031319623193
0.06476275145348571
0.0646912123926094
0.06470422227459864
0.06468453535565061
0.06468279966830288
0.06466933350460329
0.06462059818911318
0.06461057355836886
0.06458197980190289
0.06456818365265855
0.0645497577355567
0.06447636087265893
0.06448962495673502
0.06446959028769124
0.06446522706535524
0.0644474302804637
0.0644000133243074
0.0643921174885471
0.06436385763114587
0.06435039032298684
0.06433391510422957
0.06426627515797578
0.06427899144723297
0.06426012724216186
0.06425994734851315
0.06424838211696363
0.06420095106149101
0.06419248284939835
0.06416506809088897
0.06415208790245386
0.06413487301190136
0.06406529150672949
0.06407819135254074
0.06405896737835585
0.06405635849024408
0.06404068351155229
0.06399455524691046
0.06398791356710128
0.06396081458176224
0.06394808906950562
0.0639326275205846
0.06386870220544168
0.06388105820825798
0.06386298083964402
0.06386417049518474
0.06385434010701968
0.06380813150092246
0.06380109353137499
0.06377481981961244
0.06376260620333055
0.0637465207304744
0.06368060982235027
0.06369310501686672
0.06367466528322055
0.06367361867229693
0.06365989426407512
0.06361498009964921
0.0636094787325676
0.06358350293311596
0.06357148642274982
0.06355697073633282
0.06349658228147041
0.06350852196392334
0.06349119684283466
0.0634935832655403
0.0634853332958824
0.0634402720902889
0.0634345453291136
0.06340937414277036
0.06339788113095726
0.06338284858643223
0.0633204643151397
0.06333251973181996
0.06331483733636763
0.06331517305309334
0.06330323767379428
0.06325946792223779
0.06325500239077216
0.06323011151251795
0.06321877256815028
0.06320513967075332
0.06314811707563604
0.06315959401531118
0.06314298786881513
0.06314641134808487
0.0631395985257091
0.06309561612625927
0.06309108868453932
0.0630669812250223
0.06305616611961692
0.06304211490097882
0.06298311457631847
0.06299470017056893
0.06297774797176335
0.06297929817475595
0.06296899998407324
0.06292630969947244
0.06292278431347534
0.06289893980941634
0.0628882483126065
0.0628754395608744
0.06282161858158931
0.0628325949823863
0.0628166758568212
0.06282098928617598
0.06281548093883246
0.06277251484831001
0.06276908191924302
0.06274599936505612
0.06273582256403734
0.06272268572233859
0.06266692837673243
0.06267801895829239
0.06266176976115476
0.06266437858812098
0.06265557535022473
0.06261390415741665
0.06261123142917377
0.06258839473201536
0.06257832184492762
0.0625662827330329
0.06251550581184212
0.06252595158696714
0.06251068883297417
0.06251575718673957
0.06251143066244068
0.06246942409114809
0.06246698782874289
0.062444891555102994
0.06243531636522306
0.06242303137185972
0.06237037818424458
0.062380953168670296
0.06236537988805201
0.06236890321610138
0.06236146211493561
0.062320754030452466
0.06231885409559209
0.06229698684650238
0.062287504976894746
0.062276184856421245
0.06222830100715777
0.06223819293238049
0.06222355717665845
0.062229256947433684
0.06222599902746641
0.06218490048623486
0.06218336983412679
0.062162221601212334
0.06215321404399526
0.06214172255902621
0.0620920372416333
0.06210208038416708
0.06208715618636351
0.06209146130035624
0.06208525868228032
0.06204546192708981
0.062044261979378484
0.062023326225021866
0.0620144089916227
0.062003760804870654
0.061958625464940006
0.06196794640187653
0.061953909509699354
0.06196012812045717
0.06195783443599744
0.06191759732394215
0.06191688780244758
0.0618966499153497
0.06188817853186705
0.06187742617502558
0.06183057531758063
0.061840074433367295
0.061825772857211386
0.06183073804388156
0.06182565910204601
0.06178672590668023
0.06178615965304683
0.061766118012873246
0.06175774021016756
0.06174772023745404
0.06170519509545535
0.06171393328293841
0.06170046831466577
0.061707103516806826
0.06170567797783027
0.06166626017442451
0.06166629363365457
0.06164692907683745
0.06163896473551408
0.061628900861104376
0.06158475422946571
0.06159370090438948
0.06157999596316234
0.06158551004750023
0.06158144846123226
0.061543334864300546
0.061543342004619105
0.0615241578106641
0.061516295372503305
0.06150686299372808
0.06146681580011103
0.06147496421052705
0.06146204537464145
0.06146900464119933
0.06146835888382615
0.06142972235261338
0.061430426699039295
0.06141189924788821
0.06140441495850985
0.06139499243530947
0.0613534232235908
0.06136181252002547
0.06134867878567053
0.061354640624557755
0.0613514981657635
0.0613141638071831
0.06131468954182564
0.06129632695342572
0.061288956915189076
0.061280074385688395
0.06124237875244306
0.06124993450915612
0.06123753711376831
0.06124473703517955
0.06124478989157569
0.061206900300885325
0.061208209204213576
0.06119048351604846
0.06118345425223348
0.061174629249417786
0.06113551428624311
0.06114334444780894
0.061130757119027046
0.06113707506549289
0.06113476118272922
0.06109816909325947
0.0610991636601867
0.061081587756064
0.06107468821534156
0.061066320455853355
0.0610308556499955
0.061037819501552924
0.0610259199058246
0.06103328559419335
0.06103396258759269
0.06099678895197155
0.06099864153857527
0.06098168322532714
0.06097508575697501
0.060966817536950414
0.06093003744769813
0.06093730960676635
0.06092524456260766
0.060931835912397564
0.060930267301884666
0.060894383690707723
0.06089580193287326
0.060878978783017235
0.060872528858959975
0.060864643259367836
0.060831293993931265
0.060837669840575086
0.060826245407103345
0.060833709913657566
0.06083494277989097
0.0607984571245936
0.060800797663083765
0.06078457334766652
0.06077838608429008
0.0607706368031788
0.06073607613094006
0.06074279402217516
0.06073122786273644
0.060738018293223076
0.06073711846470909
0.06070191250686628
0.06070371346993891
0.06068761018962906
0.06068158998123126
0.06067415621763601
0.060642812443005775
0.06064860691103176
0.06063763595991389
0.06064513970932653
0.06064686594537125
0.06061104299514885
0.06061382057898292
0.06059829793723906
0.0605925007826096
0.060585235298978066
0.06055278258753084
0.06055895227026025
0.06054786234605135
0.060554785355925005
0.06055448420001534
0.060519927825490705
0.060522074385319286
0.060506659173510426
0.060501049717161304
0.060494039581742265
0.060464596279441896
0.060469818339095927
0.06045928010413481
0.06046677034853419
0.060468932787967784
0.060433749680526616
0.060436917911866665
0.06042206570182065
0.06041663991998682
0.06040982561226064
0.06037937345469682
0.060385003046381516
0.06037436747785074
0.0603813638345377
0.060381597196891096
0.060347664883048456
0.06035012340187192
0.06033536556601503
0.06033014879269133
0.06032353603575871
0.06029589301622336
0.06030055363905994
0.06029042822637106
0.06029785852115824
0.06030040493596104
0.06026584095980001
0.060269357638166286
0.06025514571818099
0.06025007381064747
0.060243680403512766
0.06021512546029956
0.060220224882876636
0.060210022571489455
0.060217039771886985
0.06021774903857827
0.06018441760751875
0.0601871576176326
0.06017302758683987
0.06016818627931614
0.06016194646291829
0.060136008168324914
0.06014012002023797
0.06013038836936734
0.060137718072369166
0.060140600800224084
0.06010663715607389
0.06011046397470958
0.06009686331200923
0.060092128905663386
0.0600861283056216
0.06005937129587228
0.06006395203627013
0.0600541626684255
0.06006115441732494
0.060062286114689944
0.0600295345369197
0.06003252845032313
0.060018997778615885
0.060014515529053444
0.060008625891481496
0.05998430120434854
0.05998787837079459
0.05997852221834618
0.05998571601334048
0.05998889160939089
0.059955511194137424
0.05995961344641645
0.0599465961173122
0.05994218386255195
0.05993655000267652
0.059911495672289636
0.05991557055798946
0.0599061746029403
0.05991310031243882
0.05991460572385517
0.059882414929450525
0.059885637771893235
0.0598726791330999
0.05986854030134441
0.05986297963187158
0.05984018168986538
0.05984323943011391
0.05983424127580657
0.05984126872104396
0.05984469763296241
0.0598118848447145
0.05981623114239347
0.059803770325427205
0.05979966580385813
0.059794374497696555
0.05977093156782612
0.05977451455796954
0.05976549326079284
0.059772317573068716
0.05977415237438394
0.05974250507262951
0.059745934240433486
0.05973352141613832
0.05972971108901587
0.05972445961221306
0.059703105629392836
0.05970566015694523
0.05969700323196628
0.0597038383339675
0.059707484599135746
0.059675225161970984
0.05967978716661414
0.0596678571297195
0.05966404677074348
0.059659075575219406
0.05963715667429146
0.05964026266651232
0.05963159803705417
0.059638290372093054
0.059640414286784925
0.059609294795044517
0.05961290983307985
0.05960101769486418
0.05959752164672062
0.05959256091570421
0.05957257201028578
0.05957464029689284
0.05956630853438319
0.059572929347002535
0.05957676031059103
0.05954504111745796
0.05954979328594969
0.05953836936861963
0.05953484037422083
0.059530168461316875
0.05950969004352889
0.059512334696419804
0.059504009495025156
0.05951054362422529
0.05951292009885891
0.05948231418123282
0.059486096580462805
0.059474701067530875
0.05947150572221274
0.05946681852020002
0.05944811954881065
0.059449719149786265
0.059441697157274744
0.059448085405779
0.0594520714585279
0.05942088043078413
0.05942579977548693
0.05941485836683308
0.059411598643872944
0.05940720668081526
0.059388088933762656
0.05939028850466981
0.05938228622539743
0.059388639871439254
0.05939123577156197
0.05936113048768935
0.059365063500760124
0.059354141593903426
0.059351233988332794
0.05934680423790582
0.059329323636227164
0.05933047253499738
0.05932274556859652
0.05932888629831009
0.059333000632844926
0.05930232659495008
0.05930739245876472
0.0592969109722562
0.05929390907161011
0.05928977910922965
0.0592719458530101
0.059273717050678756
0.05926602190260083
0.05927217636552726
0.05927496169180493
0.059245345255993814
0.059249413729418575
0.05923894342214603
0.059236311171598985
0.059232123851105184
0.05921579348075147
0.05921650995079565
0.05920906389097354
0.05921494513987714
0.059219163524434196
0.059188996092384295
0.05919418993871802
0.05918414678429604
0.059181391846196696
0.05917750721510773
0.059160885794968816
0.05916224564643242
0.059154842533526125
0.059160782342631786
0.05916372996676775
0.05913459161747799
0.059138781839049276
0.05912874210659571
0.05912637337175481
0.059122414438302844
0.0591071694397503
0.05910747192228335
0.05910029325103523
0.059105905745573964
0.05911020631405758
0.059080535796232396
0.059085841013677295
0.05907621556785764
0.05907369727284848
0.05907004248706171
0.05905456366138755
0.059055529392399636
0.05904840389245552
0.05905411648331338
0.05905720190309339
0.05902853178266285
0.05903283134281458
0.05902320210963677
0.05902108556545332
0.05901734188399377
0.05900312053535891
0.05900302753127397
0.05899610331052896
0.059001440183781964
0.05900580324112656
0.058976620550316064
0.0589820222716775
0.05897279484617507
0.05897050337111966
0.058967064038692334
0.05895266186387278
0.05895325079211812
0.05894638913501667
0.05895186455076768
0.058955065663431
0.05892685470782021
0.058931252373750354
0.05892201448002796
0.05892013928640016
0.05891659856441203
0.05890334214586867
0.05890287212060833
0.058896189971721156
0.05890124650300564
0.058905654344865804
0.0588769509203411
0.05888243585553074
0.05887358766486896
0.05887151364350591
0.05886827638382518
0.05885488809732212
0.05885511753760566
0.0588485065832498
0.05885373719913407
0.05885703409217247
0.0588292739304109
0.058833759531862755
0.05882489469943969
0.058823250473687735
0.058819901201023116
0.05880755386464545
0.058806725164800705
0.05880027324899426
0.05880504662391886
0.058809483369761446
0.058781251108354415
0.05878680739056845
0.05877832051907187
0.05877645500664842
0.05877340737394377
0.05876097327666139
0.058760860457257556
0.058754487673393106
0.05875946794340063
0.05876284270182658
0.05873552556476831
0.05874008989045358
0.058731580688583855
0.05873015747968242
0.058726988873152156
0.05871549751797467
0.058714328298525235
0.05870809529816488
0.05871258438810823
0.05871703582682924
0.058689267022081264
0.058694884066618394
0.058686741435128115
0.058685075876687906
0.058682206289373616
0.0586706696282547
0.05867023161759937
0.058664085057708586
0.05866881128216479
0.05867224781125867
0.058645366449200174
0.05865000115292723
0.058641830964126215
0.0586406192286389
0.05863762118095209
0.05862693533304125
0.05862544349425159
0.058619418594847865
0.05862362375481552
0.05862807720205203
0.05860076449058307
0.05860643286561308
0.05859861819821211
0.058597144400152554
0.05859444207561056
0.058583748927218154
0.05858300257013925
0.05857707085155229
0.058581540964421926
0.05858502482696075
0.0585585724356332
0.05856326995128023
0.05855542293752773
0.058554413517175455
0.058551576549874
0.05854164824721448
0.05853985138028823
0.05853402425313911
0.0585379471369432
0.05854239130329603
0.05851552761763036
0.05852123892619987
0.05851373671718851
0.05851244682174099
0.058509901716167094
0.05850000087186849
0.05849896273457402
0.05849323501690984
0.058497448391594944
0.05850096665857608
0.058474936812998195
0.058479690277541865
0.0584721513470359
0.05847133544782248
0.05846865066787916
0.05845943434988392
0.0584573496905584
0.0584517104759556
0.05845535386766528
0.058459778737091704
0.05843335726425442
0.058439104036807334
0.058431899518127245
0.058430785980448055
0.058428388733399235
0.058419231586646164
0.0584179179097193
0.058412383873740044
0.05841634114615905
0.05841988226005658
0.05839426885572061
0.058399072039597204
0.05839182681421681
0.058391195987028764
0.05838865504680343
0.05838010744826584
0.058377751837597296
0.058372291128533434
0.05837565878915731
0.05838005550683492
0.058354069652105114
0.05835984524879896
0.05835292435806776
0.058351979925659395
0.058349721808957054
0.058341262245049964
0.058339688903736225
0.058334338730676276
0.058338041638437386
0.058341595288063944
0.05831639248892342
0.058321239733060436
0.05831427451666061
0.05831382063925496
0.058311415699527386
0.05830349574884059
0.05830088560049381
0.058295594426818434
0.058298690955202424
0.05830305172420535
0.058277495079475064
0.05828329360158785
0.05827664295087382
0.05827586064508572
0.058273733515747245
0.05826592780438204
0.05826411027549236
0.05825893462690525
0.05826238586342418
0.05826594286951229
0.05824114506224447
0.058246031221157686
0.05823933296879013
0.05823904822908215
0.05823677192490352
0.05822944064638003
0.05822659191979191
0.05822146173277395
0.058224292439726384
0.05822861042589334
0.05820347674214012
0.05820929295188313
0.05820289979732161
0.05820227289670533
0.058200269153595136
0.058193075844413945
0.05819102917920843
0.058186019177360195
0.05818922225981685
0.058192774470480386
0.05816837622450836
0.05817329661491089
0.05816685290303867
0.05816672978360212
0.05816457519272803
0.05815779561285978
0.05815472379169752
0.05814974644896039
0.05815231724365063
0.05815658648806106
0.058131869651492855
0.058137698899571384
0.05813155111190033
0.058131073137218055
0.05812918568112798
0.05812256550243265
0.05812030430489115
0.05811545151371722
0.05811841066379636
0.0581219508590814
0.05809794689185724
0.05810289724627533
0.058096696244028835
0.05809672750772241
0.058094688121410464
0.058088425178916374
0.058085145254297005
0.05808031300509995
0.058082630292814935
0.05808684563132454
0.05806253964280182
0.05806837780309643
0.05806246383916749
0.05806212853987394
0.05806035073676158
0.05805426649749465
0.058051804907421546
0.0580471013140556
0.05804982135046989
0.05805334315525448
0.05802972830232521
0.05803470472725947
0.058028735168762835
0.058028913845399294
0.058026983541372965
0.058021204000887436
0.05801773045886857
0.05801303592971404
0.05801510652009841
0.058019263509419335
0.057995362466799934
0.05800120587757374
0.0579955147528776
0.05799531609491489
0.0579936417420469
0.057988058237101646
0.05798540991755306
0.05798084791442952
0.05798333415627922
0.05798683196083121
0.057963601150233794
0.05796860008844491
0.05796285124622769
0.05796317062020532
0.057961343637602636
0.057956016006864376
0.05795236281975445
0.0579477990003068
0.05794963002525579
0.05795372487509853
0.057930222958187526
0.05793606836925999
0.05793058963148936
0.05793052178625093
0.05792894508101625
0.05792382899990125
0.05792100712846205
0.05791657949598899
0.0579188376760684
0.05792230656361976
0.05789945479417646
0.057904472990711074
0.0578989346502077
0.057899388249027774
0.05789765916516944
0.05789275361557583
0.057888934236649064
0.057884494465954235
0.0578860933063732
0.05789012281719838
0.05786701427501674
0.057872858800379484
0.05786758250404093
0.057867639838376415
0.057866155349551536
0.057861475188406446
0.05785849245188213
0.05785419234167759
0.0578562285288946
0.057859664209638055
0.057837186532750155
0.057842221004356986
0.05783688343948698
0.05783746502308483
0.05783582873191075
0.057831317022308766
0.05782734438354285
0.05782302233654207
0.05782439655723152
0.05782835806318882
0.057805637203303756
0.05781147827868969
0.05780639496076437
0.05780657202791084
0.05780517466917576
0.057800900646111604
0.05779776923823607
0.05779359015691868
0.05779541068704847
0.05779880943800758
0.05777670094257347
0.057781748950190365
0.05777660290000384
0.057777306450825856
0.05777575814286274
0.05777161354645167
0.057767500058938256
0.05776328973327216
0.05776444702524245
0.057768338341901954
0.05774599952158731
0.05775183486653872
0.0577469355231838
0.05774722705452091
0.05774591206004008
0.0577420160337588
0.057738747655553015
0.05773468344907595
0.05773629486312344
0.05773965347339044
0.057717909273500796
0.05772296829752188
0.05771800494388928
0.0577188246576524
0.05771735980138698
0.05771355703561424
0.05770931459232048
0.0577052102954221
0.05770615842498635
0.057709977801494096
0.057688015420511836
0.05769384300452725
0.05768911906880261
0.057689519966340204
0.0576882828682374
0.057684738259871624
0.05768134412232009
0.05767738896083633
0.057678797950333274
0.057682113671209914
0.0576607288962998
0.057665796614358174
0.057661007560677664
0.057661937837752496
0.057660552162296506
0.0576570673216318
0.05765270730221892
0.05764870363869566
0.057649450402733185
0.057653196478047966
0.0576316049728619
0.05763742298523393
0.05763286630583308
0.057633371635349685
0.057632208242919696
0.05762898996102222
0.057625480789763726
0.05762162915301036
0.057622842511622335
0.057626113011236615
0.05760508279840072
0.05761015706542542
0.05760553431631819
0.057606569753681426
0.05760525923262454
0.057602069724102554
0.057597603001532195
0.05759369486083845
0.05759424804766318
0.057597919810555315
0.05757669364980688
0.05758250047279446
0.05757810329375419
0.057578708278513364
0.057577614659026326
0.05757469902763068
0.057571085069388274
0.057567331732577214
0.05756835631344268
0.05757157963545036
0.05755089912365223
0.057555977953980396
0.05755151389594114
0.05755264927964694
0.05755141011600321
0.057548494597428945
0.05754393154611204
0.057540114090514884
0.05754048144582423
0.05754407819833961
0.0575232118794318
0.05752900606443947
0.05752476100579949
0.05752546102077889
0.05752443348174503
0.05752179817141299
0.05751808920191324
0.057514429222116
0.057515271900383864
0.05751844642639614
0.05749811075232691
0.05750319230367189
0.05749887968663993
0.05750010998476429
0.05749893859692633
0.057496276917641864
0.05749162742290607
0.05748789607574704
0.05748808527316541
0.057491606597279504
0.05747109464392961
0.05747687489039451
0.057472774929775476
0.05747356549635073
0.05747260056912465
0.057470224530892046
