0.0026109335651178594
0.006804628056340133
0.011670647004106702
0.01853158027456166
0.024815218963564502
0.028827190325332767
0.03205623725397005
0.03594707289819279
0.041876119293113356
0.04719055088566283
0.05040465313313642
0.05293228962401567
0.05614983438692898
0.06138244014910036
0.06593444065912575
0.06850910627792739
0.07046944686428808
0.07314411135390914
0.07780795846483265
0.08173970124675796
0.0838017350024078
0.08530529151868828
0.08752696709363152
0.09170541820633626
0.09507937258970703
0.09665121609396202
0.09770609142775609
0.0994953084686029
0.10320877568015581
0.10608562402300147
0.1072627855948841
0.10797120906517976
0.10940695662436144
0.11273413196054122
0.11515734962755954
0.11591523626747093
0.11622944430489199
0.11728665447816734
0.12019086955517527
0.12216590514550582
0.12258973029095607
0.12262427216958312
0.12338607352319553
0.1259567890756145
0.12754875846102057
0.12758334353790748
0.12723733127884768
0.1276419588339338
0.12979102054288646
0.13094918884729836
0.13070700275690325
0.13014968695927598
0.1303081970635504
0.13218235545582233
0.1330413474795961
0.1324448031410068
0.13152268359032743
0.13135044521492548
0.13277509358853518
0.13315919937230705
0.1323032291466341
0.13121362185281707
0.13081171726472485
0.13197303518948267
0.1321745960561006
0.13099830881830918
0.129548164888668
0.12884709180372267
0.1295074607844174
0.1291467166246242
0.12773852470573302
0.12617357968167528
0.1252450865703039
0.1257135312307718
0.12535432590823262
0.12371881232262251
0.12186079658247306
0.12073820516990139
0.12065731731223997
0.11958613005396548
0.11767516536738708
0.11569010224353127
0.11425092349750257
0.11392418732008852
0.11319494118273361
0.11126150353974772
0.10914238937917817
0.10772601168561056
0.1068826508850202
0.10518968203100515
0.1028750356602783
0.10053226057207792
0.09862746895588485
0.09761935413796106
0.09659960390437876
0.09451649674580746
0.09229681647741099
0.09073590917659585
0.08928168339594293
0.08708450221956737
0.0874036382788986
0.08738614586908142
0.08688197169821457
0.08527282337263196
0.08535206044120498
0.08599540172501657
0.08656103024439102
0.08683745312221035
0.08506699034474118
0.08418412496230732
0.08402270339683508
0.08398863589550903
0.0833758853084889
0.08153401721210471
0.08146959857533462
0.08218611241501465
0.08285671433102516
0.08291386525929675
0.08098703223531568
0.08006254129214664
0.07992987518326507
0.07991874287248037
0.07920621162422911
0.07701817175726838
0.07660117079876337
0.07773044311987615
0.07869257422919826
0.07846838118425228
0.07641586157140418
0.07551686886239566
0.07542446747159906
0.07541901461480015
0.07466352982324835
0.07240591402440093
0.07199252818008478
0.07299308881600422
0.07389987628271733
0.07356575239819384
0.07149007966281604
0.07063162695285163
0.07061399826588527
0.07068149616396284
0.06990951141147829
0.06747995237622788
0.06688694623760169
0.06819718773344859
0.06901518201837958
0.06851310431182499
0.0664545474776412
0.06571292604170574
0.06576198707937435
0.06584977070677313
0.06507985698096737
0.06267715271222396
0.06207535743862147
0.06306409317945146
0.06364646256209887
0.0630671222354005
0.061063736643106374
0.06038870623106945
0.06050876697908078
0.06066934310841372
0.059923255478795616
0.0574879476371215
0.05674357802221915
0.05773098735103124
0.058115610854025924
0.05744208894906877
0.055592848960964926
0.05509030468412688
0.05524602874796135
0.05536607120144365
0.05460644655477058
0.052275508697359904
0.05148011616062914
0.052134516492234745
0.0523466797311374
0.05162686374277288
0.04991745140330467
0.04942456088636579
0.049585137203255615
0.049707450250134386
0.04897506791841319
0.04678296546600464
0.045883379866590704
0.046282619381048794
0.046443511440569026
0.0457287222846102
0.044239592433143314
0.04354261589394734
0.043689806025419775
0.04367439085201049
0.04293081701755632
0.0409382528907454
0.040034048434929435
0.04033688573550933
0.04039978604776366
0.0396794162293487
0.038345137040056355
0.037715702265371485
0.03782453741230781
0.03751366587937585
0.0367218553336559
0.03502445941247695
0.03433946781605283
0.034457195955610836
0.03453421431980428
0.03387690178038828
0.03267469544885428
0.03195905806057408
0.031940101804451906
0.03160286656823417
0.03082510804440824
0.029349479552734675
0.028812474254396144
0.02893103010887295
0.02892856826180557
0.02838760135816899
0.027304504504484083
0.02669194354262627
0.026583111679296723
0.026186627918535033
0.025482484346934578
0.02432514756297986
0.023965375121909344
0.023909709574785484
0.023895822488266338
0.02356203059386179
0.02255818293047507
0.02192937069304766
0.021773683556787517
0.021500409000232746
0.020936846089709714
0.019984152600567583
0.0196955748025038
0.019687588782062747
0.019618539062412562
0.01928394622494708
0.018371427003545607
0.017881257228431403
0.01777921646585647
0.01757933008245196
0.017175296906692027
0.01650161348191696
0.0162957624219133
0.01613356464991322
0.016136103117167514
0.015913639477361192
0.015073773368840953
0.01460822240329662
0.014536789466056792
0.014472975135848037
0.014212682988959956
0.013705177295117403
0.013558849028738353
0.013474324912617915
0.013461961653833334
0.01321963416255628
0.012486001951664317
0.01215006571728889
0.012133545963937864
0.012101101561108402
0.011941100280106887
0.01162561655241296
0.011501689499556197
0.011340013199257959
0.011397253209409281
0.011238419996995685
0.01057593055413118
0.010232589521827581
0.010202046124856388
0.010224310903768331
0.010128515496543582
0.009902096826966293
0.009822261444965126
0.009728645048545932
0.00976471582679414
0.009596963535939218
0.009043692637405475
0.00881131862615607
0.008782250029465867
0.008753148390879838
0.008665018127314657
0.00853884282476902
0.008445861080368513
0.008379031706016019
0.008442190818371782
0.00833979385046141
0.007863249784162097
0.007736283962659154
0.007651420193911001
0.007642081015907704
0.007565365782740141
0.0074687719847346505
0.007404212590463544
0.007343085978714654
0.007392678000124953
0.007287277174588345
0.00691017011510315
0.006843074458598444
0.00673915969755692
0.006771614745347383
0.006716064538716679
0.006665855529692841
0.006589166999450251
0.006557399907589959
0.006612802863946814
0.006553124777104062
0.006258021924423212
0.00623248065440751
0.006122175144957604
0.006156458668991105
0.006125440409291318
0.006079742723177062
0.006011750862183256
0.005967809712134188
0.006017426986855169
0.0059554216279158936
0.005717158994932378
0.005712905925275437
0.005640967413458463
0.005684073613231938
0.005667754502977993
0.005645542795276597
0.0056065900830569405
0.005589292536300182
0.005633745033377447
0.00560126192890363
0.005411637028451759
0.0054216536430735755
0.005368891591789708
0.0054056630776941565
0.005398388428241901
0.005373068697186618
0.005337471093253034
0.005312318769864706
0.005356271711252663
0.005321050427952196
0.005163107761034827
0.005178964118656094
0.005146978505257008
0.005182995522120399
0.00517800662163327
0.005166245597599945
0.005142491922230697
0.005131752227716863
0.00516567861009671
0.005148901377591698
0.005020968619336738
0.005033939825291544
0.005010210809368012
0.005040112904447961
0.00503963373981111
0.0050230340506022845
0.005002137703650141
0.004987043838322152
0.005023500496303502
0.005003910918927043
0.00489354315395085
0.004900944204441943
0.00488550082118852
0.004912583597659611
0.004910216973436926
0.004902122592692199
0.004885047152170138
0.004877459020298135
0.004902755602662675
0.00489463994321803
0.004803802139371268
0.00480480697090309
0.0047937115840463555
0.004816215377885473
0.004817080625205741
0.004804214419030951
0.004790310330499902
0.004780605361314927
0.004809869656087989
0.004799207140463473
0.004717900864288656
0.004714118710778832
0.004705806224523473
0.004725749501304643
0.004723536139594712
0.00471625871101497
0.004702574404983465
0.004696626611690289
0.004715526631757072
0.0047121045832723245
0.0046441705048017685
0.0046330967794293056
0.00462761138146063
0.004644274671770691
0.004644941295516831
0.004633489720474721
0.0046231154807002
0.004616319129260378
0.004639588748753774
0.004634035026198634
0.004570977677005171
0.004556602186781101
0.004551530606225877
0.004566476420911097
0.004563952593437231
0.004556319107924269
0.004544732115566465
0.004539744769058199
0.004554191282645002
0.0045533222654154555
0.0044998906686677595
0.004478078328532902
0.004475137265074148
0.004485067748752201
0.004485309919125536
0.004474199944277481
0.004465798649636274
0.004460618001928957
0.004479238370445679
0.004476677917230953
0.00442540085334796
0.004401765813119965
0.0043982993509285966
0.004409975473152532
0.004407277230551586
0.004398897857514718
0.004388882616819818
0.004384542302173698
0.004395997220764716
0.004396549049777818
0.0043525547307703485
0.004321609373866128
0.004319871794246777
0.004321938030138061
0.004321938038509285
0.004310720261885731
0.0043035961544103
0.004299366905759664
0.004314509398952075
0.004313776867682515
0.004270340723758691
0.004238806113855318
0.0042362449667365356
0.004245890080588175
0.004243281571700389
0.004234129753544314
0.0042254563370335415
0.004221612565768681
0.004231088488321549
0.004232463791346908
0.004194814828546739
0.004162408547347107
0.00416128847780186
0.004156899048910664
0.00415691323003378
0.00414544048547963
0.004139275568802946
0.004135652247372173
0.00414822687572569
0.004148668284905005
0.0041106365766082
0.004084096692229042
0.0040821251889595934
0.00408713879768231
0.004084838719558895
0.004075016702358351
0.004067546943047765
0.0040641016344081715
0.004070226417663255
0.004072097725840525
0.004038876564483853
0.0040116676765787965
0.0040109038145979955
0.004001115686588404
0.004001355883388801
0.003989614120530047
0.0039842493103272505
0.003981040697847022
0.0039882852368689665
0.003989519109252859
0.003955370103044181
0.003932756261417813
0.003931224272756761
0.00393012044073943
0.00392828916226649
0.003917953072931033
0.003911599094637922
0.003908496108480253
0.003910632301547908
0.003912818931069032
0.003882841434462073
0.0038595098519803427
0.0038589939435722037
0.0038446020147575918
0.003845234985231149
0.0038332915685733906
0.003828659235362962
0.0038257699720461017
0.0038280962232294757
0.0038298952258136554
0.0037986878631678014
0.0037790603575784953
0.003777887503466474
0.0037714759643797096
0.0037702214015358313
0.003759537122825008
0.003754234584344207
0.0037514432939121894
0.0037501601855645713
0.003752559278539529
0.0037250915106997917
0.003704818369168748
0.003704504523145219
0.0036884637300189076
0.003689603062825536
0.0036775522191458184
0.0036736177707405388
0.0036709976770798675
0.0036691585115094074
0.0036713774046359064
0.003642520894826822
0.003625284338810586
0.003624418095882189
0.0036133400761218983
0.003612723276089523
0.003601839965377746
0.0035975296764188653
0.0035950289089726178
0.003590759705502102
0.0035933083211800152
0.003567887985514577
0.0035501449523310472
0.0035500106484978116
0.00353508550865839
0.003536799600166737
0.0035247400258881967
0.0035214799201563215
0.003519100943753231
0.0035136899519936276
0.0035162292686586353
0.0034893461992840753
0.003474107907745791
0.0034735077340723427
0.003458284431446021
0.0034583315465309583
0.0034473750009455283
0.0034439976140193383
0.00344177028903029
0.003434858382381407
0.0034375149232042167
0.0034138434081226947
0.003398271965981427
0.003398302510858928
0.0033845609123696013
0.003386885817627477
0.003374913460520228
0.0033723084449746544
0.0033701554158535956
0.003361651083377964
0.003364439179599723
0.0033392831461059092
0.0033257748751272533
0.003325406477460879
0.0033095502142420435
0.003310261610415972
0.0032993327933966386
0.003296825814479332
0.003294855392786447
0.0032874007558848406
0.0032901340576560857
0.0032680079025985205
0.0032543415501013273
0.0032545229227432123
0.0032419892622792624
0.003244930655627824
0.00323312651489408
0.003231150815224887
0.0032292099929813276
0.003221074248366655
0.003224052206897019
0.0032004470221866934
0.0031884554824781
0.00318828766822007
0.0031739944158800408
0.0031753473319526227
0.0031645189149422455
0.003162811339596636
0.0031610764184815026
0.003154267496108468
0.003157051461189836
0.003136321592209591
0.003124341713952082
0.0031246587219056015
0.0031133251548050994
0.003116864169625143
0.0031052910192000916
0.0031039094639805083
0.0031021646343126407
0.003094789312805423
0.0030979082828784606
0.0030757221267326395
0.0030650731940947947
0.003065078379084749
0.0030522642279036567
0.003054226664891206
0.0030434312909817436
0.0030424518528217475
0.0030409329394880487
0.0030347085670821795
0.0030375231087402905
0.003018076842447087
0.003007604781850292
0.00300804370109113
0.002997881970950555
0.003001988680602815
0.0029906994828568095
0.0029898752949194694
0.002988313036792918
0.002981610584941895
0.0029848308503504744
0.002963961092663652
0.002954512283254014
0.002954666603140419
0.0029432424347152044
0.0029457787337780596
0.0029340659826457625
0.0029337464969488446
0.002932427863275381
0.0029267367105396203
0.002929566677458947
0.002911314158940656
0.0029021997154330555
0.002902748318228083
0.002893716573973208
0.002898354992370444
0.002887394309013783
0.002887090714743759
0.0028857006246477
0.0028795994099989415
0.002882888819039327
0.0028632511860322224
0.0028548832628874626
0.0028551661972563984
0.0028450418207663676
0.0028481155059567036
0.0028357154246224058
0.002835989462766415
0.002834857062221577
0.0028296537982113153
0.002832487203448113
0.002815351776573895
0.002807461860260241
0.002808108778251066
0.002800155328660833
0.0028052844802076778
0.0027946870160090297
0.0027948660531087644
0.002793638890148957
0.002788078196649532
0.0027914101528320173
0.0027729309266516736
0.0027655391997951327
0.0027659331690116657
0.002757019085335507
0.0027605925167184884
0.0027476993166743184
0.002748502616234438
0.0027475436777971178
0.002742787337800693
0.00274561462572828
0.002729528015083388
0.0027227421009189496
0.0027234768161045054
0.002716543343152005
0.002722119254145846
0.0027119104412928145
0.002712533454120173
0.002711460797345456
0.0027063881330939093
0.002709740671503055
0.0026923530218728154
0.0026858440155971765
0.002686334079765328
0.0026785429045769723
0.002682578110642072
0.002669354960441671
0.0026706258559488936
0.0026698286215108375
0.002665481720629441
0.002668295240941667
0.002653194870710143
0.002647402526484291
0.0026482153690637012
0.002642239357808752
0.0026482166093083157
0.0026384134173026656
0.002639441578632913
0.0026385156236884894
0.0026338849648543466
0.002637240043156162
0.0026208820338101766
0.002615171493383566
0.0026157450378003592
0.0026089923629465557
0.0026134515965358968
0.0026001474549647735
0.0026018271426300377
0.0026011806011464167
0.0025972085685272454
0.0026000021321486593
0.0025858295864085766
0.00258092889137647
0.00258181101123119
0.002576727573879994
0.002583060423540982
0.0025736721838576326
0.0025750668536779846
0.0025742801981384687
0.0025700507247791
0.002573393588948742
0.0025580070379352835
0.0025530184278067486
0.002553664856883682
0.0025478697019265745
0.002552715714307267
0.0025403541442877
0.0025423861345407256
0.0025418793340696733
0.002538249699179507
0.0025410179441181903
0.002527717679626915
0.0025236128399392186
0.0025245561477564267
0.0025202991153113322
0.002526941845886827
0.0025179705067648883
0.002519692787193307
0.002519037783498333
0.0025151725216590627
0.002518490850754175
0.0025040202370900156
0.0024996822916781075
0.0025003928198592514
0.002495477545748086
0.002500673199068876
0.002489175025120521
0.002491506660215741
0.0024911295462086455
0.0024878124883633956
0.0024905511470931507
0.002478070854224807
0.0024746741894319845
0.002475671456002948
0.0024721750985285712
0.0024790837736073444
0.0024705261136793804
0.002472538458663441
0.002472008052314717
0.002468473967505542
0.0024717579925557474
0.0024581509996686336
0.0024543993294381676
0.0024551666181712047
0.002451057557187107
0.002456567085783903
0.002445859801742759
0.0024484423573365517
0.002448185634837404
0.002445153813647784
0.0024478595086721094
0.002436149828933366
0.0024333813407529993
0.0024344260923429726
0.0024316260163997393
0.0024387589481310087
0.002430607473658798
0.0024328739127693487
0.002432461538908643
0.0024292290316765596
0.0024324711328636674
0.0024196784184281218
0.002416454844174405
0.0024172727267998493
0.0024139001968704913
0.0024196892625115876
0.002409706554604636
0.0024124952671115006
0.0024123502870484117
0.0024095786896515675
0.0024122487746071797
0.0024012631161906823
0.002399050101118656
0.0024001365207837024
0.0023979703600585252
0.0024052884235745225
0.0023975322097487483
0.0024000185089983707
0.002399718002595684
0.0023967604961970717
0.0023999548483845767
0.0023879298698512934
0.0023851818342962797
0.0023860450767421056
0.0023833433343170172
0.002389379053391763
0.0023800603322270616
0.002383014360603766
0.0023829730261237915
0.002380438819696948
0.0023830712560157026
0.002372765655602403
0.002371042318818325
0.002372165156461955
0.002370573089460849
0.002378039909713052
0.002370665369772058
0.0023733391395253413
0.0023731446575168368
0.0023704382508592165
0.002373580513885859
0.0023622793748927823
0.002359959409902282
0.00236086350700978
0.002358770662447858
0.0023650216166578326
0.0023563115605938485
0.002359393892838655
0.0023594485829597413
0.0023571309685155003
0.0023597242293180963
0.00235005723375931
0.0023487642873253225
0.002349918780012449
0.0023488439022747963
0.002356425936405574
0.0023494175095014904
0.0023522482696885384
0.002352154224343977
0.0023496773936541497
0.0023527644444090666
0.002342145747428876
0.002340210987176494
0.002341151992965951
0.0023396099043702353
0.002346046142473714
0.002337894256897441
0.002341071571907043
0.0023412150803394575
0.00233909514735753
0.0023416481417351744
0.002332580697030505
0.0023316649392612866
0.0023328467422881246
0.0023322353165147734
0.0023399018527775054
0.0023332426069683065
0.002336201818846434
0.0023362028219820444
0.0023339361606511387
0.0023369658639453093
0.0023269905648280174
0.0023254023005492576
0.002326376689793898
0.002325330845632846
0.0023319238809332054
0.0023242840782489484
0.0023275265732761786
0.0023277520604794233
0.002325812643418437
0.0023283246556419913
0.002319819997861043
0.002319233877848545
0.0023204390063282666
0.0023202406109406534
0.002327963703140142
0.002321635853898551
0.002324696926139673
0.0023247877438244877
0.002322713733405154
0.0023256847484364237
0.002316316013235667
0.002315039287197305
0.0023160438451552304
0.0023154432420503697
0.002322166048241371
0.002314996252682292
0.0023182774458200633
0.002318578402428453
0.0023168039406138343
0.002319274580068969
0.002311298126491003
0.0023109993009454714
0.0023122240811783764
0.002312391675526349
0.0023201460298272005
0.0023141313773092226
0.0023172696526033766
0.0023174451698991538
0.002315547977336461
0.0023184595963101962
0.0023096626624906054
0.002308665899253248
0.0023096976361815873
0.002309494655459318
0.002316321661943741
0.0023095834421889127
0.0023128799582767924
0.0023132501780643894
0.0023116265804130347
0.0023140557391552186
0.002306574979595233
0.0023065258700813137
0.0023077668996884797
0.002308256822087217
0.002316019650821459
0.0023102999410759954
0.00231349266795714
0.002313747863072918
0.0023120131605392953
0.002314865175847126
0.002306607220148275
0.0023058618930565256
0.0023069179801040104
0.002307068264811835
0.002313975351573714
0.002307633582903043
0.0023109249301363458
0.0023113584907546816
0.0023098730065573255
0.002312260822287755
0.00230524521126929
0.0023054125695642345
0.0023066666852281105
0.002307438598088485
0.0023151894529395856
0.0023097466694719853
0.0023129729628064664
0.0023133028898864615
0.0023117176944044576
0.0023145102907165304
0.0023067603054442573
0.0023062406359912494
0.0023073183591678843
0.0023077806920343115
0.002314745183483571
0.0023087677400177105
0.0023120360834090244
0.0023125273332375504
0.0023111684299170097
0.002313515252896489
0.0023069361035252074
0.0023072905918053747
0.002308554843437781
0.0023095716379115884
0.00231729223263716
0.002312108825429481
0.0023153496180040763
0.002315749397627289
0.0023143019281978553
0.002317035595894763
0.002309764274687511
0.0023094469621650193
0.002310543691275186
0.0023112798733853123
0.0023182805302356378
0.0023126380067884458
0.0023158679435336853
0.0023164114931320183
0.0023151687415962257
0.002317475104551972
0.002311305484906289
0.0023118212761467387
0.0023130929063586827
0.0023143205771499215
0.002321994607903764
0.0023170536672736707
0.002320291654177968
0.0023207564705425886
0.002319436020862767
0.002322111487409179
0.0023152911208238675
0.0023151550995520755
0.0023162682692195917
0.0023172429988500775
0.0023242600069715573
0.002318925469233728
0.0023221038099992806
0.0023226945268313005
0.002321558494773177
0.0023238250852373444
0.002318039717960097
0.0023186941205366614
0.0023199705483863326
0.002321378047702393
0.0023289910170892205
0.002324276399740024
0.0023274959767290676
0.0023280210804304275
0.0023268179055480134
0.002329436081669321
0.002323040462356034
0.0023230666837915645
0.00232419378398127
0.0023253745349762146
0.002332389490222499
0.002327338251406683
0.002330453810601561
0.00233108681590035
0.002330048969172003
0.002332276603948725
0.002326851769564457
0.0023276248787152307
0.002328903686837712
0.0023304627648954865
0.0023380018141812503
0.0023334982285383083
0.002336685425245061
0.0023372661405333807
0.002336171355985087
0.002338733293825662
0.002332737630647634
0.0023329088677728513
0.0023340474415077445
0.002335404340686911
0.002342400228876681
0.002337609650574598
0.0023406530478162395
0.0023413237146620042
0.0023403763266693677
0.0023425659282876824
0.0023374793726150447
0.0023383537502265255
0.002339632674584163
0.002341317712668678
0.0023487714650998882
0.0023444645226080134
0.002347606931305547
0.002348238666726978
0.002347244158864083
0.00234975101965579
0.002344131859856072
0.002344432531426755
0.0023455801777011657
0.0023470858809991886
0.002354047052483963
0.0023494963672893742
0.0023524598415233817
0.00235316379340235
0.0023522998623250885
0.0023544524374239594
0.002349683283315156
0.002350643666486158
0.002351920588110446
0.0023537084289232783
0.002361066845887811
0.0023569430844125458
0.0023600297849590483
0.0023607080463361354
0.002359806392671063
0.0023622594218009672
0.0023569945801965348
0.0023574105926402788
0.00235856497282838
0.0023601945401101753
0.0023671066786437518
0.0023627768320500287
0.0023656540691471832
0.0023663871784394895
0.002365600351974994
0.0023677169716058715
0.00236324563512931
0.0023642786731454556
0.0023655516113620357
0.002367421390301407
0.002374675641084646
0.0023707225259599397
0.0023737440075572696
0.0023744644123467194
0.002373648810864507
0.0023760493185824775
0.0023711178127500117
0.0023716364177405773
0.0023727952640879395
0.0023745260328300673
0.0023813761187365078
0.0023772496278899363
0.002380035602018266
0.0023807939880216376
0.0023800784952759985
0.0023821602771152642
0.0023779683882036023
0.002379062406922112
0.0023803295136563267
0.002382262493740073
0.0023894048388774848
0.0023856107465082214
0.002388558826934992
0.002389317119104781
0.002388581325580366
0.0023909306719165804
0.0023863126623912888
0.0023869223283565265
0.0023880834534139024
0.0023898949116563178
0.002396671179549467
0.002392732006596398
0.00239542283524816
0.002396202861478871
0.002395553451576823
0.002397601544028502
0.0023936718715406595
0.0023948166637239097
0.0023960762185735647
0.0023980556309432565
0.002404790617886128
0.0024011448436862134
0.002404012791595921
0.0024048048823219264
0.0024041432692228546
0.0024064429042402395
0.0024021197072049
0.002402810286902661
0.002403971538195415
0.0024058452777376933
0.0024125371677338504
0.0024087706599812187
0.002411363671234256
0.002412161962161478
0.0024115739622938134
0.0024135895819991345
0.0024099060250767374
0.002411092924180029
0.002412343277830476
0.002414354244655054
0.00241950412771833
0.0024159969166632407
0.002418779966720663
0.0024196019900605283
0.002419009816970735
0.0024212614107063167
0.002417215625448055
0.002417979019038787
0.0024191381335729226
0.0024210579483900183
0.002427656010614224
0.0024240489121839333
0.002426010225549801
0.0024268237244187466
0.0024262935086728343
0.0024282781573452
0.002424825952524878
0.002426048823754411
0.002427288155735472
0.0024293178914694524
0.0024329562076072786
0.002429578553735033
0.0024322732693794064
0.002433121477882773
0.002432594515216369
0.002434799789483051
0.002431015036135853
0.00243184423665136
0.0024329990099339026
0.0024349505379572317
0.0024414463318937177
0.0024379864839398917
0.0024383855385825474
0.002439211376890936
0.002438735913949542
0.002440691169195542
0.002437456587804244
0.0024387106922123245
0.0024399372026478604
0.0024419746064042523
0.0024441705226113746
0.0024409141293121623
0.002442183386797528
0.0024430542140521368
0.0024425892967581794
0.002444750272173874
0.0024412114704212965
0.002442101873087221
0.0024432498886761923
0.0024452209064822596
0.002451330630290095
0.0024480071028573163
0.002446922822608
0.002447758304526306
0.0024473352878925277
0.002449262860243359
0.002446233231071407
0.00244751544125332
0.00244872728449366
0.0024507629268575347
0.002451581500473472
0.0024484387212147115
0.0024481147157119497
0.0024490046273106967
0.0024485988597293886
0.0024507175050047384
0.002447410382468417
0.0024483578226416614
0.0024494968356806534
0.0024514766037855053
0.0024561208671728214
0.00245292357084461
0.0024504307990412273
0.0024512733398993694
0.0024509009594460437
0.002452802589017476
0.002449966132929408
0.002451274352554775
0.002452469742994083
0.0024544956189723115
0.002454279840106398
0.0024512435373747255
0.00244940203920496
0.0024503075570712677
0.002449958369546588
0.0024520366343529785
0.0024489477364981025
0.0024499486225849063
0.002451076535513917
0.0024530557431817067
0.002456299775676167
0.0024532192169914816
0.002449387979185154
0.0024502350616614215
0.00244991138882021
0.002451788586587062
0.002449134068992162
0.0024504658698991572
0.0024516433568905517
0.0024536523839420493
0.002453606125931146
0.002450651590065775
0.002447363534811941
0.0024482812438931688
0.00244798572845498
0.0024500252749130526
0.002447141594256161
0.002448191381228591
0.002449306554671782
0.0024512767566722197
0.0024531825681516337
0.002450209812188426
0.002445626329048092
0.002446475542212646
0.0024461981266803044
0.0024480520251347095
0.0024455685383573417
0.0024469203431724458
0.0024480789684083017
0.002450064627863479
0.00245016959903448
0.002447239093676484
0.0024425713649177967
0.002443497997043155
0.0024432531939778813
0.002445255534116794
0.002442564658135827
0.002443658568854457
0.002444759672855507
0.002446713399220445
0.002447339996366818
0.0024444667613510067
0.002440104493198773
0.002440953600422308
0.0024407198166115224
0.002442551337767743
0.002440228460706906
0.0024415963346652416
0.002442735449198649
0.0024446919349885273
0.0024449313838924365
0.0024420222589674185
0.0024373458708694955
0.0024382783847469035
0.002438080797985684
0.0024400471129961644
0.0024375369685300055
0.0024386689611296864
0.0024397551725241855
0.00244168549527023
0.0024413600381370994
0.0024385786155570665
0.002434421508506019
0.0024352684882978856
0.002435075388673462
0.0024368852041831758
0.002434712911873565
0.0024360923010299856
0.0024372115915603223
0.002439133632351995
0.0024394923531582597
0.002436602137785051
0.002432143116048207
0.0024330787353910232
0.0024329249520856893
0.0024348563580551407
0.0024325155167541665
0.002433679737334809
0.0024347504276640204
0.0024366513134483235
0.0024364808230660107
0.002433784198615853
0.002429816827988763
0.0024306599049461236
0.0024305043833371233
0.002432293000353342
0.0024302617237569064
0.002431647834905321
0.002432747214876102
0.0024346301097332326
0.002435094323651802
0.0024322207654756674
0.0024279636754885627
0.0024288999197743365
0.002428786474064469
0.0024306839756477057
0.0024285015641348955
0.002429692072942624
0.0024307468418826948
0.0024326129737921643
0.0024325816549568276
0.0024299635255866535
0.0024261718147988278
0.002427009437954056
0.0024268886323726966
0.0024286565621555725
0.002426757352257114
0.0024281459717310746
0.002429225394383931
0.0024310652175923027
0.002431622317111555
0.0024287810215125193
0.0024247116568462132
0.0024256463109872924
0.0024255699960448
0.0024274346124430884
0.002425400438191878
0.002426611898215789
0.002427650416284779
0.0024294773392196526
0.00242957064745096
0.002427025353903943
0.0024233964456153944
0.0024242272692424306
0.0024241385355261943
0.002425886286440377
0.0024241107696123467
0.0024254981903946518
0.002426557645703839
0.002428351167202687
0.002428989625623724
0.002426229360245966
0.0024223346274456765
0.0024232657262553826
0.0024232235659642177
0.002425056319939506
0.002423160825840624
0.002424388430260841
0.0024254104359973188
0.002427194465320521
0.002427399025435538
0.002424921491190406
0.0024214436206811294
0.002422266487718984
0.0024222073725104157
0.0024239354431917592
0.0024222757784886743
0.0024236587302390164
0.002424698242986764
0.002426442852683234
0.0024267947143491644
0.002424110727588782
0.0024203787936488814
0.002421304581799413
0.002421293910472697
0.0024230958565698802
0.0024213301259588672
0.0024225697457337454
0.0024235750040546115
0.0024253132164044626
0.002425616693689338
0.002423202364990368
0.002419864989660994
0.002420678897059548
0.0024206472183608786
0.002422356128311804
0.0024208050144557632
0.002422180795297033
0.0024232003920258496
0.0024248941022548725
0.0024244648108308776
0.002421852727759114
0.0024182729955240304
0.0024191918949900354
0.002419210354446355
0.0024209825744910944
0.002419338296941459
0.0024205864467508505
0.0024215747465290015
0.002423264916761207
0.0024236559255148274
0.0024213007066498237
0.0024180944719415878
0.0024188985423394373
0.0024188923883045796
0.002420582676015799
0.0024191333215146296
0.0024204997667688966
0.002421499478163039
0.0024231408748838067
0.0024219522183906504
0.002419408022392713
0.0024159707494638095
0.0024168813706098814
0.0024169267647759897
0.002418670314440589
0.0024171396910446343
0.0024183932188114135
0.0024193644189856845
0.0024210048591679374
0.0024214729529408708
0.002419173161016682
0.002416089524770916
0.0024168830128945217
0.002416900598974387
0.0024185727736040744
0.002417218807507004
0.002418507936266097
0.002419487833975369
0.002421075943606781
0.0024191491322227937
0.0024166691310331507
0.0024133653965702534
0.0024142665207271146
0.002414336817765123
0.0024160527278143332
0.002414628446131482
0.0024158845289594974
0.002416838548088305
0.002418428056557248
0.0024189636551096554
0.002416715978713715
0.0024137471728067957
0.002414529450388657
0.0024145691231136214
0.0024162236686946646
0.0024149591190351636
0.002415431871016357
0.0024163920369357226
0.0024179263735843635
0.0024152819957169837
0.0024128627518902757
0.0024096847528089927
0.0024105752675132666
0.0024106687210204776
0.0024123580361514224
0.0024110332954990154
0.0024122896524176474
0.002413226429563266
0.0024147643309921974
0.002415358583550897
0.002413160021409891
0.002410299332595176
0.0024110698362252384
0.002411130195787881
0.0024127676094763614
0.002411586932276904
0.002411269478823597
0.0024122100514318476
0.0024136904500077984
0.002410701726441086
0.0024083400948472712
0.0024052804669949775
0.0024061594333248102
0.0024062743341814194
0.00240793803104646
0.0024067064129366877
0.002407960827009673
0.0024088803878442987
0.0024103663099758472
0.0024109260452195077
0.002408773901758582
0.0024060150571229844
0.002406773335340382
0.002406853006534432
0.0024084737292484316
0.002407371690421013
0.002406289068357865
0.0024072102439714835
0.00240863678510185
0.002405803095763619
0.0024034962097330007
0.0024005479646359296
0.002401414614951081
0.002401549288437551
0.0024031882793418267
0.002402043726894527
0.0024028634717080384
0.0024037658958737133
0.002405199784736713
0.0024050901247909453
0.002402981949707746
0.0024003195003502375
0.0024010651525296052
0.0024011629441142083
0.002402592683533282
0.0024015644191122893
0.0023997409150026934
0.002400642914257316
0.002402016026613511
0.0023993270171447857
0.0023970721572232436
0.0023942295016375383
0.00239508309170687
0.0023952361952657313
0.002396851418311325
0.002395788334951515
0.0023958792345497065
0.0023967646173866193
0.0023981468366304085
0.002397385072060531
0.002395318631590059
0.0023927478329069537
0.002393480503085766
0.0023935953673271827
0.002394630239726374
0.0023936712065609073
0.002391195667841006
0.002392078756466982
0.0023933991304066794
0.002390845184446874
0.0023886398083746803
0.002385897638679825
0.0023867374975164004
0.0023869078377298115
0.0023885001972765276
0.002387513349462586
0.002386896917228613
0.0023877654173792245
0.0023890965643618184
0.002387699644176373
0.0023856729107567154
0.0023831894910703805
0.0023839088820024976
0.0023840398386462346
0.0023846872138880908
0.0023837931251497867
0.00238141816489466
0.0023822826660353552
0.002383551072377149
0.002381123373572215
0.002378965185169384
0.002376318434959902
0.002377144059732807
0.0023773303823967314
0.0023789006925266747
0.002377985109953151
0.0023766818841771
0.0023775337332194025
0.0023788144993221114
0.0023767991299030646
0.002374810307056118
0.002372409999491293
0.0023731159294842095
0.0023732619179634975
0.0023735289031667755
0.002372695671996378
0.0023704163042598415
0.002371262572990613
0.0023724799387012637
0.0023701703342369758
0.002368057217491541
0.0023655012177398304
0.0023663122020028283
0.0023665133273349753
0.0023680623543878205
0.0023672133670495227
0.002365243190982421
0.002366078659019411
0.0023673099021197814
0.002364776797560885
0.002362824271587935
0.0023605031209512745
0.0023611954734826784
0.0023613554760665047
0.0023612489686086692
0.002360472743877826
0.0023582842417927785
0.002359112659688524
0.0023602800341088036
0.002358080991113407
0.0023560110024780138
0.0023535414054254304
0.0023543374383298843
0.0023545522440769225
0.002356080704792341
0.002355293920409852
0.0023531026688318967
0.0023539220606101957
0.0023551047210160904
0.0023526919532713794
0.002350774329766605
0.0023485282062186406
0.0023492069978969313
0.002349379893630494
0.002349079743523074
0.0023483568314447093
0.002346254474503832
0.0023470654271036144
0.002348183836653351
0.002346088485807154
0.0023440599270800775
0.0023416721308773996
0.002342453096752977
0.002342680352177241
0.002344188880102355
0.002343460109370814
0.002341356457867971
0.0023421600943654285
0.0023432951167478276
0.0023409952123766686
0.0023391112704301688
0.002336936150880175
0.002337601484393668
0.0023377861590444596
0.0023375015445655715
0.0023368284500889817
0.0023348077234500494
0.002335601582822598
0.0023366721085795903
0.0023346741198981944
0.0023326854705875305
0.0023303749809544185
0.0023311408850670004
0.0023313793790730748
0.0023328353784215963
0.0023321606718552565
0.002330140091927438
0.002330928289359777
0.002332016717656104
0.002329822761769087
0.002327971420545054
0.002325863516733316
0.002326515551928503
0.002326710947478988
0.002326441529833181
0.0023258149761706207
0.0023238716749055355
0.002324648801820475
0.0023256028641978105
0.0023236963529925693
0.002321746210093789
0.0023195089167737616
0.0023202598181896565
0.0023205084471043494
0.002321598441739318
0.0023209741183818407
0.002319032442370807
0.002319805514788307
0.0023208485297660226
0.002318754076956071
0.002316934347039267
0.0023148903348077115
0.0023155292384209134
0.0023157344258062334
0.0023154798997115176
0.0023148968307075465
0.0023130270922459895
0.0023137878481560774
0.0023142738726695407
0.002312453327792002
0.002310540350629785
0.0023083727552577126
0.0023091087030853337
0.0023093665335669655
0.002310097454340269
0.0023095200797539563
0.0023076534516818193
0.0023084117176231525
0.0023093984116177627
0.002307397454596328
0.002305608424047552
0.002303625396007541
0.0023042513363925885
0.002304465498609398
0.002304225582237557
0.0023036831441324663
0.0023018834031963307
0.0023026281574383993
0.0023026685600016326
0.0023009288660077727
0.0022990518174015153
0.002296950680975246
0.002297671771950211
0.002297937937255173
0.0022983165239833236
0.0022977828771377075
0.0022959876600491987
0.002296731440144884
0.0022972610690991813
0.0022953480073008375
0.00229358882762738
0.00229166426757879
0.0022922774071111587
0.0022924998294572172
0.002292274256333223
0.002291769783126431
0.002290036739046816
0.0022907658760729665
0.0022903819832523526
0.0022887183672329952
0.0022868760745740667
0.0022848385689294543
0.002285544902388968
0.0022858186439424777
0.0022858514630718692
0.0022853585380841683
0.002283631355933065
0.0022843609819398827
0.002284455271583792
0.0022826249108073974
0.0022808948115768295
0.0022790263817742264
0.002279626906374905
0.0022798569152427356
0.0022796454234799584
0.0022791764053859184
0.0022775069333677784
0.0022782208398096585
0.0022774328980941245
0.0022758409310307346
0.0022740323099418452
0.0022720558018152516
0.002272747515007837
0.002273028122911156
0.0022727545216946234
0.002272299495329497
0.0022706371413329703
0.0022713529472553253
0.002271032494186248
0.0022692800166929233
0.0022675782983243003
0.002265763808868885
0.002266351927110916
0.0022665888841712795
0.002266391214635493
0.002265955287572709
0.0022643464239741227
0.002265045485133151
0.00226394199471047
0.0022624175696562636
0.0022606416236727205
0.0022587236137672005
0.0022594008868382074
0.0022596876858214086
0.00225942583655696
0.002259006045480198
0.0022574054311153852
0.0022581077383018546
0.002257392035205392
0.0022557129889725826
0.002254039035702561
0.0022522762844158577
0.0022528522537179274
0.00225309551598486
0.0022529114105422033
0.0022525063348847133
0.0022509552281033116
0.0022516398073913536
0.0022505895532524286
0.002249128883592872
0.002247384737674774
0.002245522610047599
0.0022461857175259657
0.002246478006746791
0.0022462278002346554
0.0022458407348387647
0.002244298899978457
0.0022449880110878497
0.002243907624498194
0.0022422978886116676
0.0022406511593017282
0.0022389379381590503
0.0022395020605331033
0.0022397509873216116
0.002239580191729818
0.002239203848053535
0.002237707765399924
0.002238378198802771
0.0022373777023806936
0.0022359772606818647
0.0022342641030204
0.0022324554121016453
0.0022331046510859808
0.0022334017808266367
0.0022331631088013276
0.002232806416771791
0.002231320570034727
0.0022319967784655077
0.0022309687717146837
0.002229424526635371
0.002227804548479883
0.0022261386335180426
0.0022266912548234365
0.002226945209358534
0.0022267874757672477
0.0022264378591286727
0.002224994187113537
0.0022256507767271596
0.002224696773730198
0.002223353285406263
0.0022216703887777503
0.0022199126858082688
0.0022205484108350593
0.0022208497409446967
0.002220622492968795
0.0022202939584007684
0.002218861428819794
0.0022195250008620864
0.002218545889785027
0.00221706357096217
0.0022154699073489927
0.0022138492242850054
0.0022143906961004972
0.0022146490900349144
0.0022145041771179956
0.0022141794053464735
0.0022127856893891574
0.002213428725083474
0.0022125181839184396
0.0022112285891325214
0.0022095752738920814
0.002207866274323419
0.0022084888515504376
0.002208793793318505
0.0022085778593428818
0.002208275407653701
0.0022068936838155837
0.00220754487431128
0.002206611425649334
0.0022051877039233293
0.0022036199488355774
0.0022020425606038576
0.0022025732377704676
0.0022028355275689484
0.0022027031989037167
0.0022024015050126668
0.0022010554373244067
0.002201685197735123
0.0022008153022785343
0.002199576739793413
0.0021979523686874542
0.0021962899390355175
0.0021968997429258497
0.002197207755068828
0.00219700302382639
0.0021967247128384286
0.002195391431105851
0.002196030484281013
0.0021951396969711354
0.002193771460643394
0.002192229233787648
0.00219069332920822
0.0021912135676759475
0.0021914792512798876
0.0021913592739974445
0.0021910789991289093
0.0021897784076725306
0.0021903951611228025
0.002189563294823367
0.002188373087198058
0.0021867770607128193
0.002185159206521462
0.0021857566169257384
0.0021860672018924328
0.002185873559611141
0.0021856175712448365
0.002184330504981973
0.002184957655246236
0.0021841067431591504
0.0021827910815792294
0.0021812740241580458
0.0021797779076297118
0.00218028806257882
0.0021805566763279122
0.00218044882000256
0.0021801884068617687
0.002178931245284144
0.002179535250637455
0.002178738981843097
0.0021775946218547766
0.0021760263740497744
0.0021744512288703233
0.0021750366284690637
0.0021753493290386818
0.0021751666584315
0.0021749312909620662
0.002173688340673756
0.0021743038133821098
0.002173490189394207
0.0021722243779278504
0.002170732148982908
0.002169274231105278
0.0021697746553154974
0.0021700457711051344
0.0021699498068538585
0.0021697077935942336
0.0021684921320383505
0.0021690836394845287
0.002168320707895743
0.0021672198460779258
0.0021656788408581096
0.0021641446561585596
0.0021647184282297264
0.002165032824379056
0.00216486100387335
0.00216464466470832
0.0021634438490107165
0.002164047861184354
0.002163269122476972
0.002162050608731065
0.002160582881991057
0.002159161671028396
0.002159652713471713
0.002159925936126871
0.002159841635892594
0.0021596166504149615
0.002158440667127795
0.002159019918904543
0.0021582882230640195
0.0021572286562620393
0.0021557143840467076
0.0021542195199715213
0.0021547820464512717
0.002155097752469229
0.0021549366556424202
0.002154737854580675
0.0021535773019283676
0.0021541700629324413
0.0021534239774206204
0.0021522503686123608
0.002150806829786672
0.0021494209238948573
0.0021499029285295635
0.0021501778933776163
0.0021501050293724917
0.0021498957840053153
0.0021487577576661658
0.002149324988718801
0.0021486225744544772
0.002147602235308644
0.0021461142100591465
0.0021446571269672214
0.0021452087867746316
0.0021455254486041635
0.0021453749437963343
0.002145192286732433
0.002144070227833716
0.0021446519400107576
0.002143936433811341
0.00214280548517917
0.0021413858296447054
0.0021400339097899577
0.002140507214535674
0.002140783585162153
0.0021407219294495485
0.0021405272159799264
0.0021394255186812984
0.0021399809572636517
0.0021393060070092006
0.002138322954284292
0.002136860710855966
0.002135439961570373
0.002135981129169376
0.002136298421958438
0.002136158372035939
0.0021359905550764964
0.0021349053159345865
0.002135476175193155
0.0021347893210493228
0.002133698925212694
0.002132302856046803
0.0021309836795516553
0.002131448615426808
0.00213172608159953
0.0021316754057955065
0.002131494090823262
0.0021304271816431435
0.0021309710498626988
0.002130321872785644
0.002129374282472879
0.0021279373742599215
0.0021265515969686264
0.0021270826411427827
0.0021274002669874905
0.0021272705292347182
0.00212711633319629
