0.0
-0.09001512075777272
-0.19340273929840626
-0.17223623814329683
-0.1593044611469282
-0.14658000830185322
-0.16300488023947116
-0.17570920651226266
-0.18957816194799687
-0.20337899615992633
-0.2161303934688083
-0.22550637645506738
-0.2258337056594616
-0.20053161347719045
-0.09786774306118363
0.10424541730673745
0.20622534574112025
0.20316847346077335
0.1862400266056598
0.18251020722537278
0.19040781835713488
0.20467264014076267
0.21854575248669078
0.21818577881307147
0.1478333348284961
-0.15547755989741577
-0.16167321131624657
-0.17587626748520344
-0.18956446649393977
-0.20337910221036654
-0.21613042841076585
-0.22550638599834594
-0.2258337115511923
-0.20053162088469467
-0.09786775764134778
0.1042454034849687
0.20622534313878635
0.20316847546034902
0.18624002819057545
0.18251020795392378
0.19040781858722047
0.20467264018394182
0.21854575249004105
0.21818577881054516
0.14783333481956426
-0.15547755990903941
-0.1616732113145622
-0.17587626748541535
-0.18956446649392242
-0.20337910221036665
-0.21613042841076588
-0.22550638599834597
-0.22583371155119236
-0.20053162088469478
-0.09786775764134803
0.10424540348496843
0.20622534313878632
0.20316847546034905
0.1862400281905755
0.18251020795392384
0.19040781858722047
0.20467264018394182
0.21854575249004105
0.21818577881054516
0.14783333481956426
-0.15547755990903941
-0.1616732113145622
-0.17587626748541535
-0.18956446649392242
-0.20337910221036665
-0.21613042841076588
-0.22550638599834597
-0.22583371155119236
-0.20053162088469478
-0.09786775764134803
0.10424540348496843
0.20622534313878632
0.20316847546034905
0.1862400281905755
0.18251020795392384
0.19040781858722047
0.20467264018394182
0.21854575249004105
0.21818577881054516
0.14783333481956426
-0.15547755990903941
-0.1616732113145622
-0.17587626748541535
-0.18956446649392242
-0.20337910221036665
-0.21613042841076588
-0.22550638599834597
-0.22583371155119236
-0.20053162088469478
-0.09786775764134803
0.10424540348496843
0.20622534313878632
0.20316847546034905
0.1862400281905755
0.18251020795392384
2.127097851191799E-4
-4.385834754565713E-6
-0.0015839688057512765
-0.007362522647734826
-0.023336026437178532
-0.05525950058654852
-0.08269014670698752
-0.09368536685989037
-0.08664728701889457
-0.06690778942572172
-0.039767991236028
-0.008225320646607264
0.026469888588816545
0.06372954735212337
0.10250617298037196
0.13974029439703134
0.15367016449898285
0.15192508005145858
0.13958292416490037
0.1199521211507673
0.09484090576286623
0.06461379918896296
0.02849833119604889
-0.014843737287591717
-0.06668715801150095
-0.1274142992792554
-0.17364427610871047
-0.21154961641106634
-0.23716975707676075
-0.2451179616924316
-0.23476350868061469
-0.2069243384514872
-0.16183150182007694
-0.09917466480591282
-0.019971689653580607
0.07006758736303782
0.14668807825739125
0.20456176860219158
0.23747346815185189
0.2474051209769184
0.2399004051716489
0.21693305606005248
0.17736729158900078
0.11809367993593908
0.03653615638060165
-0.06275184252617119
-0.14742518922498113
-0.20835965176838142
-0.24070651544031268
-0.248525686568866
-0.2395634491921432
-0.21662862924666276
-0.17812541834587745
-0.1195466178429745
-0.037045579813699284
0.06254826177209385
0.14538971630760344
0.2033440195313149
0.23358010765016218
0.2411892036465859
0.23427680774792117
0.214968869234051
0.18048449181812534
0.12454514236523119
0.041068251054844955
-0.062144154576606686
-0.14656387057377745
-0.2035134269888129
-0.23190887813425504
-0.23832815872144042
-0.23204877787209494
-0.2148492395249114
-0.183027850727313
-0.12882003758311766
-0.04400848786267538
0.06209112825244497
0.1472680163652339
0.2032814421580721
0.23053005699926796
0.23598020165221675
0.23016995637752655
0.21460843209892388
0.18487953387019124
0.13207182935642658
0.0461704393835688
-0.06226791155447639
-0.14785011250057306
-0.2030003847420841
-0.22944285645697127
-0.23428788843055198
-0.2291311108016274
-0.2152077289788149
-0.18754830630926222
-0.13622133559121044
-0.04893406357486874
0.06278104668230843
0.14907466937639205
0.20331700426570498
0.229144274469991
0.23303795754995546
0.2279919123338513
0.21511351805811832
0.18890701377452493
0.13860846132665897
0.050437656899252066
-0.06270014320765102
-0.14889639678873012
-0.20253572429125374
-0.22827447163598763
-0.23194560266459532
-0.2274575731328598
-0.21582268152622777
-0.19124612925112625
-0.14231021812902062
-0.05298089822555485
0.06350291849879657
0.15030351826776675
0.20293219463228965
0.22829902017670908
0.23109500718526838
0.2265677953134391
0.2157228231603638
0.19229101811146707
0.14415877694391752
0.054062489344675155
-0.06310025504427166
-0.14949418477580798
-0.2017801604327293
-0.22743006144354722
-0.23030624075916206
-0.22625228748609666
-0.21634499361378914
-0.19420280293024234
-0.14737019332636025
-0.056457857076832874
0.06408250839719823
0.15111227797850785
0.2023164863421686
0.22762684316957327
0.22968025863008162
0.22550063556760816
0.21627010616188164
0.19511498165392682
0.14890569964442504
0.05720265340356839
-0.06339447924838884
-0.14974800610949845
-0.20087077684919175
-0.22665596954660328
-0.22906343164881762
-0.225292570771008
-0.2167358613615872
-0.19656929139941814
-0.15160940046052077
-0.059497363119859675
0.06453417704483107
0.15168012825825242
0.2016492089928491
0.2269947093218165
0.2285913430626372
0.22463499951398866
0.21672986721870177
0.19749463195514275
0.15301003310952452
0.059954325885160864
-0.06358826656732279
-0.14976159606122066
-0.19991279819433397
-0.22587079660977186
-0.2280785993402307
-0.22448767227724914
-0.21700975314302806
-0.1984737217355192
-0.1551893442474108
-0.06218423839133201
0.06490615719623764
0.1521403810512095
0.20103102217514165
0.22635716167396783
0.2277241459561927
0.22389789670175728
0.21711160002276056
0.19953181636503461
0.15660316960332996
0.06238371555272494
-0.06370730147222342
-0.1496101306536356
-0.19895528789113953
-0.2250539002522186
-0.2272713649891755
-0.22378923625446018
-0.21718713949372784
-0.20001478777016837
-0.1582379008202864
-0.06458491840779805
0.06525051332800436
0.15259097500778207
0.2005117580185241
0.22570415684851003
0.22701665219784437
0.22324960129328159
0.21743339364999786
0.2013113645006828
0.15979414048451462
0.06454154540410474
-0.06378283849415661
-0.1493490301909378
-0.19801611471840744
-0.2242057744822587
-0.2265855888275477
-0.2231641374658161
-0.21728351565567738
-0.20126622008783082
-0.16085758521654728
-0.06675681589612652
0.06561920106503677
0.15311005870084596
0.20011580770642232
0.2250365925875119
0.22642728392300446
0.22266600726158126
0.21771497740497628
0.2029044788858227
0.16267521391419887
0.06646845044100536
-0.06385030564593298
-0.14902552605948538
-0.19710112596701418
-0.22333023867642346
-0.22597528568889558
-0.22258321099456457
-0.21730595971415773
-0.2022812851502005
-0.16313131527640373
-0.06875243864515769
0.06606669997751886
0.1537676545769669
0.19985564819632207
0.22435371379451308
0.2259253119794382
0.22213217543314687
0.2179772599367219
0.20437373509805914
0.16532685089739085
0.06819721067831043
-0.06395269825483649
-0.148689762648787
-0.1962163069944051
-0.22242750656026455
-0.22539703402382538
-0.22201456466945682
-0.2172509925009891
-0.20309621630576277
-0.16512778469280326
-0.07062307988092828
0.06665432859907591
0.1546329880796418
0.199736459911364
0.22364637721554514
0.22548626857405496
0.22164122904850625
0.2182453884955959
0.2057795972196603
0.16782358685101456
0.06975456575662234
-0.06414641737906909
-0.1484064095983004
-0.19537684425655363
-0.22149260503507226
-0.2248039338485015
-0.22141706103040934
-0.21710132410623167
-0.2037325255794457
-0.16690801630485397
-0.07242483262770386
0.06745426863277007
0.15577722936726182
0.19975395777208677
0.2228926173340129
0.22509019703075311
0.22119749063655178
0.2185554217892258
0.20718956606168695
0.17024222696497296
0.07116392074853296
-0.0645091588652479
-0.14826851805178132
-0.19461620309894198
-0.22051564270724655
-0.22413807689001522
-0.22073078439603405
-0.21681938033424233
-0.20419807052138733
-0.16853490422104636
-0.07422980413136393
0.06855146114299385
0.15727003803737316
0.19988566199161698
0.22205388921905128
0.2247230018413888
0.22082538225263743
0.21896665046599514
0.20869222044032185
0.17267420342042597
0.07244960985094255
-0.06515067303836977
-0.14841632185562603
-0.19399796870950883
-0.21948172855978593
-0.22331783031751654
-0.21985984266877756
-0.21633389269315767
-0.20448616794925442
-0.17008862995343155
-0.0761468593097996
0.07004077856743104
0.15916690876225753
0.2000752723833401
0.22107281088759287
0.22438342569866118
0.22058822306834813
0.21958371350859832
0.2104198274787999
0.17524456051986856
0.0736425916343978
-0.0662288364215661
-0.1490664594339593
-0.19363514447377603
-0.2183695739206974
-0.22221352798386138
-0.21863798998955827
-0.21551093088309478
-0.20456991543126993
-0.17169227933332348
-0.07835829296096797
0.07201633935381406
0.16148392763963187
0.20021196930911386
0.21987685532893128
0.2241008227894674
0.22062405871538995
0.22059478823289322
0.21258385478364103
0.1781394640339211
0.07478718887960285
-0.06797341629819195
-0.1505618866772644
-0.19372810257830336
-0.21715214484234852
-0.2206021237597457
-0.21675849819916596
-0.2140904119166602
-0.20438363475271876
-0.17355242450463856
-0.08117856738682151
0.07455125516850254
0.16415787298769927
0.20011314089066626
0.21839761239919422
0.22396862190951017
0.22120320016970713
0.2223257498664496
0.21551687080894383
0.18163454225335315
0.0759578469176016
-0.07069620703315263
-0.15344209891295152
-0.19463899372084156
-0.2158206749799684
-0.21810702615003472
-0.2136561741060529
-0.2115687701143924
-0.20378150800364858
-0.17600883954667712
-0.08511430121346703
0.07767754920516275
0.16699320459236222
0.19953324499496633
0.21661638112948453
0.2241684653158373
0.22274739783380235
0.22521897279394146
0.21960929049573857
0.18603752111902738
0.07733743759494131
-0.07460957572586902
-0.15837780497153653
-0.1969514396268455
-0.2145072024550876
-0.21428989593146944
-0.20853994171473245
-0.20720193209205998
-0.20255568416389405
-0.17950844614927983
-0.09071183002982129
0.08144327501312507
0.1696190511023256
0.19824418303337196
0.2145990429217207
0.22478550912978632
0.22536695474371335
0.22917772835579078
0.22457226685461454
0.1910962574525052
0.07928564861980891
-0.07896363353597181
-0.1652287658120455
-0.20100399244373035
-0.21372083108979273
-0.2095363911059793
-0.201638891802724
-0.20120596435798804
-0.20104343571159353
-0.1842347869006472
-0.09760509683477156
0.08619839531364551
0.1716117173688745
0.19624874323937358
0.21238903096730768
0.22518643134572064
0.2275919745713578
0.23226015480905232
0.22830661788108125
0.19501927711395692
0.08148838406669222
-0.08178242701834418
-0.17168916712272292
-0.20556578943875076
-0.21379048256313662
-0.20564449377627023
-0.19564089453196473
-0.19629490291040022
-0.20075360857594662
-0.18969213026277584
-0.10416445855721713
0.09235779245868779
0.17296594647281313
0.1940380820632518
0.21010116041959004
0.2246446392546487
0.22799071282518535
0.23307781599330823
0.22958161964719578
0.19666983338385344
0.08296200887453166
-0.08257070354851612
-0.17588040261023133
-0.2088953158126678
-0.2139494847335126
-0.20312342038964737
-0.19190515217151924
-0.19388901170449327
-0.20213826498230114
-0.19515345047907814
-0.10970142119467455
0.0993459846409721
0.17393761174642394
0.19212996080912212
0.20805358369421192
0.22357591817260253
0.22727933154873045
0.23259067297961836
0.2294528831083692
0.1969669165640362
0.08376986919878202
-0.08234148646973449
-0.17830073530645948
-0.21087320081536726
-0.2136702150265991
-0.20127396967695546
-0.1895986369244339
-0.1930620711363617
-0.20430897927654873
-0.2000988600526239
-0.11437737935034561
0.1062590782502961
0.17451713801391952
0.19055343945813336
0.20632183933005027
0.22242748703762563
0.2262471651047999
0.23170127753411154
0.22886882421303872
0.1968234126781378
0.08433523117833172
-0.08187409359604043
-0.1799192187352259
-0.21207908258302305
-0.21302982618391528
-0.19972773628359622
-0.18801560351369984
-0.19296393573857362
-0.20658951165661932
-0.20430754763474093
-0.11833972850335156
0.11261600496140305
0.1746673079815906
0.18919008798621806
0.20483144355321356
0.22132967672617135
0.2251826366687875
0.23075338061029332
0.22820643965964676
0.19662207762879982
0.0848718898503137
-0.08148701047870757
-0.1812579046535972
-0.2128974499818752
-0.2121801248265548
-0.19838222470553032
-0.1868613884076544
-0.19321242409176734
-0.20870089546129586
-0.2077621281654861
-0.1216927402327889
0.11826860306805138
0.1744523487220221
0.1879789701230313
0.20352660346262932
0.22031324081168424
0.2241781921303492
0.22985981690883592
0.2275900126418399
0.19648448287810552
0.08544467939459444
-0.08127657918300193
-0.18252104467815025
-0.21349519090310967
-0.21120815959405867
-0.19720179624818437
-0.1860159599310321
-0.1936503200421765
-0.21055702835884643
-0.21053364629188656
-0.12453141470546877
0.1232205984447137
0.17397526289072252
0.18689923351511845
0.20237827474607045
0.2193859956013102
0.22326512715269348
0.22905702045615495
0.22705684318390562
0.19643912420317486
0.0860621201337149
-0.08126007032761086
-0.18378075524061768
-0.2139391792812787
-0.21015788586690026
-0.19616221915481283
-0.1854180885103013
-0.19420402024528238
-0.2121455859741042
-0.2127187954764793
-0.12694154384743578
0.1275319835359458
0.1733294184462902
0.18594037171080105
0.20136778757676033
0.21854696715192087
0.22245169889645092
0.2283538036496945
0.22661403463548843
0.19648410212658687
0.08671633836212843
-0.08142980205214068
-0.18506146560246794
-0.21425885459276464
-0.20905413361151595
-0.19524202275957292
-0.1850266388445541
-0.1948302650366699
-0.21348017460680402
-0.21441371731078518
-0.12899678728094985
0.13127792834033356
0.17258527473110133
0.18509207466950137
0.20047957706872147
0.21779058867989104
0.22173591737232898
0.2277477815511947
0.22625761227634478
0.19660826673136622
0.08739633827286443
-0.08177082279234098
-0.18636991962120755
-0.21446984389225332
-0.20791372283489173
-0.19442395040440194
-0.18480786132304197
-0.19549737119478458
-0.21458229902627954
-0.21570461346554434
-0.13075867976176853
0.13453294579208971
0.17179221817805837
0.1843430268292347
0.19969945774462938
0.21710922193000315
0.22111112259954602
0.22723176608634776
0.22597936373272537
0.1967982222048023
0.08809183854056993
-0.08226650349749985
-0.18770557004325863
-0.2145823461787731
-0.20674985346817093
-0.19369824238644956
-0.1847300336253104
-0.19617800209174704
-0.21547433400606383
-0.2166653814465589
-0.13227888656904993
0.13736654006655227
0.1709839428079051
0.18368192315777224
0.19901457246794524
0.21649467732554797
0.22056868329998122
0.22679645237956556
0.2257693491392047
0.1970405512874498
0.08879423737623778
-0.08290049545867423
-0.18906513866505778
-0.21460458012101347
-0.20557361120778467
-0.19306555604814823
-0.18476049558843555
-0.19684610807748984
-0.21617676240898515
-0.21735817528958645
-0.1336025413843231
0.13984419280616148
0.17018326355355
0.18309850448200096
0.1984135297679007
0.2159388853156495
0.22009919868534616
0.22643146799399455
0.22561671252951845
0.1973223602153069
0.08949679138360814
-0.08365762699452053
-0.19044557372080997
-0.214544574472719
-0.2043941729281694
-0.19253811149256372
-0.18486461856848294
-0.19747622744206655
-0.2167074833346545
-0.21783513207304808
-0.13477155101839264
0.14203026678043645
0.16940537848471632
0.18258412215707337
0.19788633055819868
0.21543395848727243
0.21969288957623853
0.22612569122154957
0.22550985254722705
0.19763125015703334
0.09019452981584115
-0.08452437466760952
-0.19184612146322916
-0.2144109952806462
-0.2032184861823666
-0.19213741311615143
-0.185007275351631
-0.19804488315505384
-0.21708249093279208
-0.218140419329083
-0.13582675337902078
0.14399026073329915
0.16865971489803977
0.18213180155970646
0.19742406143933047
0.21497193283011082
0.2193396544782771
0.22586738933806805
0.22543652996203994
0.1979552047467206
0.09088394097251162
-0.08548889351402779
-0.1932690121120226
-0.2142129722259395
-0.20205101416212176
-0.19188586923770284
-0.18515747779486866
-0.19853423360997208
-0.21731777139903946
-0.21831214019136064
-0.13680775804473172
0.14579013356215476
0.1679508166051742
0.1817358113038067
0.19701842027301467
0.21454451525142418
0.21902915874280707
0.22564458565766496
0.22538433020379434
0.1982827098807691
0.09156235962495687
-0.086540318938128
-0.194717825016248
-0.21395880560051767
-0.2008941077674359
-0.1917882727633094
-0.1852970542723096
-0.19893840826590656
-0.21743250121540825
-0.2183837211774388
-0.13774909117434417
0.1474904142664164
0.16727871895555008
0.18139063431115307
0.19666111115218884
0.21414321309209422
0.21875125799303605
0.22544600070594295
0.22534186295365616
0.19860342391673758
0.09222702507496877
-0.08766697935093509
-0.1961924708184212
-0.2136535346764978
-0.19974951445669645
-0.1918043655882807
-0.1854327051017082
-0.1992715443917467
-0.21745284174081492
-0.21838421545398398
-0.1386718326241784
0.14913367987528015
0.16663928462628005
0.18108927061929905
0.19634320427003402
0.2137602451109041
0.21849701253788928
0.22526280138833607
0.22530095970083724
0.19890971724932577
0.09287405253618358
-0.08885369894849683
-0.19768085410455524
-0.2132959246574054
-0.1986211882386736
-0.19183815404214827
-0.1856024611732241
-0.19957022258694876
-0.21741256661695166
-0.2183369363806782
-0.1395743204943142
0.15072959676997022
0.16602535389749845
0.18082160472838768
0.19605498072420005
0.2133903553003008
0.218260307244576
0.2250908032745556
0.22525932411609215
0.1991988877962123
0.09349822490684401
-0.09008022015606167
-0.19915212015492162
-0.21287738414259744
-0.19751830841630702
-0.19178497683414664
-0.18585861870456577
-0.19987823286972628
-0.21734512412426904
-0.21825721645172833
-0.14043269104326658
0.15225172033318493
0.16542963109659276
0.1805749252571888
0.19578717374472293
0.2130326172547043
0.2180392924502802
0.22493154017604838
0.22522148115637444
0.19947443001470896
0.094094679105914
-0.09132417562546633
-0.2005619140071366
-0.2123868626222869
-0.19645565932378312
-0.19160513410099575
-0.18623007171077885
-0.20021922944047882
-0.21727085029284965
-0.21815217059526457
-0.1412169415928364
0.15365645442070316
0.16484837564301724
0.18033758696466273
0.19553332176647187
0.2126903764113272
0.2178361366214704
0.22479048637627674
0.2251959943279774
0.19974419425648676
0.09466148128305092
-0.09256784396499351
-0.20187124996323855
-0.2118204513149975
-0.19544967393504412
-0.19133139874421487
-0.1867029556854705
-0.20058571389280072
-0.2171929162118987
-0.21802384893679197
-0.14190886483968254
0.15491017552842842
0.16428287868112038
0.18010272454624385
0.19529096025735684
0.21236879798981873
0.21765465134567258
0.22467324379226983
0.225190529056421
0.2000160527838686
0.09520022067909316
-0.09380194285861158
-0.2030618106370344
-0.21118647875354477
-0.19451310128006874
-0.1910193698660143
-0.1872366481899023
-0.2009526830003608
-0.21710482457009952
-0.21787318545993933
-0.14250703135483836
0.15600276602363888
0.16373763160914445
0.17986867507096282
0.1950604671689336
0.21207194728619433
0.2174975126628539
0.22458254373186048
0.22520854950470484
0.20029445986638486
0.09571424070296676
-0.09502352432500087
-0.20413530540870972
-0.21050186266092763
-0.19365242625358456
-0.19071229861455313
-0.187788781570082
-0.20129550402327812
-0.21699931806120268
-0.21770211906862708
-0.1430214760441721
0.1569448648356411
0.1632174388627705
0.17963690741540994
0.19484305328479973
0.21180136189826348
0.21736494794286312
0.22451760094104803
0.22524909771645354
0.2005798219395066
0.09620675145416391
-0.0962319857789279
-0.20510402006073894
-0.20978535931249215
-0.19286847516898742
-0.19043490798491963
-0.18832821319537185
-0.20159825663632822
-0.21687248832343214
-0.21751387129361122
-0.14346691026356173
0.15775874206203988
0.16272559612104592
0.17940983082334772
0.19463945775804775
0.2115562101368598
0.2172549992464143
0.22447512413292314
0.22530836781755895
0.2008697830315353
0.09668008796654275
-0.09742669505823337
-0.20598271346522562
-0.20905311699349674
-0.19215831153457294
-0.19019835828312764
-0.18883661842088711
-0.20185405281703786
-0.21672402349686354
-0.2173124238380383
-0.1438583298704169
0.158470243978937
0.16226340206294612
0.17918951177977774
0.19444955391024282
0.2113341294307072
0.2171644426765843
0.22445069898647393
0.22538146639314274
0.2011608590346614
0.09713581015378005
-0.09860642405960135
-0.20678466916758065
-0.2083172410493849
-0.19151700511957412
-0.19000567739330015
-0.18930547999824351
-0.20206241147692833
-0.21655604466646033
-0.21710190934947257
-0.1442089630264661
0.1591038932780235
0.16183042777691106
0.17897719932892966
0.1942724564805938
0.2111320529436553
0.21708964772985387
0.2244398364166365
0.22546362713257884
0.20144961281438184
0.0975750474493395
-0.09976960814139281
-0.20752059246412635
-0.20758605723084333
-0.1909388470915305
-0.18985539958480327
-0.18973255479441298
-0.20222653983275754
-0.21637188839139163
-0.21688617262656268
-0.14452961346886653
0.15968063430242432
0.1614250348865033
0.17877330307134287
0.1941067840321354
0.210946784910372
0.21702713732733178
0.22443855567736837
0.22555082475627017
0.20173325848801654
0.09799878220432337
-0.10091473828131567
-0.20819875440844374
-0.20686494181320342
-0.1904180640186954
-0.18974375101550411
-0.19011914521336187
-0.20235136178684385
-0.21617523887754986
-0.21666852875211645
-0.14482868380995348
0.16021721208480957
0.16104488293474073
0.17857756037828312
0.19395091282009572
0.2107753295290713
0.2169738705772907
0.22444361399534393
0.22563997021533674
0.20200985358345155
0.09840800576177083
-0.10204063149245732
-0.20882549480278503
-0.20615716964661704
-0.18994918966300248
-0.189665956433269
-0.19046829079341399
-0.20244229064402158
-0.21596961164942208
-0.2164516710527645
-0.14511248061761814
0.1607263945331785
0.16068733398405227
0.17838925109048795
0.19380317120156312
0.21061504642003998
0.21692733986178103
0.2244525266810194
0.22572887429149266
0.20227826018438902
0.09880377427117186
-0.10314655070504214
-0.20940572930380177
-0.20546460006371942
-0.18952722952407258
-0.1896170335747893
-0.19078366723515872
-0.20250454069732582
-0.2157580911791594
-0.21623767434062732
-0.14538560242363166
0.1612175517605173
0.16034974080020328
0.1782073958562709
0.19366197093285745
0.2104637010936784
0.21688556360156297
0.22446348462941915
0.2258161083310587
0.20253800358137744
0.09918720593967968
-0.1042322150233068
-0.2099433575866186
-0.20478817949030784
-0.18914770883893867
-0.18959226682081126
-0.191068965248757
-0.2025427865561536
-0.2155432301353783
-0.21602805094171856
-0.1456513171026581
0.1616973281639686
0.16002963341787194
0.1780309144682945
0.19352588603169815
0.2103194576976228
0.21684702888838625
0.22447523386794216
0.22590083608293693
0.20278910334697062
0.0995594515006938
-0.10529774630065476
-0.21044156289454471
-0.2041282905366875
-0.1888066597607069
-0.18958746086778683
-0.19132757700804265
-0.2025610345301834
-0.21532704415492043
-0.21582383094047727
-0.1459118888222789
0.16217027719919364
0.1597248255922548
0.17785873943246844
0.19339369182238192
0.21018084280870214
0.2168106155026416
0.22448695155728515
0.22598265389706346
0.20303191483655833
0.0999216573600684
-0.10634358608885461
-0.21090302072530706
-0.2034849856859559
-0.18850058026379565
-0.18959903908727768
-0.19156247109430666
-0.2025626168594956
-0.21511105869626593
-0.21562564900168074
-0.14616884260197932
0.16263940409498326
0.15943346182617324
0.17768988857690665
0.1932643753658714
0.21004669680679894
0.21677551815056068
0.22449813460663198
0.22606145515339654
0.20326699724859504
0.10027493179973515
-0.10737040490344361
-0.21133003901786127
-0.20285813869949482
-0.18822638284240753
-0.18962403851726709
-0.1917761756361109
-0.20255025114449246
-0.21489638016772258
-0.21543382766510294
-0.1464231687769325
0.16310660201720412
0.15915402290503256
0.17752350422093938
0.193137126639251
0.20991612218202507
0.2167411752403219
0.22450850700685035
0.2261373232990072
0.2034950124331535
0.10062031886072755
-0.10837901685940635
-0.21172464999405638
-0.2022475392844977
-0.18798134232383545
-0.18966004539116924
-0.19197081680294634
-0.20252612824135413
-0.21468377392596183
-0.21524845188917482
-0.14667547613227255
0.1635729874263361
0.158885304764681
0.1773588675428481
0.19301131809307867
0.20978843403544356
0.2167072077853301
0.22451794675131592
0.22621045211517646
0.2037166525641346
0.10095878110910673
-0.1093703066502411
-0.21208866983062183
-0.20165294968956946
-0.18776304708093616
-0.18970510523702824
-0.1921481795418472
-0.20249200620612556
-0.21447373882780485
-0.2150694326595594
-0.1469261043219302
0.16403914920576398
0.1586263823624454
0.17719539632709322
0.19288647852196095
0.20966311560785872
0.21667336939972334
0.22452643065499278
0.2262810892806045
0.20393259208810613
0.10129119059860456
-0.11034517171339792
-0.21242373815006638
-0.20107413641782626
-0.18756935523393478
-0.189757630346882
-0.19230977150372916
-0.20244929782039442
-0.21426657291238946
-0.21489655930093257
-0.14717520551332114
0.16450532858323258
0.1583765671588517
0.17703263291057927
0.19276226553159131
0.2095397801287946
0.21663950690080847
0.22453399429772528
0.22634949850806843
0.20414345858249053
0.1016183264553396
-0.11130447970090135
-0.21273134555191245
-0.20051088612602025
-0.18739835613471403
-0.1898163172268833
-0.19245688062670205
-0.20239914592747385
-0.21406242807512185
-0.21472954116487283
-0.14742280345020267
0.16497154596284527
0.15813536405093231
0.1768702274373575
0.19263843938554476
0.20941813926516104
0.21660553028225688
0.22454070405620988
0.22641593569321927
0.20434981742905653
0.10194087726362738
-0.11224903973751857
-0.21301285437171855
-0.19996301178956946
-0.18724833688744588
-0.189880079089655
-0.19259062277228253
-0.20234248498721044
-0.21386135364292685
-0.21456803989687515
-0.14766883618601628
0.16543768839181722
0.15790243131241818
0.1767079198792108
0.19251483978581224
0.20929797781165527
0.21657139051667182
0.22454663837718308
0.22648063513625646
0.2045521659868708
0.10225944656171793
-0.11317958514818977
-0.21326951564993096
-0.19943035311387575
-0.18711775348162374
-0.18994799380282898
-0.19271197910362362
-0.20228008957938465
-0.2136633298895563
-0.21441169369604654
-0.14791318704404308
0.16590356859611766
0.15767754537454548
0.17654552291348008
0.19239136623693798
0.2091791339118872
0.21653706362319972
0.22455187584960865
0.2265438026798578
0.20475093388613408
0.10257456006587573
-0.11409676512756294
-0.2135024838434922
-0.19891277374051036
-0.1870052060813424
-0.19001926538827343
-0.19282182444040247
-0.20221261165208868
-0.21346829302598563
-0.21426013499431804
-0.1481557070462316
0.16636896390551892
0.15746057109890382
0.17638290674251259
0.19226796204913674
0.20906148395364277
0.2165025395755069
0.22455648810844972
0.2266056133747614
0.20494648695984605
0.10288667359856557
-0.11500114298247432
-0.21371282995712848
-0.19841015684614025
-0.18690941802788555
-0.19009319636818384
-0.19292094833497578
-0.20214060861496755
-0.21327615330208735
-0.2141130028805407
-0.14839623110199587
0.166833641194072
0.1572514374582425
0.17621998626654084
0.19214460169267636
0.20894493127366168
0.21646781484045813
0.22456053605929352
0.22666621194937542
0.20513913308700865
0.10319618102574002
-0.11589319892233445
-0.21390155332647437
-0.19792240011501303
-0.18682921813435036
-0.19016916828631616
-0.19301007058739533
-0.2020645642735924
-0.21308680773941394
-0.21396995143464634
-0.14863458958631748
0.16729737223912694
0.15705011813755018
0.176056710615065
0.1920212810533191
0.20882939787893523
0.21643288757035184
0.22456406830760278
0.22672571489069124
0.20532912881011203
0.10350342177532533
-0.11677333577648918
-0.2140695920951756
-0.19744941067239907
-0.18676352587241074
-0.19024662812772283
-0.1930898526618618
-0.20198490431940383
-0.2129001488003578
-0.21383065495541564
-0.14887061648225577
0.16775994260854318
0.15685661638903095
0.17589305482465212
0.19189801009268756
0.20871481850041637
0.21639775468823685
0.22456712099392745
0.22678421334322732
0.20551668602039833
0.1038086877070284
-0.11764188640647845
-0.21421783237814282
-0.1969911003187354
-0.18671133907314827
-0.1903250788514651
-0.1931609061538532
-0.20190200776100947
-0.21271607005841373
-0.2136948108857886
-0.14910415495036422
0.16822115624439496
0.1566709534355794
0.17572901335767907
0.19177480743876293
0.20860113641360817
0.21636241029126405
0.22456971847939136
0.22684177631958044
0.20570197830345574
0.1041122292395927
-0.11849912191754564
-0.21434711611863613
-0.19654738124948684
-0.1866717237881781
-0.19040407270932988
-0.1932237991660611
-0.2018162153733179
-0.2125344697066124
-0.2135621410755031
-0.14933506096894505
0.1686808372407976
0.1564931597566943
0.17556459513728973
0.19165169648634003
0.20848830057297196
0.21632684494713703
0.22457187450467586
0.22689845391430258
0.20588514673579497
0.10441426072822514
-0.11934526004575911
-0.21445824768453486
-0.19611816234943408
-0.1866438059849636
-0.19048320640179447
-0.19327906121213428
-0.20172783597800584
-0.21235525254387824
-0.21343239187850852
-0.1495632055327102
0.16913882984259054
0.15632326866793916
0.17539981979464425
0.191528702653855
0.2083762637058974
0.21629104557569642
0.2245735935736112
0.22695428034504425
0.2060663050481997
0.10471496513529842
-0.12018047330651997
-0.21455199928677196
-0.19570334609025355
-0.1866267647807696
-0.19056211741344814
-0.19332718708415092
-0.20163715115806102
-0.21217833091713068
-0.2133053334638766
-0.14978847578265775
0.16959499736393985
0.1561613116950444
0.17523471486362144
0.19140585150936695
0.208264981094608
0.21625499569629936
0.22457487240169963
0.2270092767302984
0.20624554414653312
0.10501449806291505
-0.12100489664549213
-0.21462911533112708
-0.1953028260232179
-0.18661982695196985
-0.19064048108415527
-0.1933686399858224
-0.20154441884652743
-0.21200362496891306
-0.21318075862279315
-0.1500107753538192
0.1700492204990903
0.15600731533250128
0.17506931370266118
0.19128316753849403
0.2081544098411919
0.2162186758874711
0.22457570133089821
0.22706345356634308
0.20642293602235778
0.1053129912252919
-0.12181863444453785
-0.2146903158311081
-0.1949164848362321
-0.18662226248802719
-0.1907180081249555
-0.19340385413853967
-0.20144987610734025
-0.2118310624418316
-0.2130584812782315
-0.1502300241615715
0.17050139534090192
0.1558612988568392
0.17490365396635113
0.1911606733783078
0.2080445084636582
0.21618206435338805
0.22457606565295007
0.2271168128978891
0.20659853710633233
0.10561055543867373
-0.12262176681293299
-0.21473629901553082
-0.19454419293105185
-0.1866333809911002
-0.19079444239396418
-0.19343323700162465
-0.20135374133592585
-0.2116605782169343
-0.21293833484508687
-0.15044615779610082
0.17095143131469456
0.15572327293389643
0.17473777648740046
0.19103838938322698
0.207935236711726
0.2161451375264493
0.22457594681057555
0.22716935019502768
0.20677239112514442
0.105907283200842
-0.12341435514671517
-0.21476774326204842
-0.1941858074692726
-0.18665252875201058
-0.1908695588199833
-0.19345717120336925
-0.2012562160415599
-0.21149211370829682
-0.2128201705438113
-0.1506591266546353
0.1713992491604
0.15559323881682982
0.17457172446161226
0.190916333422512
0.2078265555221586
0.2161078706599399
0.22457532346331205
0.22722105595845649
0.2069445315231417
0.10620325092416673
-0.12419644697322439
-0.21478530847976185
-0.19384117183247873
-0.18667908636053768
-0.19094316140981826
-0.1934760162492635
-0.20115748632616354
-0.21132561619616
-0.2127038557371396
-0.15086889490970573
0.17184477904462064
0.15547118797817888
0.17440554285440457
0.19079452083519982
0.20771842705686752
0.21607023838224568
0.22457417241584268
0.22727191707903618
0.20711498350629784
0.10649852087729876
-0.12496808011909163
-0.2147896370524477
-0.19351011544155228
-0.1867124667324086
-0.19101508130671752
-0.1934901100536596
-0.2010577241403997
-0.21116103815232354
-0.21258927233489694
-0.1510754393870942
0.17228795884889758
0.15535710205637268
0.17423927796792238
0.19067296448846865
0.20761081478440585
0.2160322151962429
0.22457246941338502
0.22732191797866325
0.2072837657607862
0.10679314288197231
-0.1257292862520384
-0.2147813544405877
-0.1931924538816288
-0.18675211345677087
-0.1910851748870861
-0.19349977032766794
-0.20095708837393297
-0.2109983365912973
-0.21247631529408686
-0.15127874840785813
0.17272873265642338
0.15525095302616856
0.17407297712365857
0.19055167490070524
0.20750368357825769
0.21599377591583754
0.22457018981261864
0.22737104155862134
0.20745089189247232
0.10708715580354582
-0.12648009385276573
-0.21476106952657012
-0.19288798928198095
-0.18679749938645732
-0.19115332189444467
-0.19350529584710233
-0.2008557258197851
-0.21083747246667953
-0.21236489122885122
-0.15147882063380527
0.17316704944321157
0.15515270352506588
0.1739066884275759
0.19043066040194762
0.20739699981460535
0.21595489603725188
0.22456730913867232
0.2274192699798438
0.2076163716277608
0.10738058886706862
-0.1272205306749543
-0.2147293747740256
-0.19259651090373303
-0.18684812540913337
-0.1912194236161099
-0.1935069676182614
-0.20075377204082587
-0.21067841012270097
-0.21225491713613703
-0.15167566394418544
0.17360286196904556
0.15506230728508338
0.173740460593803
0.1903099273128245
0.20729073145888777
0.2159155520463269
0.22456380353953856
0.22746658529737504
0.20778021181078657
0.1076734628248629
-0.12795062575047125
-0.21468684625978404
-0.19231779589242484
-0.18690351935068714
-0.19128340111109082
-0.19350504995520626
-0.20065135215814697
-0.21052111680455296
-0.21214631923702354
-0.15186929436243646
0.1740361258567984
0.15497970963247815
0.17357434280970788
0.19018948012924689
0.20718484813513957
0.21587572166542476
0.22455965014937607
0.2275129699690705
0.20794241722706727
0.10796579099679965
-0.12867041099427487
-0.21463404362571395
-0.1920516101568143
-0.18696323497324407
-0.19134519349851242
-0.19349979147932933
-0.20054858157529004
-0.21036556222707473
-0.2120390319298428
-0.1520597350450488
0.17446679884465205
0.15490484802797125
0.17340838463008074
0.19006932170454993
0.20707932117531022
0.21583538404484934
0.2245548273717866
0.22755840725638196
0.20810299127947132
0.10825758020049209
-0.1293799224599181
-0.21457150998783597
-0.19179770933973148
-0.1870268510392475
-0.19140475631532772
-0.1934914260499605
-0.20044556664830812
-0.2102117181989176
-0.21193299684890424
-0.15224701533954055
0.17489484019371776
0.15483765262753094
0.17324263589175012
0.18994945342391542
0.20697412364792578
0.21579451990439152
0.22454931509350398
0.22760288153299962
0.208261936538666
0.10854883158549951
-0.13007920129250153
-0.21449977183162158
-0.19155583985112776
-0.18709397042038636
-0.1914620599507928
-0.19348017363324427
-0.20034240530889463
-0.210059558297934
-0.211828162021357
-0.15243116991477884
0.175320210232791
0.1547780468493573
0.17307714664252857
0.18982987536811174
0.20686923036684962
0.2157531116308305
0.22454309483814336
0.22764637851524655
0.20841925518704937
0.1088395413830737
-0.13076829442161267
-0.21441933891520457
-0.1913257399376124
-0.18716421923603555
-0.19151708816350838
-0.19346624111535576
-0.20023918764591275
-0.20990905759289225
-0.21172448111416628
-0.1526122379641578
0.17574287002217306
0.15472594793684896
0.17291196708021855
0.18971058646507702
0.20676461788173586
0.21571114333715286
0.22453614986879816
0.22768888542639615
0.20857494937246818
0.1091297015809995
-0.13144725503260749
-0.2143307041962896
-0.19110714076665697
-0.1872372460105438
-0.19156983668506822
-0.19344982306522845
-0.20013599644937652
-0.20976019240645785
-0.2116219127631143
-0.15279026248025923
0.17616278111926598
0.15468126751038574
0.1727471474987021
0.18959158462887543
0.2066602644522381
0.21566860088898163
0.2245284652474024
0.2277303911055605
0.20872902148571212
0.10941930053148695
-0.13211614285046067
-0.21423434379363993
-0.1908997675072299
-0.18731272084232026
-0.1916203119126301
-0.19343110245121536
-0.20003290772004087
-0.20961294011450007
-0.21152041997596713
-0.15296528959828817
0.17657990542981422
0.1546439121030024
0.1725827382390568
0.1894728668862027
0.20655615000823743
0.21562547190333944
0.2245200278579316
0.22777088607042656
0.20888147437380236
0.10970832349884903
-0.13277502426658508
-0.21413071699011726
-0.19070334039187775
-0.1873903345804683
-0.19166852969116424
-0.19341025131550552
-0.19992999114715093
-0.2094672789770952
-0.21141996960239118
-0.15313736800475136
0.17699420513004985
0.15461378367664894
0.17241878964425747
0.18935442949100142
0.2064522560983718
0.21558174572442043
0.22451082639970749
0.22781036254190776
0.20903231149940868
0.10999675315272277
-0.13342397233542508
-0.214020266281116
-0.1905175757481817
-0.18746979800679683
-0.19171451418475813
-0.19338743140960082
-0.1998273105564849
-0.20932318799698513
-0.21132053186372135
-0.15330654840735994
0.17740564264645592
0.15459078011692068
0.17225535201647288
0.1892362680279686
0.2063485658290638
0.21553741338058124
0.22450085135631842
0.22784881443770041
0.20918153705527381
0.11028457001182461
-0.13406306666436657
-0.21390341746983116
-0.19034218699011346
-0.18755084102258446
-0.19175829683521572
-0.19336279479373022
-0.1997249243305246
-0.20918064680168236
-0.2112220799362739
-0.15347288306188195
0.17781418068138313
0.15457479570498445
0.17209247557626325
0.1891183775058398
0.20624506379608584
0.21549246752629636
0.22449009494497466
0.22788623734078398
0.20932915604127633
0.11057175284262372
-0.13469239321749008
-0.2137805798089427
-0.19017688556205492
-0.18763321184054657
-0.1917999154052581
-0.19333648440271242
-0.19962288580238813
-0.2090396355458471
-0.21112458958247315
-0.1536364253516153
0.17821978227417284
0.1545657215660453
0.17193021042319967
0.18900075244136133
0.20614173601051333
0.21544690237237513
0.22447855105048772
0.2279226284480668
0.2094751743106998
0.1108582790168669
-0.13531204405100067
-0.2136521461869469
-0.19002138183021372
-0.18771667618319876
-0.19183941310291364
-0.1933086345804622
-0.19952124362499368
-0.20890013483096945
-0.2110280388246292
-0.15379722941523014
0.17862241088886743
0.1545634460941236
0.17176860649756887
0.1888833869348381
0.20603856982070254
0.21540071360730775
0.2244662151474866
0.22795798650363233
0.2096195985913196
0.11114412483144209
-0.1359221169957669
-0.21351849335639703
-0.18987538591783476
-0.18780101648927028
-0.19187683778316866
-0.1932793715850812
-0.1994200421168174
-0.20876212563977709
-0.2109324076567332
-0.15395534981886325
0.1790220305208195
0.15456785535322806
0.17160771354293589
0.1887662747380956
0.2059355538317228
0.21535389831222101
0.22445308421397245
0.227992311720392
0.209762436486136
0.11142926579379756
-0.1365227153001861
-0.2133799822006534
-0.189738608482016
-0.18788603113006624
-0.1919122412225785
-0.1932488140662504
-0.1993193215855112
-0.20862558928312966
-0.2108376777901375
-0.15411084126856975
0.17941860581571709
0.15457883345522236
0.1714475810694102
0.18864940931563265
0.20583267782347656
0.2153064548715592
0.2244391566388516
0.22802560569337146
0.20990369645786672
0.1117136768758464
-0.1371139472447083
-0.21323695803534146
-0.18961076143112426
-0.18797153363777894
-0.19194567846233573
-0.1932170735164521
-0.1992191186305701
-0.20849050735746724
-0.21074383242941552
-0.1542637583594641
0.1798121021955906
0.1545962629148395
0.17128825831751968
0.18853278389967162
0.2057299326685492
0.21525838288129537
0.224424432125684
0.22805787130735886
0.21004338780070386
0.1119973327390432
-0.13769592573760775
-0.21308975094050658
-0.18949155858276515
-0.188057351947723
-0.1919772072151923
-0.1931842546974071
-0.19911946642617734
-0.20835686171115547
-0.2106508560751197
-0.15441415535814357
0.18020248598729818
0.15462002498240343
0.17112979422264174
0.18841639153974238
0.20562731025066117
0.21520968305617247
0.22440891159451748
0.22808911264119203
0.21018152060230672
0.11228020793312884
-0.1382687679001023
-0.212938676119397
-0.18938071626306446
-0.18814332765636715
-0.19200688733164123
-0.19315045604297823
-0.19902039498529608
-0.2082246344182953
-0.21055873435049718
-0.15456208601523247
0.18058972454983033
0.1546499999548889
0.1709722373799732
0.1883002251473723
0.20552480338444803
0.21516035713723716
0.22439259708336268
0.22811933487058095
0.21031810569854342
0.11256227707085256
-0.13883259464758116
-0.21278403427985954
-0.18927795384862878
-0.18822931529688117
-0.19203478032083884
-0.19311577003969146
-0.19892193140602704
-0.20809380775878022
-0.21046745384955298
-0.15470760340514444
0.18097378639749664
0.15468606746600244
0.17081563601005015
0.18818427753639153
0.2054224057371504
