0.0
0.05
0.1
0.0462114738297724
0.08
0.09
-0.08580159304961373
-0.08657599812190009
0.053631396815615795
-0.09
-0.05
-0.05453306778571119
0.0
0.05
0.1
0.06133471151141361
0.08
0.09
-0.0940364646566906
0.062234023616353266
0.08908324499388408
-0.09
-0.05
-0.06945327904251496
0.0
0.05
0.1
0.0998292536775677
0.08
0.09
0.007998526508541005
0.09550248527285471
-0.06831243472532773
-0.09
-0.05
0.009817732761704657
0.0
0.05
0.1
-0.01132192788755413
0.08
0.09
-0.017427623051009446
-0.042700484614817416
-0.06615241846291786
-0.09
-0.05
-0.00250847604979052
0.0
0.05
0.1
0.07812193429649868
0.08
0.09
0.007151599375622087
0.014334110546594636
-0.04917696011436959
-0.09
-0.05
0.0381558839599016
0.0
0.05
0.1
-0.03324302904742928
0.08
0.09
-0.04799857336028249
-0.016124476656256027
-0.0749205075738695
-0.09
-0.05
0.049572161021766474
0.0
0.05
0.1
-0.06616747901201463
0.08
0.09
-0.009717224760057786
-0.04339631984454291
2.2219556032221366E-4
-0.09
-0.05
0.002217419561977274
0.0
0.05
0.1
-0.03294930844712818
0.08
0.09
-0.036070181872095965
0.0685523131310544
-0.08923985380896703
-0.09
-0.05
0.07990159045955181
0.0
0.05
0.1
0.01166062335418061
0.08
0.09
-0.056272533194058005
-0.09043574412637106
-0.07943295862679114
-0.09
-0.05
0.011411250368685422
0.0
0.05
0.1
-0.04314569521021459
0.08
0.09
0.04172014716964337
0.08833600456101803
-0.08452802213524702
-0.09
-0.05
-0.04829021784116581
0.0
0.05
0.1
-9.292684662246975E-4
0.08
0.09
-0.07190057259038067
0.0274771841755044
0.029275242382640544
-0.09
-0.05
0.034672162777603835
0.0
0.05
0.1
-0.06865951674634684
0.08
0.09
-0.010359739315530515
-0.020785973616179933
-0.0701301646106205
-0.09
-0.05
-0.09855889561524883
0.0
0.05
0.1
0.07766756208738934
0.08
0.09
-0.04394026681525123
0.04846360182059722
0.09215941141475748
-0.09
-0.05
-0.06507685792229094
0.0
0.05
0.1
0.06793823790746127
0.08
0.09
0.07471064136692833
0.021911194415760973
-0.086925777553368
-0.09
-0.05
0.0792382254215333
0.0
0.05
0.1
-0.09986765732730828
0.08
0.09
-0.009979193137333975
-0.06177398080858383
-0.09594966965721206
-0.09
-0.05
-0.007491979509463099
0.0
0.05
0.1
-0.0972704943552027
0.08
0.09
-0.013850238253332559
-0.07368539323598022
0.047580137333218
-0.09
-0.05
0.04350563059378332
0.0
0.05
0.1
-0.04693451119444539
0.08
0.09
-0.01956631574186518
0.08807543433837228
0.09346594250251064
-0.09
-0.05
-0.0894427862326066
0.0
0.05
0.1
0.060791144600340366
0.08
0.09
0.05917895491420105
0.0338972787565242
0.060689074637798185
-0.09
-0.05
-0.06027754109486272
0.0
0.05
0.1
0.04518276631845639
0.08
0.09
-0.02902927235180648
-0.010574294031185217
-0.08730303258141262
-0.09
-0.05
-0.04439937354013157
0.0
0.05
0.1
0.0483862402228769
0.08
0.09
-0.07251273065038936
0.09907184077958492
-0.005364132894682472
-0.09
-0.05
0.05090087891762281
0.0
0.05
0.1
0.08316341071616307
0.08
0.09
-0.003669814090365642
0.04539372934681203
0.014718989889112155
-0.09
-0.05
-0.009156419221204892
0.0
0.05
0.1
-0.0653644793353029
0.08
0.09
0.03994593420952197
0.09575729057367321
-0.030504042202581117
-0.09
-0.05
-0.09193717963625732
0.0
0.05
0.1
-0.03594955783770799
0.08
0.09
-0.00844708739325919
0.06237033474989393
-0.047869926676915524
-0.09
-0.05
-0.09262689377373055
0.0
0.05
0.1
0.01377589711659475
0.08
0.09
0.042201107376350015
-0.07545666873020543
0.03862298563961917
-0.09
-0.05
-0.00616558968862806
0.0
0.05
0.1
-0.07654516082843177
0.08
0.09
0.018655710695439788
-0.009596544827461063
-0.039148113927927546
-0.09
-0.05
-0.04983657908991808
0.0
0.05
0.1
-0.0536599994127861
0.08
0.09
0.08256261884138816
-0.03131164918583902
-0.0142195907978933
-0.09
-0.05
0.06073404969824912
0.0
0.05
0.1
0.03291686955461803
0.08
0.09
-0.0029501665935969036
0.050961741014439094
-0.08737855256278422
-0.09
-0.05
0.07110112838455078
0.0
0.05
0.1
0.028566892176499173
0.08
0.09
0.05414549234262087
-0.0362112882645774
0.05629507683318196
-0.09
-0.05
0.017956636192599417
0.0
0.05
0.1
-0.06237063386286217
0.08
0.09
-0.001372843950512892
-0.09587675022988196
-0.06466031453055099
-0.09
-0.05
-0.07964787122623183
0.0
0.05
0.1
-0.06591903308972491
0.08
0.09
0.031510122648696015
0.006308552583343974
-0.048525300784639326
-0.09
-0.05
0.01643295983668891
0.0
0.05
0.1
-0.032670574059600346
0.08
0.09
0.036560708185896566
-0.03553954604775624
-0.09086801991117804
-0.09
-0.05
0.010243818707527597
0.0
0.05
0.1
-0.08964771358429752
0.08
0.09
-0.09991403559860844
-0.06973912996043967
-0.053804787746728505
-0.09
-0.05
-0.018330103059135672
0.0
0.05
0.1
0.03851638630490087
0.08
0.09
-0.061219800370145405
-0.024130620962513973
0.04851502853035488
-0.09
-0.05
-0.04756227009120276
0.0
0.05
0.1
-0.005321489809492453
0.08
0.09
0.010452763924532116
-0.07081777017193121
-0.08602185580169178
-0.09
-0.05
0.007353594948288489
0.0
0.05
0.1
0.09525569021810798
0.08
0.09
-0.047252621193325496
-0.09968275315573472
0.07735334314995977
-0.09
-0.05
0.07951933111453786
0.0
0.05
0.1
-0.05959511599391696
0.08
0.09
0.017092362368394953
-0.007855047251805058
-0.03795799781731379
-0.09
-0.05
-0.0700756413962557
0.0
0.05
0.1
0.008679680614948549
0.08
0.09
-0.022430064957255726
0.06395954055483444
0.09332782884222382
-0.09
-0.05
0.016233247685453447
0.0
0.05
0.1
0.013825397384557125
0.08
0.09
0.08251311964098512
0.05790233743915434
0.09072604340759005
-0.09
-0.05
0.05530855878469563
0.0
0.05
0.1
0.07189798417684133
0.08
0.09
-0.03734308734920995
-0.06369602971669026
-0.09757212419210129
-0.09
-0.05
0.0634437569741979
0.0
0.05
0.1
0.0356848288306556
0.08
0.09
-0.05731180912816583
-0.02963618516368003
-0.002651468836421245
-0.09
-0.05
0.0037194467381177934
0.0
0.05
0.1
0.0873816670988683
0.08
0.09
0.049032549806767814
0.09407542650838041
-0.01848244093260847
-0.09
-0.05
-4.981103603854953E-4
0.0
0.05
0.1
-0.0015721050042199593
0.08
0.09
-0.061462171671159194
-0.058551272919135644
0.04397586390736861
-0.09
-0.05
-0.02308473476779247
0.0
0.05
0.1
-0.05201301997833246
0.08
0.09
0.06008954218814342
0.0411624929612408
0.09831546853698173
-0.09
-0.05
0.0890522069678804
0.0
0.05
0.1
0.09131831980066829
0.08
0.09
0.02072503773964958
0.09396878884666926
-0.09825701576655198
-0.09
-0.05
0.03452965328956688
0.0
0.05
0.1
-0.03936401436636772
0.08
0.09
-0.027023209716077613
0.01950271890670481
-0.016833087713388897
-0.09
-0.05
-0.08158632674136196
0.0
0.05
0.1
0.010277151009438535
0.08
0.09
-0.06867712241588489
-0.03245896176508478
0.0712794383384137
-0.09
-0.05
-0.0079340615903023
0.0
0.05
0.1
-0.04672700673557766
0.08
0.09
0.01998081258178317
-0.04700958543777481
-0.09422383738314827
-0.09
-0.05
-0.05047925150638619
0.0
0.05
0.1
0.01776632219101373
0.08
0.09
0.055950894197886486
0.02463441885534208
-0.040540339476556865
-0.09
-0.05
-0.07712664353750323
0.0
0.05
0.1
0.041067235931265315
0.08
0.09
0.08117394414753959
0.01746722670518257
-0.0373944643940916
-0.09
-0.05
0.001012362325740912
0.0
0.05
0.1
-0.0497301208679326
0.08
0.09
0.023767083116113353
-0.008295018683967004
0.06710999775668898
-0.09
-0.05
-0.04010002418472345
0.0
0.05
0.1
0.006933831341764685
0.08
0.09
0.0352666295310538
0.0245823829395901
-0.07306279287053707
-0.09
-0.05
0.02540795982119917
0.0
0.05
0.1
0.0469019562972737
0.08
0.09
0.010241010661576455
-0.08802405160520853
-0.08953084491931876
-0.09
-0.05
-0.049756535848136156
0.0
0.05
0.1
-0.025703400572293658
0.08
0.09
-0.06498487465327167
0.045786036131629154
0.05363259919335002
-0.09
-0.05
-0.04458862890193227
0.0
0.05
0.1
0.09239713429921947
0.08
0.09
0.06892256832466008
0.0717707368169529
-0.03888729843361896
-0.09
-0.05
-0.08350242214769331
0.0
0.05
0.1
0.016617872372021083
0.08
0.09
0.06669995692185318
0.0849457024675465
0.06441336677630016
-0.09
-0.05
0.04023489871718416
0.0
0.05
0.1
-0.0687846889721175
0.08
0.09
0.08346016304341386
0.09140834030877854
-0.05528355716237712
-0.09
-0.05
0.0236186773513011
0.0
0.05
0.1
-0.04142794140205606
0.08
0.09
-0.05989539743159236
-0.06594769216723424
0.06702700936083872
-0.09
-0.05
-0.015562565590381605
0.0
0.05
0.1
-0.08328011428564602
0.08
0.09
0.08991094685084033
0.04452225181022376
0.08844745248712432
-0.09
-0.05
0.03851327064885251
0.0
0.05
0.1
0.07784114457483976
0.08
0.09
0.036087923539017845
0.016209022531986996
-0.0170508118244451
-0.09
-0.05
-0.06287783520589617
0.0
0.05
0.1
-0.08963552152633053
0.08
0.09
-0.028075036148243672
0.08626551487175203
-0.05006436186037362
-0.09
-0.05
-0.09822600513621407
0.0
0.05
0.1
-0.08563795282114738
0.08
0.09
-0.08674212878016874
0.03357251017824075
-0.026686070980271183
-0.09
-0.05
-0.041559214089151024
0.0
0.05
0.1
0.040550157011565995
0.08
0.09
0.07767399473715382
-0.06878386458703148
0.09769278822046529
-0.09
-0.05
0.006968137584333789
0.0
0.05
0.1
-0.06454282237726576
0.08
0.09
0.043418116722305736
-0.004857160754788304
-0.03844804013384731
-0.09
-0.05
0.013202875654369884
0.0
0.05
0.1
-0.030708512967191594
0.08
0.09
-0.052564938289207566
0.025898615439694874
-0.05648984965731965
-0.09
-0.05
-0.0973906831756002
0.0
0.05
0.1
-0.00936882222841553
0.08
0.09
-0.09262668128882315
-0.09972511821576556
0.053756397734099126
-0.09
-0.05
0.007990569520425983
0.0
0.05
0.1
0.09705648897875288
0.08
0.09
0.07452753401293295
0.008688959873937764
0.051779508115217455
-0.09
-0.05
-0.004580525645685474
0.0
0.05
0.1
-0.0810816527252945
0.08
0.09
0.03834275218553691
-0.00148944684480945
0.05408421225917886
-0.09
-0.05
0.09853021671170792
0.0
0.05
0.1
-0.037878015732269676
0.08
0.09
0.04984190380754028
0.04147202521779989
0.06884700442208684
-0.09
-0.05
0.04071490396189135
0.0
0.05
0.1
-0.05548312714563735
0.08
0.09
0.04964612792680532
-0.06519219916532384
-0.03745917056058277
-0.09
-0.05
0.04817429335617414
0.0
0.05
0.1
0.0605124780426388
0.08
0.09
-0.03851271099104761
0.03277169124074886
0.027422839907795416
-0.09
-0.05
-0.04327331552268754
0.0
0.05
0.1
0.013047462209280103
0.08
0.09
0.026489514271638995
0.02146886222781559
-0.07371562197534287
-0.09
-0.05
0.01619844287505374
0.0
0.05
0.1
0.026067297898196062
0.08
0.09
-0.0638761293741501
0.05117587735679061
-0.013265918623234963
-0.09
-0.05
-0.005607677879173334
0.0
0.05
0.1
-0.018874372366082096
0.08
0.09
-0.001406762627675584
-0.045953156168712386
-0.006874916807115206
-0.09
-0.05
-0.0037800039135989618
0.0
0.05
0.1
-0.032592891300649754
0.08
0.09
0.017335468509519104
-0.04927003165020327
-0.03147804168086064
-0.09
-0.05
-0.06736795486205856
0.0
0.05
0.1
-0.023961624498085324
0.08
0.09
-0.05893217112115219
-0.0917638013999188
-0.01281555127658527
-0.09
-0.05
0.010395951744672605
0.0
0.05
0.1
-0.04045225154117356
0.08
0.09
-0.021063493354095145
-0.003426174823382522
-0.05785100478411567
-0.09
-0.05
-0.04865022648769826
0.0
0.05
0.1
0.09016764582979545
0.08
0.09
0.07535807292151997
-0.08177067093034532
0.09171786565168845
-0.09
-0.05
0.09415994539945177
0.0
0.05
0.1
0.03263565842393732
0.08
0.09
-0.0326031813453066
0.08944905393450875
-0.0010045763441438372
-0.09
-0.05
-0.039624769694269646
0.0
0.05
0.1
0.0664043562530593
0.08
0.09
-0.03976074246743438
-0.05575198628538061
0.08289335695046499
-0.09
-0.05
0.07910926031181274
0.0
0.05
0.1
0.08875584947586693
0.08
0.09
0.057606577393241425
0.041804831120622256
0.03698839260493474
-0.09
-0.05
0.032290457626045675
0.0
0.05
0.1
-0.03385140380871667
0.08
0.09
-0.025236155681685427
0.08793499783244002
0.01085828730531553
-0.09
-0.05
-0.0017454301748850432
0.0
0.05
0.1
0.009989939436133622
0.08
0.09
0.08999291609220739
0.05608212146013365
0.05052152356054156
-0.09
-0.05
5.602254942787433E-4
0.0
0.05
0.1
-0.00940709304571834
0.08
0.09
-0.09927916406711197
0.009017592021321885
0.07071483188279042
-0.09
-0.05
-0.001803404291259625
0.0
0.05
0.1
-0.003121759620721143
0.08
0.09
-0.06546125344876104
0.0973576682232112
0.08918645007247211
-0.09
-0.05
0.04161276641434211
0.0
0.05
0.1
0.04883727107432481
0.08
0.09
0.011584093045611012
-0.06486831924899797
0.04606419853782515
-0.09
-0.05
-0.05310457874600787
0.0
0.05
0.1
0.09616658880052449
0.08
0.09
-0.0014566148030295434
0.03788071191154936
-0.08934793629283228
-0.09
-0.05
-0.039506531053971485
0.0
0.05
0.1
-0.06701406653790105
0.08
0.09
-0.03190994411688504
-0.06107879171271076
0.041568467928770204
-0.09
-0.05
0.07354989176733254
0.0
0.05
0.1
-0.0598049687816987
0.08
0.09
-0.03999639498878458
0.08013698061098083
-0.09130881352847509
-0.09
-0.05
-0.055558970303712756
0.0
0.05
0.1
0.07072783676363668
0.08
0.09
-0.09250071975416814
-0.01749539022288653
0.04851818864099455
-0.09
-0.05
-0.03129413508189676
0.0
0.05
0.1
-0.0724878362121648
0.08
0.09
-0.03271709130449192
0.037926031592860565
0.046768487768489124
-0.09
-0.05
-0.06278808827815907
0.0
0.05
0.1
-0.01999618541387982
0.08
0.09
-0.005739738224807223
-8.73654046258543E-4
0.00868277076341184
-0.09
-0.05
-0.09193610551750589
0.0
0.05
0.1
0.02527536416344014
0.08
0.09
0.09827576063746278
-0.02846044341279823
0.07076754888118268
-0.09
-0.05
-0.08079440099846531
0.0
0.05
0.1
-0.051784490978539016
0.08
0.09
-0.025791810778136328
-0.004711775293838616
0.05675986640365038
-0.09
-0.05
-0.05744171923220507
0.0
0.05
0.1
0.06872383891212812
0.08
0.09
-0.08143736048269867
0.03347990877399354
0.011349019972845832
-0.09
-0.05
0.05441978230682603
0.0
0.05
0.1
-0.09996769352664853
0.08
0.09
-0.0574048051899267
0.013881721545672843
-0.06947107210278801
-0.09
-0.05
-0.07986886911432756
0.0
0.05
0.1
0.0714878872543062
0.08
0.09
-0.08190917656063082
-0.014740391334460035
-0.08290417145240828
-0.09
-0.05
0.08499096047007118
0.0
0.05
0.1
-0.09679567582333788
0.08
0.09
-0.0018371745950275687
-1.8087573729115293E-4
-0.05964670801293968
-0.09
-0.05
-0.02877346887724659
0.0
0.05
0.1
0.042724376634001304
0.08
0.09
0.03970489066095433
0.09367411451572952
0.08401559583837699
-0.09
-0.05
-0.08244721453548334
0.0
0.05
0.1
0.09089090777142249
0.08
0.09
-0.08886852449955339
-0.045612121233514706
-0.014035951308703543
-0.09
-0.05
3.815502229802981E-4
0.0
0.05
0.1
-0.06695504121269623
0.08
0.09
0.040389954694826716
0.0065418437430236455
-0.03486573180766941
-0.09
-0.05
0.05287072016147019
