5.517021934699223E-5, 
0.14976916085512326, 
0.14983878568531578, 
0.14992115753178045, 
0.15001642561325396, 
0.15011591224651064, 
0.1502128702626423, 
0.15032600166994095, 
0.15042812373855363, 
0.15053291369606078, 
0.15063428709090457, 
0.1508096757972596, 
0.15120293992461786, 
0.1512877216946993, 
0.15137538073316534, 
0.1514592034966025, 
0.1515410390930513, 
0.1516193861930983, 
0.15169810466149264, 
0.15177177005661507, 
0.15184589719497352, 
0.15191567892692354, 
0.15198366365440644, 
0.1520521817465688, 
0.15211598144429955, 
0.1521779086871245, 
0.15223887387885415, 
0.1522978128943966, 
0.15235380128584336, 
0.15250137190239463, 
0.15255015976670533, 
0.1526033850114212, 
0.15265962814952644, 
0.15270940808708913, 
0.15276555130798306, 
0.1528112100795673, 
0.1528624674938261, 
0.15291113859166486, 
0.15295819990062937, 
0.15300501891350143, 
0.4496361470553755, 
0.4551728364573742, 
0.45075358931233905, 
0.45062291914152947, 
0.450501075505772, 
0.45040424634835885, 
0.4503006970527629, 
0.4502580373378826, 
0.4501972563816406, 
0.4501257911542581, 
0.450073692005628, 
0.4500234449223837, 
0.450023422343999, 
0.44997143589335253, 
0.44994414014410394, 
0.44993154668748325, 
0.4498861871297521, 
0.44985932445855176, 
0.4498884225887105, 
0.4498413048862955, 
0.449849307493855, 
0.4498323198585011, 
0.4498210054134995, 
0.44980670949661805, 
0.4498034358388445, 
0.449797286724546, 
0.44981298709465756, 
0.44980444712144013, 
0.4497988435493869, 
0.44977760884012274, 
0.44977882976735556, 
0.4497838991593735, 
0.44977972610917405, 
0.4497690346280249, 
0.4497629433150848, 
0.7379208286035212, 
0.7379120708509918, 
0.7407507936400851, 
0.7433360702198981, 
0.7474082973485693, 
0.7519829123528091, 
0.7565250072356491, 
0.7602040929030569, 
0.7592201637582411, 
0.7394557203172206, 
0.7377428874751025, 
0.7382557579023127, 
0.7375591701329496, 
0.7384983335742679, 
0.7378930145231238, 
0.735889590513614, 
0.7387837534213395, 
0.6969839766117961, 
0.7598851619838629, 
0.7271717052141656, 
0.745271087076365, 
0.7294455132242785, 
0.7429400265688252, 
0.7319228099793358, 
0.32061620168546207, 
0.09726418964141774, 
0.09472548332355607, 
0.09442423221779253, 
0.09417736607940873, 
0.09389155303159746, 
0.09382377299034725, 
0.0937605725713634, 
0.0936437490073588, 
0.0936630236858931, 
0.09352525945832244, 
0.09343390745898525, 
0.09353953989065784, 
0.09345273470327417, 
0.09353967158606513, 
0.09343929049307131, 
0.09352324782393041, 
0.09303335300165715, 
0.09380099933715651, 
0.09326919264877939, 
0.093794094132893, 
0.09346138427151313, 
0.09298871330441486, 
0.09434093413236179, 
0.09355060474734855, 
0.09230458387652525, 
0.09326110711020809, 
0.09315384061630816, 
0.09409841991783345, 
0.09450943820645591, 
0.09268708120174084, 
0.09356407385956332, 
0.09411223196498274, 
0.0933738864986987, 
0.09334314619148074, 
0.0936118461514766, 
0.09293382196673373, 
0.09383814907702814, 
0.09242685471291336, 
0.09321075141051269, 
0.09409958124996877, 
0.09386817570519032, 
0.09335926060772133, 
0.09343194345627764, 
0.09329217833067568, 
0.09347296176972433, 
0.09352476302300419, 
0.09401588547912985, 
0.09454223941863148, 
0.09321790931340691, 
0.0927283933312227, 
0.09395004544662636, 
0.09234825736095716, 
0.0936124975568484, 
0.09431741435737423, 
0.09414156540864796, 
0.09298312228141585, 
0.09307756300569879, 
0.09314289027058892, 
0.0938274064267891, 
0.09253447520768343, 
0.09333410600528068, 
0.0931259023202304, 
0.09383724637337033, 
0.09292939149018235, 
0.09391910411123956, 
0.09381105055743137, 
0.0939601286763227, 
0.09315062149629982, 
0.09358195761583936, 
0.09392020291702108, 
0.09368311801099287, 
0.0933459532646731, 
0.0937036892839684, 
0.09315464147052173, 
0.09277814582530775, 
0.0936669092601489, 
0.09361662075413485, 
0.09342807241711755, 
0.09326114389904663, 
0.09383802996673238, 
0.09388710159509275, 
0.09320881353503051, 
0.09396879671671463, 
0.09361630195821871, 
0.09368842291308446, 
0.09347840095228115, 
0.09370930171259563, 
0.09300303224455674, 
0.0929413544515998, 
0.09433879768872545, 
0.09376968172349791, 
0.09384878445023907, 
0.09363732522734668, 
0.09317723371257876, 
0.094461758343124, 
0.09335258382191557, 
0.0934494267433854, 
0.09295192169982609, 
0.09298720065467493, 
0.0929057608257853, 
0.093921329378709, 
0.09368957418437991, 
0.09384323034263792, 
0.09303348962932038, 
0.09382897247525279, 
0.09311290293796144, 
0.09349336709822605, 
0.09374162470416902, 
0.09353462135622163, 
0.09315162808365057, 
0.0939822743287709, 
0.09354499867268225, 
0.09353013633945383, 
0.09310424691749628, 
0.09371113436451281, 
0.09308444414009859, 
0.09331746352919698, 
0.09390685581165659, 
0.09390928132526478, 
0.0939449670425352, 
0.09351065331373036, 
0.09294661497415954, 
0.09317652199925631, 
0.0938873561830778, 
0.09399719628963006, 
0.09313177874487771, 
0.09331841233803286, 
0.09321945925250516, 
0.093850707247536, 
0.0929428421095065, 
0.09359334314025135, 
0.09405466597999118, 
0.0932119474422851, 
0.09335969542223775, 
0.09330650337642468, 
0.09335461664957685, 
0.09367817651174941, 
0.09357030433497697, 
0.0933297203948206, 
0.09365732009359083, 
0.09320161641545549, 
0.09294637929050005, 
0.0927450667638553, 
0.09315762519832575, 
0.09361182650166407, 
0.0932337672584438, 
0.0934832898736222, 
0.09337327805911642, 
0.09365428024234596, 
0.09402796131489839, 
0.09342434094235305, 
0.09400404021757061, 
0.09362804555899255, 
0.09306168860099165, 
0.09374593345827321, 
0.09330445666762283, 
0.0930726401552981, 
0.09333289134330154, 
0.0938128004292582, 
0.0933571768125728, 
0.0935236104643799, 
0.09361341487778545, 
0.09336804105271201, 
0.09324083596631416, 
0.09342749107712535, 
0.09349439215389488, 
0.0934318282571531, 
0.09335546976341799, 
0.09319884247552142, 
0.09315965431324197, 
0.09329127024257773, 
0.09353975795734601, 
0.09293536896189898, 
0.0939357595667451, 
0.09366810503000084, 
0.09351600649096095, 
0.0931544239330146, 
0.09318472064569132, 
0.09378190551221353, 
0.09384580481717256, 
0.0927717645185819, 
0.09341219081874043, 
0.09340275028483143, 
0.0931828933881512, 
0.09383973704818017, 
0.09328741103054176, 
0.09355803185674688, 
0.09305790332398958, 
0.09344844117928307, 
0.09352888663016933, 
0.09280896973472867, 
0.09401290063415446, 
0.09298814021430497, 
0.09361147720628714, 
0.09364957200601551, 
0.09325623697195866, 
0.09337524178704387, 
0.09340910994701883, 
0.09299284937917998, 
0.09336536372873745, 
0.09316351384280848, 
0.09333374226900999, 
0.09413974130185052, 
0.09398973276217304, 
0.09380537726738147, 
0.09333832270583588, 
0.09285813348772151, 
0.0934236147149003, 
0.09316379619590119, 
0.09335521730145163, 
0.09276294512216257, 
0.09361020870870013, 
0.09337078826527864, 
0.09330857990547052, 
0.0932869536631024, 
0.09334367957324591, 
0.09342794760089441, 
0.09384909818821406, 
0.09352944160982975, 
0.09313153144888373, 
0.0928775103598074, 
0.09327210099617972, 
0.09346687377566766, 
0.09342616865450303, 
0.09314142509534935, 
0.0935714880474525, 
0.09309866854699254, 
0.09335880369304911, 
0.09316997144215741, 
0.09352214131561673, 
0.09363248758989268, 
0.0934096364998921, 
0.09316963381393253, 
0.09340040651157608, 
0.09338960373012585, 
0.09334782454526391, 
0.09365754947130907, 
0.09318404813296782, 
0.09283959452852779, 
0.09353581614240418, 
0.09260171442196836, 
0.016802024546747327, 
0.08594358101443576, 
0.08619697772969681, 
0.08666195228315918, 
0.08692679442031181, 
0.08702334872561565, 
0.08720062480623014, 
0.08734212688550771, 
0.08770013637353127, 
0.0878121924802215, 
0.08832484985315835, 
0.09281345321316886, 
0.09340289501741983, 
0.09301048875974229, 
0.09318863457010675, 
0.0933476054694333, 
0.09343141848891909, 
0.09362551225270434, 
0.09326550030687045, 
0.09331886972462018, 
0.09340581386927994, 
0.09321289637645135, 
0.09329994284609952, 
0.09293735918641087, 
0.09360246513584242, 
0.09314308151352314, 
0.09310304172355986, 
0.09345014350770671, 
0.09364209481848333, 
0.09358011713002203, 
0.09312028731329858, 
0.09328948599068518, 
0.09274478452500748, 
0.09326037485263941, 
0.09411177796136698, 
0.09285100485143416, 
0.09351159674567526, 
0.0935485528724306, 
0.09313964132072121, 
0.09346459197801335, 
0.09330952790337754, 
0.09315057392914027, 
0.09348521863464593, 
0.09337419198010044, 
0.09319425256050953, 
0.09348905906548687, 
0.09328065008002964, 
0.09355538083229681, 
0.0933471660157422, 
0.09322751196213788, 
0.09346070059581085, 
0.0935721276539835, 
0.09311012489440526, 
0.09368866457296393, 
0.09313495791215995, 
0.09346049082152046, 
0.0928243021472376, 
0.0930851388625268, 
0.09335131662506789, 
0.09318381067886662, 
0.09384481851695863, 
0.0932028700857909, 
0.0937995458557608, 
0.09318375588212333, 
0.09328524437728285, 
0.09334120078062026, 
0.09314942466678701, 
0.09329644794435633, 
0.09384944179500498, 
0.09326553347393973, 
0.09333621966150735, 
0.09304990117687083, 
0.09360084658436552, 
0.09358138798593826, 
0.09318891725573887, 
0.09335592035363494, 
0.09306145689719753, 
0.09336864841213631, 
0.0931058757223405, 
0.09324112637094414, 
0.09310601227576505, 
0.09363523036259463, 
0.09311960613317116, 
0.09362480513490441, 
0.09332237899096055, 
0.09323265047017838, 
0.09338084485500871, 
0.09328985972923455, 
0.0932023600385879, 
0.09350790393935961, 
0.09354126144814003, 
0.0934291817374863, 
0.0936163967117892, 
0.09372454407170938, 
0.09305653200803135, 
0.0935277775585527, 
0.09327132367197154, 
0.09334372805256563, 
0.0935296475598909, 
0.09355663186306067, 
0.09345905991075909, 
0.09337969565351538, 
0.09295309194510938, 
0.09315697663288756, 
0.09321770765115359, 
0.09341557990376449, 
0.09324959535469429, 
0.09371291674821737, 
0.0933136264592974, 
0.09347024648428069, 
0.0932607534232276, 
0.09348058443348098, 
0.09349858118077738, 
0.093262131113565, 
0.09322242361890212, 
0.1545819469350015, 
0.15430306997344687, 
0.15403436052373565, 
0.15377302950400631, 
0.153511947484187, 
0.15326767097183644, 
0.15304672836404556, 
0.1528402883000524, 
0.152639471728165, 
0.15247409815702304, 
0.15237028540761924, 
0.15243622734542742, 
0.15225823833954433, 
0.15209440723818643, 
0.15195878539104093, 
0.15184594860772338, 
0.15175915182996638, 
0.1516887067594322, 
0.1516464180119871, 
0.15161804503969342, 
0.15161307011948252, 
0.15162377902714735, 
0.15164326142205184, 
0.15168146269683006, 
0.15173019551214173, 
0.15178588459510298, 
0.15184950003998987, 
0.15192186798674703, 
0.15226528883217347, 
0.15232443178759972, 
0.15238079856117742, 
0.15241855641890123, 
0.15243270941296888, 
0.15244315984296655, 
0.1524484736856997, 
0.15247499128111308, 
0.15251789228934917, 
0.15258448206966457, 
0.15267453105211684, 
0.15711912645499782, 
0.15711724762884946, 
0.1571158339247889, 
0.15711476304120153, 
0.1571144662193562, 
0.1571137673609827, 
0.15711312648093576, 
0.1571125249745192, 
0.15711195032831096, 
0.15711141206130483, 
0.15711090009535036, 
0.15711042075511783, 
0.1571099681471083, 
0.15710954008803021, 
0.1571091392559324, 
0.1571087703689285, 
0.1571084211021883, 
0.15710809098641465, 
0.15710777908370915, 
0.15710749504980814, 
0.15710721811459258, 
0.15710695204117792, 
0.15710667109213305, 
0.15710644455452222, 
0.15710623862311615, 
0.1571060426176898, 
0.15710585925551998, 
0.15710568544703876, 
0.15710552640702163, 
0.1571053732754553, 
0.1571052333839571, 
0.1571050993670313, 
0.15710497413961944, 
0.1571048600015501, 
0.15710474990688278, 
0.15710464685823833, 
0.15710455136565774, 
0.15710446177382606, 
0.15710437674356154, 
0.15710424758471722, 
0.1571041761537087, 
0.15710412226850848, 
0.15710408314992008, 
0.15710405396757293, 
0.15710403284299013, 
0.15710401687926254, 
0.15710400557259566, 
0.15710399825127655, 
0.15710399304368108, 
0.15710398899994274, 
0.1569207189621491, 
0.15683675531534827, 
0.1567517592072143, 
0.15667822414827506, 
0.1566454471890356, 
0.15662396075193638, 
0.15657808517895855, 
0.15656756135647099, 
0.15658955572867386, 
0.15657874226724858, 
0.1564037959605452, 
0.1556995898426762, 
0.1560570081983997, 
0.1563031685382228, 
0.15644967577396907, 
0.15654383544425574, 
0.1565958229791562, 
0.15664240694818968, 
0.15665311299992157, 
0.1566726174381389, 
0.1566681914866751, 
0.1566630875966623, 
0.15667200731960695, 
0.15665689158303783, 
0.15664387479838388, 
0.15663823683639008, 
0.15663086588176273, 
0.1566165488701471, 
0.15585767852558408, 
0.15613828878128252, 
0.1563111705018859, 
0.15643894716129975, 
0.15655635848864696, 
0.15664154964569613, 
0.15674630230938538, 
0.15683287008917643, 
0.15694315651671162, 
0.1570642058201342, 
0.15720028332620486, 
