5.517021934699223E-5, 
0.14976916085512326, 
0.33960529494746683, 
0.3395356701172743, 
0.33945329827080967, 
0.33935803018933614, 
0.3392585435560795, 
0.3391615855399478, 
0.33904845413264917, 
0.33894633206403646, 
0.3388415421065293, 
0.33874016871168555, 
0.33856478000533047, 
0.33817151587797223, 
0.3380867341078908, 
0.3379990750694247, 
0.3379152523059876, 
0.3378334167095388, 
0.33775506960949175, 
0.33767635114109745, 
0.337602685745975, 
0.33752855860761655, 
0.33745877687566656, 
0.3373907921481837, 
0.3373222740560213, 
0.33725847435829054, 
0.3371965471154656, 
0.33713558192373594, 
0.3370766429081935, 
0.33702065451674673, 
0.3368730839001955, 
0.33682429603588476, 
0.33677107079116886, 
0.33671482765306365, 
0.33666504771550093, 
0.336608904494607, 
0.33656324572302276, 
0.336511988308764, 
0.3364633172109252, 
0.3364162559019607, 
0.33636943688908866, 
2.830786937654858E-4, 
0.00581976809576416, 
0.005098059604431874, 
0.004478358287359506, 
0.00394012940276091, 
0.0034745166519319576, 
0.0030715086557608095, 
0.0027190761071146582, 
0.0024169667998386836, 
0.002152968890152503, 
0.0019212307073465113, 
0.0017228448381962412, 
0.001550308728510021, 
0.0014005209507289946, 
0.0012698507799194269, 
0.00114800714416195, 
0.0010511779867488327, 
9.476286911528433E-4, 
9.049689762725696E-4, 
8.441880200305472E-4, 
7.727227926480528E-4, 
7.206236440179921E-4, 
6.703765607736519E-4, 
6.703539823889554E-4, 
6.183675317424718E-4, 
5.910717824938752E-4, 
5.784783258731899E-4, 
5.331187681420543E-4, 
5.062560969416918E-4, 
5.353542271004528E-4, 
4.882365246854297E-4, 
4.962391322449672E-4, 
4.792514968910524E-4, 
4.6793705188947923E-4, 
4.536411350080111E-4, 
4.503674772344711E-4, 
4.442183629359513E-4, 
4.5991873304750537E-4, 
4.513787598300717E-4, 
4.4577518777681204E-4, 
4.2454047851271936E-4, 
4.257614057455016E-4, 
4.3083079776344265E-4, 
4.266577475640164E-4, 
4.159662664148864E-4, 
4.0987495347476525E-4, 
0.18270800891100725, 
0.1826992511584778, 
0.18268393686626666, 
0.18273895813037536, 
0.18274727584222283, 
0.18268301183186225, 
0.1827317409284019, 
0.18263977001029036, 
0.18273185282754925, 
0.1826697706693569, 
0.18269089416384873, 
0.1826838837298034, 
0.18329388170723174, 
0.18553797394757118, 
0.18812325052738416, 
0.19219547765605535, 
0.19677009266029524, 
0.20131218754313518, 
0.204991273210543, 
0.2040073440657325, 
0.18424290062471207, 
0.18253006778259395, 
0.1830429382098041, 
0.182346350440441, 
0.18328551388175934, 
0.18268019483061523, 
0.18067677082110542, 
0.18357093372883088, 
0.1417711569192875, 
0.20467234229135434, 
0.17195888552165706, 
0.19005826738385642, 
0.17423269353176998, 
0.1877272068763166, 
0.17670999028682716, 
0.10462440754007325, 
0.03240925408404789, 
0.034947960401909554, 
0.0352492115076731, 
0.03549607764605691, 
0.03578189069386816, 
0.035849670735118376, 
0.03591287115410223, 
0.036029694718106825, 
0.03601042003957252, 
0.0361481842671432, 
0.03623953626648039, 
0.03613390383480778, 
0.03622070902219146, 
0.03613377213940049, 
0.036234153232394324, 
0.03615019590153522, 
0.03664009072380848, 
0.035872444388309124, 
0.03640425107668623, 
0.03587934959257263, 
0.0362120594539525, 
0.03668473042105077, 
0.035332509593103835, 
0.03612283897811708, 
0.03736885984894038, 
0.03641233661525754, 
0.036519603109157465, 
0.03557502380763218, 
0.035164005519009715, 
0.036986362523724794, 
0.03610936986590232, 
0.0355612117604829, 
0.03629955722676694, 
0.0363302975339849, 
0.03606159757398903, 
0.03673962175873189, 
0.03583529464843749, 
0.037246589012552275, 
0.036462692314952944, 
0.035573862475496855, 
0.035805268020275303, 
0.0363141831177443, 
0.03624150026918799, 
0.03638126539478994, 
0.03620048195574129, 
0.03614868070246143, 
0.03565755824633577, 
0.03513120430683416, 
0.03645553441205872, 
0.036945050394242944, 
0.03572339827883927, 
0.03732518636450847, 
0.036060946168617235, 
0.0353560293680914, 
0.03553187831681767, 
0.036690321444049774, 
0.03659588071976684, 
0.03653055345487672, 
0.03584603729867652, 
0.03713896851778221, 
0.03633933772018495, 
0.03654754140523524, 
0.0358361973520953, 
0.03674405223528328, 
0.03575433961422606, 
0.03586239316803425, 
0.03571331504914294, 
0.036522822229165815, 
0.03609148610962628, 
0.03575324080844455, 
0.035990325714472755, 
0.03632749046079253, 
0.035969754441497234, 
0.0365188022549439, 
0.036895297900157886, 
0.036006534465316736, 
0.03605682297133078, 
0.03624537130834809, 
0.036412299826419, 
0.035835413758733246, 
0.03578634213037287, 
0.036464630190435124, 
0.03570464700875101, 
0.03605714176724691, 
0.03598502081238116, 
0.036195042773184485, 
0.03596414201287, 
0.036670411480908896, 
0.036732089273865835, 
0.03533464603674018, 
0.03590376200196772, 
0.03582465927522656, 
0.036036118498118955, 
0.03649621001288687, 
0.03521168538234164, 
0.03632085990355007, 
0.036224016982080234, 
0.03672152202563953, 
0.0366862430707907, 
0.03676768289968033, 
0.03575211434675663, 
0.03598386954108571, 
0.035830213382827714, 
0.036639954096145254, 
0.03584447125021284, 
0.03656054078750419, 
0.036180076627239585, 
0.03593181902129661, 
0.03613882236924399, 
0.03652181564181506, 
0.03569116939669473, 
0.036128445052783384, 
0.036143307386011805, 
0.03656919680796935, 
0.03596230936095283, 
0.03658899958536705, 
0.03635598019626866, 
0.03518306709507326, 
0.03576416240020085, 
0.03572847668293043, 
0.03616279041173527, 
0.03672682875130609, 
0.03649692172620932, 
0.03578608754238784, 
0.03567624743583558, 
0.03654166498058792, 
0.036355031387432776, 
0.03645398447296047, 
0.03582273647792963, 
0.03673060161595914, 
0.036080100585214284, 
0.03561877774547444, 
0.03646149628318053, 
0.03631374830322787, 
0.03636694034904094, 
0.03631882707588878, 
0.03599526721371622, 
0.03610313939048866, 
0.03634372333064503, 
0.0360161236318748, 
0.036471827310010134, 
0.03672706443496558, 
0.03692837696161033, 
0.03651581852713987, 
0.036061617223801565, 
0.03643967646702183, 
0.036190153851843425, 
0.03630016566634921, 
0.03601916348311967, 
0.035645482410567246, 
0.03624910278311258, 
0.03566940350789502, 
0.03604539816647307, 
0.03661175512447398, 
0.03592751026719242, 
0.03636898705784281, 
0.036600803570167526, 
0.03634055238216409, 
0.035860643296207424, 
0.03631626691289283, 
0.036149833261085736, 
0.036060028847680184, 
0.03630540267275362, 
0.03643260775915147, 
0.036245952648340275, 
0.036179051571570746, 
0.03624161546831253, 
0.03631797396204764, 
0.036474601249944213, 
0.036513789412223656, 
0.0363821734828879, 
0.03613368576811963, 
0.03673807476356665, 
0.03573768415872053, 
0.036005338695464795, 
0.03615743723450468, 
0.036519019792451035, 
0.03648872307977432, 
0.0358915382132521, 
0.03582763890829307, 
0.03690167920688373, 
0.03626125290672521, 
0.03627069344063421, 
0.03649055033731444, 
0.03583370667728546, 
0.03638603269492387, 
0.03611541186871875, 
0.036615540401476056, 
0.036225002546182564, 
0.03614455709529631, 
0.036864473990736966, 
0.03566054309131117, 
0.03668530351116065, 
0.03606196651917849, 
0.03602387171945012, 
0.036417206753506966, 
0.03629820193842176, 
0.036264333778446796, 
0.03668059434628565, 
0.03630807999672818, 
0.03650992988265715, 
0.03633970145645564, 
0.035533702423615116, 
0.0356837109632926, 
0.03586806645808415, 
0.036335121019629754, 
0.03681531023774413, 
0.03624982901056534, 
0.03650964752956445, 
0.03631822642401399, 
0.03691049860330306, 
0.036063235016765505, 
0.036302655460186996, 
0.03636486381999511, 
0.03638649006236324, 
0.036329764152219716, 
0.03624549612457121, 
0.03582434553725157, 
0.036144002115635884, 
0.036541912276581906, 
0.03679593336565823, 
0.03640134272928592, 
0.03620656994979796, 
0.03624727507096261, 
0.03653201863011628, 
0.03610195567801314, 
0.03657477517847309, 
0.036314640032416516, 
0.03650347228330822, 
0.0361513024098489, 
0.036040956135572955, 
0.036263807225573534, 
0.0365038099115331, 
0.03627303721388955, 
0.03628383999533979, 
0.03632561918020172, 
0.036015894254156564, 
0.0364893955924978, 
0.03683384919693785, 
0.03613762758306145, 
0.041348593872307285, 
0.03685999051229677, 
0.036270548708045795, 
0.036662954965723346, 
0.036484809155358885, 
0.03632583825603234, 
0.03624202523654654, 
0.036047931472761294, 
0.03640794341859519, 
0.03635457400084544, 
0.03626762985618569, 
0.03646054734901429, 
0.036373500879366104, 
0.03673608453905476, 
0.036070978589623215, 
0.03653036221194248, 
0.036570402001905776, 
0.03622330021775893, 
0.0360313489069823, 
0.036093326595443606, 
0.03655315641216705, 
0.03638395773478045, 
0.03692865920045816, 
0.03641306887282623, 
0.03556166576409865, 
0.03682243887403147, 
0.036161846979790364, 
0.036124890853035045, 
0.03653380240474442, 
0.03620885174745228, 
0.03636391582208809, 
0.036522869796325366, 
0.03618822509081971, 
0.03629925174536519, 
0.0364791911649561, 
0.03618438465997876, 
0.03639279364543599, 
0.03611806289316882, 
0.03632627770972344, 
0.03644593176332775, 
0.03621274312965478, 
0.03610131607148213, 
0.03656331883106037, 
0.0359847791525017, 
0.03653848581330568, 
0.036212952903945175, 
0.036849141578228044, 
0.036588304862938834, 
0.03632212710039775, 
0.036489633046599, 
0.035828625208507, 
0.036470573639674736, 
0.03587389786970484, 
0.0364896878433423, 
0.03638819934818279, 
0.03633224294484537, 
0.03652401905867862, 
0.0363769957811093, 
0.035824001930460654, 
0.036407910251525906, 
0.03633722406395828, 
0.036623542548594804, 
0.03607259714110012, 
0.03609205573952737, 
0.036484526469726754, 
0.03631752337183069, 
0.03661198682826811, 
0.03630479531332932, 
0.036567568003125134, 
0.036432317354521494, 
0.03656743144970059, 
0.03603821336287099, 
0.03655383759229447, 
0.03604863859056122, 
0.036351064734505084, 
0.03644079325528725, 
0.03629259887045693, 
0.03638358399623108, 
0.03647108368687774, 
0.03616553978610602, 
0.036132182277325606, 
0.03624426198797933, 
0.03605704701367643, 
0.03594889965375625, 
0.03661691171743428, 
0.036145666166912935, 
0.036402120053494094, 
0.0363297156729, 
0.036143796165574726, 
0.03611681186240497, 
0.03621438381470655, 
0.03629374807195026, 
0.03672035178035625, 
0.03651646709257806, 
0.03645573607431205, 
0.03625786382170114, 
0.036423848370771346, 
0.03596052697724826, 
0.036359817266168236, 
0.03620319724118494, 
0.03641269030223804, 
0.036192859291984646, 
0.03617486254468826, 
0.036411312611900636, 
0.03645102010656351, 
0.5682688927011519, 
0.567940543674585, 
0.5638311227772833, 
0.563822427206689, 
0.5638155912179147, 
0.563823371743105, 
0.5638197693276247, 
0.5638257370748967, 
0.5638233862086834, 
0.563819861665603, 
0.5638134240802519, 
0.5638213123539124, 
0.5638162747834713, 
0.5638141736821166, 
0.5638103883812332, 
0.5638099421355113, 
0.5638160504347339, 
0.5638081516407252, 
0.5638079958993228, 
0.5638045151715961, 
0.5638059597168545, 
0.09486553320991443, 
0.09479965099484607, 
0.09480642121215542, 
0.09491999257953139, 
0.09487162463371562, 
0.0949896847978042, 
0.09484855662342567, 
0.09485049271921625, 
0.09487898962356099, 
0.09483060384715196, 
0.09485211660738413, 
0.09483752167008858, 
0.09480926782256777, 
0.09481490763136564, 
0.09488161811046104, 
0.09482801495322489, 
0.09481572303774152, 
0.09481572303781156, 
0.09481572303782847, 
0.09481557652892889, 
0.09481586954662884, 
0.09480688257785279, 
0.09478140036404227, 
0.0948161310936173, 
0.09483573965465623, 
0.09483464138523315, 
0.09481775318412125, 
0.09481750843867566, 
0.0948157230379057, 
0.09481572303791742, 
0.09481558067897673, 
0.09481586539666861, 
0.09481477162465808, 
0.09481667444661135, 
0.0948157135842541, 
0.09481093912282575, 
0.09482051630295363, 
0.09481527849185936, 
0.09481616758307052, 
0.09481572303791756, 
0.09481572303786116, 
0.09481572303787791, 
0.09481572303792189, 
0.09481572303792477, 
0.09481570146642683, 
0.09481574460921338, 
0.09481572303779058, 
0.09481572303790595, 
0.0948148004075381, 
0.0948020957468061, 
0.09481153119575385, 
0.09479913140085024, 
0.09480968248415568, 
0.09481053354496911, 
0.09479975742078577, 
0.09480889112646673, 
0.09477698606712807, 
0.09486013991365481, 
0.09486447038595494, 
0.09482965950859473, 
0.09481670472708875, 
0.09481562137017055, 
0.09481582470548648, 
0.09481572303781875, 
0.09481572303790659, 
0.09481572303785386, 
0.09481572303780482, 
0.09481572255696019, 
0.09481202993060896, 
0.09481941655950857, 
0.0948111114006033, 
0.09482033457902471, 
0.09481572303783216, 
0.09481572303783065, 
0.09480853015742696, 
0.09481320245753429, 
0.09482543615432555, 
0.09481572303789038, 
0.0948157230379112, 
0.09481572303788066, 
0.09481517449900446, 
0.09481627157531428, 
0.0948157230378893, 
0.09481572303784172, 
0.09481572303792969, 
0.09481572303782171, 
0.09481572303790352, 
0.0948157230379082, 
0.09481433216774801, 
0.09481504201378194, 
0.09481779491696579, 
0.09481572303792614, 
0.09481572303788181, 
0.0948157230379186, 
0.09481572303784008, 
0.09481572303784833, 
0.09481572303800062, 
0.09481530184886008, 
0.09481265976063062, 
0.09481920745520114, 
0.09481572303780027, 
0.09481572303783956, 
0.09481352209691755, 
0.09481792395694165, 
0.09481563563232936, 
0.09481578757834382, 
0.09481574590279578, 
0.09481556341708854, 
0.09481588265866522, 
0.09481572303790246, 
0.0948157230378821, 
0.09481572303789225, 
0.0948157230379071, 
0.0948157230379267, 
0.09481572303785253, 
0.0948157230378319, 
0.09481572303789874, 
0.09481131693329883, 
0.09481647499343733, 
0.09481238545245096, 
0.09480747731390586, 
0.09483000800014402, 
0.0948166406491307, 
0.09481486672150924, 
0.09481661354204511, 
0.09481572303790399, 
0.0948134207069585, 
0.09481778296356687, 
0.09481596542126011, 
0.09481572303790584, 
0.09481572303782468, 
0.09481572303788952, 
0.09481572303786245, 
0.09481572303789916, 
0.09481572303782704, 
0.09481572303787597, 
0.09481530594683617, 
0.09481614012789964, 
0.09481305410908143, 
0.09481839193457942, 
0.09481572303776852, 
0.0948157230379289, 
0.09481572303781519, 
0.09481572303792742, 
0.09481238009653892, 
0.0948087960229005, 
0.09481402715558368, 
0.09482419303373202, 
0.09481870911632595, 
0.09481623247933114, 
0.09481572303788181, 
0.094815723037863, 
0.09481572303784813, 
0.09481572303795102, 
0.0948157230378444, 
0.09481572303785754, 
0.09481572303794253, 
0.09481558514318696, 
0.09480720892401731, 
0.0948243747136294, 
0.09481572303780691, 
0.09481185064439021, 
0.09481279960689451, 
0.09482184917289534, 
0.0948163925883777, 
0.09481495223725914, 
0.09481649383578268, 
0.09481550185252251, 
0.0948136314024993, 
0.0948180358364076, 
0.09481364785987359, 
0.09481423512589629, 
0.09481927336714042, 
0.09481573575530355, 
0.09481572303787734, 
0.09481571047220382, 
0.09481466904711593, 
0.09481678958921348, 
0.0948157230379495, 
0.09481572303789444, 
0.09481572303784289, 
0.09481453810792753, 
0.09481690796138954, 
0.09481572303783137, 
0.09481572303784618, 
0.09481572303782941, 
0.09481572303791515, 
0.0948151955664077, 
0.0948162505079612, 
0.09481572303785912, 
0.09481460845664039, 
0.0948168376127756, 
0.09481572303788427, 
0.09481572303783714, 
0.09481572303784981, 
0.09481572303786148, 
0.09481572303789539, 
0.09481572303782326, 
0.09481572303791623, 
0.09481482366649821, 
0.0948166224054638, 
0.09481572303779588, 
0.09481497880277912, 
0.09481646727053264, 
0.09481572303782561, 
0.09481381004446443, 
0.09480732295474725, 
0.09481984728599745, 
0.09481564543110063, 
0.0948177642300348, 
0.09481994801733126, 
0.09481572303785596, 
0.09481572303792363, 
0.09481535232688162, 
0.09481552351030963, 
0.09481629327538055, 
0.09481572303792248, 
0.0948157230378289, 
0.09481572303788081, 
0.0948157230377636, 
0.09481530479859208, 
0.0948161412763676, 
0.0948156715802551, 
0.09481577449540954, 
0.09481572303790059, 
0.09481572303802346, 
0.09481028421105617, 
0.09482038152340791, 
0.09481650326133381, 
0.09481537840398226, 
0.09481606767121403, 
0.0948157226360802, 
0.09481572343969913, 
0.09481411808577052, 
0.09481732797707941, 
0.09481425217893887, 
0.09481672490874966, 
0.09481619201818638, 
0.09481572303788989, 
0.09481553536309774, 
0.09481591071245793, 
0.09481452838626778, 
0.09481691768292086, 
0.0948157230379347, 
0.09481572303792093, 
0.09481572303788463, 
0.09481058888197777, 
0.09481471265035886, 
0.09481659975547485, 
0.09482099073737905, 
0.09481572303787522, 
0.09481572303788852, 
0.09481527954333079, 
0.09481486763734509, 
0.09481702192709988, 
0.09481572303778686, 
0.0948130384325142, 
0.09481840761049579, 
0.09481544334547563, 
0.09481600272987131, 
0.09481380891903238, 
0.09481049881520281, 
0.09481212549032761, 
0.09482203812821628, 
0.0948201436032972, 
0.0948157230379126, 
0.09481572303784533, 
0.09481572303784444, 
0.09481572303795674, 
0.09481572303786787, 
0.09481572303776725, 
0.0948157230378794, 
0.09481541907818236, 
0.09481602699717909, 
0.0948157212542928, 
0.0948138602688118, 
0.09481758757474626, 
0.09481572302000842, 
0.09481572305600508, 
0.09481572303780977, 
0.0948157230378676, 
0.09481572303788968, 
0.09481572303794664, 
0.0948109277527797, 
0.09481910477287851, 
0.09481713649700993, 
0.09481379962646679, 
0.09481758326293928, 
0.09481578620618197, 
0.09480434776102147, 
0.0948196289969856, 
0.09481116431298978, 
0.09480864488892611, 
0.09482765758175407, 
0.09481245022246827, 
0.09482588275646153, 
0.09480977573600068, 
0.09481767908765659, 
0.09481999783879477, 
0.09481537320159586, 
0.094816072873487, 
0.09481572303788259, 
0.09481572303790893, 
0.09481571821411414, 
0.0948157278618119, 
0.0948157230378749, 
0.09481572303784187, 
0.09481572303792674, 
0.094815723037838, 
0.0948157230379146, 
0.09481572303782994, 
0.09481567202723272, 
0.09481577404857625, 
0.09481572303784445, 
0.09481539441868231, 
0.09481564901028672, 
0.09481612568377529, 
0.0948157230378116, 
0.09481572303790153, 
0.09481572303781018, 
0.09481572303784969, 
0.09481500171075409, 
0.09480995780107693, 
0.09482047319543484, 
0.09481745931054367, 
0.0948157230377511, 
0.09481572303792137, 
0.09481572303776588, 
0.0948157230379363, 
0.09481572303795831, 
0.09481572303788185, 
0.09481572303785257, 
0.09481572303787779, 
0.09481572303792427, 
0.09481572303784305, 
0.09481572303793012, 
0.09481572303782988, 
0.0948157230378677, 
0.09481572303782296, 
0.094815723037868, 
0.09481572303789222, 
0.09481572303792801, 
0.09481572187156836, 
0.09481555796880113, 
0.09481388931234153, 
0.09480072249069194, 
0.0948010219214879, 
0.0948371870626909, 
0.09482578502442504, 
0.09481589637805307, 
0.09481569019630745, 
0.09481408196924587, 
0.09481194849119028, 
0.09481384100871779, 
0.09482266496208461, 
0.09481565204285601, 
0.09481618243899916, 
0.09481572303791806, 
0.09481572303787102, 
0.0948157230378753, 
0.09481572303781487, 
0.094815723037904, 
0.09481423914383535, 
0.0948172069218369, 
0.09481572303780522, 
0.09481572303785721, 
0.09481557539235172, 
0.09481587068332928, 
0.0948157230378636, 
0.09481268839308844, 
0.09481831170592664, 
0.0948159645350088, 
0.09481472731505028, 
0.09481692319880283, 
0.09481572303783169, 
0.09481561991115839, 
0.09481582616443554, 
0.09481572303778024, 
0.09481572303789303, 
0.09481572303794646, 
0.09481554134023307, 
0.09481590473526537, 
0.09481572129465293, 
0.09481572478108374, 
0.09481572303783634, 
0.09481572303777039, 
0.09481572303789151, 
0.09481572303778858, 
0.09481572303790609, 
0.09481572303787504, 
0.09481572303786755, 
0.09481572303785202, 
0.09481220539265518, 
0.09481652859554501, 
0.09481843507451387, 
0.09481572303791158, 
0.0948156318612897, 
0.09481581421450483, 
0.09481572303799049, 
0.09481572303785721, 
0.09481572303791222, 
0.09481572303786548, 
0.09481572303785504, 
0.09481572303785867, 
0.09481495099707579, 
0.09481649507622343, 
0.09481572303787404, 
0.09481568294367207, 
0.09481576313202757, 
0.09481572303785415, 
0.09481484012938281, 
0.09481660594236918, 
0.09481569063716153, 
0.09481574551092373, 
0.09481573296559605, 
0.09481572303789641, 
0.09481569236300652, 
0.09481575371267222, 
0.09481572303794622, 
0.09481572303782654, 
0.09481472182480824, 
0.09481645380782018, 
0.0948159934768777, 
0.0948157216218138, 
0.09480852382109485, 
0.09482292343624349, 
0.09481572303789337, 
0.09481484218279483, 
0.09480677321083487, 
0.09482181534905085, 
0.09481441154504855, 
0.09481810038319605, 
0.09481811040485362, 
0.0948152553030782, 
0.09481647562611274, 
0.09481572303783062, 
0.0948157230378431, 
0.09481572303785694, 
0.09481572303789616, 
0.09481572303785155, 
0.09481400091455479, 
0.09481744514636489, 
0.09481572303795874, 
0.094815723037857, 
0.094815723037846, 
0.0948157230379084, 
0.0948157230378841, 
0.09481572303785239, 
0.09481572303785767, 
0.09481572303771894, 
0.0948157230378839, 
0.09481572303778615, 
0.09481572303789539, 
0.09481572303788108, 
0.09481276883067152, 
0.09481867720570161, 
0.0948120174057101, 
0.09480484956552278, 
0.09482761307560726, 
0.09480720534280117, 
0.09482692873464035, 
0.0948157107007113, 
0.09481121638231609, 
0.0948202419386601, 
0.09481555002519002, 
0.09481426085283934, 
0.09480141324441863, 
0.09482468250877785, 
0.09482139238118006, 
0.09481535305255329, 
0.09481654642648622, 
0.09481658508619975, 
0.09481572303789625, 
0.09481572303784885, 
0.09481435918103705, 
0.09481701652135961, 
0.09481579340311641, 
0.09481247760252778, 
0.0948189684256241, 
0.09481572303797085, 
0.09481572303790338, 
0.09481429072731345, 
0.09481123631005735, 
0.09482163647936895, 
0.09481572850559358, 
0.0948157230380271, 
0.09481572303780686, 
0.09481539185962767, 
0.09481436191920858, 
0.09481618478327851, 
0.09481352126097142, 
0.09481854361345657, 
0.09481633475600773, 
0.09481572303790471, 
0.09481572303780325, 
0.094815723037803, 
0.09481572303792062, 
0.09481572303787453, 
0.09481572303781757, 
0.0948157230379265, 
0.0948157230379376, 
0.09481572303787092, 
0.09481572303787839, 
0.0948084584592676, 
0.09482108302091871, 
0.09481762744110517, 
0.09479790121800151, 
0.09483255464407209, 
0.09481671189205604, 
0.09481572303780066, 
0.09481572303782336, 
0.0948157230379057, 
0.09481572303786968, 
0.09481572303782554, 
0.09481572303788188, 
0.09481572303787536, 
0.09481572287155722, 
0.09481572320421001, 
0.09481572303791679, 
0.09481533111704457, 
0.09481611495810269, 
0.09481572303786974, 
0.09481397072060875, 
0.09481747534123856, 
0.09481572303794188, 
0.0948157230378398, 
0.09481572303789242, 
0.09481572303791509, 
0.09481572303791817, 
0.09481572303782765, 
0.09481572303789003, 
0.0948157230378597, 
0.09481522761820696, 
0.09480773969972253, 
0.09482282556021619, 
0.0948120744144333, 
0.09481626179682341, 
0.09482008934235489, 
0.0948158425011664, 
0.09481481716363936, 
0.09481584699414536, 
0.09481650495260321, 
0.09481572303794253, 
0.09481570948603946, 
0.09481181891420185, 
0.09481795552797687, 
0.09481740817104645, 
0.09481572303793637, 
0.09481570089818907, 
0.09481574517761618, 
0.09481572303780099, 
0.09481572303787261, 
0.09481569487318289, 
0.09481516208125752, 
0.09481463701007464, 
0.09481724114895021, 
0.09481588006600812, 
0.09481572303793884, 
0.09481572303787146, 
0.09481572303789267, 
0.09481560253037875, 
0.09481584354529198, 
0.09481572303787968, 
0.09481572303788646, 
0.09481572303785554, 
0.09481238599790444, 
0.09481718675627572, 
0.09481759632151046, 
0.0948157230377985, 
0.09481572303785028, 
0.09481572303787157, 
0.09480829973028092, 
0.09482221736632282, 
0.09479760873174714, 
0.09482767924507361, 
0.09480915025075956, 
0.09481639101185066, 
0.09482538135050403, 
0.09481782347827503, 
0.09481625549601042, 
0.09481642211312774, 
0.09481572303796358, 
0.09481572303784623, 
0.09481572303785722, 
0.09481572303779587, 
0.09481572303792635, 
0.09481572303787242, 
0.09481081672666208, 
0.09482062922891082, 
0.09481572303787988, 
0.09481527054516009, 
0.09481617552967062, 
0.0948157230378983, 
0.09481572303785288, 
0.09481446545428106, 
0.09481698061379096, 
0.09481345454974638, 
0.09480565087537002, 
0.09482008339289578, 
0.09482370290601151, 
0.09481572303785271, 
0.09481572303788682, 
0.09481571767639617, 
0.09481572703658975, 
0.09481572440057988, 
0.09481518093232646, 
0.09481625616501033, 
0.09481421204208142, 
0.09481408263643082, 
0.09481582876181721, 
0.09481749527925507, 
0.09481699313165329, 
0.09481514314008198, 
0.09481314046875426, 
0.09481608329923191, 
0.09481853750185718, 
0.09481455504862915, 
0.0948168910203396, 
0.09481572303784312, 
0.09481572303779766, 
0.0948157230379087, 
0.09481454546028582, 
0.09481676343044021, 
0.0948144582029996, 
0.09481648168442222, 
0.09481636639984435, 
0.09481572303789185, 
0.0948157230378851, 
0.09481375448192247, 
0.09481705289501867, 
0.09481636172164945, 
0.09481572303787679, 
0.09481521893647096, 
0.0948162271381152, 
0.09481542073549229, 
0.0948149255308048, 
0.09481682284238217, 
0.09481262588559095, 
0.09481329128074856, 
0.09482125184302234, 
0.09481572303785935, 
0.09481547945178806, 
0.09481596662344212, 
0.09481026268672578, 
0.09482113540515329, 
0.09481577088801871, 
0.0948156840073596, 
0.09481576206836853, 
0.09481553795629326, 
0.09481590811923685, 
0.09481572303796007, 
0.09481572303784042, 
0.09481566493677744, 
0.09481380510675254, 
0.09481769905291045, 
0.09481572303782601, 
0.0948143500422931, 
0.09481709602499051, 
0.09481572303786716, 
0.09481572303785113, 
0.094815723037848, 
0.0948153283530054, 
0.09481611772212664, 
0.09481572303780783, 
0.09481572303787827, 
0.09481470933042555, 
0.09481673674052282, 
0.09481572303784433, 
0.09481566631324138, 
0.09481571946378324, 
0.09481369393856626, 
0.09481781241672214, 
0.09481572303782161, 
0.09481572303785164, 
0.09481572097895855, 
0.09481572509694036, 
0.09481572303786899, 
0.09481572303791164, 
0.0948135882750902, 
0.09481465829444405, 
0.09481080146455949, 
0.0948210296667216, 
0.09481853733944559, 
0.09481572303795004, 
0.09481541023798619, 
0.09481524026190208, 
0.09481651861159815, 
0.09481568665890891, 
0.09481575941667732, 
0.09481572303788666, 
0.09481571477481356, 
0.09481573130073856, 
0.09481572303792915, 
0.0948157230377984, 
0.09481571308693336, 
0.09481561947960979, 
0.0948158365469907, 
0.09481572303785762, 
0.09481550276173163, 
0.0948159433137799, 
0.0948142907706209, 
0.09480573960158242, 
0.09482683540575187, 
0.09481602586480949, 
0.09481572303781154, 
0.09481451605011464, 
0.09481693001914669, 
0.09481524098841962, 
0.09481620508639309, 
0.09481507018002427, 
0.09481637589387837, 
0.09481572303782959, 
0.09481572303787039, 
0.09481443163155909, 
0.09481701151672008, 
0.09481572595773992, 
0.09481572303789595, 
0.09481572303784162, 
0.09481572303785674, 
0.09481572303783353, 
0.09481572303786041, 
0.09481572303785966, 
0.09481572303789186, 
0.09481572303783331, 
0.09481488776248245, 
0.09481026057072568, 
0.09482201953109481, 
0.09481572412854103, 
0.09481465854251007, 
0.09481600902388716, 
0.09481439683330511, 
0.09481656573450531, 
0.09481698504311492, 
0.09481572303772666, 
0.09481572303791522, 
0.09481572303784047, 
0.09481572303786376, 
0.09481572303788496, 
0.09481572303787889, 
0.09481554740006438, 
0.09481589867540308, 
0.09481286592535017, 
0.0948185801095015, 
0.09481572303791183, 
0.094815723037904, 
0.09481539445224559, 
0.09481598150624551, 
0.09481543502284032, 
0.09481589948838876, 
0.09481590471861005, 
0.09481572303791452, 
0.09481571290748415, 
0.0948157331681383, 
0.09481527237836464, 
0.09481617369637912, 
0.09481552032003622, 
0.09481592575558387, 
0.09481572303789264, 
0.09481572303785414, 
0.09481572303796892, 
0.09481572303786673, 
0.094815522957307, 
0.09481102524925772, 
0.09481654764997084, 
0.09481464440053053, 
0.09482087481809826, 
0.0948157230379485, 
0.09481175214036155, 
0.0948196879960014, 
0.0948114801349604, 
0.09481997172769563, 
0.09481572303786116, 
0.09481572302174987, 
0.09481572305403699, 
0.09481572303780217, 
0.09481572303777255, 
0.09481566992678457, 
0.0948157761488928, 
0.09481572303784776, 
0.0948157230379067, 
0.09481572303798316, 
0.0948157230378521, 
0.09481572303789976, 
0.09481323229721313, 
0.0948150001279037, 
0.0948152330710775, 
0.09481520512008175, 
0.09481994451640546, 
0.09481451739425857, 
0.09481692867412264, 
0.09481572303779884, 
0.09481572303784287, 
0.09481572303784008, 
0.09481572303786442, 
0.09481572303786549, 
0.09481572303786549, 
0.09481572303786549, 
0.09481572303786549, 
0.09481570104737937, 
0.09481574502827977, 
0.09481572303781984, 
0.09481572303788134, 
0.09481572303791129, 
0.09481572303788552, 
0.0948157230378745, 
0.09481555688737887, 
0.09481588918821908, 
0.09481570792165872, 
0.09481562391758383, 
0.09481583727419961, 
0.0948157230378079, 
0.09480331972349042, 
0.09481333908375594, 
0.09482464758896814, 
0.0948210638246811, 
0.09481590071056098, 
0.09481606669091289, 
0.0948157230377904, 
0.09481531201286562, 
0.09481613273604576, 
0.09481572436375482, 
0.09481572193828072, 
0.09481572413759169, 
0.09481514053882976, 
0.09481630553511995, 
0.09481572303782788, 
0.09481520293481052, 
0.09481624313965265, 
0.09481502432520102, 
0.09481642174819521, 
0.09481572303781557, 
0.0948157230378382, 
0.09481572303788174, 
0.09481174058562361, 
0.09481967999389918, 
0.0948156988233898, 
0.09481577267704316, 
0.09481559901545222, 
0.0948158470601281, 
0.09481572303791828, 
0.09481572303786806, 
0.09481572303782639, 
0.09481572303795556, 
0.09481572303786101, 
0.09480937081787975, 
0.09481925605541242, 
0.09480150664684098, 
0.09482858982376371, 
0.09481763765861682, 
0.09481797625530475, 
0.09481474422367957, 
0.0948030060996169, 
0.09482441843721502, 
0.09482072279638624, 
0.09481572303788809, 
0.09481572303784294, 
0.09481572303783412, 
0.09481572303788181, 
0.09481572303789372, 
0.09481572303789976, 
0.09481564587807301, 
0.09481529471956222, 
0.09481622851500782, 
0.09481396974193652, 
0.09481747579197534, 
0.0948157235656593, 
0.094815723037834, 
0.09481570678015382, 
0.09480930027896263, 
0.09482035673700244, 
0.09481752820645034, 
0.09481572303779512, 
0.09481572303795209, 
0.0948157230379709, 
0.0948157230378354, 
0.09481572303790457, 
0.09481572303785622, 
0.09481444520593031, 
0.09481699178880133, 
0.0948157321113034, 
0.09481496288730741, 
0.09481636233178718, 
0.09481387482831162, 
0.09481741398532818, 
0.094816001139009, 
0.09481572265345525, 
0.09481322423767906, 
0.0948180083512187, 
0.09481225436258296, 
0.09481939097606332, 
0.09481573756285942, 
0.09481572303786395, 
0.0948157230378632, 
0.09481572303783897, 
0.09481556765248306, 
0.09481587842314443, 
0.09481519480191031, 
0.09481273142576487, 
0.0948192428312768, 
0.09481482871343329, 
0.09481515794102843, 
0.09480878058176032, 
0.09481554236804444, 
0.09481540818303762, 
0.09482462014934678, 
0.0948150470493379, 
0.09481493339494768, 
0.09481267248667363, 
0.09481793603180631, 
0.09481802618012149, 
0.09481572303783822, 
0.09481572303787658, 
0.09481572303787854, 
0.09481561824714287, 
0.09481582782853577, 
0.09481560366980303, 
0.09481584240589576, 
0.09481572303785615, 
0.09481572303789028, 
0.09481572303783929, 
0.09481448257804391, 
0.09481696349077147, 
0.09481572303788635, 
0.09481572303785155, 
0.09481572303786327, 
0.0948157230378229, 
0.09481572303786935, 
0.09481572303781366, 
0.09481572303784615, 
0.09481491033064522, 
0.0948165357417638, 
0.09481572303779026, 
0.09481471864652956, 
0.09481671766963606, 
0.094815732793005, 
0.09481572303794014, 
0.09481572303773063, 
0.0948157230378312, 
0.09481287351716199, 
0.0948185725219435, 
0.09481572303790686, 
0.09481572303779404, 
0.09481572303797108, 
0.09481572303782682, 
0.09481572193733213, 
0.09481572413839146, 
0.09481545054518511, 
0.09481599553015561, 
0.09481572303787075, 
0.09481572303783352, 
0.09481572303784865, 
0.09481572303782462, 
0.0948157230379057, 
0.09481572303782221, 
0.09481572303788997, 
0.09481572303795686, 
0.09481572303792321, 
0.0948150352482862, 
0.0948139242813158, 
0.09481820956165367, 
0.09481350735538133, 
0.09481791154391814, 
0.09481292928829885, 
0.09481854390638783, 
0.09481393731492042, 
0.09481750874650796, 
0.09481572303787456, 
0.09481003730979712, 
0.0948152843302658, 
0.09482141630465606, 
0.09481570014078901, 
0.09481617322040521, 
0.09481572677384698, 
0.09481572303792082, 
0.09481572303787915, 
0.09481572303786202, 
0.09481572303788646, 
0.09481572303783857, 
0.09481572303786534, 
0.09481572015249036, 
0.09481572592337734, 
0.0948084068534355, 
0.09481982544553677, 
0.09480884975135756, 
0.09481333642595066, 
0.09482819605976363, 
0.09481572303787009, 
0.09481123059285038, 
0.09481969345259446, 
57.261636192334315, 
1.9472378217225874E-4, 
1.752403020317694E-4, 
1.7529726940367267E-4, 
1.7532018935853303E-4, 
1.753324832994367E-4, 
1.7531743262136427E-4, 
1.7533260740663716E-4, 
1.7539562133645596E-4, 
1.7542361480582115E-4, 
1.754529623193417E-4, 
1.7546771854629287E-4, 
1.7550083120869615E-4, 
1.754316837745682E-4, 
1.754333357746988E-4, 
1.7544888788026058E-4, 
1.7545051346263093E-4, 
1.754865919538537E-4, 
1.7550113354787304E-4, 
1.7543662728327036E-4, 
1.754600327593798E-4, 
1.754715113533463E-4, 
1.754417399672661E-4, 
1.7545220647579172E-4, 
1.7542151914497458E-4, 
1.7580913144720425E-4, 
1.7567965044684313E-4, 
1.7838206520910704E-4, 
1.7381124660928473E-4, 
1.7617966921826394E-4, 
1.7411988098899633E-4, 
1.7717908409200508E-4, 
1.7531208050558427E-4, 
1.753775272076879E-4, 
1.7615965701450035E-4, 
1.7466531913362112E-4, 
1.7556466319318186E-4, 
1.756923470407646E-4, 
1.7974578479853116E-4, 
1.795857709486818E-4, 
1.7586277700366293E-4, 
1.752495860649172E-4, 
1.7373167884197083E-4, 
1.74352894323761E-4, 
1.786629339363259E-4, 
1.7668811696125344E-4, 
1.746967079053435E-4, 
1.7750197633530635E-4, 
1.7618939781244308E-4, 
1.7801959034610264E-4, 
1.7154656401426166E-4, 
1.7237697117645676E-4, 
1.7228557541473574E-4, 
1.788042660931587E-4, 
1.7599152826525003E-4, 
1.7373821776791592E-4, 
1.772421853798282E-4, 
1.773048715061829E-4, 
1.7568790465964345E-4, 
1.7319310844113637E-4, 
1.7785296398519195E-4, 
1.7991081714814454E-4, 
1.8078365831708775E-4, 
1.6876394266164438E-4, 
1.7368482659254415E-4, 
1.750574654267577E-4, 
1.7685481438761293E-4, 
1.709350460076222E-4, 
1.7344692507173775E-4, 
1.7773693680079577E-4, 
1.7818281505181156E-4, 
1.7396544517322643E-4, 
1.7388373132467004E-4, 
1.7615863035957296E-4, 
1.754696170145448E-4, 
1.733424036025313E-4, 
1.7401237888504796E-4, 
1.7190307042809822E-4, 
1.7786971208740823E-4, 
1.7797344905892996E-4, 
1.7678118050044346E-4, 
1.7376449773403603E-4, 
1.7381628402931862E-4, 
1.75276782106543E-4, 
1.7617739071084434E-4, 
1.74640881116762E-4, 
1.746708101503048E-4, 
1.790997260618711E-4, 
1.7262321086123624E-4, 
1.757734397512161E-4, 
1.7583510550746946E-4, 
1.7466900096002236E-4, 
1.755169390850428E-4, 
1.772454448940861E-4, 
1.760295039397223E-4, 
1.7275214752638963E-4, 
1.7483021307982216E-4, 
1.7530058232461367E-4, 
1.7662264257205273E-4, 
1.757516896823351E-4, 
1.7304887265626775E-4, 
1.7509865234813427E-4, 
1.7539281825023397E-4, 
1.7728693382428049E-4, 
1.7389157931061488E-4, 
1.768517714081767E-4, 
1.7550647149266728E-4, 
1.7665340721359642E-4, 
1.7468071314863279E-4, 
1.7679770376783299E-4, 
1.7700747036818236E-4, 
1.7889841685460046E-4, 
1.7594715264897438E-4, 
1.7762154371408391E-4, 
1.8029844000015235E-4, 
1.7791312220254835E-4, 
1.7334645360795128E-4, 
1.764424976530209E-4, 
1.773705698087159E-4, 
1.780671212876989E-4, 
1.7957000831987012E-4, 
1.7626562678810134E-4, 
1.7131233873407962E-4, 
1.7641640192259271E-4, 
1.7437984442055142E-4, 
1.790785815448344E-4, 
1.7232131148208878E-4, 
1.7839469221927123E-4, 
1.7285338205647876E-4, 
1.8080233512390696E-4, 
1.7571786096906212E-4, 
1.7923825973059662E-4, 
1.718127266321757E-4, 
1.754861339858532E-4, 
1.7882550166367907E-4, 
1.756876197692282E-4, 
1.7864179823101357E-4, 
1.7132619324183553E-4, 
1.7427361680183868E-4, 
1.7700902323898658E-4, 
1.7984604157980356E-4, 
1.826266695526745E-4, 
1.771461172335629E-4, 
1.7302162346984637E-4, 
1.7258723407601745E-4, 
1.7660898277293738E-4, 
1.7652817662169659E-4, 
1.7604140084324723E-4, 
1.7238035994963268E-4, 
1.730209756766569E-4, 
1.7261989298038364E-4, 
1.762874204609895E-4, 
1.7746247878748354E-4, 
1.7383578951988876E-4, 
1.7311536226575613E-4, 
1.7290895255962964E-4, 
1.7539142844589313E-4, 
1.7666616385448672E-4, 
1.787221124116062E-4, 
1.802037213975765E-4, 
1.7913959490335624E-4, 
1.7445319594957656E-4, 
1.7183293311012594E-4, 
1.7933107022648513E-4, 
1.805411913855905E-4, 
1.7729846831248503E-4, 
1.6846449983994255E-4, 
1.7162860160011467E-4, 
1.7970667982462023E-4, 
1.7907156100322385E-4, 
1.7754918400634685E-4, 
1.7145131465034181E-4, 
1.7535189756798662E-4, 
1.7112788450132483E-4, 
1.7436888835834193E-4, 
1.744977829879507E-4, 
1.7557813065963146E-4, 
1.7724510922007995E-4, 
1.761547204891086E-4, 
1.8228952725705153E-4, 
1.7417570335964707E-4, 
1.794017592587589E-4, 
1.6942751692138635E-4, 
1.8701362633796539E-4, 
1.7705495434930165E-4, 
1.779735205822702E-4, 
1.7776640826845785E-4, 
1.7063105132698552E-4, 
1.7158927143141046E-4, 
1.7833704642257825E-4, 
1.7074741362863954E-4, 
1.7558584966214885E-4, 
1.6749493623422997E-4, 
1.749222220242978E-4, 
1.7587012179485145E-4, 
1.8245416962583725E-4, 
1.7695169767334998E-4, 
1.7741387537653755E-4, 
1.8231585062420996E-4, 
1.7504675311464385E-4, 
1.9402562164991526E-4, 
1.9423602803034365E-4, 
1.9502688171028052E-4, 
1.9436226632043438E-4, 
1.9435830496423935E-4, 
1.952870327550207E-4, 
1.9341749833129673E-4, 
1.9300577024020278E-4, 
1.9487193428079156E-4, 
1.9369166753161398E-4, 
1.9404642476673504E-4, 
1.9298318678299606E-4, 
1.9404081528042643E-4, 
1.9383691257939288E-4, 
1.9476420324328247E-4, 
1.9688093884033428E-4, 
1.9177540202032378E-4, 
1.966293719135223E-4, 
1.9382281954526289E-4, 
1.9362152875549525E-4, 
1.9727798855779784E-4, 
1.9313224452499186E-4, 
1.9523111803061206E-4, 
1.9213232637704052E-4, 
1.9853737711994935E-4, 
1.9931546320180174E-4, 
1.8975534353175307E-4, 
1.895497600997788E-4, 
1.9743517348198204E-4, 
1.91136911588523E-4, 
1.9632799803606757E-4, 
1.9313577741564682E-4, 
1.9236839209356427E-4, 
1.932583816034774E-4, 
1.940840425321106E-4, 
1.91736240626184E-4, 
1.9593465559881475E-4, 
1.9386491680134697E-4, 
1.9571373244827123E-4, 
1.946311648545526E-4, 
1.9938945601051148E-4, 
1.913208109909238E-4, 
1.9508381049853954E-4, 
1.9782956433702834E-4, 
1.9410060902615828E-4, 
1.9404195132730347E-4, 
1.981108029827573E-4, 
1.9241515331125226E-4, 
1.9746391479734946E-4, 
1.9390428596647078E-4, 
1.927378516801541E-4, 
1.9172193192251014E-4, 
1.9795041532269265E-4, 
1.9669824250041757E-4, 
1.9543548239156237E-4, 
1.9657537409950706E-4, 
1.925699436917046E-4, 
1.9536150147292163E-4, 
1.949106219109246E-4, 
2.0223827884494736E-4, 
1.9030469343426734E-4, 
1.923694212911763E-4, 
2.0113327502092984E-4, 
1.9768934799383782E-4, 
1.9934586977496884E-4, 
1.9749711773071698E-4, 
1.9077781651330396E-4, 
1.939786369646763E-4, 
1.931546814376181E-4, 
1.892204012148339E-4, 
1.8966184367929698E-4, 
1.9380083946055114E-4, 
1.8847485194867198E-4, 
1.9576281691587426E-4, 
1.8744334792204981E-4, 
1.8926577796803533E-4, 
1.9421437306185488E-4, 
1.9425451347408136E-4, 
1.901618860070633E-4, 
1.9421564153445313E-4, 
1.9360370687516385E-4, 
1.9696305709395644E-4, 
1.96914809946378E-4, 
1.9543595338246986E-4, 
1.9145521291017456E-4, 
1.9638387286001602E-4, 
2.0425985695296292E-4, 
1.9470635463900209E-4, 
1.8937189806499685E-4, 
1.9645502836445011E-4, 
1.9223931491043594E-4, 
1.9123286637916335E-4, 
1.8744551716016507E-4, 
1.963457159344801E-4, 
1.9186445687237904E-4, 
1.9814992408971027E-4, 
1.973544290205836E-4, 
1.9377980771426552E-4, 
1.9847241001437683E-4, 
1.9454155789526688E-4, 
2.012374361277666E-4, 
1.9404726045639734E-4, 
1.956766221399132E-4, 
1.883020478560117E-4, 
2.0305190042030347E-4, 
1.9288786046066353E-4, 
1.910230647949194E-4, 
1.9235039840715372E-4, 
1.9983105850264276E-4, 
1.8946210435789976E-4, 
1.8593593277548272E-4, 
1.8707587613763876E-4, 
1.9747119954010442E-4, 
1.933828251746567E-4, 
1.945394956627087E-4, 
1.9634400477489425E-4, 
1.9651949414721764E-4, 
1.9532208506940925E-4, 
1.8850942562334875E-4, 
1.925038521245167E-4, 
2.0012910239036854E-4, 
1.9748178793084565E-4, 
1.9733271018634234E-4, 
2.0084346717691274E-4, 
1.930624816521322E-4, 
1.8773136947824548E-4, 
1.970257202514811E-4, 
1.8934837190547274E-4, 
2.0183225146302053E-4, 
1.9004298819149822E-4, 
1.888393166567852E-4, 
1.9212662595259893E-4, 
1.9722597592179887E-4, 
1.9598671499607362E-4, 
1.9132172122941722E-4, 
2.0120641834802001E-4, 
1.9634127114808987E-4, 
1.9445554541891295E-4, 
1.9675250582576443E-4, 
1.8976343819505687E-4, 
1.8833160301577305E-4, 
1.9297829277416337E-4, 
2.030758824272537E-4, 
1.9178310813574532E-4, 
1.9626780020208122E-4, 
1.8797532003636707E-4, 
1.968173701601327E-4, 
2.0164544883986927E-4, 
1.9047004309917748E-4, 
1.9509421902970004E-4, 
1.9656869888972137E-4, 
1.9091742411785838E-4, 
1.8822915254339815E-4, 
1.9628170975842274E-4, 
1.9097206071502353E-4, 
1.8586636116108346E-4, 
1.950350262705822E-4, 
1.9107591095224554E-4, 
1.9338310857139053E-4, 
1.9225470668757797E-4, 
1.9542848559999236E-4, 
1.9176141196032033E-4, 
2.0644740268226526E-4, 
1.9490595774333269E-4, 
1.9158927583835285E-4, 
1.886874388869545E-4, 
1.8581582737922908E-4, 
1.9726261470978473E-4, 
1.98020712301236E-4, 
1.9328370927714755E-4, 
1.9305413527347838E-4, 
1.9449225675720406E-4, 
1.9117008143725782E-4, 
1.9675036906806616E-4, 
1.9299067165164506E-4, 
1.9143393977044475E-4, 
1.9314117152369154E-4, 
1.8925986429458786E-4, 
2.0168614333696878E-4, 
1.969947745226026E-4, 
1.9830594975573474E-4, 
1.9494192434075684E-4, 
1.9188424190855576E-4, 
1.9178616032643176E-4, 
1.9044898914119676E-4, 
1.9341676670355933E-4, 
1.940777229142847E-4, 
1.924934624042342E-4, 
1.93732151737093E-4, 
1.9079509628407078E-4, 
1.9297872628154134E-4, 
1.955471662613111E-4, 
1.962279070694401E-4, 
1.9749216545192545E-4, 
1.896744198749167E-4, 
1.9057919404174577E-4, 
1.9425526578816234E-4, 
1.9522225025701077E-4, 
1.879797485615821E-4, 
1.9415347487712118E-4, 
1.9608740255757637E-4, 
1.9217081017244324E-4, 
1.9435911867631263E-4, 
1.9211806860691585E-4, 
1.9433646421572378E-4, 
1.9761156264689122E-4, 
1.957733954928845E-4, 
1.9587484077760565E-4, 
1.9790655900725674E-4, 
1.9859203410007046E-4, 
1.9514665805311866E-4, 
2.0118506472418146E-4, 
1.9066387828476313E-4, 
1.938959890164406E-4, 
1.9490604417185265E-4, 
1.9662346015281602E-4, 
1.9603393094328554E-4, 
1.9258673972207997E-4, 
2.027079506115386E-4, 
1.9893268862499852E-4, 
1.9270699369007218E-4, 
1.9309831048720715E-4, 
1.948981349717492E-4, 
1.9360911923135685E-4, 
1.9454777789229712E-4, 
1.8983677133542175E-4, 
1.9321378665689617E-4, 
1.9533650128017766E-4, 
1.9713715209691707E-4, 
2.0267459320896106E-4, 
1.9209117512963638E-4, 
1.801745228388909E-4, 
1.9075853781605262E-4, 
1.9225574395534596E-4, 
1.9574519609254302E-4, 
1.9420648952495463E-4, 
1.9565006633041654E-4, 
1.9128468495383918E-4, 
1.9022683826281747E-4, 
1.9540549155810184E-4, 
1.9525319176853619E-4, 
1.9736347098248033E-4, 
1.929924480047912E-4, 
2.0173214576765862E-4, 
1.8823148615464128E-4, 
1.8735783995129214E-4, 
1.9007312377046346E-4, 
1.8974671852711045E-4, 
1.941763994581893E-4, 
1.923398579585332E-4, 
1.9515879080629083E-4, 
1.9781092894069686E-4, 
1.9550467239830152E-4, 
1.9187435623371156E-4, 
1.9020266159422167E-4, 
1.9271698471580678E-4, 
1.9611738341998694E-4, 
1.9705994244094681E-4, 
1.9387569905470343E-4, 
1.9480865932439286E-4, 
1.9419801589113864E-4, 
1.8933639490467457E-4, 
1.961309484975265E-4, 
1.9863502715881877E-4, 
1.9820256993360598E-4, 
1.9005505150437556E-4, 
1.9106471111329982E-4, 
1.9433229811379463E-4, 
1.8646431728166308E-4, 
1.9403591808836126E-4, 
1.988244356133065E-4, 
1.9363155785010762E-4, 
1.9608418069744446E-4, 
1.9227313754024544E-4, 
1.929327920545918E-4, 
1.9080043707234E-4, 
1.9402432280546945E-4, 
1.9635917733661483E-4, 
1.972424549908082E-4, 
1.944756493682818E-4, 
1.9296626396870484E-4, 
1.912076939864359E-4, 
1.945039401755482E-4, 
1.959406627636328E-4, 
1.9433748757062035E-4, 
1.9167331039819402E-4, 
1.935016806328053E-4, 
1.9610021336966286E-4, 
1.9427351123325198E-4, 
1.9589179426321681E-4, 
1.918394121229503E-4, 
1.989944764450445E-4, 
1.91290418168761E-4, 
1.9482851787353163E-4, 
1.9253628069097934E-4, 
1.860962637243976E-4, 
1.9658648683648134E-4, 
1.9663895943802486E-4, 
1.952011328037581E-4, 
1.9553386458953946E-4, 
1.965503726054042E-4, 
1.9431362741892334E-4, 
1.89287117504578E-4, 
1.9085961671936864E-4, 
1.9298783224739712E-4, 
1.9313287421939026E-4, 
1.8890062387756033E-4, 
1.93070808180368E-4, 
1.9399108227311266E-4, 
1.9587715468893696E-4, 
1.943040437436254E-4, 
1.9087986743938557E-4, 
1.9523025942524183E-4, 
1.9447747622002625E-4, 
1.9841514720142083E-4, 
1.917535616257327E-4, 
1.9452657666692243E-4, 
1.9596061541921257E-4, 
1.944213689133062E-4, 
1.915839363999191E-4, 
1.9616764744337254E-4, 
1.9496432241773923E-4, 
1.9077757831891619E-4, 
1.9214731121971996E-4, 
1.9752675471165385E-4, 
1.9540030251597544E-4, 
1.8922223576703492E-4, 
1.9368435377849715E-4, 
1.9136246480975055E-4, 
1.9379894167856126E-4, 
1.938985552590202E-4, 
1.952946998486202E-4, 
1.9711205385119433E-4, 
1.9391869112280355E-4, 
1.9121022192552582E-4, 
1.9186560594432986E-4, 
1.934965807699072E-4, 
1.9337480624508167E-4, 
1.933688525589853E-4, 
1.9585203046119611E-4, 
1.9088772583415872E-4, 
1.9378363271107204E-4, 
1.9379255255546273E-4, 
1.9708449107222085E-4, 
1.9521246467263997E-4, 
1.9706980143089896E-4, 
1.957842277813365E-4, 
1.953722224224043E-4, 
1.9392652410867733E-4, 
1.9214961754833616E-4, 
1.9380113606091832E-4, 
1.9357496485627687E-4, 
1.9316338759848181E-4, 
1.9563157046051366E-4, 
1.909510361109904E-4, 
1.9303552064191254E-4, 
1.9237332677097695E-4, 
1.9455348638835378E-4, 
1.9643448293268974E-4, 
1.9217874995256103E-4, 
1.935105771714144E-4, 
1.9847803413971485E-4, 
1.9389603046956707E-4, 
1.9654456149519593E-4, 
1.9134143328967935E-4, 
1.9149974900248843E-4, 
1.915844347601288E-4, 
1.935285220118182E-4, 
1.9133506651239078E-4, 
1.9649560121162409E-4, 
1.9186577180270925E-4, 
1.952809542582494E-4, 
1.9384189819469556E-4, 
1.9412191948917296E-4, 
1.9700924869005184E-4, 
1.9298089917334558E-4, 
1.9467998887300118E-4, 
1.9322812764217877E-4, 
1.9509515384625757E-4, 
1.9362839941980194E-4, 
1.9638405354182795E-4, 
1.9184134883170034E-4, 
1.9569769623262916E-4, 
1.9392570887328192E-4, 
1.9366530650248277E-4, 
1.9032409130077086E-4, 
1.95015116171328E-4, 
1.9354457831758553E-4, 
1.927644158428125E-4, 
1.9261452340005233E-4, 
1.936676767849984E-4, 
1.941031740373126E-4, 
1.9259303295573126E-4, 
1.9186049242009545E-4, 
1.9405383089573136E-4, 
1.945315861601534E-4, 
1.949480945850225E-4, 
1.9363087626417182E-4, 
1.9299933084786415E-4, 
1.946637029420277E-4, 
1.9334269735975799E-4, 
1.9542152615337143E-4, 
1.974430456977687E-4, 
1.9659750409279646E-4, 
1.9324200099452729E-4, 
1.9489964434596155E-4, 
1.8980546772180915E-4, 
1.9616885674101687E-4, 
1.9464827837171724E-4, 
1.9628981764066447E-4, 
1.953260833174833E-4, 
1.9158234390830514E-4, 
1.9144721094592563E-4, 
1.921500587403743E-4, 
1.9344586052238852E-4, 
1.9583558406919405E-4, 
1.9460306826608615E-4, 
1.9516459466220295E-4, 
1.953752084415455E-4, 
1.9258737567741908E-4, 
1.9466980023248007E-4, 
1.9324097385088797E-4, 
1.9754634041246845E-4, 
1.9402639760517473E-4, 
1.9448124388684893E-4, 
1.942764731276729E-4, 
1.9564225056338536E-4, 
1.919100901185944E-4, 
1.9635459812236157E-4, 
1.9112143158651066E-4, 
1.9301429637869825E-4, 
1.9245275932941848E-4, 
1.9403417922548617E-4, 
1.9541241395984923E-4, 
1.9546368545842705E-4, 
1.9786256792364185E-4, 
1.938756139219031E-4, 
1.9379069800132194E-4, 
1.928152545580986E-4, 
1.948477054251925E-4, 
1.9286239533675338E-4, 
1.927357612941039E-4, 
1.926477459798443E-4, 
1.9221287670066924E-4, 
1.961283042514805E-4, 
1.932998623257179E-4, 
1.9497669775499205E-4, 
1.9539084085740414E-4, 
1.9489937693141816E-4, 
1.959928347076649E-4, 
1.9639087638111515E-4, 
1.938160329413942E-4, 
1.9055607739197812E-4, 
1.924028773029436E-4, 
1.901314518530148E-4, 
1.9582336308506792E-4, 
1.9371682568179017E-4, 
1.9146337553072084E-4, 
1.9145395578536937E-4, 
1.9627716712039027E-4, 
1.918229856403396E-4, 
1.9419057869309953E-4, 
1.9489292283640625E-4, 
1.9741258304636347E-4, 
1.9246297043827007E-4, 
1.916064516432749E-4, 
1.9452710264728572E-4, 
1.9380798164471533E-4, 
1.9626781058444068E-4, 
1.8982134985339057E-4, 
1.9624831239106985E-4, 
1.954684186999836E-4, 
1.925761013516824E-4, 
1.9549936066255258E-4, 
1.9266873092686656E-4, 
1.9420142497175854E-4, 
1.9581436986744962E-4, 
1.9382919450021223E-4, 
1.944573610912814E-4, 
1.9287370139592095E-4, 
1.9439423967273402E-4, 
1.922072237120766E-4, 
1.942168184973259E-4, 
1.9305900045229885E-4, 
1.9383807901321247E-4, 
1.9476711098387206E-4, 
1.9243238728429969E-4, 
1.937134739963588E-4, 
1.9487479290657242E-4, 
1.9661950551401407E-4, 
1.9332694315422614E-4, 
1.9678769052565006E-4, 
1.908358760261568E-4, 
1.925551027612791E-4, 
1.9914699452451779E-4, 
1.9023735039511462E-4, 
1.9211559560179038E-4, 
1.9157835865282394E-4, 
1.9204974021244748E-4, 
1.9389172344532108E-4, 
1.9762986926308838E-4, 
1.9263083048396448E-4, 
1.919948750255014E-4, 
1.9522063533560326E-4, 
1.9290331065408765E-4, 
1.9501117440467964E-4, 
1.9489264998831675E-4, 
1.932754077367744E-4, 
1.9164450635300362E-4, 
1.9270876705444648E-4, 
1.9289276464468352E-4, 
1.942514731021389E-4, 
1.9459166953023446E-4, 
1.926121927498317E-4, 
1.960336934301466E-4, 
1.9453961236454644E-4, 
1.9218801024055356E-4, 
1.9303535212264846E-4, 
1.9491120516671676E-4, 
1.9369644971768517E-4, 
1.9284588767374422E-4, 
1.9532415244503815E-4, 
1.9330591208733107E-4, 
1.9549318828858184E-4, 
1.963676369659476E-4, 
1.936454741535311E-4, 
1.9307371744455896E-4, 
1.936929119849076E-4, 
1.9269414990258073E-4, 
1.974827890792632E-4, 
1.9314974962222304E-4, 
1.9319889668028656E-4, 
1.9599001570304436E-4, 
1.9658179167211538E-4, 
1.91977833136769E-4, 
1.932866056741035E-4, 
1.9211112825521712E-4, 
1.9417805119702208E-4, 
1.9427188147019597E-4, 
1.9392799765332181E-4, 
1.944138298756239E-4, 
1.937705325184492E-4, 
1.9117970308190325E-4, 
1.9397312300870192E-4, 
1.9328168938317E-4, 
1.9589222929289243E-4, 
1.932415286643928E-4, 
1.9479136410513774E-4, 
1.919096577536733E-4, 
1.937053927707401E-4, 
1.9395735211930347E-4, 
1.9248983150306853E-4, 
1.9428106782327998E-4, 
1.935217126255037E-4, 
1.9392985344017993E-4, 
1.9401501902617597E-4, 
1.943320430025913E-4, 
1.9386049891780054E-4, 
1.9464188090497186E-4, 
1.9369585932646678E-4, 
1.9511756282290094E-4, 
1.935646954995603E-4, 
1.9420396018318263E-4, 
1.9402043891377763E-4, 
1.9365828200455516E-4, 
1.9456732079309086E-4, 
1.9408305877402626E-4, 
1.9392436287701836E-4, 
1.9378806702559175E-4, 
1.9431148023619135E-4, 
1.9439999665891953E-4, 
1.9404731391879515E-4, 
1.940641579725912E-4, 
1.9406011566020705E-4, 
1.9460799107247343E-4, 
1.9364201495946954E-4, 
1.9418209538814665E-4, 
1.9374012309687273E-4, 
1.9481620874990517E-4, 
1.9345628171801995E-4, 
1.936018857107612E-4, 
1.943475832946908E-4, 
1.9462912371760632E-4, 
1.9327292756845195E-4, 
1.9497152868060467E-4, 
1.9332674207665133E-4, 
1.945540403364232E-4, 
1.9307372442193855E-4, 
1.937478758604762E-4, 
1.9404425069891872E-4, 
1.944092738111179E-4, 
1.9435912044280754E-4, 
1.9439709687123566E-4, 
1.937416095307622E-4, 
1.9569164141283447E-4, 
1.9329252404690897E-4, 
1.94494031556426E-4, 
1.9457230488575085E-4, 
1.9249387486394807E-4, 
1.9542834199775654E-4, 
1.9292984186414163E-4, 
1.9538414384955976E-4, 
1.9405559968115266E-4, 
1.9340393790196126E-4, 
1.9489382065191637E-4, 
1.9401511417467413E-4, 
1.9433087465293842E-4, 
1.9426343882866624E-4, 
1.9289701119292919E-4, 
1.9362636270292273E-4, 
1.937271869925122E-4, 
1.941582411756311E-4, 
1.9488443265650756E-4, 
1.9597992705533356E-4, 
1.934768255506477E-4, 
1.9473336555019373E-4, 
1.9480976738240388E-4, 
1.9315128921794196E-4, 
1.974770217416844E-4, 
1.945159221703154E-4, 
1.9614803538181328E-4, 
1.9505737993804828E-4, 
1.962943196168802E-4, 
1.9407278384700664E-4, 
1.9400027746853746E-4, 
1.9905438945023567E-4, 
1.9386329463645126E-4, 
1.9045476069104306E-4, 
1.9506093189150173E-4, 
1.985620613282216E-4, 
1.925582733037401E-4, 
1.9408836408352725E-4, 
1.9619976454129408E-4, 
1.9128298343017272E-4, 
1.9103619363276003E-4, 
1.954852109609015E-4, 
1.9328506871286603E-4, 
1.9595667941748498E-4, 
1.963625741939823E-4, 
1.9135399801559818E-4, 
1.911159223706537E-4, 
1.9576669512901064E-4, 
1.9490547895871323E-4, 
1.9427230908885447E-4, 
1.9326081674635187E-4, 
1.9454572737849908E-4, 
1.9872679168009342E-4, 
1.9473344926107351E-4, 
1.942501720607703E-4, 
1.9343736436157184E-4, 
1.92208131404195E-4, 
1.92594296456415E-4, 
1.9508969286301893E-4, 
1.9145675840732265E-4, 
1.9594742584559801E-4, 
1.9346204052764682E-4, 
1.9508908604044887E-4, 
1.9461087733709475E-4, 
1.936517119217907E-4, 
1.9259402100334355E-4, 
1.9489285540912217E-4, 
1.9453125393152437E-4, 
1.9180235793280403E-4, 
1.9764386686228527E-4, 
1.924148991984433E-4, 
1.9229868383607022E-4, 
1.9485884450247065E-4, 
1.9519666633043063E-4, 
1.9566711386112721E-4, 
1.9060005086638692E-4, 
1.9362504410266749E-4, 
1.9855931412432557E-4, 
1.9595893544542087E-4, 
1.9223097211204128E-4, 
1.9518162122459184E-4, 
1.9717013543881515E-4, 
1.97567288835967E-4, 
1.9811129869908088E-4, 
2.0557268291815974E-4, 
1.9236658127378412E-4, 
1.9015034717942495E-4, 
1.9814074493567697E-4, 
1.9818332744360147E-4, 
1.9141286207373007E-4, 
1.9967192387970002E-4, 
1.9227407738664495E-4, 
1.9205907267434306E-4, 
1.9701339549136503E-4, 
1.9748092107037604E-4, 
1.9962200388929448E-4, 
1.8758638657866974E-4, 
1.9951199515627258E-4, 
1.8858491338320338E-4, 
2.0702805057146308E-4, 
1.8461290511834108E-4, 
1.9415591375859207E-4, 
1.8340511126729208E-4, 
2.0203858128470617E-4, 
1.9478665090240886E-4, 
1.9489269687805844E-4, 
1.861659729357444E-4, 
1.8531122980119596E-4, 
1.855560433551035E-4, 
1.9066521910732315E-4, 
1.947193334752724E-4, 
1.927377727581383E-4, 
1.9733400923358212E-4, 
1.944795513298094E-4, 
1.9152586065529219E-4, 
1.9745745818579172E-4, 
1.8873600713464759E-4, 
1.9241640578339917E-4, 
1.8944258961994264E-4, 
1.961598945618854E-4, 
1.912430310864117E-4, 
1.9541835301983113E-4, 
1.931974997115294E-4, 
1.911227382525468E-4, 
1.9455993331258191E-4, 
1.9766354017270886E-4, 
1.9409642489537615E-4, 
1.9207674743832115E-4, 
1.9336142036848288E-4, 
1.8896347300208406E-4, 
1.9268592860272328E-4, 
1.998315133329073E-4, 
1.9326363092933492E-4, 
1.9361020037413724E-4, 
1.972311913349845E-4, 
1.9871174208676662E-4, 
1.9785986576941332E-4, 
1.975632943793281E-4, 
1.8982175543683956E-4, 
1.9348228677529421E-4, 
1.9393503243183668E-4, 
2.0080318037765072E-4, 
1.96931943099902E-4, 
1.9717512065810098E-4, 
1.879547180840478E-4, 
1.9827113860056795E-4, 
2.0481949822385333E-4, 
1.8863698864247943E-4, 
1.9228212938383971E-4, 
1.878829959779718E-4, 
1.978381779081507E-4, 
1.952690410637066E-4, 
1.947737034749621E-4, 
1.9206309695111225E-4, 
1.9278251043841111E-4, 
1.9493019695554959E-4, 
1.912477490198821E-4, 
1.9430022502821701E-4, 
2.0127491070266412E-4, 
1.984405948425691E-4, 
1.9365901945028903E-4, 
1.9962994514578298E-4, 
1.9171481454446256E-4, 
1.886323597157691E-4, 
1.9353877698371748E-4, 
2.0150229945592628E-4, 
1.9632324516155033E-4, 
1.918777274378578E-4, 
1.8559203994991815E-4, 
1.9312136659651794E-4, 
1.9452242799497828E-4, 
1.930711663320878E-4, 
1.9688179803447237E-4, 
1.9062220099123515E-4, 
1.8867474245720016E-4, 
1.9045623521445835E-4, 
1.9337204050712687E-4, 
1.9260870350736736E-4, 
1.9240073856430115E-4, 
1.983156391428066E-4, 
1.9466754685261707E-4, 
2.0141517941667464E-4, 
1.9371549045731393E-4, 
1.9005289854583373E-4, 
1.994592807026745E-4, 
1.9659754173253802E-4, 
1.8695722006101858E-4, 
1.9794035067562332E-4, 
2.0566431227163668E-4, 
2.040452100066653E-4, 
1.9565552115042296E-4, 
1.9289428103914772E-4, 
1.9797351782219658E-4, 
1.8867000627135764E-4, 
1.8574883282925276E-4, 
1.932985318139219E-4, 
1.9821099554116807E-4, 
2.0407120435253555E-4, 
1.9596018319694976E-4, 
2.0037953599769608E-4, 
1.9877461077211925E-4, 
1.9664501718066164E-4, 
1.9317052025404985E-4, 
1.9657368394796772E-4, 
2.0021924653351638E-4, 
1.8880776452005776E-4, 
1.912055543191688E-4, 
1.939134862466242E-4, 
1.955609994994338E-4, 
2.1295137105330732E-4, 
1.946752545812368E-4, 
1.9086413665160633E-4, 
1.9206890803502325E-4, 
1.8628140028581345E-4, 
1.9531613676488084E-4, 
1.746734829157969E-4, 
1.9504303692191919E-4, 
1.8013793034970138E-4, 
1.873128575505749E-4, 
1.928099967180641E-4, 
1.8866459231317708E-4, 
1.9654194955155606E-4, 
1.9845449798661265E-4, 
1.8824147098190063E-4, 
1.8969605615562214E-4, 
2.004861852960457E-4, 
1.930629526996858E-4, 
1.9802205939057564E-4, 
1.948855048078289E-4, 
1.9360950801388267E-4, 
2.0435231006215584E-4, 
1.9993923441728446E-4, 
2.0282894219647926E-4, 
1.9635397734890143E-4, 
1.9808859737101866E-4, 
1.9720393241179552E-4, 
2.0491587114660468E-4, 
2.002178321391274E-4, 
1.9151038278689082E-4, 
1.9267448021443296E-4, 
2.0648407063763436E-4, 
1.991363984771979E-4, 
1.9351458439472255E-4, 
1.8571859621179892E-4, 
2.0177832810115655E-4, 
2.0662091195078114E-4, 
1.9611594888785858E-4, 
1.9578065494628405E-4, 
1.8919474315469488E-4, 
1.9960451551920662E-4, 
2.0436318404587782E-4, 
1.8974295151508047E-4, 
1.939728970530302E-4, 
1.7033124434926046E-4, 
1.9890799782687957E-4, 
2.003336365185891E-4, 
1.805109495988995E-4, 
2.075865748914411E-4, 
1.8409408304021884E-4, 
1.989053027567039E-4, 
1.9511311053850875E-4, 
2.0259284982202498E-4, 
1.8079248735088996E-4, 
1.866830417626268E-4, 
2.097442226425299E-4, 
1.8139923904919635E-4, 
1.9680406356240612E-4, 
1.9269726554361095E-4, 
2.103085541146447E-4, 
2.0535878117424914E-4, 
2.0057359646321994E-4, 
1.9896358562682852E-4, 
1.9342313852397354E-4, 
1.875452291140421E-4, 
1.8965867654808515E-4, 
1.91716444795742E-4, 
2.0231377930768585E-4, 
1.958222005241817E-4, 
1.9562363039155885E-4, 
1.797937699968839E-4, 
1.998490953219825E-4, 
1.8746538463008285E-4, 
1.8199649661779381E-4, 
1.8653617998083027E-4, 
1.868902319196451E-4, 
1.9052064558551984E-4, 
2.0296302387590908E-4, 
1.9923383605184656E-4, 
2.038139696936011E-4, 
1.947537915647499E-4, 
1.8098178058942438E-4, 
1.987386579822336E-4, 
1.9832177918640973E-4, 
1.7802619004306117E-4, 
1.9576797299725588E-4, 
1.9235080116649956E-4, 
1.997347001066849E-4, 
1.9575601361629055E-4, 
1.8293736607154375E-4, 
2.0613630056568274E-4, 
2.05199706620833E-4, 
2.0943407672687582E-4, 
1.9457115486718607E-4, 
1.8016278719301966E-4, 
2.0282526829847882E-4, 
1.6988406392620968E-4, 
1.9366654260267855E-4, 
1.8801756214682953E-4, 
1.946779582201781E-4, 
1.9689898316438043E-4, 
1.9059407978726985E-4, 
1.8801987381329932E-4, 
1.90693440867619E-4, 
1.893589981158657E-4, 
1.9796483881165698E-4, 
2.130530560147042E-4, 
2.019396617385154E-4, 
2.0751773659967066E-4, 
1.8586078716040146E-4, 
1.7568454372125151E-4, 
2.0460902108293528E-4, 
1.9943044883334888E-4, 
1.874272916225068E-4, 
1.9380181429803672E-4, 
2.0089910738534217E-4, 
2.0903571579556954E-4, 
1.9475378855472196E-4, 
1.8438881859424782E-4, 
2.025204230693063E-4, 
1.861798586198483E-4, 
1.9648367445336784E-4, 
1.9566078994724011E-4, 
1.957040542770129E-4, 
2.1277929951639743E-4, 
1.686305456308042E-4, 
1.8439759248777568E-4, 
2.000395341437132E-4, 
1.840186709724416E-4, 
1.96146512717664E-4, 
1.8431809238611882E-4, 
1.8612093823827623E-4, 
1.999834095627163E-4, 
1.9557512355393338E-4, 
1.9367389110233163E-4, 
1.8834768760245905E-4, 
2.141298891742077E-4, 
2.0395076121630348E-4, 
2.1485643210173713E-4, 
1.8754308688309903E-4, 
1.8324524535156693E-4, 
1.852238567957833E-4, 
1.9881456025002488E-4, 
1.9645482996665087E-4, 
1.9125001962890924E-4, 
1.89165682544492E-4, 
2.0071028902017367E-4, 
2.0168702811634748E-4, 
1.9976439254278485E-4, 
1.9320776557010496E-4, 
2.20773288111577E-4, 
1.9375076014529357E-4, 
1.7289139099893591E-4, 
1.8928641560851886E-4, 
1.930306958121748E-4, 
1.874207820146433E-4, 
2.06974222330449E-4, 
2.0781648123302898E-4, 
2.0000249838565874E-4, 
2.0932530825057405E-4, 
1.7942869436532175E-4, 
1.8361700958143966E-4, 
2.0833379443817497E-4, 
1.9532977128513109E-4, 
2.1085378949464175E-4, 
1.8531004142766826E-4, 
1.857762011966125E-4, 
2.0621881747387726E-4, 
1.9682121818255903E-4, 
1.8806328789116325E-4, 
1.8014140871152313E-4, 
2.130692375918639E-4, 
1.976349076483009E-4, 
2.2663753470474212E-4, 
1.9214514221706057E-4, 
1.9015469905296362E-4, 
1.7729768881363426E-4, 
1.9643234872095865E-4, 
1.9498833301180343E-4, 
1.9707695112039294E-4, 
1.980033801916614E-4, 
2.0155100770419173E-4, 
2.0380552881137912E-4, 
1.958869658808861E-4, 
1.849465381362885E-4, 
2.0127815505132122E-4, 
1.779096306287083E-4, 
1.9987000329870565E-4, 
1.941088765235246E-4, 
1.9032562603599673E-4, 
1.979848535600939E-4, 
1.6991326614803135E-4, 
2.0696681226154993E-4, 
1.9778865699146106E-4, 
2.001852681175075E-4, 
1.8429843477116777E-4, 
1.8655367235534322E-4, 
27.498527420999473, 
1.9379329252561543E-4, 
1.9329635424367956E-4, 
1.9352268436764449E-4, 
1.9436139346487672E-4, 
1.9648397523118962E-4, 
1.9420407105253518E-4, 
1.963941870598988E-4, 
1.964441272437013E-4, 
1.9606996674063678E-4, 
1.934204945486109E-4, 
1.9412998089950368E-4, 
1.9306468097913181E-4, 
1.956072595317155E-4, 
1.951074568316948E-4, 
1.9378253493546488E-4, 
1.9384111633596255E-4, 
1.9361389956732046E-4, 
1.9137373878325096E-4, 
1.930029901799122E-4, 
1.934818574428689E-4, 
1.930830951832611E-4, 
1.9396639283832318E-4, 
1.911906037962911E-4, 
1.947816544182327E-4, 
2.158821270242083E-4, 
1.94490102720886E-4, 
1.8613426532221707E-4, 
1.892192504128864E-4, 
1.8019263856560022E-4, 
1.8756119791276153E-4, 
1.979540944419901E-4, 
1.9092572873284733E-4, 
1.7616256064530438E-4, 
2.0190586947472125E-4, 
2.021482104037222E-4, 
1.8698249833045793E-4, 
1.8391493786773028E-4, 
2.099886401718245E-4, 
1.894065312401597E-4, 
1.9749703074492227E-4, 
1.990547455502981E-4, 
1.9321241318420173E-4, 
1.996110914440615E-4, 
1.9667020974655907E-4, 
1.9759059144750063E-4, 
1.8533619645538313E-4, 
1.9575409811717337E-4, 
1.7170462371424302E-4, 
2.0856023976353384E-4, 
1.793340753250624E-4, 
1.8771536759435863E-4, 
2.0676760210437846E-4, 
1.9195582740411148E-4, 
1.833370123192168E-4, 
1.9332995079150638E-4, 
1.9704876023706765E-4, 
1.997577307193897E-4, 
1.780739003776205E-4, 
1.914249614705958E-4, 
2.09343628486211E-4, 
1.869495224721754E-4, 
1.9863757090467444E-4, 
1.8831282138027114E-4, 
1.9401833242337793E-4, 
1.9104829634895046E-4, 
2.201779125689346E-4, 
1.868820115174081E-4, 
2.0358862685869447E-4, 
1.928545069920195E-4, 
1.8251792101373299E-4, 
1.8758488965450867E-4, 
2.1172953647052725E-4, 
1.7748096332339598E-4, 
1.7361768788579313E-4, 
2.0559364663610768E-4, 
1.9296838881584948E-4, 
2.1076540576084335E-4, 
1.81387947975312E-4, 
1.8383621759271118E-4, 
1.8386421382319797E-4, 
1.977448751297481E-4, 
1.98435503251708E-4, 
1.984445897870284E-4, 
1.8103494850216556E-4, 
1.70180183179981E-4, 
2.0008288614996116E-4, 
1.8453188283756974E-4, 
1.9757813893371846E-4, 
1.9685985656163973E-4, 
1.9646604360338868E-4, 
1.9877144317549179E-4, 
1.944413960876731E-4, 
1.9672771541199725E-4, 
1.8031556342560666E-4, 
2.046555969471333E-4, 
1.743236115643675E-4, 
2.030950728633124E-4, 
2.0430581873029662E-4, 
1.9448829713836056E-4, 
1.8795594643178446E-4, 
1.8740633536133103E-4, 
1.8838754797888472E-4, 
1.8627015836207111E-4, 
1.9829492868149413E-4, 
2.1102139414959142E-4, 
1.898753367661103E-4, 
1.9205626831936696E-4, 
1.893974538924403E-4, 
1.9214777461007892E-4, 
2.0011375663792302E-4, 
1.937892889848966E-4, 
2.003313293828283E-4, 
2.0665155884927458E-4, 
1.8442546520107547E-4, 
1.841309421837817E-4, 
1.9991266217642066E-4, 
1.86603868990535E-4, 
1.9673203018777543E-4, 
1.9444290435477164E-4, 
1.8590490875841328E-4, 
1.949724381015238E-4, 
2.1282544515742555E-4, 
1.9436258285536614E-4, 
1.8013792363316732E-4, 
1.9645120088708344E-4, 
2.0857341214852439E-4, 
2.2534675092217808E-4, 
1.8077654107667387E-4, 
2.0559581076141692E-4, 
2.259729320592494E-4, 
1.9001977846723678E-4, 
1.7804000971349517E-4, 
1.9464160282325194E-4, 
1.9169514395603435E-4, 
2.047222575471987E-4, 
1.9838384206308848E-4, 
1.995531729574352E-4, 
1.862854158556113E-4, 
1.7299655627890024E-4, 
1.9435733638759693E-4, 
1.9387701789367145E-4, 
1.8725736956209802E-4, 
1.940679032004891E-4, 
1.9491601225047435E-4, 
1.9846159718719508E-4, 
1.9850468058278594E-4, 
1.7883827138329025E-4, 
2.054069499618777E-4, 
1.778148862628399E-4, 
1.7987026129784653E-4, 
1.8800660818634845E-4, 
1.9723682888856574E-4, 
1.925396838128188E-4, 
1.982168288516195E-4, 
1.7935724047971464E-4, 
1.7424291503693182E-4, 
2.0669375575940133E-4, 
1.9341982348994717E-4, 
2.0783176556978455E-4, 
1.990227517226149E-4, 
2.084230176800504E-4, 
1.926857054684391E-4, 
1.9987156985721026E-4, 
1.868113784363738E-4, 
2.0069295114148419E-4, 
1.7839724624959621E-4, 
1.9107871082608865E-4, 
1.879740302027364E-4, 
1.8347721887967088E-4, 
1.835097453961145E-4, 
2.1413791429380545E-4, 
1.9392868201811327E-4, 
1.9844861336110287E-4, 
2.130705907488366E-4, 
1.9891376540634431E-4, 
2.050376635821238E-4, 
2.070978714111358E-4, 
1.891747742610746E-4, 
2.1339477449305058E-4, 
1.906009039789715E-4, 
1.9101510350581384E-4, 
1.9240598972487612E-4, 
1.855480011305207E-4, 
1.8504098850587799E-4, 
1.9109781901556873E-4, 
1.9433611461754314E-4, 
1.9788503137749847E-4, 
1.8713280891311093E-4, 
1.9850345137750145E-4, 
1.8997270932600186E-4, 
1.8541916325563398E-4, 
1.8396964560263515E-4, 
1.8158804548795354E-4, 
2.1736371149410065E-4, 
1.7266865566134532E-4, 
1.9439796385558504E-4, 
1.8334332914374086E-4, 
1.837997805660307E-4, 
1.8236314951283479E-4, 
0.3347925088675886, 
0.3350713858291432, 
0.33534009527885444, 
0.3356014262985838, 
0.3358625083184031, 
0.3361067848307537, 
0.3363277274385445, 
0.33653416750253773, 
0.3367349840744251, 
0.33690035764556703, 
0.3370041703949709, 
0.33693822845716265, 
0.33711621746304576, 
0.33728004856440363, 
0.3374156704115492, 
0.3375285071948667, 
0.33761530397262374, 
0.3376857490431579, 
0.33772803779060295, 
0.3377564107628967, 
0.33776138568310754, 
0.33775067677544274, 
0.3377311943805383, 
0.33769299310576006, 
0.33764426029044836, 
0.33758857120748714, 
0.3375249557626002, 
0.33745258781584303, 
0.33710916697041665, 
0.33705002401499035, 
0.33699365724141267, 
0.33695589938368886, 
0.3369417463896212, 
0.3369312959596235, 
0.3369259821168904, 
0.336899464521477, 
0.3368565635132409, 
0.3367899737329255, 
0.3366999247504732, 
0.33010082977345134, 
0.3322592667830282, 
0.3322589227043127, 
0.33225854966747964, 
0.33225816628375954, 
0.33225777595025496, 
0.33225737914314807, 
0.33225697978345486, 
0.33225657411790804, 
0.33225616455393187, 
0.3322557492480454, 
0.33225532934758517, 
0.3322572081737335, 
0.3322586218777941, 
0.33225969276138145, 
0.3322599895832268, 
0.3322606884416003, 
0.3322613293216472, 
0.3322619308280709, 
0.3322625054742791, 
0.3322630437412853, 
0.33226355570723975, 
0.33226403504747226, 
0.33226448765548183, 
0.33226491571455985, 
0.3322653165466577, 
0.3322656854336616, 
0.3322660347004018, 
0.33226636481617544, 
0.33226667671888094, 
0.33226696075278195, 
0.33226723768799754, 
0.3322675037614122, 
0.33226778471045704, 
0.3322680112480679, 
0.3322682171794739, 
0.3322684131849003, 
0.3322685965470701, 
0.3322687703555513, 
0.33226892939556846, 
0.33226908252713483, 
0.332269222418633, 
0.3322693564355588, 
0.33226948166297066, 
0.33226959580104, 
0.3322697058957073, 
0.33226980894435176, 
0.3322699044369324, 
0.33226999402876406, 
0.33227007905902856, 
0.3322702082178729, 
0.3322702796488814, 
0.33227033353408164, 
0.33227037265267, 
0.33227040183501716, 
0.33227042295959996, 
0.3322704389233275, 
0.3322704502299944, 
0.3322704575513135, 
0.33227046275890904, 
0.3322704668026473, 
0.332453736840441, 
0.33253770048724185, 
0.3326226965953758, 
0.332696231654315, 
0.3327290086135545, 
0.33275049505065374, 
0.33279637062363154, 
0.3328068944461191, 
0.3327849000739162, 
0.33279571353534154, 
0.3329706598420449, 
0.3336748659599139, 
0.3333174476041904, 
0.3330712872643673, 
0.332924780028621, 
0.3328306203583344, 
0.3327786328234339, 
0.3327320488544004, 
0.3327213428026685, 
0.3327018383644512, 
0.332706264315915, 
0.3327113682059278, 
0.33270244848298314, 
0.3327175642195523, 
0.3327305810042062, 
0.3327362189662, 
0.33274358992082737, 
0.332757906932443, 
0.333516777277006, 
0.33323616702130754, 
0.3330632853007042, 
0.33293550864129035, 
0.33281809731394313, 
0.33273290615689394, 
0.33262815349320474, 
0.3325415857134137, 
0.3324312992858785, 
0.3323102499824559, 
0.3321741724763852, 
