2.0346120393794954E-6, 
0.2664696966213359, 
0.2501103657629879, 
0.3309078166580729, 
0.17340467656326086, 
0.27959340847402137, 
0.25858203732671575, 
0.2861704033382209, 
0.255534513387855, 
0.26288400556707064, 
0.2555171302608172, 
0.22157668957977783, 
0.21651377906936142, 
0.18081651597884035, 
0.2811921539984027, 
0.23162468877256043, 
0.12500839481000514, 
0.14093144362674148, 
0.18253028853357633, 
0.15963525071870455, 
8.004995722873942E-4, 
0.057887154102413685, 
0.015440751388126561, 
0.03277911269104167, 
0.025955078501927797, 
0.07471915085392222, 
0.015594990372439388, 
0.056288460541602914, 
0.0648888392636594, 
0.022117802617842852, 
0.00473942136486627, 
0.028324434195390824, 
0.006124142134830257, 
0.08253838249306034, 
0.08185723165411352, 
0.05169621137104263, 
0.04161675150493899, 
0.015967026042640886, 
0.012172986939411323, 
0.035091266013106304, 
0.06196241226882193, 
0.023756027542326863, 
0.031206781205145973, 
0.05701186393884261, 
0.03594767583482006, 
0.019795065816495205, 
0.007162156085121885, 
0.02900776407732525, 
0.03490319988944801, 
0.06365234122162283, 
0.05103334929489395, 
0.010614947159557131, 
0.006792528790470098, 
0.007297283879154182, 
0.007892248159793003, 
0.007694277069162925, 
0.007117912907668, 
0.0073008957778270545, 
0.007011660230070049, 
0.007710792174828618, 
0.03193479956978368, 
0.0267007390317468, 
0.05072262000761674, 
0.03502438357917592, 
0.04495989218731722, 
0.033134181799439666, 
0.03186817704080819, 
0.03593715685713306, 
0.04453911663330817, 
0.041749480033383635, 
0.05068889500727558, 
0.023216386276544876, 
0.027897970262573624, 
0.04163229511712585, 
0.38437677376349866, 
0.24884246762404405, 
0.055225251902612835, 
0.026175053587347556, 
0.04873456644728019, 
0.04674413535622234, 
0.03497616296771796, 
0.040638397272217366, 
0.04797562241624583, 
0.04422743554393152, 
0.05387935898488393, 
0.056242169522210554, 
0.052804616689742186, 
0.039237565122709026, 
0.05648812183215496, 
0.06280192223569042, 
0.05056275153161397, 
0.05389526741170461, 
0.04477548157122845, 
0.03843100694564228, 
0.04941063349336335, 
0.06197630388559025, 
0.3159385674711253, 
0.135126886063031, 
0.20327677315214926, 
0.2877432369559366, 
0.23269442318957448, 
0.309275077028503, 
0.2152495952250523, 
0.2497447017806352, 
0.22097674366826717, 
0.2915213871992222, 
0.24648566362396102, 
0.33021233268778577, 
0.3041711253571419, 
0.2176452846421205, 
0.25468748026100035, 
0.21579890063899965, 
0.23479346265128648, 
0.1912558683795833, 
0.2724233785602221, 
0.24266909039015083, 
0.24823141120541084, 
0.2627193596968754, 
0.3344412110209976, 
0.07724146918547571, 
0.04676366967608928, 
0.029853706946423593, 
0.0034733584032449936, 
0.005842594155642916, 
0.0060413051705314556, 
0.0012023059900851223, 
0.004969126021897666, 
0.014286828099938106, 
0.017605833957128513, 
0.008369636931546277, 
0.022576328394122325, 
0.013400831930321126, 
0.012171164852346886, 
0.003470498549086704, 
0.012662168495858713, 
0.0010050793414732614, 
0.020922680259629945, 
0.008374875323206219, 
0.003214627862601242, 
0.007880174383932117, 
0.010766374725229004, 
0.013941134553585685, 
0.006697499710683914, 
0.0057523473821110135, 
0.039649751748911194, 
0.05770081045681611, 
0.09787884723802169, 
0.20695384770985492, 
0.1532391059499745, 
0.003365450408022006, 
0.053483334365044474, 
0.11061795380765038, 
0.10961201383313089, 
0.11514019043530548, 
0.09319086687212216, 
0.04078816587438637, 
0.2781163815668639, 
0.08907347967624706, 
0.04221340561574678, 
0.11626611634977978, 
0.2782672658652914, 
0.16793371990918796, 
0.3464262123499656, 
0.028307774385574972, 
0.03952246403709939, 
0.032136296868719515, 
0.13707035047621957, 
0.007962924750898133, 
0.015184513244797498, 
0.1564939603189526, 
0.09831965825717107, 
0.019355188259903327, 
0.06534869692392126, 
0.20804657474463836, 
0.03489745261922032, 
0.05473208075646646, 
0.02678163342056361, 
0.101181225361644, 
0.0976046988863331, 
0.06027403357747022, 
0.14827362771543076, 
0.11049034569950066, 
0.17648041746689214, 
0.05597699222650861, 
0.025438095855413474, 
0.013679834142661808, 
0.2280288960170679, 
0.24389204848697574, 
0.07960398708424087, 
0.11310918654776372, 
0.13486465508330686, 
0.08355424773930033, 
0.08068889843855347, 
0.12106277436741153, 
0.1243606846489488, 
0.05992651968541854, 
0.08809839194687948, 
0.0011256094801395224, 
0.05205695764543553, 
0.022908043079435867, 
0.21974392760501507, 
0.02274180827529796, 
0.029226110599571843, 
0.03328502808403243, 
0.07247555917887778, 
0.07967979207127208, 
0.048152263966350806, 
0.019026848398612687, 
0.02004342027944699, 
0.06003093868332905, 
0.04436664372197376, 
0.06560184263792854, 
0.023560769631682542, 
0.02646362661321177, 
0.058476640980455366, 
0.17975413444593136, 
0.19161693741878963, 
0.10437102729232374, 
0.04835763720108076, 
0.015994072768690793, 
0.025371041802700185, 
0.11497601423405451, 
0.021814215084717804, 
0.10402834715620658, 
0.09276332172558197, 
0.10260124545575798, 
0.004721208361939004, 
0.02886757283599892, 
0.015083944351798434, 
0.05353633141756319, 
0.03962605727107108, 
0.04261005537598736, 
0.02792822582235458, 
2.1765895081629486E-4, 
0.1232015442086229, 
0.11590774683415153, 
0.07147870540502567, 
0.015212742596090028, 
0.01332676612099126, 
0.1534232772026231, 
0.0280186629703558, 
0.1066494088303634, 
0.032762660427197464, 
8.309403676602461E-4, 
0.08288068483063184, 
0.033086742286305704, 
0.0035036642464307114, 
0.05258549338693314, 
0.06154063292456186, 
0.0017266486538901277, 
0.01832115297292601, 
0.043053379548741694, 
0.12683586465217192, 
0.12092847882811114, 
0.12163212331642861, 
0.06404869727966188, 
0.09197166659229063, 
0.04235485064624376, 
0.1501064761171487, 
0.13582714164033882, 
0.07476040245291163, 
0.029143820184464316, 
0.02152677383626809, 
0.02862397510607371, 
0.08757871720526275, 
0.043099639713785734, 
0.02992127658520984, 
0.01155729520132357, 
0.09056263501706399, 
0.09758297178205128, 
0.045129843875399485, 
0.07648210738069497, 
0.06760057358953955, 
0.027467666825738795, 
0.13985469559334768, 
0.04921180349941068, 
0.11275256276394936, 
0.1900129894870999, 
0.1194868585707278, 
0.09390773523463695, 
0.05854702362091012, 
0.12605699251038177, 
0.09608250447622398, 
0.07428045438237324, 
0.0777395694288782, 
0.06171467154123411, 
0.03512806254435949, 
0.03580999857714422, 
0.030961525688927696, 
0.04976797771254956, 
0.04671508872242958, 
0.03614630238528607, 
0.0983436237243885, 
0.05757696909527948, 
0.08369648660590112, 
0.014986347140862027, 
0.0631105046595948, 
0.09332579787213484, 
0.08302723692866742, 
0.013754492457204587, 
0.041494230150446926, 
0.04161240347806337, 
0.060103121391554964, 
0.029488886484725214, 
0.04980591680726318, 
0.04259721292997591, 
0.2114735560330944, 
0.23184701148089606, 
0.22027991773780184, 
0.2244096030232137, 
0.2681743093411066, 
0.22965903887311623, 
0.2162842742985091, 
0.3025462748879111, 
0.22659563470449806, 
0.26510094570675485, 
0.24984638839503515, 
0.20009439717110836, 
0.234751263509927, 
0.17833565312610808, 
0.23169303247746015, 
0.21985384871155086, 
0.22305093573898857, 
0.24642440663435142, 
0.2368121757905413, 
0.2112054297427114, 
0.3208348968994223, 
0.08439617618999606, 
0.2251240387615594, 
0.08095174880878789, 
0.0994859394867422, 
0.041606748567350964, 
0.10591393639088766, 
0.02755152976810422, 
0.019462916473122625, 
0.012458600245775029, 
0.022594985917822347, 
0.028292101084480197, 
0.029334805338247158, 
0.06552883388461662, 
0.09517485275846005, 
0.04533136957983418, 
0.06653124127925283, 
0.022498880271228396, 
0.0493600537570982, 
0.0709560742374413, 
0.010832747846777315, 
0.04236312027722447, 
0.01178224851387843, 
0.03167292238816443, 
0.012123851723027258, 
0.05644433442315173, 
0.08997675325743873, 
0.03996457649012227, 
0.03237046582059187, 
0.11697667660112203, 
0.04847791877612205, 
0.07197237124964148, 
0.031642934808950134, 
0.007694505013806656, 
0.01296998327163997, 
0.023400895687864808, 
0.04130292968217945, 
0.04985438478386657, 
0.001147210328563649, 
0.007372796192563725, 
0.0068973089014411765, 
0.011639339704640194, 
0.010228799099836485, 
0.014305990651887888, 
0.0020147401740332827, 
0.010100622203613734, 
0.0041267362556736105, 
0.008569116420082673, 
0.011512705908152156, 
0.0020673341121069037, 
0.00809765989824988, 
0.01518850745749781, 
0.026063627299137013, 
0.012221010903325898, 
0.012685183692643223, 
0.0010583394704484267, 
0.011576204501785753, 
0.023700081727372185, 
0.0025702776341826436, 
0.02428600150410063, 
0.005723973943625287, 
0.07972517206948063, 
0.10259540280855081, 
0.019104014897563498, 
0.08610639885414648, 
0.08138796516620916, 
0.023224642744312088, 
1.7813045234355094E-5, 
0.04903532615924643, 
0.03336052302407467, 
0.04627960383836574, 
0.10944903985550951, 
0.0938173736645952, 
0.09913132118149705, 
0.16402479058485347, 
0.07787422439447853, 
0.021742566948336782, 
0.0402473753177927, 
0.061096948026753396, 
0.10033156680624909, 
0.004195679727899145, 
0.0037058120852548585, 
0.009353051482271533, 
0.08064342938079706, 
0.03401971507008877, 
0.11111852514377277, 
0.019640593615122423, 
0.04210090657623947, 
0.03096605950703951, 
0.042283492935409395, 
0.12362445829334472, 
0.02983416505672983, 
0.20650419073838597, 
0.02269812532427302, 
0.08229071370419208, 
0.051199453616054866, 
0.1550202862328728, 
0.04550092293666226, 
0.054015737993239735, 
0.04254812033033098, 
0.07004002048165187, 
0.059668548309794164, 
0.06791333464686773, 
0.0700620925313382, 
0.05041107658018818, 
0.05850067892279384, 
0.06597566865940147, 
0.07083624883277881, 
0.0492775852004738, 
0.06812864528207929, 
0.06548626261441898, 
0.05339039391376696, 
0.27115325651013666, 
0.3223784576550425, 
0.36134414551116734, 
0.25243081388585303, 
0.3374414330646429, 
0.3140108857930783, 
0.35322620428520357, 
0.354836596322018, 
0.322084241766925, 
0.2790198638250484, 
0.3168215096908072, 
0.37760170243653257, 
0.2647342013130718, 
0.3700392785858475, 
0.2794008070802792, 
0.3508066144537, 
0.2597915778801802, 
0.2829417533200678, 
0.17330098741839098, 
0.2469764352239621, 
0.28140552938910623, 
0.2546400612941906, 
0.2942947663350925, 
0.3376376783945585, 
0.18445178093892653, 
0.11282383393050739, 
0.1654863930177021, 
0.14481926675671547, 
0.08179647776398452, 
0.08260198748927276, 
0.01949278617221258, 
0.020536528349630045, 
0.029589050494975577, 
0.1178169596512027, 
0.023830966890569686, 
0.017496649563252913, 
0.006993170129682222, 
0.04046086146811195, 
0.05343236902967381, 
0.011768869764283823, 
0.02161516894949993, 
0.014773059164118136, 
0.008081841769286465, 
0.0018573539706706528, 
0.003770902039424003, 
0.005230498089106534, 
0.0143338226912801, 
0.0021926783508994154, 
0.014752693897160456, 
0.002313521476732935, 
0.0062324740171174065, 
0.016723602179987675, 
0.005121685628134944, 
0.004976164871868393, 
0.010537137584566524, 
9.46361517317045E-4, 
0.008420718524510906, 
0.015900922385465213, 
0.006122848432109706, 
0.008237423528221821, 
0.019168209077194295, 
2.802120014027683E-4, 
0.003993971552474473, 
0.007986685229359422, 
0.04334385789041149, 
0.011947058338229738, 
0.16486420774468227, 
0.0608567543066041, 
0.1464485636591294, 
0.1316597746189832, 
0.09344110007514796, 
0.021479116651539037, 
0.039073240607463665, 
0.06697831080597282, 
0.2041102601635042, 
0.029963350569012507, 
0.11106546777596368, 
0.0566562290948859, 
0.025811823164681405, 
0.17202995191317624, 
0.062267520104148204, 
0.12885519723394206, 
0.1417867439992479, 
0.09051088512834203, 
0.24954852986031234, 
0.07229202306425836, 
0.10597981671363116, 
0.09496059603700864, 
0.05095726225397419, 
0.017544182880632142, 
0.021011607332370837, 
0.255331175973495, 
0.11218702670780341, 
0.09580300056598164, 
0.1591321864384141, 
0.021862140697830462, 
0.06211589185123525, 
0.14823212210644615, 
0.04889929961424411, 
0.050749643077047296, 
0.09967871139769915, 
0.04517241327184977, 
0.15534804510280947, 
0.05668316099641754, 
0.023232566168316447, 
0.04327548430058887, 
0.13995221538716565, 
0.0693569427137578, 
0.1928209648858697, 
0.04827303682533992, 
0.1334072040893317, 
0.05371853083468829, 
0.025037370317166963, 
0.15580043419849227, 
0.0494059204513614, 
0.04333960423432288, 
0.1173936162599133, 
0.11818467593439681, 
0.06742095777715884, 
0.24242142597314886, 
0.05264205254864654, 
0.1470748428000858, 
0.0434240336569239, 
0.010015932300096017, 
0.12317794631767616, 
0.023357753930935452, 
0.027718106430995933, 
0.05000710682442159, 
0.04657706385127827, 
0.026266652479432256, 
0.03503236496810795, 
0.028729005733916294, 
0.027937373615527034, 
0.017587696730998147, 
0.028191268850141612, 
0.03863727622226477, 
0.02041718265663225, 
0.031098874908653287, 
0.034528174689817795, 
0.04768245146191213, 
0.03459450283833469, 
0.12287101713422185, 
0.18978586169672487, 
0.14624253269258286, 
0.14492587714750405, 
0.1399351011131546, 
0.18372772903972445, 
0.13229057211254058, 
0.16836962975132738, 
0.1715974455042892, 
0.2727877753253963, 
0.24893978002799272, 
0.18684808995260566, 
0.21366253245582306, 
0.2037391662193126, 
0.22563612481290862, 
0.19549333034195912, 
0.2696292448479687, 
0.2540582943728382, 
5.855429391975813E-4, 
0.021510112368637903, 
0.006940253958343122, 
0.009242738010862096, 
0.018136246002559645, 
0.011556598815363904, 
0.00848360212222457, 
0.009659990118726793, 
0.00786134921000748, 
0.001392852143304796, 
4.6799482432854315E-4, 
0.01700222103256628, 
0.021550455076450446, 
0.004613331331486998, 
0.004526683170686055, 
0.0050822272532150764, 
0.016274303346799336, 
0.007908836831775946, 
0.005452466385405316, 
0.004118341618460023, 
5.202722150552849E-4, 
0.007072713728514347, 
0.018931078408789333, 
1.0695318376814013E-5, 
0.0022620050181398153, 
0.11073243525851961, 
0.10891812515920972, 
0.10404637478757761, 
0.06654728592459626, 
0.09178490587598137, 
0.08347199381972402, 
0.1349683703517886, 
0.07523119587944277, 
0.010126058693267511, 
0.06054089026263591, 
0.06696683338773203, 
0.018134119897365575, 
0.09407869580232046, 
0.18135367647821926, 
0.036171234228700784, 
0.10358796293251667, 
0.14654930203425895, 
0.08141736674775006, 
0.07906498027019435, 
0.026262107759169002, 
0.14342806870529365, 
0.07308486345505194, 
0.21330691702959217, 
0.06353227281490038, 
0.10615851246356774, 
0.051313182847915584, 
0.015797363840874587, 
0.20571367439341254, 
0.011248729395345212, 
0.01707515201493835, 
0.09272624452059844, 
0.04635350669715674, 
0.04651177006354829, 
0.07769928811686598, 
0.05877755305311192, 
0.12282247635341316, 
0.11481007716956165, 
0.06540318668053383, 
0.01717209709279783, 
0.017290502544894427, 
0.02321733145142884, 
0.06777627593421907, 
0.013123173226867447, 
0.15284898194332727, 
0.04753081083451008, 
4.649166118066224E-4, 
0.04059293477733099, 
0.05529919536198888, 
0.1087186839752596, 
0.02331858897297285, 
0.2494534929226608, 
0.11785563832602976, 
0.10377186582172913, 
0.1159691565398772, 
0.14063573371271393, 
0.039776788239939326, 
0.06712289937510456, 
0.00542100410566118, 
0.10562459056041312, 
0.01791828683634303, 
0.03576629059077867, 
2.3873938279344827E-4, 
0.06830181919490656, 
0.0011949750863477682, 
0.09837159654687848, 
0.14213364323340386, 
0.005313953004948018, 
0.024899716181237864, 
0.0380775236885296, 
0.1123281635516009, 
0.013559966680480649, 
0.08781024609513113, 
0.04076267412303115, 
0.09410035709357083, 
0.021475886753905663, 
0.08363524369845644, 
0.08448620081267504, 
0.010562326659637506, 
0.10467546646645581, 
0.032895011855490895, 
0.091820031866933, 
0.051108459965572645, 
