5.517021934699223E-5, 
0.21005715840484823, 
0.21084409230674514, 
0.20700353862981485, 
0.20986601837243932, 
0.21906980075097604, 
0.20955079307873584, 
0.2135632077389895, 
0.22043452332502475, 
0.22299302720031247, 
0.11685676560543792, 
0.3362930385613526, 
0.3362405699361066, 
0.33610282636659716, 
0.33601453463164543, 
0.33592500852159823, 
0.3358728549379204, 
0.3357524843611149, 
0.3357132746871558, 
0.3356004044958857, 
0.33555329489478575, 
0.3355002344928827, 
0.3353667274552667, 
0.3353189027010302, 
0.33527141331302096, 
0.3351945003939073, 
0.33512470316926324, 
0.3350982349189569, 
0.1193276528778856, 
0.12794778710309923, 
0.1475129617538164, 
0.13811911993605344, 
0.127220749142678, 
0.1375300132270138, 
0.1351363967489176, 
0.14763312818762148, 
0.14635622111146576, 
0.1408351342140936, 
0.13208024432933116, 
0.13391946373129074, 
0.12268969318742787, 
0.14348917826641702, 
0.14101681192393428, 
0.19415271883062393, 
0.3194256862631369, 
0.3106894969146652, 
0.24169482406957843, 
0.3855912892384451, 
0.3360252436337968, 
0.3024640092213954, 
0.358635239535379, 
0.25409556555074797, 
0.4216832459612518, 
0.4075459463974712, 
0.05843343813151882, 
0.018470948855395086, 
0.3403943479201857, 
0.1035350443893166, 
0.07261972571925389, 
0.0019620188648396715, 
0.0035635893556580124, 
0.1168537882997792, 
0.22907128903444757, 
0.11637203298541117, 
0.03244124640038533, 
0.03498297849866255, 
0.035241577243820904, 
0.03547538976596167, 
0.03583857505606069, 
0.03585621962902554, 
0.03588248263256487, 
0.03602702373956093, 
0.0359404533738101, 
0.036149680310041656, 
0.03630378312009178, 
0.03610432360588193, 
0.036247357318148904, 
0.03608037706937461, 
0.03625028654705365, 
0.03609289441345097, 
0.0369845942616689, 
0.035530328175218576, 
0.03672214091626504, 
0.0356221126299476, 
0.03617727257886177, 
0.03708024871544765, 
0.03460983563778062, 
0.03590867404449327, 
0.038222594187304046, 
0.03676773845421687, 
0.03697496913648201, 
0.03524423556452767, 
0.034305216486091576, 
0.03754277516217043, 
0.036052513937083995, 
0.034979963333471996, 
0.036239993819760306, 
0.036323324257116964, 
0.035839905102106724, 
0.03710824020530399, 
0.03523731031482824, 
0.038388412729416385, 
0.0368833668740052, 
0.03523599266486086, 
0.035529967452723764, 
0.03641488572914957, 
0.03627506266177577, 
0.03661873084294134, 
0.036147857175161856, 
0.03633142361180671, 
0.03523518939494686, 
0.034087335587498456, 
0.03638391584846355, 
0.037320122925640735, 
0.035297788374356896, 
0.03820682948588298, 
0.036042316731850675, 
0.03464636092948864, 
0.03478016955558913, 
0.036865683305231274, 
0.036809047730778546, 
0.03678538725670961, 
0.035531851142644226, 
0.0379880553260269, 
0.03666112824310276, 
0.037109187115072204, 
0.03581802373756025, 
0.03750533476786262, 
0.03571923320545226, 
0.03582597487329348, 
0.03543882017076012, 
0.03676263638302358, 
0.03617304532619422, 
0.03566457484563801, 
0.03584784735901587, 
0.0364078666753761, 
0.03585450242626269, 
0.03682904664465307, 
0.03766097669053059, 
0.036096946645132494, 
0.03615584083878637, 
0.036500916260444986, 
0.03685262508440243, 
0.03577574841740785, 
0.0355929880986788, 
0.036840323464102945, 
0.035408790501074296, 
0.03598881222272839, 
0.03581589652578095, 
0.036186158550092176, 
0.03572701322557957, 
0.037093422906362875, 
0.03734523745697204, 
0.03469622867776932, 
0.035615561675317056, 
0.035384395984385655, 
0.0357157113338661, 
0.03660491153006455, 
0.03409711663170455, 
0.03607730856115678, 
0.03591830330399205, 
0.03693734971183008, 
0.036995591017203386, 
0.037334402815376345, 
0.03541555428217447, 
0.03577224162806795, 
0.03540582033119671, 
0.03696386126486569, 
0.03546453960295337, 
0.03680575525822764, 
0.036198355143106695, 
0.03565592509917426, 
0.036012863429936766, 
0.03678958646319602, 
0.035172595358257036, 
0.03593774864751402, 
0.035952514747903855, 
0.03682365079874674, 
0.03567235258192484, 
0.036912643269479135, 
0.036543061798872824, 
0.034142129315495116, 
0.03525820606937434, 
0.035412776322612624, 
0.03589824683126437, 
0.03703686249024732, 
0.036701265424282085, 
0.035263319982558675, 
0.03489924301182661, 
0.036604785171859, 
0.036302986426579795, 
0.03656094143636737, 
0.035265920768200974, 
0.0371196807100364, 
0.03586426686878964, 
0.034814738993281406, 
0.03647351046363635, 
0.03622503234102115, 
0.03637139605444913, 
0.03631203334123305, 
0.03562987737127306, 
0.03579671144768555, 
0.036290937490832086, 
0.03559170931402657, 
0.03655617917687042, 
0.03719226570027949, 
0.036991791236621746, 
0.03554966896312038, 
0.036458130937292506, 
0.03703327611356215, 
0.03651987419859641, 
0.0355168561044974, 
0.03640557522160917, 
0.03604278565340097, 
0.03579918520798615, 
0.036305041257379544, 
0.03661961001840419, 
0.036244230165618486, 
0.036083629952520006, 
0.036203186546841765, 
0.03637674827900231, 
0.03676663968129827, 
0.036934774834660726, 
0.03671315396784862, 
0.036166564552145654, 
0.03692323581193549, 
0.03539236989208448, 
0.03658370068585577, 
0.03595551296852534, 
0.03712543197284488, 
0.03628520628850464, 
0.036062575325415146, 
0.03669388708468106, 
0.03467849015837901, 
0.03472902100532794, 
0.03495273470770676, 
0.03597735948846702, 
0.03722091121064112, 
0.03595762663179208, 
0.03660272883377904, 
0.03599819013410748, 
0.03657137572279496, 
0.036072870560218885, 
0.036132638415324235, 
0.03686151379244944, 
0.035744423392336994, 
0.036894185900586476, 
0.03650909716303479, 
0.03688288815974608, 
0.03600758091607795, 
0.0356321298898698, 
0.036113618009430686, 
0.036737120060660516, 
0.036183095020733164, 
0.0361864498574016, 
0.03628059250817528, 
0.03542538845244596, 
0.03658773186032332, 
0.04176009038136972, 
0.0416961245201222, 
0.040195127609756534, 
0.036936704105086926, 
0.035912920807021124, 
0.03723153376879228, 
0.03755632894348569, 
0.036808143989531174, 
0.03643792193328446, 
0.035593120078640114, 
0.036484246203883554, 
0.03636472646352399, 
0.03612504814769778, 
0.03664246634571657, 
0.036450767790201864, 
0.03707210602135237, 
0.03552512768661403, 
0.03749483381305061, 
0.03716510645083473, 
0.03646311866018264, 
0.03571149925562041, 
0.035730091055393806, 
0.03694064157158893, 
0.03655398956768899, 
0.03813780455589009, 
0.03692018376647708, 
0.03438524700910435, 
0.03787426898586532, 
0.03616521132600354, 
0.03592480115556295, 
0.037011256241993154, 
0.036161649791771305, 
0.03655264635717437, 
0.03702668809239286, 
0.03614227827125111, 
0.03639673671020527, 
0.03690324810666676, 
0.036112232088843184, 
0.036649500687221365, 
0.035874419649732314, 
0.03638136465409483, 
0.036726688080168074, 
0.03609709779971321, 
0.03571268298672856, 
0.03695627515249458, 
0.03536685822993674, 
0.036827858908903194, 
0.03589695172299674, 
0.03784663653980901, 
0.03725441395456418, 
0.03657394763066415, 
0.037103760002124765, 
0.03521388694325129, 
0.036866027611593605, 
0.0351744606688542, 
0.036773602502165235, 
0.03654993092166755, 
0.03641246870879743, 
0.036977244285996566, 
0.036603852730434636, 
0.03505937737851251, 
0.036513054443204525, 
0.036341938012556856, 
0.03698243128452618, 
0.03588266089914794, 
0.035379100040029116, 
0.03682927257360422, 
0.036420027212339605, 
0.037133799676388475, 
0.03631087921448463, 
0.03718056501803693, 
0.036703552561843246, 
0.03733660857989556, 
0.035895636848407846, 
0.037280441887376226, 
0.035853834361990786, 
0.03661719494701418, 
0.036894984636794734, 
0.036461290943034345, 
0.0368233884750898, 
0.03705639734275329, 
0.03622861617025739, 
0.03605830107136186, 
0.03630123440360008, 
0.03571436231347605, 
0.03527185057537974, 
0.037068893031264455, 
0.03582145585259498, 
0.03649729475962628, 
0.036323946368150506, 
0.0357307048695924, 
0.03567605203627119, 
0.0358105734959483, 
0.0358886033124954, 
0.037374017468021034, 
0.0367331542967081, 
0.03686793890825444, 
0.03624386978475323, 
0.03670594819057033, 
0.0353421966879348, 
0.03645555146899828, 
0.03597549650442679, 
0.03646978532651268, 
0.03601593979281655, 
0.03582843533475465, 
0.036475456243974046, 
0.036504387599871596, 
0.21261725872454973, 
0.21732834086664074, 
0.2180324748629949, 
0.2140962522724933, 
0.2168588764948572, 
0.22596535159052206, 
0.21633288239520954, 
0.22024286308414504, 
0.2270091046787721, 
0.22946595822400048, 
0.12315404184935626, 
0.33038930739383743, 
0.3304218470762837, 
0.33037196847664635, 
0.3303676955105581, 
0.3303601883591295, 
0.33038655568397995, 
0.3303450626155859, 
0.3303796714683156, 
0.33034106830690213, 
0.330363874454678, 
0.33037892400766966, 
0.3303140492002854, 
0.330330134238447, 
0.33034467514190713, 
0.33032882290710375, 
0.3303180542898338, 
0.33034765946123873, 
0.2810405039964849, 
0.279616559583705, 
0.279400719522905, 
0.20395344837883958, 
0.21041079553284256, 
0.20448093097479494, 
0.20967567666259296, 
0.20699090535461734, 
0.20706205769915575, 
0.20740298166218285, 
0.212427556931581, 
0.21705512803488072, 
0.21767469398217898, 
0.21366533716483596, 
0.2163955533149643, 
0.22548089124027013, 
0.21580287658775343, 
0.21970264535690687, 
0.22649116535763783, 
0.22893748237665648, 
0.12245088576872354, 
0.3317963886432943, 
0.3314712834324062, 
0.33117503856153974, 
0.33102406235427884, 
0.3309222121703938, 
0.33089641815186255, 
0.3308081820744178, 
0.3308319317438493, 
0.33077368425272036, 
0.3308007823350342, 
0.3308208105506268, 
0.33074690188222855, 
0.33077799256229196, 
0.3308054472017616, 
0.33079513743637134, 
0.3307916501818971, 
0.3308354873346532, 
