0.06558502427601372, 
0.4629392638467228, 
0.45766162739268057, 
0.4660608947013515, 
0.4668863504610197, 
0.4682444390885906, 
0.4639759301606017, 
0.4709668828046755, 
0.4653225660441747, 
0.47182616496323193, 
0.4681334702121777, 
0.4657247391784275, 
0.4765782769816123, 
0.4739910092045136, 
0.4716569512785494, 
0.4743644674210009, 
0.47622534360532187, 
0.4713824172885263, 
0.211097666692686, 
0.20982856199160776, 
0.20727733299665038, 
0.21060454169697124, 
0.20849005413825053, 
0.21215611714171365, 
0.20669332958131068, 
0.20667883404926396, 
0.21193788412483897, 
0.2146851380748896, 
0.2129556870077895, 
0.4415193669320602, 
0.0014162512257832648, 
0.0016962294586630152, 
0.0015752003894210723, 
0.0015259958403217727, 
0.0012945896822577742, 
0.001571991630238149, 
0.002004215232740786, 
0.0019198806953101928, 
0.0023706931924362858, 
0.0017515349153980307, 
0.011049157761897261, 
0.013403604958402714, 
0.004560585677652693, 
0.009871834824738558, 
0.02623049936885228, 
0.014277776769475708, 
6.020095171413165E-4, 
0.004961938201712885, 
0.011603636910674965, 
0.005704756423172771, 
0.013013148506148032, 
0.005638487373196922, 
0.003343278837859383, 
0.009720284064008843, 
0.07643518287760631, 
0.11755670305081001, 
0.03260129026048046, 
0.04154960418413492, 
0.09156365576909238, 
0.013281645076913732, 
0.01745092203951253, 
0.0481128796959036, 
0.11331225120447877, 
0.05999353660212914, 
0.06440702106575488, 
0.16603795042969519, 
0.13444916186209435, 
0.03225109912966724, 
0.06945604943653289, 
0.1340959957473285, 
0.021078083829403862, 
0.0642980576960799, 
0.1388131983976083, 
0.1707335961883047, 
0.07425533403482956, 
0.13142394836887328, 
0.1265522222039613, 
0.07329334792775204, 
0.06875269534660473, 
0.09690573326842693, 
0.045479623006515243, 
0.07813012514925624, 
0.11540718142975154, 
0.18280684487645443, 
0.16000123625609503, 
0.11129887756360639, 
0.026746172357121886, 
0.030361219852731387, 
0.08391578509227313, 
0.012372718540028742, 
0.20794987084409675, 
0.07968386770841243, 
0.17973206563167732, 
0.017885244138688965, 
0.08813466715893573, 
0.019518342915724025, 
0.0058859878337027115, 
0.12581077483171424, 
0.03640112253937306, 
0.023344663834762452, 
0.17521277745073066, 
0.13792861412993268, 
0.18051874227089731, 
0.13426741243674842, 
0.16872299767832294, 
0.17043677019313383, 
0.11131625590715687, 
0.023959781430722152, 
0.12893687936381718, 
0.009776401283982234, 
0.13876968307144713, 
0.05743371456336936, 
0.12211976137490509, 
0.0660168317477341, 
0.016626437596872108, 
0.03137010746348823, 
0.0022765361507189686, 
0.10269234302185277, 
0.1184455968396252, 
0.25694073520634025, 
0.06932942445792553, 
0.12895236083092232, 
0.15899272636860123, 
0.0533416114412074, 
0.01525342227788929, 
0.0661407157728119, 
0.2050894543431992, 
0.0676319817125929, 
0.07724415155244899, 
0.23844137665568466, 
0.18459496488072996, 
0.042209225534081976, 
0.008855591111322414, 
0.15820305769896217, 
0.040239106048296155, 
0.03514825276055683, 
0.13442784847742428, 
0.12122508357165021, 
0.038638337004958855, 
0.07000118579499748, 
0.03155691207804918, 
0.042972273953242296, 
0.08425986839576961, 
0.0415262681953389, 
0.0567764664221041, 
0.03366119887703257, 
0.08680239477688768, 
0.15769413612870842, 
0.060813121330188846, 
2.6619842189404015E-5, 
0.05708047727176934, 
0.09440829020189655, 
0.20428042247770417, 
0.13020932339598998, 
0.433168832882553, 
0.4138048158452001, 
0.4098686840520778, 
0.1511507495406784, 
0.09173073946792301, 
0.1758225911938588, 
0.18724272200430714, 
0.11955433581709766, 
0.21772018807993165, 
0.11751616292397356, 
0.32697514292988444, 
0.22587340748973395, 
0.28222240734574133, 
0.26505823120257277, 
0.16872241441116154, 
0.28294259189445675, 
0.1873402306186295, 
0.24443783821747936, 
0.22404776629722004, 
0.2727878308437564, 
0.21467494496306827, 
0.357763430561951, 
0.43891115120404434, 
0.6708654388033851, 
0.6607362852956248, 
0.6774643035570533, 
0.39087378971725995, 
0.2518771154377654, 
0.302694961812368, 
0.17107196656882206, 
0.3880097239287993, 
0.15738028983126476, 
0.27600430553067345, 
0.17552802068417128, 
0.1214845674387357, 
0.3241336352934064, 
0.3032893971900582, 
0.1729371759942537, 
0.14315945155886584, 
0.5103633773106458, 
0.28858030822923775, 
0.41647973854854137, 
0.1281348080109219, 
0.4794371042602521, 
0.7166389739779672, 
0.6968829521545492, 
0.321630627795437, 
0.10467533758194912, 
0.1012825598376321, 
0.0891683973949239, 
0.10074972310876648, 
0.09407075235675307, 
0.098224143291095, 
0.09612605954542446, 
0.09121952384649303, 
0.10483050720606292, 
0.08965583907257328, 
0.08639754687683726, 
0.09579135489866789, 
0.09950554514949238, 
0.08045120257994476, 
0.09226632744639526, 
0.10098751298301169, 
0.09427895602843547, 
0.11030236101898219, 
0.09316947344170987, 
0.07815484485926114, 
0.10057425306857366, 
0.0870881776465254, 
0.10626509458626321, 
0.08960249691118871, 
0.10715057580025346, 
0.00474624336744144, 
0.14752937416763384, 
0.05166021355492798, 
0.15496971026375353, 
0.1017343312937265, 
0.0010727198442025063, 
0.26620585682565, 
0.14448283765980008, 
0.12212482568274034, 
0.020136068528372478, 
0.01514065366110095, 
0.17276601650573903, 
0.29874514791657475, 
0.03963795336229238, 
0.10708545489523645, 
0.23234364511774916, 
0.10753913352901866, 
0.09500151643440233, 
0.14633427543822958, 
0.0052697562853603235, 
0.17251646893504202, 
0.11696708386814524, 
0.005452681793845195, 
0.17445126132571945, 
0.15933968563002385, 
0.06941034292467103, 
0.07816197419971288, 
0.04410675485487057, 
0.07271444979778321, 
0.08333878175382284, 
0.19446296034340016, 
0.34279296440753826, 
0.11025006686275153, 
0.01465217157191583, 
0.2133492872272819, 
0.1173222048552806, 
0.0980429145531838, 
0.26308925639945074, 
0.2729110345767718, 
0.051279038362088185, 
0.04238273703119576, 
0.03235943602240781, 
0.16582445926129352, 
0.10649194951738583, 
0.01680652387258262, 
0.040443705957124806, 
0.0981592667062703, 
0.0881177827917465, 
0.10226806980843446, 
0.10247200668340344, 
0.1550044769738796, 
0.002647402097074818, 
0.07474309073528922, 
0.15711597393304044, 
0.1279017599807299, 
0.06113703823571315, 
0.13420672186846458, 
0.019372699431885868, 
0.08931488963595646, 
0.07216514398967724, 
0.07006825097544017, 
0.032654498747482004, 
0.011456880824335908, 
0.10802763079817565, 
0.13987050843125007, 
0.0038615140717105263, 
0.16432933940006797, 
0.10986530213836457, 
0.13391061365797632, 
0.09559124328736139, 
0.14900077498203748, 
0.006494984256338668, 
0.052877474483257185, 
0.2461671342617936, 
0.1623093684162285, 
0.1985519301761244, 
0.1698362889904513, 
0.06732593656900383, 
0.026894926082762078, 
0.0970478950077975, 
0.15935424182761804, 
0.12348994466611356, 
0.02928586079558654, 
0.2174935743557401, 
0.13889602231096482, 
0.13890402504507993, 
0.03259054964949624, 
0.162668024934122, 
0.016116203948472956, 
0.04882609451279126, 
0.15180450547815016, 
0.21346888643588124, 
0.253957312941562, 
0.16963866125895238, 
0.019215233201023335, 
0.044580028904834264, 
0.21821054651966024, 
0.2787820359905829, 
0.07799732319088698, 
0.10581899248942929, 
0.06778329753328491, 
0.22627076183425313, 
3.68166389121136E-4, 
0.1449673997032501, 
0.28526825195231903, 
0.09035478117373007, 
0.11445778300642327, 
0.09224686481623182, 
0.094970276232146, 
0.18057373154465275, 
0.1664437186404322, 
0.10588302325884827, 
0.19236173196569673, 
0.07536936671709721, 
0.01768576343525545, 
0.11468853893027953, 
0.04791973747277906, 
0.06277219051071321, 
0.03755538657118794, 
0.01903666826548301, 
0.012022942313942755, 
0.0654302365987916, 
0.1937679543342749, 
0.056297549479634806, 
0.23125974341495328, 
0.16092673281354192, 
0.0026826617206568123, 
0.1836029980321291, 
0.07210453884442652, 
0.009776687223365593, 
0.0421082711956728, 
0.18415009686933415, 
0.07211813696534905, 
0.11898135777495539, 
0.15564645528087923, 
0.09345399171850377, 
0.04876853180485474, 
0.09383712672581936, 
0.11618727151431507, 
0.10257087609181845, 
0.07937794225505865, 
0.023747131009050862, 
0.006957931957073, 
0.014578338165510312, 
0.0857206062543425, 
0.10240702676268136, 
0.18773544979310713, 
0.14342010552861512, 
0.11509015916692103, 
0.003641852250019397, 
0.007628353587694834, 
0.1752100242173826, 
0.23041679109143023, 
0.0961564654950269, 
0.06751876539798586, 
0.06547131572712368, 
0.009717617071120095, 
0.1987976860977149, 
0.04627836601469375, 
0.13158490157677477, 
0.028203647298026466, 
0.07913087915983329, 
0.11302566538955182, 
0.12812107510912538, 
0.24702579697321114, 
0.06182100207725686, 
0.12503398637635774, 
0.15997981675354864, 
0.042851227852727485, 
0.07495695183014578, 
0.08733535440839628, 
0.06093572232122488, 
0.039528224198243936, 
0.035354246768358896, 
0.00734959744548276, 
0.07702662643257234, 
0.06413868384112147, 
0.07946763338869661, 
0.1111985704405148, 
0.2841883891886128, 
0.20752307617364169, 
0.06853996115234037, 
0.052788610096660804, 
0.055836960729790656, 
0.12526303534274733, 
0.1206888550343168, 
0.01462231973874413, 
0.16628285555742692, 
0.001426147293387428, 
0.07815190186555193, 
0.0029378242447455107, 
0.1276920475332087, 
0.19086867569802674, 
0.12912738545609403, 
0.03768419756527311, 
0.11479031479952681, 
0.11641330600325463, 
0.10419345029785831, 
0.23409052906464406, 
0.0697979156823712, 
0.08898237131378968, 
0.1490020626848413, 
0.21980374764696237, 
0.005064426273760511, 
0.18495511955767327, 
0.15730921848274215, 
0.01620032746721957, 
0.06904558211877629, 
0.1065505833509379, 
0.20179800695345732, 
0.07511935867489697, 
0.09090443565818236, 
0.12731424491223264, 
0.049949366235574756, 
0.07492450968851258, 
0.08855292577051134, 
0.16154455302677645, 
0.013127984846769674, 
0.05204361976308205, 
0.07608331830917765, 
0.17410877833036992, 
0.1799641647043636, 
9.692345180749625E-4, 
0.052852781189746095, 
0.19481275853199062, 
0.030477354850483616, 
0.1106483996858325, 
0.0322305098449476, 
0.1514986858617437, 
0.08024637645250995, 
0.026457952985002333, 
0.12096351644571063, 
0.1859969354619279, 
3.428365417939257E-4, 
0.2406427170639684, 
0.024316230421857012, 
0.1514834667970389, 
0.1272717642516149, 
0.0653294287113798, 
0.028279704645761888, 
0.04768526409870986, 
0.2400426690410266, 
8.444793747333906E-4, 
0.26014049585390486, 
0.025662884825941455, 
0.054822056318555, 
0.07426181180893733, 
0.014637224869137534, 
0.031534676699950484, 
0.004647408166324729, 
0.07909103135544264, 
0.1388683317152663, 
0.06835616310847636, 
0.1399537006927109, 
0.0300305291846841, 
0.014784548039840958, 
0.040476772511038046, 
0.0014791972700744075, 
0.045999160615651735, 
0.07850682523139164, 
0.11111198595909356, 
0.07987977382565462, 
0.17511501248883973, 
0.25473868815983014, 
0.014431156662570863, 
0.17063262755538144, 
0.07063654345825741, 
0.09462374196367207, 
0.1793070246776841, 
0.21093695846784902, 
0.1875682171272811, 
0.16176298655368052, 
0.03309612931606719, 
0.015885183052486533, 
0.02141309008056138, 
0.09674368747407604, 
0.02615967102842614, 
0.22752815172985, 
0.08170535558132595, 
0.14832714381847076, 
0.06345523985725243, 
0.15315723804354978, 
0.1740796476469224, 
0.07981453669187337, 
0.050097959070084325, 
0.004515661706347415, 
0.021962366793498923, 
9.718646042553274E-5, 
0.014820928787039556, 
0.02639863994927476, 
0.00984969780784019, 
0.0013833438883002107, 
0.011870757318533626, 
0.02010101165719048, 
0.01617526083992065, 
0.015372971172049511, 
0.004273977090133204, 
3.0698917917244524E-4, 
0.0013303106926695798, 
0.03398414820039439, 
0.13342131075285826, 
0.18543888072865242, 
0.048413949079135724, 
0.05601074175401773, 
0.1058887133785384, 
0.12591302112211047, 
0.0236656748808851, 
0.4641725512675324, 
0.4586321440375256, 
0.46677992120637257, 
0.4673859323554581, 
0.4685493486032627, 
0.4641156957974697, 
0.4709574849026151, 
0.4651972139995468, 
0.4715983128079518, 
0.46783086140473673, 
0.46536485455116844, 
0.4761693566570953, 
0.47355649045704407, 
0.47120923810356663, 
0.4739114781372497, 
0.47577703075091515, 
0.47095048398943, 
0.21086158362246485, 
0.20960283401250215, 
0.2070547465464066, 
0.21036346996634603, 
0.20821335546413028, 
0.21183372567669714, 
0.20633059318744307, 
0.20629135783655095, 
0.21154463782252328, 
0.2143114202439248, 
0.2126251991464049, 
0.4475563136101172, 
9.040548186652411E-4, 
0.0012987542595340566, 
0.0012847126787297602, 
0.0013357258394938627, 
0.0011982981517556415, 
0.0015635122318344418, 
0.002078670127030854, 
0.0020724842401093394, 
0.002596946263005189, 
0.0020476346930144505, 
0.468842995014238, 
0.4634803502525035, 
0.4717917525913023, 
0.472533189582107, 
0.4738092592510593, 
0.46946222941454213, 
0.4763743045502045, 
0.4706561692630149, 
0.4770855011522155, 
0.47332289065228544, 
0.4708460496636405, 
0.4816309552365936, 
0.4789797776670968, 
0.47658368944966323, 
0.47923014490780447, 
0.4810319924847513, 
0.4761329927462445, 
0.2157005423750086, 
0.21438257837861113, 
0.21177807025373765, 
0.21504899669736488, 
0.21288470001873433, 
0.21649459867672072, 
0.2109861363810059, 
0.21092037212803352, 
0.21613074378445066, 
0.2188309312179413, 
0.2170546570942308, 
0.4674359137647811, 
0.46243091389638097, 
0.4709886825064089, 
0.47187682273838627, 
0.473247235439795, 
0.46895236694665954, 
0.4759111850913726, 
0.4702039089874812, 
0.47665288520639726, 
0.4728859827719293, 
0.4704041631206834, 
0.48119810255465045, 
0.47853191934325184, 
0.4761229173898088, 
0.47876383037853687, 
0.480558396592688, 
0.47564516487283004, 
0.21445397331587546, 
0.21341669100618496, 
0.21098511848711507, 
0.21438386070874454, 
0.21233700453980836, 
0.21603211547942672, 
0.21062842181112876, 
0.2106492366446143, 
0.21596990204988573, 
0.21879114399439442, 
0.21715095142049293, 
0.4107274174089692, 
0.00507598312239198, 
0.005472700873015854, 
0.005451523772041642, 
0.0054642394798967275, 
0.0052661115456486595, 
0.00555845250641594, 
0.005987199146337999, 
0.005891643767500144, 
0.006323477018450756, 
0.005682425868162612, 
