3.7742115059200048E-6, 
0.18547147011383874, 
0.2664696966213501, 
0.25011036576295237, 
0.3309078166580729, 
0.1734046765632964, 
0.27959340847399294, 
0.25858203732672286, 
0.2861704033381925, 
0.25553451338782657, 
0.26288400556710617, 
0.2555171302608172, 
0.22157668957979204, 
0.21651377906937563, 
0.18081651597883325, 
0.2811921539984098, 
0.23162468877258885, 
0.12500839481001935, 
0.14093144362672727, 
0.18253028853357633, 
0.15963525071869034, 
8.004995723016051E-4, 
0.05788715410244211, 
0.015440751388119456, 
0.03277911269107009, 
0.025955078501927797, 
0.07471915085392222, 
0.015594990372396755, 
0.0562884605415887, 
0.06488883926362388, 
0.022117802617842852, 
0.004739421364880481, 
0.028324434195419246, 
0.006124142134816046, 
0.08253838249307455, 
0.08185723165411352, 
0.051696211371056844, 
0.04161675150493899, 
0.015967026042640886, 
0.01217298693943264, 
0.03509126601311341, 
0.06196241226882904, 
0.02375602754229844, 
0.03120678120516729, 
0.05701186393884261, 
0.03594767583482006, 
0.019795065816509416, 
0.007162156085121885, 
0.02900776407732525, 
0.03490319988941959, 
0.04063839727224579, 
0.04797562241624583, 
0.04422743554393152, 
0.053879358984919454, 
0.05624216952218924, 
0.05280461668974929, 
0.03923756512271613, 
0.056488121832204696, 
0.06280192223569753, 
0.05056275153157134, 
0.053895267411697506, 
0.04477548157121424, 
0.03843100694563518, 
0.049410633493391774, 
0.06197630388560446, 
0.3159385674710969, 
0.1351268860630452, 
0.20327677315212084, 
0.28774323695596504, 
0.23269442318958158, 
0.3092750770285172, 
0.2152495952250452, 
0.24974470178064231, 
0.22097674366824585, 
0.291521387199208, 
0.24648566362396102, 
0.3302123326878071, 
0.3041711253571135, 
0.2176452846421347, 
0.25468748026097904, 
0.21579890063899254, 
0.23479346265128648, 
0.19125586837963304, 
0.27242337856018656, 
0.24266909039020057, 
0.36535744394852315, 
0.20086101008917154, 
0.2702879385721853, 
0.23156039738075584, 
0.31681178806572635, 
0.30373840039162836, 
0.22335871602934382, 
0.2211018777901052, 
0.22959459363650264, 
0.23009098969084874, 
0.2385618325533658, 
0.24823141120543926, 
0.26271935969686827, 
0.3344412110210118, 
0.03614630238527897, 
0.09834362372443113, 
0.05757696909532211, 
0.0836964866058727, 
0.014986347140862027, 
0.06311050465956637, 
0.09276808982452615, 
0.08302723692868164, 
0.013754492457176165, 
0.041494230150432715, 
0.041612403478077584, 
0.060103121391540754, 
0.02948888648471811, 
0.04980591680724186, 
0.04259721292994749, 
0.2114735560331015, 
0.31813288841789916, 
0.30858226883495693, 
0.2953952326815745, 
0.28858660016486215, 
0.25708314603095783, 
0.30313053679895535, 
0.287172237304378, 
0.29244939678643866, 
0.26510094570673354, 
0.24984638839502094, 
0.20009439717110836, 
0.23475126350994832, 
0.17833565312608676, 
0.23169303247748146, 
0.21985384871150823, 
0.22305093573899568, 
0.24642440663436563, 
0.2368121757905271, 
0.2112054297427114, 
0.3208348968994081, 
0.08439617618998896, 
0.2251240387615665, 
0.0809517488088092, 
0.09948593948676351, 
0.041606748567350964, 
0.10591393639092318, 
0.02755152976809001, 
0.019462916473072887, 
0.012458600245767924, 
0.022594985917822347, 
0.028292101084501513, 
0.02933480533826137, 
0.06552883388461662, 
0.09517485275846005, 
0.04533136957974891, 
0.06653124127923862, 
0.0224988802712355, 
0.04936005375714083, 
0.07095607423741998, 
0.010832747846777315, 
0.042363120277217364, 
0.011782248513864219, 
0.0316729223881289, 
0.01212385172305568, 
0.05644433442318015, 
0.08997675325745294, 
0.0399645764901649, 
0.032370465820606084, 
0.11697667660112203, 
0.048477918776129156, 
0.07197237124962017, 
0.03164293480894303, 
0.007694505013813762, 
0.012969983271661286, 
0.023400895687850597, 
0.06271174969109064, 
0.054015737993253946, 
0.04254812033031677, 
0.07004002048163765, 
0.059668548309779953, 
0.06791333464687484, 
0.07006209253134531, 
0.05041107658017397, 
0.05850067892280805, 
0.06597566865937304, 
0.0708362488327646, 
0.049277585200488014, 
0.06812864528207929, 
0.06548626261441898, 
0.05339039391376696, 
0.283625876249783, 
0.337138404622308, 
0.2770068168074033, 
0.28858614304136837, 
0.31142236177538174, 
0.31946698773946, 
0.366853722203395, 
0.32792493971269876, 
0.29352333713010137, 
0.2829126309334139, 
0.3510915895090563, 
0.32608870342474405, 
0.35127400883984394, 
0.3613441455111531, 
0.2524308138858388, 
0.3374414330646287, 
0.3140108857930854, 
0.3532262042852533, 
0.35483659632204645, 
0.322084241766925, 
0.2790198638250342, 
0.3168215096908214, 
0.37760170243651836, 
0.264734201313086, 
0.3700392785858333, 
0.2794008070802792, 
0.3508066144537213, 
0.25979157788022994, 
0.2829417533200536, 
0.1733009874184052, 
0.24697643522399051, 
0.28140552938910623, 
0.254640061294219, 
0.2942947663351067, 
0.3376376783945585, 
0.18445178093893363, 
0.11282383393050029, 
0.1654863930177021, 
0.1448192667567581, 
0.08179647776399873, 
0.08260198748927987, 
0.01949278617222679, 
0.020536528349651362, 
0.029589050495011104, 
0.1178169596511956, 
0.023830966890541264, 
0.017496649563252913, 
0.006993170129660906, 
0.040460861468090636, 
0.05343236902966671, 
0.034214433224220034, 
0.050007106824414484, 
0.04657706385132801, 
0.02626665247941094, 
0.035032364968022686, 
0.0287290057339234, 
0.027937373615463085, 
0.01758769673096262, 
0.02819126885017714, 
0.038637276222250556, 
0.020417182656646462, 
0.03109887490863197, 
0.034528174689675686, 
0.04768245146189081, 
0.034594502838363114, 
0.21963923769254384, 
0.16309176447839377, 
0.18582532355203407, 
0.24818781558855152, 
0.2262130893195977, 
0.17291838214617378, 
0.13435019456584477, 
0.20471116474915727, 
0.14817347232222697, 
0.21189905802593106, 
0.19909171707851703, 
0.12287101713421475, 
0.18978586169670356, 
0.14624253269254733, 
0.14492587714751826, 
0.1399351011131404, 
0.18372772903972445, 
0.13229057211250506, 
0.16836962975132738, 
0.28115260899002886, 
0.17985784424380452, 
0.12772479866790504, 
0.27429740143045056, 
0.2378544368988796, 
0.19730090689611118, 
0.228005805846855, 
0.2412816744304068, 
0.10653509307847916, 
0.12845870839246226, 
0.19168734626705372, 
0.1715974455042892, 
0.2727877753254105, 
0.2489397800279856, 
0.18684808995259145, 
0.21366253245581596, 
0.2037391662193126, 
0.22563612481295126, 
0.19549333034197333, 
0.26962924484799, 
0.2540582943728169, 
