-5.551115123125783E-17
0.31451935990279933
0.43901316065492507
0.9058482716021207
0.2849068185533561
0.0
0.20281831007233656
0.0
0.4877251286256926
0.4877251286256926
0.6182357947273144
0.3015291325043867
0.0
0.3015291325043867
0.2213269218511676
0.19999999999999996
0.32046468494440256
0.4901821969972616
0.8353696802916566
0.267706481406772
0.0
0.23978899042189822
0.0
0.5074954718286702
0.5074954718286702
0.6185763792172652
0.3139247114329364
0.0
0.3139247114329364
0.22697614954273718
0.39999999999999997
0.3291576805818251
0.5419101451176029
0.7023907850371762
0.23119732166488421
0.0
0.27567470055180515
0.0
0.5068720222166894
0.5068720222166894
0.6124202298334627
0.3104186803420969
0.0
0.3104186803420969
0.22435837817487547
0.6
0.34585079815134806
0.594799375361588
0.42317380482783196
0.14635499815644848
0.0
0.3014899958266279
0.0
0.44784499398307637
0.44784499398307637
0.5926457656505711
0.2654134393518757
0.0
0.2654134393518757
0.19320941178676987
0.8
0.3865841975866217
0.6522229739200074
-0.18755548905592578
-0.07250598823965149
0.0
0.29077071971979024
0.0
0.21826473148013875
0.21826473148013875
0.5344752129894101
0.11665708884592357
0.0
0.11665708884592357
0.08598812755019089
1.0
0.49484992619815166
0.7215403757841774
-0.8686752192471754
-0.42986386813462796
0.0
0.16511567064497507
0.0
-0.2647481974896529
-0.2647481974896529
0.4176202480287349
-0.11056420790078933
0.0
-0.11056420790078933
-0.08256371637044718
0.8
0.6705998864753397
0.7226557871228062
-0.9760230122026465
-0.6545209211804139
0.0
-0.20351961905429017
0.0
-0.8580405402347041
-0.8580405402347041
0.29395832157346
-0.2522281570493785
0.0
-0.2522281570493785
-0.18926718582362673
0.6000000000000001
0.8109038529837874
0.7182960341682738
-0.987498296568522
-0.8007661735023412
0.0
-0.6207963128749304
0.0
-1.4215624863772716
-1.4215624863772716
0.20078854261936752
-0.2854334598820569
0.0
-0.2854334598820569
-0.2148864042254671
0.4000000000000001
0.8912638696822447
0.7041811527056515
-0.9806330220480636
-0.8740027819687511
0.0
-1.0053468052613062
0.0
-1.8793495872300574
-1.8793495872300574
0.14507822040087406
-0.27265269362645395
0.0
-0.27265269362645395
-0.20602333858172311
0.20000000000000007
0.9316172357607851
0.679902516145964
-0.9520098727642264
-0.8869088060815854
0.0
-1.2828435015787458
0.0
-2.1697523076603313
-2.1697523076603313
0.11793749243760952
-0.25589514637617616
0.0
-0.25589514637617616
-0.19151530871462571
5.551115123125783E-17
0.9478930036031019
0.6446370180271529
-0.8789130795181476
-0.8331155588505088
0.0
-1.4032720540962915
0.0
-2.2363876129468006
-2.2363876129468006
0.11429908942891565
-0.25561706776992554
0.0
-0.25561706776992554
-0.1847474269437248
-0.19999999999999996
0.9488826865302705
0.5968966688285245
-0.7538598194364748
-0.7153245307341068
0.0
-1.3398969392073068
0.0
-2.0552214699414137
-2.0552214699414137
0.13488965373148273
-0.27722811242190626
0.0
-0.27722811242190626
-0.19850107046714902
-0.39999999999999997
0.9332211079179987
0.5363497094982258
-0.5984678197393574
-0.5585028017904322
0.0
-1.1057640836156009
0.0
-1.664266885406033
-1.664266885406033
0.18285678977680214
-0.30432249999718425
0.0
-0.30432249999718425
-0.21920411915585
-0.6
0.8896175808289861
0.46522611713376383
-0.40487559373553694
-0.3601844462357078
0.0
-0.7748545453955848
0.0
-1.1350389916312926
-1.1350389916312926
0.26434770791120255
-0.3000449558275748
0.0
-0.3000449558275748
-0.21867867851062672
-0.8
0.791163958185855
0.38543130678606863
-0.003311975686168621
-0.0026203157932844796
0.0
-0.43527240341006795
0.0
-0.43789271920335243
-0.43789271920335243
0.40155613421648423
-0.17583850752484262
0.0
-0.17583850752484262
-0.1300419591006229
-1.0
0.5746462129127792
0.2928028353926122
0.7752267489477526
0.4454811154315118
0.0
-0.13085634183980716
0.0
0.31462477359170465
0.31462477359170465
0.5737940210155329
0.18052981395028586
0.0
0.18052981395028586
0.13610812781309042
-0.8
0.29422271611860235
0.2646966744315372
0.9886353049724383
0.29087896467973356
0.0
0.08510673016987559
0.0
0.37598569484960914
0.37598569484960914
0.5969303306337289
0.2244372651401295
0.0
0.2244372651401295
0.1707281180781807
-0.6000000000000001
0.29019288795548515
0.301081271276932
0.9835415496211413
0.2854167627087721
0.0
0.11318659972762757
0.0
0.39860336243639966
0.39860336243639966
0.6017368753826564
0.23985434182949963
0.0
0.23985434182949963
0.18350421725793606
-0.4000000000000001
0.29837273442264567
0.34449194596780525
0.9693166645480716
0.2892176637226465
0.0
0.13726943994555676
0.0
0.4264871036682033
0.4264871036682033
0.6068451954236225
0.2588116497711856
0.0
0.2588116497711856
0.19915289983024526
-0.20000000000000007
0.30546274774008203
0.3903176706797144
0.9474124421665674
0.28939920782734124
0.0
0.1673445891988059
0.0
0.45674379702614715
0.45674379702614715
0.6135638959050936
0.2802415035338482
0.0
0.2802415035338482
0.2160789553197074
-5.551115123125783E-17
0.3104457845524828
0.4396091985426282
0.9082625364649373
0.28196627571248545
0.0
0.20106692356273728
0.0
0.4830331992752227
0.4830331992752227
0.6183088465857325
0.2986637003064792
0.0
0.2986637003064792
0.22087835199407396
0.19999999999999996
0.31630127426455923
0.49034923092940025
0.8386667221883722
0.26527135291146325
0.0
0.23751729503177227
0.0
0.5027886479432355
0.5027886479432355
0.6186863258786897
0.3110684612895144
0.0
0.3110684612895144
0.22663965310549025
0.39999999999999997
0.32493162356813377
0.5416613299505972
0.7067719490016123
0.22965255688150812
0.0
0.2729680792585303
0.0
0.5026206361400384
0.5026206361400384
0.61263308071915
0.30792202875149066
0.0
0.30792202875149066
0.22430636982541724
0.6
0.34163231840562164
0.5941341871070873
0.42863345304126826
0.14643504030869564
0.0
0.29863975168960294
0.0
0.4450747919982986
0.4450747919982986
0.5930659518209075
0.2639587051479634
0.0
0.2639587051479634
0.1936875263239803
0.8
0.38270125037691016
0.6511102107088669
-0.18369046255314164
-0.0702985697014003
0.0
0.2885282063037348
0.0
0.21822963660233452
0.21822963660233452
0.5350827219483595
0.1167709079629785
0.0
0.1167709079629785
0.08676576354712198
1.0
0.4932288410028248
0.7200179205354701
-0.8702427665163506
-0.42922883111995147
0.0
0.16461296794175195
0.0
-0.2646158631781995
-0.2646158631781995
0.4173124825950566
-0.11042750279692827
0.0
-0.11042750279692827
-0.08313256336108925
0.8
0.674853778515615
0.7209529757463529
-0.9772149412394148
-0.6594771955173337
0.0
-0.20281202806879237
0.0
-0.8622892235861261
-0.8622892235861261
0.2918366024053275
-0.25164755730210286
0.0
-0.25164755730210286
-0.19036270246205922
0.6000000000000001
0.8186936898593424
0.7157478280236037
-0.9883049817999034
-0.8091190522561332
0.0
-0.6215849279577068
0.0
-1.4307039802138402
-1.4307039802138402
0.19783360526149668
-0.283041326467677
0.0
-0.283041326467677
-0.21477202059581602
0.4000000000000001
0.8986722413508221
0.7000079390844048
-0.9814933152211835
-0.88204079746067
0.0
-1.0055569351786637
0.0
-1.8875977326393336
-1.8875977326393336
0.14260601033145967
-0.2691827817624047
0.0
-0.2691827817624047
-0.20495478847767346
0.20000000000000007
0.9375688402118372
0.6742299204341697
-0.9533106139447547
-0.8937943266778181
0.0
-1.2783922877497993
0.0
-2.172186614427617
-2.172186614427617
0.11653847726097709
-0.25314332037207166
0.0
-0.25314332037207166
-0.1911210690301962
5.551115123125783E-17
0.9525650838771609
0.6375911508110801
-0.8812366310827806
-0.8394352454029956
0.0
-1.3890231807875497
0.0
-2.2284584261905453
-2.2284584261905453
0.11384309685168016
-0.253694608442753
0.0
-0.253694608442753
-0.18485518972053708
-0.19999999999999996
0.9530213330634764
0.5893643576515172
-0.7588506372812152
-0.7232008459378122
0.0
-1.31815946089584
0.0
-2.0413603068336523
-2.0413603068336523
0.13510918463345462
-0.2758065265993935
0.0
-0.2758065265993935
-0.19901666508901758
-0.39999999999999997
0.9376389804626639
0.5297211120339883
-0.6065176543432543
-0.5686945950510154
0.0
-1.0846331256733477
0.0
-1.653327720724363
-1.653327720724363
0.18300799471111515
-0.3025721907700643
0.0
-0.3025721907700643
-0.21957594474770648
-0.6
0.8953268922233495
0.4609637219583183
-0.41289292376466225
-0.36967413825522744
0.0
-0.7626766520137355
0.0
-1.132350790268963
-1.132350790268963
0.26356288074096706
-0.29844563629259846
0.0
-0.29844563629259846
-0.2190912582852082
-0.8
0.7987285838422697
0.38430992052654267
-0.009404531352922366
-0.007511668009219906
0.0
-0.43300870090365107
0.0
-0.440520368912871
-0.440520368912871
0.4001891492370808
-0.17629147165684683
0.0
-0.17629147165684683
-0.1312929929917913
-1.0
0.5797214649565657
0.29438285936611464
0.7750944183306522
0.44933887167430286
0.0
-0.13218714679006294
0.0
0.3171517248842399
0.3171517248842399
0.5745710047866732
0.18222618523656428
0.0
0.18222618523656428
0.1383431987526953
-0.8
0.28857337633268454
0.2662251043681552
0.9895539653681072
0.2855589288496711
0.0
0.08622492510735795
0.0
0.37178385395702906
0.37178385395702906
0.5972184783772296
0.22203618754543905
0.0
0.22203618754543905
0.17006148434065643
-0.6000000000000001
0.2865631230467802
0.3030628432372559
0.9842024658639744
0.2820361323283226
0.0
0.11266233133136279
0.0
0.39469846365968536
0.39469846365968536
0.6019926372455909
0.23760556905527702
0.0
0.23760556905527702
0.18301663039517077
-0.4000000000000001
0.2945346429561481
0.3461379953230969
0.9704552175332731
0.28583268100109366
0.0
0.136577486074858
0.0
0.4224101670759517
0.4224101670759517
0.6070378181077708
0.2564189461683246
0.0
0.2564189461683246
0.19861602443195742
-0.20000000000000007
0.3015588906157492
0.39154351963908013
0.9490254300463051
0.2861870558508981
0.0
0.16623995008423864
0.0
0.45242700593513674
0.45242700593513674
0.6136912013410231
0.2776504727914562
0.0
0.2776504727914562
0.21571561771111408
-5.551115123125783E-17
0.30648348641383183
0.4402514681707972
0.9105905056389687
0.2790809528635651
0.0
0.1994052355105762
0.0
0.4784861883741413
0.4784861883741413
0.6184559494729291
0.2959226299406124
0.0
0.2959226299406124
0.22048641212302275
0.19999999999999996
0.31230291640397745
0.49039492107950694
0.8419127043324555
0.26293179292058544
0.0
0.23525788362979105
0.0
0.4981896765503765
0.4981896765503765
0.6188948580699026
0.30832702916053595
0.0
0.30832702916053595
0.22635849364993063
0.39999999999999997
0.3209239676820455
0.5411317783965328
0.7111972395625273
0.2282402399249245
0.0
0.27018192874750596
0.0
0.4984221686724305
0.4984221686724305
0.612964040744973
0.3055148665063255
0.0
0.3055148665063255
0.22429795306782965
0.6
0.33767858398582085
0.5930457069067877
0.43436657804548295
0.14667629100516522
0.0
0.2956145279708905
0.0
0.4422908189760557
0.4422908189760557
0.5936194073112929
0.26255241381979255
0.0
0.26255241381979255
0.19419087243845137
0.8
0.3791034220122687
0.6494559737629434
-0.17918599813198482
-0.06793002506851943
0.0
0.28604436122466614
0.0
0.21811433615614673
0.21811433615614673
0.5358287051708401
0.11687192232174547
0.0
0.11687192232174547
0.08753801568481745
1.0
0.4918726890254598
0.7178781956500956
-0.8715463266338811
-0.42868983529166876
0.0
0.16392261352136803
0.0
-0.26476722177030076
-0.26476722177030076
0.4170807127477694
-0.11042930156820377
0.0
-0.11042930156820377
-0.08380793573369275
0.8
0.6793004003291458
0.7187480956448254
-0.9783326419774663
-0.6645817553503638
0.0
-0.20214980198063714
0.0
-0.8667315573310009
-0.8667315573310009
0.28971577844916707
-0.2511058078386098
0.0
-0.2511058078386098
-0.19148899700855732
0.6000000000000001
0.8263614418643979
0.7127371089223279
-0.9890417093401062
-0.8173059329943189
0.0
-0.6220757726269254
0.0
-1.4393817056212441
-1.4393817056212441
0.1949455316217614
-0.2806010318089711
0.0
-0.2806010318089711
-0.21460312606252696
0.4000000000000001
0.9056437675591356
0.6953631237470221
-0.9822650845220637
-0.8895822518883545
0.0
-1.0046871223933633
0.0
-1.8942693742817178
-1.8942693742817178
0.14029283661503603
-0.2657524238309716
0.0
-0.2657524238309716
-0.2038870717012734
0.20000000000000007
0.9429437102425511
0.6680901613554954
-0.9544850156123308
-0.9000256419924105
0.0
-1.2718146783566533
0.0
-2.1718403203490637
-2.1718403203490637
0.11534536914565394
-0.25051172347607803
0.0
-0.25051172347607803
-0.19078124717821973
5.551115123125783E-17
0.9566794466283569
0.6302081997753691
-0.8834859728661009
-0.8452128716254569
0.0
-1.3722876254799916
0.0
-2.2175004971054486
-2.2175004971054486
0.11359359364564774
-0.2518938503772182
0.0
-0.2518938503772182
-0.1850345394893945
-0.19999999999999996
0.9566265353430375
0.5817214961289124
-0.7638521112868966
-0.7307211987348482
0.0
-1.2945471172174388
0.0
-2.025268315952287
-2.025268315952287
0.13547667220595255
-0.27437661176936956
0.0
-0.27437661176936956
-0.19951600540795886
-0.39999999999999997
0.941516601431194
0.5232356704025642
-0.6143566008265418
-0.5784269388770262
0.0
-1.0628219030249644
0.0
-1.6412488419019906
-1.6412488419019906
0.18319927132307748
-0.30067559189628945
0.0
-0.30067559189628945
-0.21982796870632532
-0.6
0.9004688084366916
0.4570139712931883
-0.4202360540321297
-0.378409458836449
0.0
-0.7505910591200069
0.0
-1.129000517956456
-1.129000517956456
0.26275219467862687
-0.2966473638863653
0.0
-0.2966473638863653
-0.21934730224834037
-0.8
0.8057414828826878
0.3835875650827744
-0.014745386503966661
-0.011880969587384469
0.0
-0.4309500738732151
0.0
-0.4428310434605996
-0.4428310434605996
0.39873854823984023
-0.17657380738501308
0.0
-0.17657380738501308
-0.13242667563329297
-1.0
0.5844781477244863
0.2964802285674511
0.774889064923705
0.45290572535856627
0.0
-0.133674825708528
0.0
0.31923089965003826
0.31923089965003826
0.5751338214265875
0.183600487233174
0.0
0.183600487233174
0.14035495709451243
-0.8
0.2829856791413342
0.26828978567353867
0.990350648847763
0.28025505095224523
0.0
0.08741178555727598
0.0
0.3676668365095212
0.3676668365095212
0.5974417023426204
0.21965950069917425
0.0
0.21965950069917425
0.1693945937765266
-0.6000000000000001
0.2829514957255795
0.30544353479638614
0.9847994346629689
0.27865047302759216
0.0
0.11229420390194902
0.0
0.39094467692954116
0.39094467692954116
0.6022224360611315
0.2354356557056403
0.0
0.2354356557056403
0.1825738009863505
-0.4000000000000001
0.29071808334878424
0.3480725589361234
0.97151287871391
0.2824363620483678
0.0
0.13603805283826162
0.0
0.4184744148866294
0.4184744148866294
0.6072372264774742
0.2541132430475407
0.0
0.2541132430475407
0.19813270693588594
-0.20000000000000007
0.29770895615899734
0.39295012905267174
0.9505294924688179
0.2829811430012333
0.0
0.16525261384584247
0.0
0.4482337568470758
0.4482337568470758
0.6138429055218865
0.27514511165599975
0.0
0.27514511165599975
0.2153822760355392
-5.551115123125783E-17
0.30262321938844994
0.4409421793136033
0.9128008431927057
0.2762347298274683
0.0
0.19781783911647136
0.0
0.47405256894393966
0.47405256894393966
0.6186569450774102
0.2932759141089561
0.0
0.2932759141089561
0.2201423358427081
0.19999999999999996
0.30845567768886845
0.49035217489056004
0.845053625480292
0.2606615887309587
0.0
0.23301313832066017
0.0
0.49367472705161886
0.49367472705161886
0.6191768646590338
0.30567196965722565
0.0
0.30567196965722565
0.22612429056751954
0.39999999999999997
0.3171162812304547
0.5403834566745862
0.7155803329803138
0.22692217411636761
0.0
0.267338206880926
0.0
0.49426038099729364
0.49426038099729364
0.613383094771098
0.30317096211886196
0.0
0.30317096211886196
0.22432505672916841
0.6
0.3339684577262147
0.5916207914523028
0.4402469995350171
0.14702861145330323
0.0
0.2924528417765193
0.0
0.43948145322982257
0.43948145322982257
0.5942713864867581
0.261171252546102
0.0
0.261171252546102
0.1947111630776666
0.8
0.3757716011007235
0.6473650010442448
-0.17415509411490143
-0.0654425385554037
0.0
0.283361268247117
0.0
0.21791872969171328
0.21791872969171328
0.5366770379589054
0.11695197836671606
0.0
0.11695197836671606
0.08830224439097328
1.0
0.4907670792460579
0.7152300370943152
-0.8725928606346018
-0.428239849584606
0.0
0.16306869579145528
0.0
-0.2651711537931507
-0.2651711537931507
0.41689600054045023
-0.11054879347506116
0.0
-0.11054879347506116
-0.08457998203781254
0.8
0.6839343687023914
0.7161243155789578
-0.9793739172669924
-0.6698274818295886
0.0
-0.20153715306388875
0.0
-0.8713646348934774
-0.8713646348934774
0.2875775604882011
-0.25058491599835825
0.0
-0.25058491599835825
-0.19264096872049083
0.6000000000000001
0.8339096308436045
0.7093284423572228
-0.9897106127100461
-0.8253292116870322
0.0
-0.622317188314851
0.0
-1.4476464000018834
-1.4476464000018834
0.1921083186847402
-0.2781049159543787
0.0
-0.2781049159543787
-0.21438165571860657
0.4000000000000001
0.9122088977366798
0.6903068232912376
-0.9829504254138144
-0.8966561240965361
0.0
-1.0028620631773293
0.0
-1.8995181872738653
-1.8995181872738653
0.1381167391945377
-0.2623552580669855
0.0
-0.2623552580669855
-0.2028252959389533
0.20000000000000007
0.9478059951589227
0.6615469889612028
-0.9555338587454812
-0.9056607198963064
0.0
-1.263315864379855
0.0
-2.1689765842761615
-2.1689765842761615
0.11433359956357975
-0.2479869002494116
0.0
-0.2479869002494116
-0.1904909887644785
5.551115123125783E-17
0.9603178787704436
0.6225583570707496
-0.8856306231193892
-0.8504869213681581
0.0
-1.3534495741531485
0.0
-2.2039364955213063
-2.2039364955213063
0.11351514330553866
-0.25018016712540775
0.0
-0.25018016712540775
-0.1852700192171583
-0.19999999999999996
0.9597863561379654
0.5740302228527902
-0.7687729967604011
-0.7378578332579292
0.0
-1.2695146133596007
0.0
-2.00737244661753
-2.00737244661753
0.1359551032581998
-0.2729125282575514
0.0
-0.2729125282575514
-0.19999066022781115
-0.39999999999999997
0.9449451656208313
0.5169169300535276
-0.6218770230354415
-0.5876396865280148
0.0
-1.0406350692385973
0.0
-1.6282747557666122
-1.6282747557666122
0.1834096429882228
-0.29864129164189
0.0
-0.29864129164189
-0.2199762422154198
-0.6
0.905130072637369
0.4533460212169667
-0.42690575541478454
-0.3864052374078948
0.0
-0.738660595308366
0.0
-1.1250658327162608
-1.1250658327162608
0.2619215817403207
-0.2946790224670341
0.0
-0.2946790224670341
-0.21947695111950946
-0.8
0.812265126243919
0.3831909192395763
-0.01943833727661754
-0.015789083481963624
0.0
-0.4290408658500596
0.0
-0.44482994933202324
-0.44482994933202324
0.3972324642712006
-0.1767008969547929
0.0
-0.1767008969547929
-0.13345898025894865
-1.0
0.5889374808298159
0.29899899825828746
0.774575658988155
0.45617663731657854
0.0
-0.13527812697360256
0.0
0.320898510342976
0.320898510342976
0.5755224937620402
0.1846843109171134
0.0
0.1846843109171134
0.142170212221894
-0.8
0.27745962383575795
0.2708115528256843
0.9910410235730498
0.2749738696063829
0.0
0.08865082276271316
0.0
0.3636246923690961
0.3636246923690961
0.5976071862125076
0.21730472924408423
0.0
0.21730472924408423
0.16873466579397675
-0.6000000000000001
0.2793532423192733
0.30816046083285553
0.985334010925047
0.2752562507193661
0.0
0.11205190751619205
0.0
0.38730815823555814
0.38730815823555814
0.6024236815713022
0.2333236065868654
0.0
0.2333236065868654
0.18216990147558212
-0.4000000000000001
0.2869229967201065
0.3502519745438217
0.9724844701346483
0.2790281584347982
0.0
0.13562003723748497
0.0
0.41464819567228317
0.41464819567228317
0.6074358094156356
0.2518721623609262
0.0
0.2518721623609262
0.197696379366691
-0.20000000000000007
0.2939087112368993
0.3945137868356841
0.9519143098447511
0.27977590801443325
0.0
0.16435889003567977
0.0
0.444134798050113
0.444134798050113
0.6140062025256633
0.2727015207602523
0.0
0.2727015207602523
0.21507106852923913
-5.551115123125783E-17
0.2988562818827309
0.44168276914705984
0.914871178877762
0.2734149989210788
0.0
0.19629249166105767
0.0
0.46970749058213646
0.46970749058213646
0.6188953800200149
0.2906997958820789
0.0
0.2906997958820789
0.21983886905122882
0.19999999999999996
0.30474603178630943
0.49024840295561606
0.8480485284715662
0.25843942381392887
0.0
0.2307854016774445
0.0
0.48922482549137336
0.48922482549137336
0.6195118926205955
0.30308059755714123
0.0
0.30308059755714123
0.22592973521056933
0.39999999999999997
0.3134904442661488
0.5394681240978272
0.7198525070375129
0.22566688223729092
0.0
0.26445520362997404
0.0
0.49012208586726497
0.49012208586726497
0.6138658302973047
0.30086920118795546
0.0
0.30086920118795546
0.22438034027721118
0.6
0.33048082680356977
0.5899318935087083
0.4461692658009936
0.14745038785625406
0.0
0.2891864993067114
0.0
0.43663688716296545
0.43663688716296545
0.5949936813067029
0.25979618888739225
0.0
0.25979618888739225
0.19524073397024283
0.8
0.3726858330509604
0.6449244489148274
-0.16869728106086856
-0.06287108672560181
0.0
0.2805137174624799
0.0
0.21764263073687806
0.21764263073687806
0.5375986738278584
0.11700438965255194
0.0
0.11700438965255194
0.08905589390230569
1.0
0.4898953507244995
0.7121633499663378
-0.8733886381258519
-0.4278690331934572
0.0
0.16207126119705215
0.0
-0.2657977719964051
-0.2657977719964051
0.41673643991689624
-0.11076761723962475
0.0
-0.11076761723962475
-0.08543949006663137
0.8
0.6887464935242777
0.7131493384683778
-0.9803382440457623
-0.6752045280542665
0.0
-0.2009735941468281
0.0
-0.8761781222010946
-0.8761781222010946
0.2854095455701914
-0.25006959969595804
0.0
-0.25006959969595804
-0.193813340815683
0.6000000000000001
0.8413365124400382
0.7055732108752583
-0.990314669978307
-0.8331878906577561
0.0
-0.6223413261780796
0.0
-1.4555292168358358
-1.4555292168358358
0.18931155819167844
-0.2755485040327055
0.0
-0.2755485040327055
-0.21410952837852015
0.4000000000000001
0.918392456288478
0.684886500364841
-0.9835522697048444
-0.9032869848623397
0.0
-1.000173079515389
0.0
-1.9034600643777286
-1.9034600643777286
0.13606164864474715
-0.2589879144886703
0.0
-0.2589879144886703
-0.20177397312040757
0.20000000000000007
0.9522168178410088
0.6546659240636831
-0.9564676659710802
-0.9107645972587989
0.0
-1.2531064876075209
0.0
-2.1638710848663196
-2.1638710848663196
0.11348579341346769
-0.24556862691051537
0.0
-0.24556862691051537
-0.19025554596349156
5.551115123125783E-17
0.9635525029148649
0.614706654377536
-0.8876452757836212
-0.8552928271818637
0.0
-1.3328607012587175
0.0
-2.1881535284405813
-2.1881535284405813
0.11357386693420078
-0.2485170576707125
0.0
-0.2485170576707125
-0.1855434192666795
-0.19999999999999996
0.9625774425311064
0.5663452530719107
-0.7735301846021638
-0.7445827068149655
0.0
-1.2434625310669327
0.0
-1.9880452378818982
-1.9880452378818982
0.13650915267604571
-0.2713863709049057
0.0
-0.2713863709049057
-0.20043016789504314
-0.39999999999999997
0.9480051365010821
0.5107832305624059
-0.6289851592588086
-0.5962811617603017
0.0
-1.0183236174685684
0.0
-1.61460477922887
-1.61460477922887
0.18361904879497032
-0.29647219374181816
0.0
-0.29647219374181816
-0.22003308714722528
-0.6
0.9093908843319368
0.44993324438931176
-0.4329055971204773
-0.393680403797636
0.0
-0.7269303244005882
0.0
-1.1206107281982243
-1.1206107281982243
0.2610726147299836
-0.2925607729051814
0.0
-0.2925607729051814
-0.21950478526782108
-0.8
0.8183660725321029
0.38306096877567203
-0.023575844760872874
-0.01929367148358209
0.0
-0.427236010274833
0.0
-0.44652968175841506
-0.44652968175841506
0.3956891004343555
-0.1766869280922263
0.0
-0.1766869280922263
-0.13440568078835083
-1.0
0.5931340738060589
0.301862142249681
0.7741190597083217
0.4591563914957126
0.0
-0.13696489188119754
0.0
0.32219149961451504
0.32219149961451504
0.5757692784359778
0.18550796725125496
0.0
0.18550796725125496
0.14381593821897057
-0.8
0.2719927865930812
0.27372548765151367
0.9916391841651158
0.26971870499595946
0.0
0.08992932819456419
0.0
0.35964803319052363
0.35964803319052363
0.5977175631517494
0.21496794599095928
0.0
0.21496794599095928
0.16808772839635344
-0.6000000000000001
0.2757632394726096
0.31116254339769545
0.9858086128614738
0.2718497765826797
0.0
0.11191061891088248
0.0
0.3837603954935622
0.3837603954935622
0.6025921050168124
0.2312509845425501
0.0
0.2312509845425501
0.18180071165934875
-0.4000000000000001
0.28314666047192144
0.3526407882429911
0.9733682561253093
0.27560597113125923
0.0
0.13529788520998867
0.0
0.41090385634124793
0.41090385634124793
0.6076255536107688
0.24967568319015057
0.0
0.24967568319015057
0.19730189243448726
-0.20000000000000007
0.29015076805163964
0.396214826316913
0.9531752887403554
0.2765645421158575
0.0
0.16353866986724028
0.0
0.44010321198309776
0.44010321198309776
0.6141694466944265
0.27029794619209907
0.0
0.27029794619209907
0.2147760668442258
-5.551115123125783E-17
0.29517014186428775
0.442474825891349
0.9167881235847164
0.2706084804979949
0.0
0.1948179232438096
0.0
0.4654264037418045
0.4654264037418045
0.6191569099741967
0.28817197396117855
0.0
0.28817197396117855
0.21956985433420018
0.19999999999999996
0.30115604311213484
0.49010694776148983
0.8508696144302257
0.2562445262861546
0.0
0.22857468310271492
0.0
0.48481920938886947
0.48481920938886947
0.6198826557986353
0.3005310190981671
0.0
0.3005310190981671
0.2257680672819933
0.39999999999999997
0.3100234061980074
0.5384292650679037
0.7239629098841148
0.22444544728329435
0.0
0.26154521412079573
0.0
0.4859906614040901
0.4859906614040901
0.6143920902395272
0.2985888182969492
0.0
0.2985888182969492
0.22445670556503167
0.6
0.327188985502245
0.5880394171261457
0.45204909945714844
0.14790548624858785
0.0
0.2858383055262973
0.0
0.43374379177488515
0.43374379177488515
0.5957635391169162
0.25840873645779633
0.0
0.25840873645779633
0.19577234656550974
0.8
0.3698195593064427
0.6422064424656386
-0.16289873559372048
-0.06024313860884644
0.0
0.27752715023764424
0.0
0.2172840116287978
0.2172840116287978
0.5385711248191677
0.11702289454814274
0.0
0.11702289454814274
0.08979684407264886
1.0
0.4892342414638748
0.7087514399259838
-0.8739403050972057
-0.42756152224893873
0.0
0.16094532750132473
0.0
-0.266616194747614
-0.266616194747614
0.41658704122670487
-0.11106885171303145
0.0
-0.11106885171303145
-0.08637825646687397
0.8
0.693726007017399
0.7098763547477626
-0.9812270487101211
-0.6807027224791391
0.0
-0.2004528406453033
0.0
-0.8811555631244424
-0.8811555631244424
0.28320372119523446
-0.2495465344287244
0.0
-0.2495465344287244
-0.19500256159329288
0.6000000000000001
0.848643171399161
0.7015093588686659
-0.9908579688825282
-0.8408848491186
0.0
-0.622164816556269
0.0
-1.4630496656748688
-1.4630496656748688
0.18654738281451919
-0.2729280860593041
0.0
-0.2729280860593041
-0.21378951000630153
0.4000000000000001
0.9242210949885096
0.6791354494607182
-0.9840747886523934
-0.9095026787189011
0.0
-0.9966818606084012
0.0
-1.9061845393273025
-1.9061845393273025
0.13411397360555938
-0.25564598299466723
0.0
-0.25564598299466723
-0.20073657047033552
0.20000000000000007
0.9562403281068291
0.6475165818207431
-0.9573067247945086
-0.9154152966163749
0.0
-1.2414323411798176
0.0
-2.1568476377961927
-2.1568476377961927
0.11278759685239113
-0.24326566184378912
0.0
-0.24326566184378912
-0.19009215694437917
5.551115123125783E-17
0.9664509433844634
0.60671199138398
-0.889507303118802
-0.859665172246536
0.0
-1.310847514332748
0.0
-2.170512686579284
-2.170512686579284
0.11373392959106413
-0.24686093707191972
0.0
-0.24686093707191972
-0.1858329667980023
-0.19999999999999996
0.965070473563512
0.5587119025807921
-0.7780463964863931
-0.7508696043115074
0.0
-1.2167365751873345
0.0
-1.967606179498842
-1.967606179498842
0.13710264136849296
-0.2697640043822603
0.0
-0.2697640043822603
-0.20082166909355625
-0.39999999999999997
0.9507723946053317
0.5048458528010416
-0.6356002358946423
-0.6043111582932628
0.0
-0.9960844350147681
0.0
-1.600395593308031
-1.600395593308031
0.1838060366436023
-0.29416237106783555
0.0
-0.29416237106783555
-0.22000734555868504
-0.6
0.9133323077185501
0.44675077757369824
-0.4382444615190572
-0.4002628253840739
0.0
-0.7154263699577742
0.0
-1.1156891953418482
-1.1156891953418482
0.26020063268699445
-0.2903030345099926
0.0
-0.2903030345099926
-0.21945142996796776
-0.8
0.8241246228156767
0.3831494568585368
-0.02724979189071595
-0.02245722446374197
0.0
-0.42549890303822274
0.0
-0.44795612750196473
-0.44795612750196473
0.3941156780107038
-0.1765465329094861
0.0
-0.1765465329094861
-0.13528512015046026
-1.0
0.5971270025782397
0.3050081761224824
0.773478092818075
0.4618646551243906
0.0
-0.13871263236415837
0.0
0.32315202276023225
0.32315202276023225
0.5759014143415117
0.1861037069549381
0.0
0.1861037069549381
0.1453233759979369
-0.8
0.2665759082614312
0.27697772396116876
0.9921585462037349
0.26448556559360176
0.0
0.0912390353046003
0.0
0.35572460089820207
0.35572460089820207
0.5977702931916948
0.2126415989744169
0.0
0.2126415989744169
0.16745879524661814
-0.6000000000000001
0.27217408002843607
0.31440893916916074
0.9862267774337772
0.2684253658474475
0.0
0.11184905738968208
0.0
0.38027442323712957
0.38027442323712957
0.6027206170876473
0.2291992350361319
0.0
0.2291992350361319
0.1814636320767128
-0.4000000000000001
0.2793809663063753
0.35521087750245367
0.974166106120582
0.27216346807088715
0.0
0.13504971640231553
0.0
0.40721318447320265
0.40721318447320265
0.6077967461151741
0.2475028484980107
0.0
0.2475028484980107
0.19694516763455583
-0.20000000000000007
0.28642148048069777
0.39803769516640913
0.9543134290606954
0.27333586519417574
0.0
0.16277347081509783
0.0
0.4361093360092736
0.4361093360092736
0.6143205367898076
0.2679109213962635
0.0
0.2679109213962635
0.21449257496077748
-5.551115123125783E-17
0.29154496795768553
0.4433208659906099
0.9185470763125654
0.2677977779311726
0.0
0.19338190994330437
0.0
0.46117968787447694
0.46117968787447694
0.6194277074027165
0.28566747676078763
0.0
0.28566747676078763
0.21932958665820082
0.19999999999999996
0.29765951443834204
0.4899485854956471
0.8535019609707338
0.25405297927472137
0.0
0.22637683187334418
0.0
0.48042981114806554
0.48042981114806554
0.620273479363078
0.2979978705505571
0.0
0.2979978705505571
0.22563241984203655
0.39999999999999997
0.30668293610019026
0.5373043110390509
0.7278781511519048
0.22322780851844426
0.0
0.25861290189042635
0.0
0.4818407104088706
0.4818407104088706
0.6149444950930519
0.2963052923776604
0.0
0.2963052923776604
0.22454671215466673
0.6
0.32405599845214833
0.5859945472993828
0.4578227946193174
0.14836022282451575
0.0
0.2824206396695684
0.0
0.4307808624940841
0.4307808624940841
0.5965623693683011
0.2569876520079911
0.0
0.2569876520079911
0.1962988656597267
0.8
0.3671347246417876
0.6392712444237876
-0.15683344890961953
-0.05757900508005503
0.0
0.2744164458349022
0.0
0.21683744075484718
0.21683744075484718
0.539577636978832
0.11700063389103792
0.0
0.11700063389103792
0.09052363818306462
1.0
0.4887500325536336
0.7050540333762803
-0.8742560939652774
-0.42729269438574186
0.0
0.15970030914929229
0.0
-0.26759238523644957
-0.26759238523644957
0.41643935811216903
-0.11143600114357131
0.0
-0.11143600114357131
-0.08738932678165207
0.8
0.6988626444246132
0.7063457584241706
-0.9820438475278819
-0.6863137602242572
0.0
-0.19996196324867954
0.0
-0.8862757234729367
-0.8862757234729367
0.2809549288212701
-0.2490035328043586
0.0
-0.2490035328043586
-0.19620839432497064
0.6000000000000001
0.8558392118454939
0.697161830214902
-0.9913458275070547
-0.8484326316799566
0.0
-0.6217900314857032
0.0
-1.4702226631656599
-1.4702226631656599
0.18380775746523803
-0.27023833069104997
0.0
-0.27023833069104997
-0.21342566982418945
0.4000000000000001
0.9297281233806974
0.6730717584622078
-0.9845236410112576
-0.9153393171813279
0.0
-0.9924241035087679
0.0
-1.9077634206900957
-1.9077634206900957
0.1322598619046799
-0.2523205265672718
0.0
-0.2523205265672718
-0.19971498430128667
0.20000000000000007
0.9599438332775659
0.6401697082867804
-0.9580777384140948
-0.9197008167911273
0.0
-1.2285802761578193
0.0
-2.1482810929489466
-2.1482810929489466
0.1122238501810969
-0.2410883755219857
0.0
-0.2410883755219857
-0.19002822118677068
5.551115123125783E-17
0.9690774153886411
0.5986244119084131
-0.8911957410683456
-0.8636376653598771
0.0
-1.28770880388376
0.0
-2.151346469243637
-2.151346469243637
0.11395688278464026
-0.24516073742474684
0.0
-0.24516073742474684
-0.18611492189410278
-0.19999999999999996
0.9673315037613991
0.55116312353321
-0.7822528236709112
-0.7566978002431831
0.0
-1.1896203761064073
0.0
-1.9463181763495903
-1.9463181763495903
0.13769878072753056
-0.26800563979116937
0.0
-0.26800563979116937
-0.20115142614375836
-0.39999999999999997
0.9533197192882512
0.4991063607137236
-0.6416587921105297
-0.6117059795736485
0.0
-0.9740566742586668
0.0
-1.5857626538323153
-1.5857626538323153
0.18394792902469057
-0.2916977560971517
0.0
-0.2916977560971517
-0.21990557667184105
-0.6
0.9170379156658559
0.4437720223461923
-0.4429419958620853
-0.4061946046462409
0.0
-0.7041526293876198
0.0
-1.1103472340338607
-1.1103472340338607
0.25929530876694934
-0.28790782888733807
0.0
-0.28790782888733807
-0.21933509378893543
-0.8
0.8296372794778211
0.3834139579342771
-0.030560218312728368
-0.02535389638122025
0.0
-0.42379707880133743
0.0
-0.4491509751825577
-0.4491509751825577
0.3925096346208626
-0.17629608515850984
0.0
-0.17629608515850984
-0.13611973952018971
-1.0
0.6010051040582115
0.30838604416211784
0.7726020496772019
0.46433777526183423
0.0
-0.14050753300264868
0.0
0.32383024225918555
0.32383024225918555
0.5759443200524601
0.18650818869039004
0.0
0.18650818869039004
0.1467306131153378
-0.8
0.2611906348300725
0.2805213061436086
0.9926122581046727
0.25926102583447125
0.0
0.0925759297303894
0.0
0.35183695556486067
0.35183695556486067
0.5977582732532771
0.2103134510251411
0.0
0.2103134510251411
0.16685151971350695
-0.6000000000000001
0.26857609003128824
0.3178662912293243
0.9865931359895324
0.26497532691577563
0.0
0.11184748129402795
0.0
0.3768228082098036
0.3768228082098036
0.6027993403068423
0.22714854020144137
0.0
0.22714854020144137
0.18115744802121994
-0.4000000000000001
0.27561187809090787
0.357939530559511
0.9748832611286166
0.268689406519047
0.0
0.13485568835089926
0.0
0.4035450948699463
0.4035450948699463
0.6079376175411476
0.24533024354565153
0.0
0.24533024354565153
0.19662271982129273
-0.20000000000000007
0.28270035640971286
0.3999702148369304
0.9553347211247014
0.27007346615252675
0.0
0.162045040116668
0.0
0.4321185062691948
0.4321185062691948
0.6144460926410663
0.26551352773500086
0.0
0.26551352773500086
0.21421626362023605
-5.551115123125783E-17
0.2879529493703526
0.44422454015541707
0.9201512768960619
0.264960274049117
0.0
0.1919703048603691
0.0
0.4569305789094861
0.4569305789094861
0.6196933929843211
0.2831568608027095
0.0
0.2831568608027095
0.2191121798930269
0.19999999999999996
0.29422118677550707
0.4897927503866938
0.8559421203822802
0.2518363064700184
0.0
0.22418315862612898
0.0
0.4760194650961474
0.4760194650961474
0.6206690428511942
0.29545054577976326
0.0
0.29545054577976326
0.22551531715737613
0.39999999999999997
0.3034266534671344
0.5361268903495182
0.731580330174676
0.22198097132728317
0.0
0.25565562728696956
0.0
0.4776365986142527
0.4776365986142527
0.6155070342922955
0.29398868628251823
0.0
0.29398868628251823
0.2246421779294335
0.6
0.32103352075380187
0.5838424332705163
0.4634445810458994
0.14878124552743577
0.0
0.27893642519759654
0.0
0.4277176707250323
0.4277176707250323
0.5973742206523416
0.255507510208601
0.0
0.255507510208601
0.19681296228839298
0.8
0.3645803598312659
0.6361711789678361
-0.15056629568875646
-0.05489351426066761
0.0
0.27118712090915353
0.0
0.21629360664848593
0.21629360664848593
0.5406056632952512
0.11692954868872689
0.0
0.11692954868872689
0.09123543458516647
1.0
0.4883972694939032
0.7011215693653129
-0.8743470147241079
-0.4270286945813999
0.0
0.15834069104874157
0.0
-0.2686880035326583
-0.2686880035326583
0.4162901855985864
-0.11185217885872396
0.0
-0.11185217885872396
-0.08846683329530405
0.8
0.7041476361344732
0.7025884742290729
-0.9827940350276498
-0.6920320965717802
0.0
-0.199481810086014
0.0
-0.8915139066577942
-0.8915139066577942
0.27865939138256857
-0.24842872263835697
0.0
-0.24842872263835697
-0.1974342526123267
0.6000000000000001
0.8629440726752993
0.6925449014917657
-0.9917845942827517
-0.8558546370069771
0.0
-0.6212080119148403
0.0
-1.4770626489218173
-1.4770626489218173
0.18108292541533283
-0.2674708254884834
0.0
-0.2674708254884834
-0.21302308095923692
0.4000000000000001
0.9349534231385151
0.666699642038802
-0.9849058462743586
-0.9208410924433478
0.0
-0.9874144791521785
0.0
-1.9082555715955263
-1.9082555715955263
0.13048396829292336
-0.248996759498865
0.0
-0.248996759498865
-0.19870928866608256
0.20000000000000007
0.963390378691053
0.6326864625480189
-0.9588048872846148
-0.9237034034519574
0.0
-1.2148431035086853
0.0
-2.1385465069606426
-2.1385465069606426
0.11177487001941555
-0.23903575784600098
0.0
-0.23903575784600098
-0.19009216799173756
5.551115123125783E-17
0.9714890739742383
0.5904811975657347
-0.8926923522547031
-0.8672408666358061
0.0
-1.2637027388470705
0.0
-2.1309436054828765
-2.1309436054828765
0.11420511138511301
-0.24336465181956624
0.0
-0.24336465181956624
-0.18636835813393698
-0.19999999999999996
0.969418511228924
0.5437166770733247
-0.7860976637493997
-0.7620576268724784
0.0
-1.1623261807418401
0.0
-1.9243838076143185
-1.9243838076143185
0.13826424867027912
-0.2660734813130447
0.0
-0.2660734813130447
-0.2014087764656412
-0.39999999999999997
0.9557123859282931
0.49355415062460806
-0.6471244503148238
-0.6184648524029154
0.0
-0.9523195943400053
0.0
-1.5707844467429206
-1.5707844467429206
0.1840244827724459
-0.2890627953588686
0.0
-0.2890627953588686
-0.2197344393637051
-0.6
0.9205872245583023
0.4409648938084716
-0.44703615068444924
-0.41153576923582413
0.0
-0.6930885120478858
0.0
-1.10462428128371
-1.10462428128371
0.2583449039345905
-0.2853740538320561
0.0
-0.2853740538320561
-0.21917283819037922
-0.8
0.8350071037605425
0.3838120304988149
-0.03361788969787812
-0.02807117671116659
0.0
-0.4220966419019986
0.0
-0.4501678186131652
-0.4501678186131652
0.3908636411766658
-0.17595423272369856
0.0
-0.17595423272369856
-0.1369350790235978
-1.0
0.6048795608830296
0.311948011762439
0.771433472578219
0.46662434014358384
0.0
-0.14234088242328788
0.0
0.324283457720296
0.324283457720296
0.5759248616730077
0.18676290553040611
0.0
0.18676290553040611
0.14808154369244428
-0.8
0.25581205030968446
0.28431109006031424
0.9930129842178972
0.2540246874769186
0.0
0.09393864222795292
0.0
0.34796332970487154
0.34796332970487154
0.5976729212203283
0.20796825974226282
0.0
0.20796825974226282
0.166267617201663
-0.6000000000000001
0.2649601942993804
0.32150433353832664
0.9869130678350104
0.2614926782101619
0.0
0.11188616305851216
0.0
0.3733788412686741
0.3733788412686741
0.6028178307274993
0.2250794231331294
0.0
0.2250794231331294
0.18088173519291964
-0.4000000000000001
0.2718226708119087
0.360806114515052
0.9755274798528701
0.26517048502401763
0.0
0.13469702185410964
0.0
0.3998675068781273
0.3998675068781273
0.6080358128267842
0.24313376456766184
0.0
0.24313376456766184
0.19633110465646217
-0.20000000000000007
0.2789638688031208
0.40200156363662093
0.9562488699849728
0.26675888430962047
0.0
0.16133521260202155
0.0
0.428094096911642
0.428094096911642
0.6145323069352899
0.26307765296049096
0.0
0.26307765296049096
0.21394247603967884
-5.551115123125783E-17
0.28436250732215623
0.445189776286994
0.9216098154934924
0.2620712779064393
0.0
0.1905679460884312
0.0
0.4526392239948705
0.4526392239948705
0.6199391839278785
0.2806087911371282
0.0
0.2806087911371282
0.21891123681983884
0.19999999999999996
0.29080131389976654
0.48965797439878017
0.8581952423901285
0.24956430406957797
0.0
0.22198267287502482
0.0
0.4715469769446028
0.4715469769446028
0.6210539574772254
0.2928561161678675
0.0
0.2928561161678675
0.22540866191964629
0.39999999999999997
0.3002068777699189
0.5349286046857593
0.7350631300819914
0.22067100724569838
0.0
0.25266716183422167
0.0
0.47333816907992005
0.47333816907992005
0.6160640966597857
0.2916066515488178
0.0
0.2916066515488178
0.22473431819576697
0.6
0.3180668200103416
0.581625291323983
0.46888160200310697
0.14913568011048284
0.0
0.2753841411897555
0.0
0.42451982130023835
0.42451982130023835
0.598184170042363
0.25394103697101533
0.0
0.25394103697101533
0.19730708130893548
0.8
0.36209753975889225
0.6329550775682081
-0.14415858465759357
-0.05219946883963862
0.0
0.26784064037407135
0.0
0.21564117153443274
0.21564117153443274
0.5416443511773843
0.11680082244289886
0.0
0.11680082244289886
0.0919315616701716
1.0
0.48812241029437026
0.6970009943091325
-0.8742281020727126
-0.4267303283308052
0.0
0.15686890761287553
0.0
-0.2698614207179297
-0.2698614207179297
0.41613873253745853
-0.11229978957831711
0.0
-0.11229978957831711
-0.08960505812465923
0.8
0.7095722009162395
0.6986315475181648
-0.9834841874254049
-0.697853039437764
0.0
-0.19898976042881092
0.0
-0.8968427998665749
-0.8968427998665749
0.276313721803275
-0.24780997190360302
0.0
-0.24780997190360302
-0.19868513582949962
0.6000000000000001
0.8699807747125372
0.687667630279723
-0.992181013348976
-0.8631784066484124
0.0
-0.6204039325245226
0.0
-1.483582339172935
-1.483582339172935
0.17836214018523602
-0.2646149211559034
0.0
-0.2646149211559034
-0.2125865465657502
0.4000000000000001
0.939936646253874
0.6600153806394917
-0.9852291561350596
-0.9260529888091222
0.0
-0.9816548225723554
0.0
-1.9077078113814776
-1.9077078113814776
0.12877070449576966
-0.24565687884367574
0.0
-0.24565687884367574
-0.197718216881506
0.20000000000000007
0.9666233717758166
0.6250966746988446
-0.9594930802676819
-0.9274684364439109
0.0
-1.2004255983476486
0.0
-2.1278940347915594
-2.1278940347915594
0.11141234640671992
-0.23707366732099014
0.0
-0.23707366732099014
-0.19029200724769652
5.551115123125783E-17
0.9737275080799687
0.5823018767299776
-0.8939865418003234
-0.8704992876042577
0.0
-1.239022658555433
0.0
-2.1095219461596906
-2.1095219461596906
0.11445099990588395
-0.24143689606138288
0.0
-0.24143689606138288
-0.18658403170281299
-0.19999999999999996
0.9713728245633297
0.5363729414632258
-0.7895625684367842
-0.7669596222719164
0.0
-1.1349861356833255
0.0
-1.901945757955242
-1.901945757955242
0.13877840623978405
-0.2639490010435465
0.0
-0.2639490010435465
-0.20159306964749676
-0.39999999999999997
0.9579970106831569
0.48816475200242754
-0.6520043750831404
-0.6246182422819883
0.0
-0.9308948806910649
0.0
-1.555513122973053
-1.555513122973053
0.1840262663499067
-0.28625527227901426
0.0
-0.28625527227901426
-0.21950443645835746
-0.6
0.9240388697089478
0.4382885187446651
-0.4505923876297621
-0.41636488056486143
0.0
-0.6821901834134032
0.0
-1.0985550639782646
-1.0985550639782646
0.2573455420500639
-0.28270824841132913
0.0
-0.28270824841132913
-0.21898124069193708
-0.8
0.8403171662490158
0.3842952812412143
-0.03653574483672908
-0.030701613567997287
0.0
-0.42035669410893906
0.0
-0.45105830767693633
-0.45105830767693633
0.38917608954690963
-0.17554110833935688
0.0
-0.17554110833935688
-0.13775465675848905
-1.0
0.6088552912992555
0.31564108810874336
0.7699227790420593
0.46877155791158537
0.0
-0.14420200858139598
0.0
0.3245695493301894
0.3245695493301894
0.5758739233190331
0.1869111397626666
0.0
0.1869111397626666
0.149418737564387
-0.8
0.25041863548329024
0.28829850166157905
0.9933719378834371
0.24875884521216207
0.0
0.09532502897213123
0.0
0.3440838741842933
0.3440838741842933
0.5975109880972883
0.20559389565220013
0.0
0.20559389565220013
0.16570633759108405
-0.6000000000000001
0.26132419444987565
0.32529004204729417
0.9871920399318845
0.2579771646025292
0.0
0.11194525607133707
0.0
0.36992242067386627
0.36992242067386627
0.6027705358150846
0.2229783357195995
0.0
0.2229783357195995
0.1806356906152089
-0.4000000000000001
0.2680024041764502
0.36378750097530405
0.9761074152558318
0.26159913402302354
0.0
0.13455638652520754
0.0
0.3961555205482311
0.3961555205482311
0.6080826619372935
0.24089530347612256
0.0
0.24089530347612256
0.1960663102828195
-0.20000000000000007
0.2751954263469241
0.40411891456784277
0.95706728329804
0.26338053906989656
0.0
0.1606280139186664
0.0
0.424008552988563
0.424008552988563
0.6145685167635424
0.26058230750523703
0.0
0.26058230750523703
0.21366614035621584
-5.551115123125783E-17
0.2807493986974757
0.4462185395937209
0.9229345579082757
0.259113322169869
0.0
0.18916254584457795
0.0
0.44827586801444697
0.44827586801444697
0.6201521148346165
0.2779992275784827
0.0
0.2779992275784827
0.21872013363968326
0.19999999999999996
0.2873678686753992
0.4895609940737664
0.8602707644566598
0.2472141760656667
0.0
0.21976816599892224
0.0
0.46698234206458894
0.46698234206458894
0.6214138869634338
0.29018931232564404
0.0
0.29018931232564404
0.22530457524739203
0.39999999999999997
0.2969838193343994
0.5337395902106196
0.738326228744507
0.21927094332730712
0.0
0.2496461438611112
0.0
0.4689170871884183
0.4689170871884183
0.61660049359255
0.28913450741435953
0.0
0.28913450741435953
0.2248148402366944
0.6
0.3151087929840375
0.5793845576454952
0.47410708050084116
0.14939530988180597
0.0
0.2717683464458546
0.0
0.4211636563276606
0.4211636563276606
0.5989769602142735
0.2522673266198711
0.0
0.2522673266198711
0.1977740260096419
0.8
0.35963376393626273
0.6296723820611697
-0.13767580830554513
-0.049512869143890574
0.0
0.2643853342305032
0.0
0.21487246508661262
0.21487246508661262
0.5426809357137432
0.11660719041232155
0.0
0.11660719041232155
0.09261064212727765
1.0
0.4878750775719365
0.6927424969109077
-0.873919896368371
-0.4263637372323777
0.0
0.15529131782282615
0.0
-0.2710724194095515
-0.2710724194095515
0.41598172487077295
-0.11276117259087882
0.0
-0.11276117259087882
-0.09079634945109476
0.8
0.7151221844978852
0.6945059668141507
-0.9841208292356168
-0.7037666372128446
0.0
-0.19846587467458504
0.0
-0.9022325118874297
-0.9022325118874297
0.2739149893188805
-0.24713500885679202
0.0
-0.24713500885679202
-0.19996196538322347
0.6000000000000001
0.8769595835124024
0.6825431252450188
-0.992541093308561
-0.8704184238068202
0.0
-0.6193656313100407
0.0
-1.489784055116861
-1.489784055116861
0.17563789655112955
-0.2616625377561375
0.0
-0.2616625377561375
-0.2121182967137858
0.4000000000000001
0.9447030403209669
0.6530197884153823
-0.9855008666709972
-0.9310056649830388
0.0
-0.9751474641527469
0.0
-1.9061531291357858
-1.9061531291357858
0.12710891554415532
-0.242289057105548
0.0
-0.242289057105548
-0.19674084820748267
0.20000000000000007
0.96964734611973
0.6173682719020414
-0.9601075532868971
-0.9309657410341471
0.0
-1.1852954900084787
0.0
-2.1162612310426256
-2.1162612310426256
0.11109775365205345
-0.235111868909765
0.0
-0.235111868909765
-0.19058320293371647
5.551115123125783E-17
0.9758075803103909
0.5740827675724681
-0.8950872763584713
-0.8734329493099781
0.0
-1.2137630168136275
0.0
-2.0871959661236055
-2.0871959661236055
0.11469227906036061
-0.23938526220030754
0.0
-0.23938526220030754
-0.18677646148056676
-0.19999999999999996
0.9732074710888146
0.5291137822911144
-0.7926866884313533
-0.7714486074140444
0.0
-1.1076469589014477
0.0
-1.8790955663154922
-1.8790955663154922
0.13924718367962277
-0.2616587654742981
0.0
-0.2616587654742981
-0.20172234770119402
-0.39999999999999997
0.960185742204013
0.4828996710677907
-0.6563702258403014
-0.6302373324590854
0.0
-0.9097558034368814
0.0
-1.5399931358959669
-1.5399931358959669
0.18396712709629026
-0.28330811295878794
0.0
-0.28330811295878794
-0.21923414534963748
-0.6
0.9274055999236783
0.43569194618765655
-0.45371137297943087
-0.42077446805018487
0.0
-0.6713978193175645
0.0
-1.0921722873677493
-1.0921722873677493
0.2563147863273718
-0.2799399064693416
0.0
-0.2799399064693416
-0.21877579888229698
-0.8
0.8455878379607106
0.3848058832461225
-0.03940474664469385
-0.03332017452067624
0.0
-0.418526456002975
0.0
-0.45184663052365126
-0.45184663052365126
0.3874665361608723
-0.17507544880496062
0.0
-0.17507544880496062
-0.1385898212249804
-1.0
0.6129763775095336
0.3194002598569717
0.7680586923236885
0.470801834935284
0.0
-0.14606830967063983
0.0
0.32473352526464416
0.32473352526464416
0.5758263947721352
0.18699013511478613
0.0
0.18699013511478613
0.1507686918147431
-0.8
0.24500977848965264
0.29242926843609085
0.9936971943302809
0.24346552946865144
0.0
0.09672748283464708
0.0
0.3401930123032985
0.3401930123032985
0.5972847619279018
0.20319210236311142
0.0
0.20319210236311142
0.16516430607700963
-0.6000000000000001
0.25768104193171115
0.3291827165092427
0.9874346905527969
0.2544431999011615
0.0
0.11200729108204426
0.0
0.36645049098320576
0.36645049098320576
0.6026652345147572
0.2208469710864416
0.0
0.2208469710864416
0.18041623340682655
-0.4000000000000001
0.26415893245490174
0.36685415652717135
0.9766302127738253
0.2579855944095372
0.0
0.13442043796498027
0.0
0.3924060323745175
0.3924060323745175
0.6080802832345134
0.23861437130922822
0.0
0.23861437130922822
0.19582316960014043
-0.20000000000000007
0.2714008869043197
0.40630401665835825
0.9578003816014558
0.2599478730439309
0.0
0.15991473247724267
0.0
0.4198626055211736
0.4198626055211736
0.6145538397799691
0.2580281764030597
0.0
0.2580281764030597
0.2133827905382248
-5.551115123125783E-17
0.27711423328565077
0.44730769866963077
0.9241362503335335
0.2560913084626534
0.0
0.18775191178746808
0.0
0.44384322025012146
0.44384322025012146
0.6203258284420586
0.2753274133000477
0.0
0.2753274133000477
0.21853321168303877
0.19999999999999996
0.2839160821139503
0.48951420638957116
0.8621772679640438
0.2447859920080608
0.0
0.21754602993122127
0.0
0.4623320219392821
0.4623320219392821
0.6217388350058983
0.28744977270645067
0.0
0.28744977270645067
0.2251973594557368
0.39999999999999997
0.2937470440958137
0.5325867736267897
0.741369248988026
0.21777502547376598
0.0
0.2466086627093547
0.0
0.4643836881831207
0.4643836881831207
0.6171032038092505
0.2865726617745598
0.0
0.2865726617745598
0.22487831742778816
0.6
0.3121432078162663
0.5771602713654738
0.47909408213541677
0.14954596364353875
0.0
0.26811465486606545
0.0
0.41766061850960423
0.41766061850960423
0.5997367135288437
0.2504864067153742
0.0
0.2504864067153742
0.19820857981911097
0.8
0.35716743426501296
0.6263743922071844
-0.13119406664135813
-0.04685824817308701
0.0
0.260851727748733
0.0
0.213993479575646
0.213993479575646
0.5436968971954153
0.1163475908653292
0.0
0.1163475908653292
0.09326958500710061
1.0
0.4876283164031229
0.6884041192684062
-0.8734495429842948
-0.4259187301085088
0.0
0.1536267070978561
0.0
-0.2722920230106527
-0.2722920230106527
0.41580684116774247
-0.11322088596323374
0.0
-0.11322088596323374
-0.09202821732097133
0.8
0.7207697243052194
0.6902540849527978
-0.9847088162662837
-0.7097483020211682
0.0
-0.19790253793193538
0.0
-0.9076508399531036
-0.9076508399531036
0.27146218411517803
-0.2463928794276454
0.0
-0.2463928794276454
-0.20125249217467514
0.6000000000000001
0.8838538005293892
0.677199543384824
-0.9928686108253302
-0.8775506951043032
0.0
-0.6180940801306796
0.0
-1.4956447752349828
-1.4956447752349828
0.17291373828156967
-0.2586175292271789
0.0
-0.2586175292271789
-0.21161520060563627
0.4000000000000001
0.9492453219912734
0.6457357725081787
-0.9857261808611566
-0.9356959659467768
0.0
-0.9679127927103329
0.0
-1.9036087586571098
-1.9036087586571098
0.12549976101716245
-0.23890244428164456
0.0
-0.23890244428164456
-0.1957795938610088
0.20000000000000007
0.9724217705822957
0.6093998619831136
-0.960574307225811
-0.9340833686083853
0.0
-1.1691034529870354
0.0
-2.1031868215954206
-2.1031868215954206
0.11079417456754061
-0.2330208478599939
0.0
-0.2330208478599939
-0.1908577102893037
5.551115123125783E-17
0.977712832512826
0.5658003375536562
-0.8960388840561002
-0.8760687153721215
0.0
-1.187911858227376
0.0
-2.0639805735994976
-2.0639805735994976
0.11496443340009302
-0.23728435719266522
0.0
-0.23728435719266522
-0.18698929823919186
-0.19999999999999996
0.9749021849421833
0.5219090954256788
-0.7955792994856222
-0.7756119973633047
0.0
-1.0802948286477376
0.0
-1.8559068260110423
-1.8559068260110423
0.13971125927577016
-0.25929107976050036
0.0
-0.25929107976050036
-0.20183551373943634
-0.39999999999999997
0.9622480858388043
0.4777138030510846
-0.6603609738086235
-0.6354310830099967
0.0
-0.8888592891340535
0.0
-1.5242903721440504
-1.5242903721440504
0.18389098144319183
-0.28030325253797755
0.0
-0.28030325253797755
-0.2189506335653158
-0.6
0.9306382250512151
0.43312107597031857
-0.4565198386845231
-0.4248548123740316
0.0
-0.6606583113237583
0.0
-1.08551312369779
-1.08551312369779
0.25529962349764995
-0.2771310917818037
0.0
-0.2771310917818037
-0.2185684787025785
-0.8
0.8507422347491614
0.3852826206691147
-0.0422582738988809
-0.035950898373376096
0.0
-0.416553572722579
0.0
-0.4525044710959551
-0.4525044710959551
0.3857859351144455
-0.1745698605252206
0.0
-0.1745698605252206
-0.1394289923618756
-1.0
0.6171681190572856
0.3231520587156825
0.7659025161814189
0.4726906152929286
0.0
-0.14789908096737583
0.0
0.32479153432555274
0.32479153432555274
0.5758148752735732
0.18701979682758063
0.0
0.18701979682758063
0.15212485175209808
-0.8
0.23962170433564112
0.29664911641888175
0.9939921121298065
0.23818208400472793
0.0
0.09812990824689125
0.0
0.3363119922516192
0.3363119922516192
0.5970287888707958
0.20078794141670867
0.0
0.20078794141670867
0.1646363201465028
-0.6000000000000001
0.2540626629066069
0.3331352700718891
0.9876439894296374
0.25092346195819837
0.0
0.11206224067804472
0.0
0.3629857026362431
0.3629857026362431
0.6025287920394645
0.2187093369370118
0.0
0.2187093369370118
0.18021617384768532
-0.4000000000000001
0.260328607190654
0.3699709822812288
0.9770991253215204
0.25436685438215767
0.0
0.13428374114143288
0.0
0.38865059552359055
0.38865059552359055
0.6080472099950813
0.23631791027104607
0.0
0.23631791027104607
0.1955952834299691
-0.20000000000000007
0.2676205474157677
0.40853280156257676
0.9584549612166096
0.25650224139414746
0.0
0.15919969267191186
0.0
0.4157019340660593
0.4157019340660593
0.614503346843211
0.25545022977278925
0.0
0.25545022977278925
0.21309078302618706
-5.551115123125783E-17
0.27349659895725004
0.4484469154850346
0.9252211361871144
0.25304483403053846
0.0
0.1863506360399959
0.0
0.43939547007053437
0.43939547007053437
0.6204658801847801
0.2726298970865193
0.0
0.2726298970865193
0.2183477743951777
0.19999999999999996
0.28048479828521555
0.48952206487312117
0.863918600475196
0.24231603438913107
0.0
0.21534399704525906
0.0
0.45766003143439016
0.45766003143439016
0.6220277050460786
0.2846772190444499
0.0
0.2846772190444499
0.22508608518096937
0.39999999999999997
0.2905341042023054
0.5314890308675025
0.7441884319048524
0.21621211942119464
0.0
0.24359706178100202
0.0
0.45980918120219666
0.45980918120219666
0.6175650693889653
0.2839620888948179
0.0
0.2839620888948179
0.22492520513060085
0.6
0.30920565248753223
0.574985388772544
0.48381512633414725
0.14959837182148783
0.0
0.2644793988607025
0.0
0.4140777706821903
0.4140777706821903
0.6004493289597255
0.24863271954326027
0.0
0.24863271954326027
0.19861004571235077
0.8
0.35473099146915527
0.6231085079617354
-0.12479605530266638
-0.044269028428954374
0.0
0.2573021341150658
0.0
0.21303310568611145
0.21303310568611145
0.5446676488942475
0.11603224081069406
0.0
0.11603224081069406
0.09390352647587315
1.0
0.4873997744561507
0.684047657752753
-0.8728491519311515
-0.42542647978548565
0.0
0.15191178356952684
0.0
-0.2735146962159588
-0.2735146962159588
0.4155890772198041
-0.11366972020644536
0.0
-0.11366972020644536
-0.09328212408610542
0.8
0.7264686886234086
0.6859295698412553
-0.9852502046179572
-0.7157534241147524
0.0
-0.1973131472997431
0.0
-0.9130665714144955
-0.9130665714144955
0.26895872740411336
-0.24557722308287971
0.0
-0.24557722308287971
-0.20252458949618582
0.6000000000000001
0.8905839769245243
0.6716849637411241
-0.9931641158608382
-0.8844960480420743
0.0
-0.6166103361682707
0.0
-1.501106384210345
-1.501106384210345
0.17021131944817883
-0.2555052982885277
0.0
-0.2555052982885277
-0.21106799914526508
0.4000000000000001
0.953515474732882
0.6382208791043749
-0.9859069856142446
-0.9400775674304311
0.0
-0.9600033676930638
0.0
-1.900080935123495
-1.900080935123495
0.12396296423380429
-0.23553966500204723
0.0
-0.23553966500204723
-0.19484308719847884
0.20000000000000007
0.9748896633588494
0.601091810852088
-0.960828954886985
-0.936702216375208
0.0
-1.1514125626033833
0.0
-2.0881147789785914
-2.0881147789785914
0.11049473983739184
-0.23072569925385245
0.0
-0.23072569925385245
-0.19100226212526286
5.551115123125783E-17
0.9794107155419516
0.5574420672513305
-0.8969185608117443
-0.8784516494274879
0.0
-1.161452542913696
0.0
-2.039904192341184
-2.039904192341184
0.11532733546528658
-0.2352567151071762
0.0
-0.2352567151071762
-0.1872758089303528
-0.19999999999999996
0.9764195057637907
0.5147441182530896
-0.7983801377042792
-0.7795539394688394
0.0
-1.052961039890051
0.0
-1.8325149793588906
-1.8325149793588906
0.1402278773833222
-0.2569696858286397
0.0
-0.2569696858286397
-0.20197560474705367
-0.39999999999999997
0.964129788568683
0.4725803564704277
-0.6641282241859302
-0.6403058043668758
0.0
-0.8682258805815455
0.0
-1.5085316849484212
-1.5085316849484212
0.18385465691668426
-0.2773505753841396
0.0
-0.2773505753841396
-0.2186805085693446
-0.6
0.9336482919798789
0.43054145157081486
-0.45912510366531484
-0.428661368842206
0.0
-0.649974214490506
0.0
-1.078635583332712
-1.078635583332712
0.25436062905464035
-0.27436242549722756
0.0
-0.27436242549722756
-0.21836466306353164
-0.8
0.855629581621228
0.38568254968268545
-0.045050315362290316
-0.03854638248534085
0.0
-0.41441273250297805
0.0
-0.4529591149883189
-0.4529591149883189
0.38420209124765176
-0.1740278392281977
0.0
-0.1740278392281977
-0.14023891566318183
-1.0
0.6212411038851008
0.32683459485923405
0.7635879639138615
0.47437222961522385
0.0
-0.1496453287016111
0.0
0.3247269009136128
0.3247269009136128
0.5758560970680299
0.18699596577310992
0.0
0.18699596577310992
0.15344535271208584
-0.8
0.23432303764846893
0.3009159240333166
0.9942557672903244
0.23297703159097805
0.0
0.0995104931221682
0.0
0.33248752471314624
0.33248752471314624
0.5967900940857499
0.19842526115589665
0.0
0.19842526115589665
0.16411762334963906
-0.6000000000000001
0.25051102089258764
0.33710364185425706
0.9878212481518881
0.24746010933391965
0.0
0.11211081117544969
0.0
0.35957092050936934
0.35957092050936934
0.6023993943629256
0.21660530474536374
0.0
0.21660530474536374
0.18002484313139866
-0.4000000000000001
0.25656884842552535
0.3731041682422767
0.9775132636332742
0.2507994523710661
0.0
0.13414973316722215
0.0
0.3849491855382883
0.3849491855382883
0.6080134753581743
0.2340542921354333
0.0
0.2340542921354333
0.19537630362391908
-0.20000000000000007
0.2639207719378113
0.41077944212259687
0.9590335645577392
0.2531088786723494
0.0
0.15849952187671967
0.0
0.41160840054906905
0.41160840054906905
0.614445253990644
0.25291082822005545
0.0
0.25291082822005545
0.21279330416837355
-5.551115123125783E-17
0.26996668120155287
0.44961951498244
0.9261908265316792
0.2500406635980806
0.0
0.18498696044373852
0.0
0.4350276240418191
0.4350276240418191
0.6205895207928481
0.2699735847357638
0.0
0.2699735847357638
0.2181656284708619
0.19999999999999996
0.2771481762798524
0.48957858696437756
0.8654947028745984
0.23987027848156767
0.0
0.2132049982304718
0.0
0.45307527671203945
0.45307527671203945
0.6222900708347735
0.2819442460386196
0.0
0.2819442460386196
0.22497571321866547
0.39999999999999997
0.2874225819765841
0.530451391697079
0.7467797177011846
0.21464135462941905
0.0
0.2406704977779655
0.0
0.4553118524073846
0.4553118524073846
0.6179883638843728
0.28137742672640265
0.0
0.28137742672640265
0.22496290028195287
0.6
0.3063762878824152
0.5728767432607188
0.4882511475985977
0.14958857415558757
0.0
0.2609372063196391
0.0
0.4105257804752267
0.4105257804752267
0.6011080268841259
0.24677034188652933
0.0
0.24677034188652933
0.19898387489882322
0.8
0.35240516317453585
0.6199059190905762
-0.1185508696813634
-0.041777938574544
0.0
0.2538174509301131
0.0
0.2120395123555691
0.2120395123555691
0.5455706962096218
0.11568254437977654
0.0
0.11568254437977654
0.09450790013894636
1.0
0.48725036678600075
0.6797234343322082
-0.8721496478240457
-0.42495523579454764
0.0
0.1501941810379958
0.0
-0.2747610547565518
-0.2747610547565518
0.4152987289824882
-0.11410791681428382
0.0
-0.11410791681428382
-0.09453768138111114
0.8
0.7321629656956318
0.6815851086594338
-0.9857450982936807
-0.7217260545866333
0.0
-0.19672964707746163
0.0
-0.918455701664095
-0.918455701664095
0.2664149300391439
-0.2446903115028927
0.0
-0.2446903115028927
-0.20373342265482242
0.6000000000000001
0.8970369114889287
0.6660584128353316
-0.9934259694880162
-0.8911397634624248
0.0
-0.6149513668868273
0.0
-1.5060911303492521
-1.5060911303492521
0.16756769430187995
-0.2523722181211363
0.0
-0.2523722181211363
-0.21046636171516153
0.4000000000000001
0.957445219241579
0.6305606730062804
-0.9860427788199929
-0.944081944548884
0.0
-0.951505098460029
0.0
-1.8955870430089128
-1.8955870430089128
0.12253173067760031
-0.23226956102991686
0.0
-0.23226956102991686
-0.1939457504116581
0.20000000000000007
0.9770244080915937
0.5924577940144123
-0.9608729149169566
-0.9387962909479838
0.0
-1.1321395913579841
0.0
-2.070935882305968
-2.070935882305968
0.11023298878123344
-0.22828545188088753
0.0
-0.22828545188088753
-0.1909817986436338
5.551115123125783E-17
0.9808818013086986
0.5490522538571098
-0.8977983382742396
-0.8806340512583924
0.0
-1.134546936681392
0.0
-2.0151809879397846
-2.0151809879397846
0.11582319229240276
-0.23340469507014383
0.0
-0.23340469507014383
-0.1876613806242874
-0.19999999999999996
0.977735875248755
0.5076550729807219
-0.8011739729469493
-0.7833365356658079
0.0
-1.0258574080960883
0.0
-1.8091939437618962
-1.8091939437618962
0.1408302073180646
-0.2547891581785747
0.0
-0.2547891581785747
-0.20216260913396056
-0.39999999999999997
0.9657925752604213
0.46752031728207927
-0.667745709605298
-0.6449038484987982
0.0
-0.8480203910876203
0.0
-1.4929242395864186
-1.4929242395864186
0.18389172684628846
-0.27453641646822863
0.0
-0.27453641646822863
-0.21843683457521834
-0.6
0.9363648756390915
0.42796337205994384
-0.4615594486163264
-0.43218805570367413
0.0
-0.6394464309955997
0.0
-1.0716344866992737
-1.0716344866992737
0.2535366656220476
-0.2716986345233284
0.0
-0.2716986345233284
-0.21816298595865963
-0.8
0.8601109187974221
0.38600365421064603
-0.047677821162638696
-0.04100821456645634
0.0
-0.41213586690748155
0.0
-0.4531440814739379
-0.4531440814739379
0.38276301497991017
-0.17344679484526654
0.0
-0.17344679484526654
-0.14098315609684303
-1.0
0.6249871076304421
0.33041940006724574
0.7612664276251396
0.4757817027375953
0.0
-0.15127323490755043
0.0
0.32450846783004483
0.32450846783004483
0.5759409858063452
0.1868977268645427
0.0
0.1868977268645427
0.1546755904917829
-0.8
0.22918648166906433
0.3052052366728666
0.9944860207800483
0.22792275217164729
0.0
0.100849266073311
0.0
0.3287720182449583
0.3287720182449583
0.596603824100368
0.19614664334213808
0.0
0.19614664334213808
0.1636067047100521
-0.6000000000000001
0.24706081388574444
0.3410554107734291
0.9879673310361845
0.24408801289832643
0.0
0.11216086247847713
0.0
0.35624887537680355
0.35624887537680355
0.6023065303012534
0.21457102405192616
0.0
0.21457102405192616
0.1798322555134827
-0.4000000000000001
0.2529339795174962
0.3762272719606136
0.9778705850852509
0.24733669853871487
0.0
0.13402550936734406
0.0
0.3813622079060589
0.3813622079060589
0.6080048353175397
0.23187006641425667
0.0
0.23187006641425667
0.19516222881548617
-0.20000000000000007
0.26036473076877475
0.4130208327284101
0.9595370455658995
0.24982960453143097
0.0
0.1578327339013826
0.0
0.4076623384328136
0.4076623384328136
0.6144071463970221
0.25047065405004204
0.0
0.25047065405004204
0.21249780681122316
-5.551115123125783E-17
0.2665926306380014
0.4508057153300635
0.9270463093677346
0.24714371433759486
0.0
0.1836877972578439
0.0
0.43083151159543875
0.43083151159543875
0.6207170732723353
0.2674244749510169
0.0
0.2674244749510169
0.2179923101192781
0.19999999999999996
0.2739796271968345
0.4896687641632386
0.8669071729030821
0.23751490404624817
0.0
0.2111665909301558
0.0
0.44868149497640397
0.44868149497640397
0.622541577424699
0.2793228856438827
0.0
0.2793228856438827
0.22487475978896532
0.39999999999999997
0.2844908754064884
0.5294643191336116
0.7491459177057054
0.21312517793529323
0.0
0.23787835199039747
0.0
0.4510035299256907
0.4510035299256907
0.6183841095311646
0.2788934162485102
0.0
0.2788934162485102
0.22500253595025918
0.6
0.30373792277709
0.5708316554676531
0.4924017363709543
0.14956108057714596
0.0
0.2575490717779916
0.0
0.40711015235513753
0.40711015235513753
0.6017174963472627
0.244965301612686
0.0
0.244965301612686
0.19933983225240703
0.8
0.3502755427606214
0.6167743376341234
-0.11249355240575531
-0.03940374012599635
0.0
0.2504641924189249
0.0
0.21106045229292858
0.21106045229292858
0.5463978453754892
0.1153229763768324
0.0
0.1153229763768324
0.09508127136288386
1.0
0.48724909014722384
0.6754571163641575
-0.8713741312096523
-0.42457625260973075
0.0
0.1485143033569372
0.0
-0.2760619492527936
-0.2760619492527936
0.4149191843585753
-0.11454339881640752
0.0
-0.11454339881640752
-0.09578030599197913
0.8
0.7378030148360435
0.6772579968954295
-0.986194243604312
-0.7276170861452129
0.0
-0.19618591775339156
0.0
-0.9238030038986045
-0.9238030038986045
0.2638486718341224
-0.2437441956150194
0.0
-0.2437441956150194
-0.20484227305167838
0.6000000000000001
0.9031150509108624
0.6603740951972935
-0.9936532185013583
-0.8973831770145966
0.0
-0.6131561754247365
0.0
-1.5105393524393331
-1.5105393524393331
0.16502103282195818
-0.24927076405775064
0.0
-0.24927076405775064
-0.2098077646268075
0.4000000000000001
0.9609865459859117
0.6228458740114177
-0.9861337978502405
-0.9476613122760719
0.0
-0.94252655301348
0.0
-1.8901878652895518
-1.8901878652895518
0.12123556793315649
-0.2291579993487395
0.0
-0.2291579993487395
-0.19310282998110032
0.20000000000000007
0.9788460460092652
0.5836404239377327
-0.9607645441753249
-0.9404405752119107
0.0
-1.1116823660490904
0.0
-2.0521229412610014
-2.0521229412610014
0.11005102203614897
-0.2258382270296013
0.0
-0.2258382270296013
-0.1908404359032248
5.551115123125783E-17
0.9821351740524559
0.5407369492591791
-0.8987068714014799
-0.8826516295660305
0.0
-1.1075848579186072
0.0
-1.9902364874846377
-1.9902364874846377
0.1164482532260541
-0.23175956247434354
0.0
-0.23175956247434354
-0.18812919992437815
-0.19999999999999996
0.9788579088531972
0.5007281692979098
-0.8039484371722208
-0.786951286036196
0.0
-0.999368439040731
0.0
-1.7863197250769272
-1.7863197250769272
0.14150681301037316
-0.2527764113132019
0.0
-0.2527764113132019
-0.20238566739676794
-0.39999999999999997
0.9672365135952916
0.46259885020191965
-0.6711815675786567
-0.6491913194142025
0.0
-0.828520617846842
0.0
-1.4777119372610446
-1.4777119372610446
0.18399549854551026
-0.27189234460299766
0.0
-0.27189234460299766
-0.21821632161962892
-0.6
0.9387714389071744
0.4254375395076158
-0.4637795763120046
-0.43538302019018027
0.0
-0.6292470574093331
0.0
-1.0646300775995132
-1.0646300775995132
0.25282687406987625
-0.2691670945602547
0.0
-0.2691670945602547
-0.2179589696013175
-0.8
0.8641273621145716
0.38628110855884035
-0.050036557220959156
-0.04323795820064226
0.0
-0.40980440332686285
0.0
-0.4530423615275051
-0.4530423615275051
0.3814755350788481
-0.17282457727708997
0.0
-0.17282457727708997
-0.14164076795458846
-1.0
0.6282812784909776
0.3339112241280223
0.7590452144890033
0.4768938977916093
0.0
-0.1527772377531061
0.0
0.3241166600385032
0.3241166600385032
0.5760415298297414
0.1867046566918856
0.0
0.1867046566918856
0.15577672229889356
-0.8
0.22426216129398174
0.3095031207545562
0.9946826311197814
0.22306967665650657
0.0
0.10213378050197738
0.0
0.325203457158484
0.325203457158484
0.5964789254737811
0.19397700868625134
0.0
0.19397700868625134
0.1631062179471216
-0.6000000000000001
0.24372999814874566
0.34496948911433545
0.988084043525785
0.24082572209934472
0.0
0.11222014619486612
0.0
0.3530458682942108
0.3530458682942108
0.6022587454198912
0.21262496171454756
0.0
0.21262496171454756
0.17963320840071534
-0.4000000000000001
0.24945628800192307
0.37932116540000804
0.9781715059271526
0.2440110328978386
0.0
0.1339154006331744
0.0
0.37792643353101296
0.37792643353101296
0.6080315271327932
0.22979118652371186
0.0
0.22979118652371186
0.19495250342130907
-0.20000000000000007
0.2569886759036813
0.41523808170821014
0.9599680908333094
0.24670092857303702
0.0
0.15720945435102912
0.0
0.4039103829240661
0.4039103829240661
0.6144040335506655
0.24816416846154007
0.0
0.24816416846154007
0.2122128046956294
-5.551115123125783E-17
0.26341301881305856
0.4519864481467429
0.927792325912603
0.24439257740022785
0.0
0.18246613001966522
0.0
0.42685870741989307
0.42685870741989307
0.6208624420605121
0.26502053950350846
0.0
0.26502053950350846
0.21783408776159563
0.19999999999999996
0.2710202794798893
0.4897742604906944
0.8681639473195573
0.2352900356369103
0.0
0.20924555944582696
0.0
0.44453559508273727
0.44453559508273727
0.6227963070502875
0.27685512696993075
0.0
0.27685512696993075
0.2247909374107039
0.39999999999999997
0.28178270131600147
0.5285108607985183
0.7513000394466874
0.21170335461410605
0.0
0.2352418677098905
0.0
0.4469452223239966
0.4469452223239966
0.6187664194732637
0.2765546949181012
0.0
0.2765546949181012
0.22505361772942345
0.6
0.30133667033548706
0.5688358049838483
0.4962843292790988
0.1495486673246441
0.0
0.2543413407556889
0.0
0.40389000808033304
0.40389000808033304
0.6022910261119283
0.2432593274030588
0.0
0.2432593274030588
0.19968741833363807
0.8
0.3483899334272797
0.6137051025237519
-0.10662696809207917
-0.037147762315152134
0.0
0.24727292943018037
0.0
0.21012516711502824
0.21012516711502824
0.5471580698736342
0.1149716808705337
0.0
0.1149716808705337
0.09562575711920794
1.0
0.4874344680515585
0.6712530123311921
-0.8705370246188937
-0.4243297515142969
0.0
0.14689299497487862
0.0
-0.2774367565394183
-0.2774367565394183
0.41445632349934336
-0.11498541811890971
0.0
-0.11498541811890971
-0.09700436113822064
0.8
0.7433542175991714
0.6729678820530113
-0.9866006675646882
-0.733393767320369
0.0
-0.1957013801138598
0.0
-0.9290951474342288
-0.9290951474342288
0.2612826917183057
-0.2427564809840314
0.0
-0.2427564809840314
-0.20583689302475125
0.6000000000000001
0.9087706588776105
0.6546733265301651
-0.9938475146541461
-0.9031794607161241
0.0
-0.6112537218462764
0.0
-1.5144331825624004
-1.5144331825624004
0.16259731694532542
-0.2462427721776165
0.0
-0.2462427721776165
-0.20910108243780567
0.4000000000000001
0.9641344529933417
0.615152915020592
-0.9861832964589439
-0.9508132930826143
0.0
-0.933183093537899
0.0
-1.8839963866205132
-1.8839963866205132
0.12008677561119004
-0.2262430513323904
0.0
-0.2262430513323904
-0.19232498691969344
0.20000000000000007
0.980401936534261
0.5748254607997677
-0.9605710431549342
-0.9417457108878328
0.0
-1.0906488243046004
0.0
-2.032394535192433
-2.032394535192433
0.10996772856529737
-0.2234978105836352
0.0
-0.2234978105836352
-0.19064259461882263
5.551115123125783E-17
0.9832006914947997
0.532618780417142
-0.8996316484501976
-0.8845184588468409
0.0
-1.081035712795859
0.0
-1.9655541716426999
-1.9655541716426999
0.11716403389609037
-0.23029225559094713
0.0
-0.23029225559094713
-0.18863993831958725
-0.19999999999999996
0.9798140890561035
0.49405829172779947
-0.8066326688980856
-0.7903500536792712
0.0
-0.9738928267817106
0.0
-1.7642428804609818
-1.7642428804609818
0.14221804645077135
-0.25090717592384254
0.0
-0.25090717592384254
-0.2026188367320519
-0.39999999999999997
0.9684908846377643
0.45788855237611886
-0.674355209654144
-0.6531068735580269
0.0
-0.8099916613671225
0.0
-1.4630985349251495
-1.4630985349251495
0.18413432582396072
-0.2694066623424671
0.0
-0.2694066623424671
-0.2180077247775411
-0.6
0.9408976354786315
0.423023121907806
-0.46572027152995604
-0.43819510227700187
0.0
-0.6195394416820857
0.0
-1.0577345439590875
-1.0577345439590875
0.25220365751356627
-0.2667645206649259
0.0
-0.2667645206649259
-0.2177489180190027
-0.8
0.8676999793316582
0.3865605002761904
-0.05206529063957052
-0.04517705161185212
0.0
-0.40750833781227486
0.0
-0.45268538942412695
-0.45268538942412695
0.38031573155555337
-0.17216337504334742
0.0
-0.17216337504334742
-0.142209742908846
-1.0
0.6311063589623257
0.33732898049891197
0.75696929896694
0.47772813811728965
0.0
-0.15417239970670676
0.0
0.3235557384105829
0.3235557384105829
0.5761278540972095
0.18640947325132717
0.0
0.18640947325132717
0.1567369277489956
-0.8
0.2195712714081872
0.31379691350297595
0.9948480777376741
0.21844005728685215
0.0
0.10335970182439819
0.0
0.32179975911125036
0.32179975911125036
0.5964045167865125
0.1919228298347614
0.0
0.1919228298347614
0.16262124143377926
-0.6000000000000001
0.24052263961124112
0.34883133209531664
0.988174537029677
0.23767834804299404
0.0
0.11229228149465248
0.0
0.3499706295376465
0.3499706295376465
0.6022482418701264
0.21076919634522892
0.0
0.21076919634522892
0.1794276837443498
-0.4000000000000001
0.2461448974488773
0.38237149848699037
0.9784200812968644
0.24083311057273887
0.0
0.13381918286449965
0.0
0.3746522934372385
0.3746522934372385
0.6080901395082038
0.22782236538331885
0.0
0.22782236538331885
0.19474888323369854
-0.20000000000000007
0.253800184678239
0.4174166952966654
0.960332658143799
0.24373260598944035
0.0
0.15662995597748974
0.0
0.4003625619669301
0.4003625619669301
0.6144375798635706
0.24599780364293936
0.0
0.24599780364293936
0.2119447148836545
-5.551115123125783E-17
0.26043403090188955
0.4531466499529238
0.928438427721215
0.24179696217564864
0.0
0.18132082424727108
0.0
0.42311778642291975
0.42311778642291975
0.6210303477428473
0.26276898603840965
0.0
0.26276898603840965
0.21769511945565626
0.19999999999999996
0.26827501914456614
0.4898797921235859
0.8692792632328319
0.23320591098576232
0.0
0.20743932365903084
0.0
0.44064523464479316
0.44064523464479316
0.6230623114723619
0.27454943843706614
0.0
0.27454943843706614
0.22472819853218065
0.39999999999999997
0.2793018126799205
0.5275759160364613
0.7532623565921384
0.2103875416197329
0.0
0.2327573127558717
0.0
0.4431448543756046
0.4431448543756046
0.6191465532108353
0.27437160915977316
0.0
0.27437160915977316
0.2251207839307902
0.6
0.29917517010650835
0.5668750087061444
0.49992444124375485
0.1495649797495015
0.0
0.2513103519525783
0.0
0.4008753317020798
0.4008753317020798
0.6028431659433995
0.2416649541118922
0.0
0.2416649541118922
0.20003236884995257
0.8
0.3467498224218445
0.6106867390922803
-0.10094019383496894
-0.035000994287502044
0.0
0.24424301930135112
0.0
0.2092420250138491
0.2092420250138491
0.5478691035883535
0.11463724067734934
0.0
0.11463724067734934
0.09614502845361746
1.0
0.48780446600146593
0.6671074742236554
-0.8696480603736786
-0.4242182076997929
0.0
0.14533361562147756
0.0
-0.27888459207831534
-0.27888459207831534
0.413931667286317
-0.11543916417944146
0.0
-0.11543916417944146
-0.09820989250142433
0.8
0.7487939062879401
0.6687240890240898
-0.9869691609120836
-0.7390364933850896
0.0
-0.195277439223363
0.0
-0.9343139326084526
-0.9343139326084526
0.25873959833619486
-0.24174401164302167
0.0
-0.24174401164302167
-0.20672250168076248
0.6000000000000001
0.9140027899052767
0.6489853184700215
-0.9940127080753635
-0.9085303883821816
0.0
-0.609259536184128
0.0
-1.5177899245663096
-1.5177899245663096
0.1603074652045368
-0.24331305552021018
0.0
-0.24331305552021018
-0.20836214547581272
0.4000000000000001
0.9669187204079024
0.6075370363016602
-0.9861971603230233
-0.9535724963294446
0.0
-0.9235806724538167
0.0
-1.8771531687832614
-1.8771531687832614
0.11908068321274576
-0.2235326818336814
0.0
-0.2235326818336814
-0.19161650390167137
0.20000000000000007
0.9817435676810733
0.5661650834703273
-0.9603413792107638
-0.9428089718181377
0.0
-1.069576955812245
0.0
-2.012385927630383
-2.012385927630383
0.10997767092569403
-0.22131751732443178
0.0
-0.22131751732443178
-0.19043627438615635
5.551115123125783E-17
0.984114232031085
0.5247925796066677
-0.9005450542168426
-0.8862392044399998
0.0
-1.0552832383513506
0.0
-1.9415224427913504
-1.9415224427913504
0.11792374706054812
-0.22895160145610471
0.0
-0.22895160145610471
-0.18915569494433684
-0.19999999999999996
0.9806391926116156
0.4877119398569572
-0.8091551479574679
-0.7934892509905437
0.0
-0.9497070107558865
0.0
-1.74319626174643
-1.74319626174643
0.1429217668861859
-0.24914068975819398
0.0
-0.24914068975819398
-0.20283816405358795
-0.39999999999999997
0.9695947662652409
0.4534381217481544
-0.6772012795049803
-0.6566108163161535
0.0
-0.7925933578907005
0.0
-1.449204174206854
-1.449204174206854
0.18427418064372222
-0.2670509117874301
0.0
-0.2670509117874301
-0.21780041188049357
-0.6
0.9427928957513895
0.42076092757107936
-0.46734127262672515
-0.4406060317238898
0.0
-0.6104220951427074
0.0
-1.0510281268665973
-1.0510281268665973
0.25163388818781257
-0.26447429415819546
0.0
-0.26447429415819546
-0.21753148111310303
-0.8
0.8708930405609293
0.38687529487520567
-0.05375515862714644
-0.046814993542630634
0.0
-0.40531312706907013
0.0
-0.45212812061170077
-0.45212812061170077
0.3792499957087576
-0.17146958780179616
0.0
-0.17146958780179616
-0.14270008885668517
-1.0
0.6335175371435855
0.340688746550664
0.7550382560062247
0.47832997639425145
0.0
-0.15548014850491712
0.0
0.32284982788933436
0.32284982788933436
0.5761799098067731
0.1860195847144089
0.0
0.1860195847144089
0.15756594423560888
-0.8
0.2151133820120157
0.318071924393435
0.9949866305820122
0.21403493916123675
0.0
0.10452842298271767
0.0
0.3185633621439544
0.3185633621439544
0.5963631642799693
0.18997945467183444
0.0
0.18997945467183444
0.16215678387384994
-0.6000000000000001
0.2374356163511277
0.3526297813147279
0.98824280999266
0.2346440406951776
0.0
0.11237689603667186
0.0
0.34702093673184947
0.34702093673184947
0.6022614303317876
0.20899732571120042
0.0
0.20899732571120042
0.17921861476930034
-0.4000000000000001
0.24299422391931993
0.38536736533358484
0.9786229133653325
0.23779971534287284
0.0
0.13373378729156787
0.0
0.37153350263444074
0.37153350263444074
0.6081712200874506
0.22595598360055186
0.0
0.22595598360055186
0.19455357090113595
-0.20000000000000007
0.25078884793228906
0.4195467100346985
0.960639128307353
0.24091758026687946
0.0
0.156088778289178
0.0
0.3970063585560575
0.3970063585560575
0.6145017967788223
0.2439611206653147
0.0
0.2439611206653147
0.211696672522071
-5.551115123125783E-17
0.25764142256911604
0.45427681408654874
0.9289972278664254
0.2393481673502711
0.0
0.18024317304125162
0.0
0.4195913403915227
0.4195913403915227
0.6212188915180776
0.26065806736860614
0.0
0.26065806736860614
0.2175764944504992
0.19999999999999996
0.2657257296565354
0.4899763086679591
0.8702706643797633
0.23125330729099045
0.0
0.20573545917583222
0.0
0.43698876646682266
0.43698876646682266
0.6233416159218226
0.2723932838291132
0.0
0.2723932838291132
0.22468647827568006
0.39999999999999997
0.2770263667659319
0.5266510737176074
0.7550555304677727
0.20917029031201048
0.0
0.23040869730355618
0.0
0.4395789876155667
0.4395789876155667
0.619530488916638
0.2723325851149528
0.0
0.2723325851149528
0.22520390974958418
0.6
0.2972279040934873
0.5649417437989511
0.503347159789523
0.1496088213356496
0.0
0.24843793516842383
0.0
0.3980467565040734
0.3980467565040734
0.603384497466462
0.2401752421413655
0.0
0.2401752421413655
0.2003761650236926
0.8
0.34532624764381464
0.607713248537361
-0.09542322363471191
-0.032952143755851634
0.0
0.24135849323539085
0.0
0.20840634947953923
0.20840634947953923
0.5485480448971598
0.11432089555115546
0.0
0.11432089555115546
0.0966424322930106
1.0
0.4883295093047457
0.6630186717754624
-0.868715924186894
-0.42421962098340465
0.0
0.14383058629320877
0.0
-0.2803890346901959
-0.2803890346901959
0.4133703468314241
-0.11590451251761448
0.0
-0.11590451251761448
-0.09939824853465794
0.8
0.7541063075551399
0.6645324038809526
-0.9873049836136166
-0.7445329156236523
0.0
-0.194903490716327
0.0
-0.9394364063399794
-0.9394364063399794
0.2562378236920931
-0.24071914025767716
0.0
-0.24071914025767716
-0.2075132719755767
0.6000000000000001
0.9188372335956229
0.6433302660590291
-0.9941534664284909
-0.9134652208626535
0.0
-0.6071788931585836
0.0
-1.5206441140212372
-1.5206441140212372
0.15815141388172377
-0.24049201664337982
0.0
-0.24049201664337982
-0.20760741594884552
0.4000000000000001
0.9693845781958587
0.6000336663339898
-0.9861822511100461
-0.9559898655165544
0.0
-0.9138056255407747
0.0
-1.8697954910573291
-1.8697954910573291
0.11820320178595711
-0.22101581372792223
0.0
-0.22101581372792223
-0.1909765800393722
0.20000000000000007
0.9829150981993787
0.5577543874828352
-0.9601047146275778
-0.9437014198598521
0.0
-1.0488318234866583
0.0
-1.9925332433465104
-1.9925332433465104
0.11006406009337379
-0.2193062986337353
0.0
-0.2193062986337353
-0.19024851280814573
5.551115123125783E-17
0.9849083580539005
0.5173106729869209
-0.9014236045650253
-0.8878196422831677
0.0
-1.0305625938179004
0.0
-1.918382236101068
-1.918382236101068
0.11868894035673222
-0.22769075480201426
0.0
-0.22769075480201426
-0.18965041693105397
-0.19999999999999996
0.9813645279206867
0.48171726472626203
-0.8114721403703485
-0.7963499739553364
0.0
-0.9269333978077725
0.0
-1.7232833717631089
-1.7232833717631089
0.14358705040214165
-0.2474411763585221
0.0
-0.2474411763585221
-0.20302855314505375
-0.39999999999999997
0.970584307757575
0.44926462291141256
-0.6796940708843439
-0.6597003992762089
0.0
-0.7763684985592395
0.0
-1.4360688978354483
-1.4360688978354483
0.18439038269605032
-0.2647972936497735
0.0
-0.2647972936497735
-0.21758780867994004
-0.6
0.9445069470086493
0.4186664525726269
-0.46863966054677136
-0.4426334150302008
0.0
-0.6019223704923242
0.0
-1.0445557855225251
-1.0445557855225251
0.2510909563835986
-0.26227851118287193
0.0
-0.26227851118287193
-0.21730739438653157
-0.8
0.873781244848645
0.38724032592397417
-0.055135579826558555
-0.04817643557630217
0.0
-0.4032514186082747
0.0
-0.45142785418457687
-0.45142785418457687
0.37824847273948065
-0.17075189639737717
0.0
-0.17075189639737717
-0.14312633149536033
-1.0
0.6355993181837557
0.3439976845174342
0.7532294417407955
0.4787521196063806
0.0
-0.15671940284707264
0.0
0.32203271675930795
0.32203271675930795
0.5761895902629812
0.18555189912082032
0.0
0.18555189912082032
0.15828468746262708
-0.8
0.21087583575297636
0.3223125513763089
0.9951031210043976
0.2098432023021975
0.0
0.10564433697201665
0.0
0.31548753927421413
0.31548753927421413
0.5963393523884357
0.18813763485740603
0.0
0.18813763485740603
0.1617162781641588
-0.6000000000000001
0.2344631777630009
0.35635612003169187
0.9882930000117598
0.2317183173436867
0.0
0.11247125550800863
0.0
0.3441895728516953
0.3441895728516953
0.6022858628959372
0.20730051388476736
0.0
0.20730051388476736
0.1790096160795547
-0.4000000000000001
0.23999209051435838
0.3883009451505328
0.9787874911370056
0.234901256167274
0.0
0.1336552845537987
0.0
0.3685565407210727
0.3685565407210727
0.6082649454949801
0.2241800241535217
0.0
0.2241800241535217
0.19436806823848038
-0.20000000000000007
0.24793677513038717
0.42162235012757066
0.960896701384603
0.23824162937472512
0.0
0.1555787459003983
0.0
0.3938203752751234
0.3938203752751234
0.6145883454324876
0.24203741283793948
0.0
0.24203741283793948
0.21146900372390318
-5.551115123125783E-17
0.2550127102217559
0.45537256175319474
0.9294820805816129
0.23702974447167363
0.0
0.17922257276263667
0.0
0.41625231723431033
0.41625231723431033
0.6214230669066018
0.2586687915827249
0.0
0.2586687915827249
0.21747684426844452
0.19999999999999996
0.26334522569863483
0.4900606705988805
0.8711559911823243
0.22941477111662714
0.0
0.2041193913880933
0.0
0.43353416250472043
0.43353416250472043
0.6236323052153148
0.27036590915240966
0.0
0.27036590915240966
0.22466302593688967
0.39999999999999997
0.27492454401537
0.5257344953898193
0.7567012099098729
0.20803573509035056
0.0
0.22817761823417612
0.0
0.4362133533245267
0.4362133533245267
0.6199195830226908
0.2704172001018703
0.0
0.2704172001018703
0.22529991924000284
0.6
0.2954584257578324
0.5630354290570397
0.5065737834429789
0.14967149258625162
0.0
0.24570315795031442
0.0
0.39537465053656606
0.39537465053656606
0.6039204937913141
0.23877485418461122
0.0
0.23877485418461122
0.20071744112977188
0.8
0.3440784224119993
0.6047852075799569
-0.0900713654071112
-0.030991613313773553
0.0
0.23860018474149086
0.0
0.2076085714277173
0.2076085714277173
0.5492070200810572
0.11402008485710192
0.0
0.11402008485710192
0.09712036052776843
1.0
0.4889694795536055
0.6589891692006635
-0.8677495079150588
-0.4243030252681235
0.0
0.14237614500821144
0.0
-0.2819268802599121
-0.2819268802599121
0.4127935288697524
-0.11637759178572925
0.0
-0.11637759178572925
-0.10056994536606488
0.8
0.7592802192988463
0.6603978945253856
-0.9876129956561703
-0.7498750119242075
0.0
-0.1945643078883909
0.0
-0.9444393198125984
-0.9444393198125984
0.25379007873497994
-0.23968932933565026
0.0
-0.23968932933565026
-0.20822448443192015
0.6000000000000001
0.9233097003296017
0.6377217785068234
-0.9942742435390517
-0.9180230538474833
0.0
-0.6050118502649581
0.0
-1.5230349041124414
-1.5230349041124414
0.15612304390022272
-0.23778084519631817
0.0
-0.23778084519631817
-0.2068503518167386
0.4000000000000001
0.971578643277408
0.5926628595882799
-0.9861450807945741
-0.9581174996730821
0.0
-0.9039229571512231
0.0
-1.8620404568243052
-1.8620404568243052
0.11743749971659209
-0.21867337562058736
0.0
-0.21867337562058736
-0.1904014184190039
0.20000000000000007
0.9839509236673087
0.5496397287533491
-0.9598767315212465
-0.9444715965870879
0.0
-1.0286199446504478
0.0
-1.9730915412375358
-1.9730915412375358
0.11020859663394883
-0.217451649790104
0.0
-0.217451649790104
-0.19009167517509842
5.551115123125783E-17
0.9856092043211209
0.5101893047175049
-0.9022538165678203
-0.8892696662431039
0.0
-1.0069770370180964
0.0
-1.8962467032612003
-1.8962467032612003
0.11943382680961494
-0.22647600034560147
0.0
-0.22647600034560147
-0.19011000145547313
-0.19999999999999996
0.9820147383255495
0.4760719970052584
-0.8135690729328023
-0.7989368202658658
0.0
-0.9055746045875159
0.0
-1.7045114248533817
-1.7045114248533817
0.14419621919775746
-0.24578410304324014
0.0
-0.24578410304324014
-0.20318337644781662
-0.39999999999999997
0.9714881913155156
0.4453607109771494
-0.6818424180025826
-0.6624018574275267
0.0
-0.7612757952439584
0.0
-1.423677652671485
-1.423677652671485
0.1844692378702085
-0.26262473156115623
0.0
-0.26262473156115623
-0.2173672751224991
-0.6
0.9460814288914609
0.41673550782670793
-0.4696406337842087
-0.4443182818760555
0.0
-0.5940169689136973
0.0
-1.0383352507897528
-1.0383352507897528
0.25055750651865016
-0.2601626913682977
0.0
-0.2601626913682977
-0.21707864001476834
-0.8
0.8764323802672388
0.38765555338437835
-0.05625513651796887
-0.04930382320070193
0.0
-0.4013300692500008
0.0
-0.45063389245070273
-0.45063389245070273
0.37728935601051805
-0.17001937107923867
0.0
-0.17001937107923867
-0.1435030098409829
-1.0
0.6374373300462858
0.3472552740844821
0.7515139738494816
0.4790430609830878
0.0
-0.15790391663539255
0.0
0.32113914434769525
0.32113914434769525
0.5761576757260707
0.1850267829920272
0.0
0.1850267829920272
0.1589170758135356
-0.8
0.20684053430843607
0.32650434383164983
0.9952021153126034
0.2058481372761447
0.0
0.10671288473334965
0.0
0.31256102200949437
0.31256102200949437
0.5963221643370521
0.18638706513210265
0.0
0.18638706513210265
0.16130123439376165
-0.6000000000000001
0.2315989241089626
0.36000397995686206
0.9883288867242213
0.22889590683113842
0.0
0.11257169770539424
0.0
0.3414676045365327
0.3414676045365327
0.6023125637338671
0.20567022832046128
0.0
0.20567022832046128
0.17880370972060636
-0.4000000000000001
0.23712456064063964
0.3911672428146324
0.9789209776394605
0.2321262067246625
0.0
0.13357998326409506
0.0
0.3657061899887576
0.3657061899887576
0.608363473222472
0.22248228792051777
0.0
0.22248228792051777
0.19419288114026945
-0.20000000000000007
0.245224861711783
0.42364118113420735
0.9611141306882072
0.23568907978725614
0.0
0.15509310323721326
0.0
0.39078218302446943
0.39078218302446943
0.6146893788686295
0.2402096573562382
0.0
0.2402096573562382
0.2112602614808031
-5.551115123125783E-17
0.2525245678797979
0.45643320326610165
0.9299054482460836
0.234823971487412
0.0
0.17824933824635678
0.0
0.41307330973376877
0.41307330973376877
0.621637171524582
0.2567817238951976
0.0
0.2567817238951976
0.21739344405390923
0.19999999999999996
0.26110582830368423
0.49013372637991875
0.8719515466027465
0.22767163081638866
0.0
0.20257803527960458
0.0
0.43024966609599324
0.43024966609599324
0.6239306367087855
0.2684459481110154
0.0
0.2684459481110154
0.22465393043621995
0.39999999999999997
0.2729643074032908
0.5248285887040868
0.7582185455777771
0.20696660015396842
0.0
0.22604776360037657
0.0
0.433014363754345
0.433014363754345
0.6203123243950864
0.2686041464769172
0.0
0.2686041464769172
0.2254046277489832
0.6
0.29383030126924586
0.5611598739363491
0.5096218106472006
0.1497423301558455
0.0
0.24308761668352447
0.0
0.39282994683937
0.39282994683937
0.6044526951657868
0.23744712010888996
0.0
0.23744712010888996
0.20105365117707538
0.8
0.34296579691384765
0.6019073957945126
-0.08488370535990382
-0.029112207653759655
0.0
0.2359512612780452
0.0
0.20683905362428553
0.20683905362428553
0.5498529673679154
0.11373106740288479
0.0
0.11373106740288479
0.09758042165655995
1.0
0.48968522424610056
0.6550245512747321
-0.8667576557449281
-0.4244384170204796
0.0
0.14096353297058975
0.0
-0.28347488404988985
-0.28347488404988985
0.41221613175017013
-0.1168529201513736
0.0
-0.1168529201513736
-0.10172444723587862
0.8
0.7643085633912806
0.6563252333654253
-0.9878973474422907
-0.755058402401674
0.0
-0.19424496292509602
0.0
-0.94930336532677
-0.94930336532677
0.25140370410441326
-0.23865838236193498
0.0
-0.23865838236193498
-0.2088691668732315
0.6000000000000001
0.9274567848670718
0.6321685580577117
-0.9943788368765835
-0.9222433989894145
0.0
-0.6027572030523528
0.0
-1.5250006020417675
-1.5250006020417675
0.154213578187965
-0.2351757995796618
0.0
-0.2351757995796618
-0.20610052618923205
0.4000000000000001
0.9735425017366963
0.5854339918058665
-0.9860911976794494
-0.9600016915293863
0.0
-0.8939798021420811
0.0
-1.8539814936714674
-1.8539814936714674
0.11676755788670704
-0.21648489138316665
0.0
-0.21648489138316665
-0.1898858686544688
0.20000000000000007
0.9848769025355878
0.5418348109353948
-0.9596651812184243
-0.9451520711496553
0.0
-1.009037272577278
0.0
-1.9541893437269333
-1.9541893437269333
0.11039554765537372
-0.21573380282303017
0.0
-0.21573380282303017
-0.189969555652665
5.551115123125783E-17
0.9862366116485932
0.5034211016351404
-0.903030921014684
-0.8906021557554303
0.0
-0.9845399055829273
0.0
-1.8751420613383576
-1.8751420613383576
0.12014352109553593
-0.2252861698035317
0.0
-0.2252861698035317
-0.19052891317742027
-0.19999999999999996
0.9826080042678396
0.47075558602703493
-0.8154516135317773
-0.8012692825494493
0.0
-0.8855613842071107
0.0
-1.68683066675656
-1.68683066675656
0.1447418836835409
-0.24415504816150777
0.0
-0.24415504816150777
-0.20330179759309053
-0.39999999999999997
0.9723275129563459
0.4417050731583157
-0.6836758682739575
-0.6647568566670875
0.0
-0.747228466526703
0.0
-1.4119853231937904
-1.4119853231937904
0.18450546962584047
-0.26051901516066445
0.0
-0.26051901516066445
-0.21713883319771324
-0.6
0.94754826028636
0.4149526778261245
-0.4703837587938286
-0.4457113123120511
0.0
-0.5866555789636375
0.0
-1.0323668912756885
-1.0323668912756885
0.2500238934858772
-0.25811638966265893
0.0
-0.25811638966265893
-0.21684768892391304
-0.8
0.8789013627477706
0.3881123776961511
-0.0571669419845309
-0.05024410321432695
0.0
-0.39954055016946544
0.0
-0.44978465338379237
-0.44978465338379237
0.37635842171920253
-0.16928024226104266
0.0
-0.16928024226104266
-0.14384271853887728
-1.0
0.6391051742328239
0.35045672146460827
0.7498649028770791
0.47924253940433514
0.0
-0.1590427605670891
0.0
0.32019977883724604
0.32019977883724604
0.5760898887542838
0.18446385496949536
0.0
0.18446385496949536
0.15948540769292766
-0.8
0.202987910899521
0.330635440415255
0.9952875337141015
0.20203133721296204
0.0
0.10773946772671755
0.0
0.30977080493967957
0.30977080493967957
0.5963049699649238
0.18471787053556588
0.0
0.18471787053556588
0.16091153274773867
-0.6000000000000001
0.22883642474070556
0.3635693191450539
0.9883536661747456
0.2261713193467976
0.0
0.11267452439573802
0.0
0.3388458437425356
0.3388458437425356
0.6023359168691746
0.20409902196796928
0.0
0.20409902196796928
0.17860289385950728
-0.4000000000000001
0.2343781881142569
0.3939637055440842
0.979029602945923
0.22946318444868577
0.0
0.13350483092773693
0.0
0.3629680153764227
0.3629680153764227
0.6084613058029711
0.22085199260065105
0.0
0.22085199260065105
0.1940276725050371
-0.20000000000000007
0.242635600164922
0.425603147485165
0.9612990549314715
0.23324537313126992
0.0
0.1546262570996051
0.0
0.387871630230875
0.387871630230875
0.6147985477806682
0.2384629149912623
0.0
0.2384629149912623
0.2110681433710856
-5.551115123125783E-17
0.250156143332785
0.4574602555619882
0.9302781200081869
0.2327147867281218
0.0
0.1773155624340639
0.0
0.4100303491621857
0.4100303491621857
0.6218560177653757
0.2549798400929434
0.0
0.2549798400929434
0.2173231305644855
0.19999999999999996
0.2589832139060231
0.49019835725279004
0.8726713507937052
0.22600723111226426
0.0
0.20110079682344287
0.0
0.4271080279357071
0.4271080279357071
0.6242324672858093
0.26661469807588284
0.0
0.26661469807588284
0.22465519799855993
0.39999999999999997
0.2711178115597912
0.5239376238551022
0.7596238966061968
0.20594756845639317
0.0
0.22400604967275606
0.0
0.42995361812914923
0.42995361812914923
0.6207059164798132
0.2668747545846652
0.0
0.2668747545846652
0.22551395441199973
0.6
0.2923121004353899
0.559320578841601
0.5125059913531996
0.14981170281817557
0.0
0.24057671220079208
0.0
0.39038841501896765
0.39038841501896765
0.6049803549174377
0.23617732187383103
0.0
0.23617732187383103
0.2013822283279818
0.8
0.3419536298801673
0.5990860451772251
-0.07986034507074734
-0.02730853488042478
0.0
0.2333986008115527
0.0
0.2060900659311279
0.2060900659311279
0.5504890299494031
0.11345032047663513
0.0
0.11345032047663513
0.09802380521439741
1.0
0.49044399027678176
0.6511312395586879
-0.8657485507116778
-0.424601173787376
0.0
0.139587841209639
0.0
-0.285013332577737
-0.285013332577737
0.41164736526094786
-0.1173249874198677
0.0
-0.1173249874198677
-0.10286066153425658
0.8
0.7691882525848338
0.6523182409351118
-0.9881614772154867
-0.7600821999310283
0.0
-0.19393311563006568
0.0
-0.954015315561094
-0.954015315561094
0.24908181985753866
-0.2376278709719213
0.0
-0.2376278709719213
-0.2094574309948539
0.6000000000000001
0.9313122669351779
0.6266756089550926
-0.9944703122856398
-0.9261624009344734
0.0
-0.6004146005932949
0.0
-1.5265770015277682
-1.5265770015277682
0.15241348728810516
-0.2326709244166662
0.0
-0.2326709244166662
-0.20536411742857477
0.4000000000000001
0.9753109966279504
0.5783495586533282
-0.9860250595062814
-0.9616810834872054
0.0
-0.8840100826390024
0.0
-1.8456911661262079
-1.8456911661262079
0.11617947715947864
-0.21443143467841128
0.0
-0.21443143467841128
-0.18942443087305114
0.20000000000000007
0.985712359909863
0.5343343045239288
-0.9594733482245488
-0.9457647383490376
0.0
-0.9901124768679788
0.0
-1.9358772152170163
-1.9358772152170163
0.1106125643652953
-0.21413234307150084
0.0
-0.21413234307150084
-0.18988132211240227
5.551115123125783E-17
0.9868053131347
0.4969858501336272
-0.9037557899427857
-0.8918310152917888
0.0
-0.9632125091480901
0.0
-1.8550435244398789
-1.8550435244398789
0.12081080980721112
-0.2241093104152048
0.0
-0.2241093104152048
-0.19090679958941598
-0.19999999999999996
0.9831573323347341
0.465739001403243
-0.8171364444644063
-0.8033736868931153
0.0
-0.8667903502390922
0.0
-1.6701640371322075
-1.6701640371322075
0.14522326591047513
-0.24254667607856323
0.0
-0.24254667607856323
-0.20338624172034458
-0.39999999999999997
0.9731171850633306
0.43827064968937346
-0.685232759594981
-0.6668117741302458
0.0
-0.7341225190732652
0.0
-1.4009342932035111
-1.4009342932035111
0.1844990925957587
-0.25847110588232836
0.0
-0.25847110588232836
-0.21690394312361289
-0.6
0.9489307822243692
0.4132980467052748
-0.47091240210235713
-0.44686327408614646
0.0
-0.5797781124312025
0.0
-1.026641386517349
-1.026641386517349
0.24948572424036733
-0.2561323698504157
0.0
-0.2561323698504157
-0.21661699408450155
-0.8
0.8812299839138947
0.38859880167016625
-0.057920170086785155
-0.05104099055386773
0.0
-0.397867260162216
0.0
-0.44890825071608376
-0.44890825071608376
0.3754471300169886
-0.1685413143723004
0.0
-0.1685413143723004
-0.14415556939193427
-1.0
0.6406605495569058
0.3535959485604713
0.7482603777488234
0.47938090482021906
0.0
-0.1601416681637526
0.0
0.3192392366564665
0.3192392366564665
0.5759938688827309
0.18387984302092783
0.0
0.18387984302092783
0.16000839296981426
-0.8
0.19929900072044432
0.3346971808920241
0.9953625561161766
0.1983747627885012
0.0
0.10872896802420871
0.0
0.3071037308127099
0.3071037308127099
0.5962842434460958
0.1831211157871302
0.0
0.1831211157871302
0.16054591577709248
-0.6000000000000001
0.22616934845151193
0.3670502731383047
0.9883699133523991
0.2235389793319894
0.0
0.11277646903512373
0.0
0.33631544836711313
0.33631544836711313
0.6023528014865724
0.2025805525071433
0.0
0.2025805525071433
0.17840816693554906
-0.4000000000000001
0.23174084763447467
0.39668978059269416
0.9791184862831194
0.22690174794583384
0.0
0.13342747937104704
0.0
0.3603292273168809
0.3603292273168809
0.6085548986846766
0.21928011642295225
0.0
0.21928011642295225
0.19387154194644363
-0.20000000000000007
0.24015396671215247
0.4275097620125291
0.9614577920969412
0.2308979025983884
0.0
0.15417385649808513
0.0
0.3850717590964735
0.3850717590964735
0.6149111014783228
0.23678489953420792
0.0
0.23678489953420792
0.2108901033895325
