0.0
-0.09033921945423358
-0.1944042397927794
-0.1732312998773222
-0.16011174584669374
-0.14725394190410776
-0.16382107886106964
-0.17668037027433128
-0.19071439214042432
-0.20470132991658255
-0.21766748883857642
-0.22731503838589778
-0.22806202089632807
-0.20366028665538932
-0.10307401694829003
0.10034368850686018
0.20604902420004798
0.20428959368401928
0.1873117565435939
0.18349309097563835
0.19140030698036625
0.20570169557547416
0.2195823543723069
0.2191641265677558
0.14857245732253627
-0.15545923299756523
-0.1626038310130092
-0.17683119695552033
-0.19070227888419328
-0.20470139866196194
-0.21766751833462697
-0.22731504646669723
-0.22806202584266402
-0.20366029281240458
-0.10307402908207912
0.10034367664841813
0.20604902181297174
0.20428959535251454
0.1873117578908675
0.18349309159558091
0.1914003071756594
0.20570169561203275
0.21958235437512771
0.2191641265655524
0.14857245731478688
-0.15545923300766937
-0.16260383101155296
-0.17683119695570132
-0.19070227888417873
-0.20470139866196205
-0.21766751833462702
-0.22731504646669734
-0.22806202584266408
-0.20366029281240464
-0.10307402908207924
0.10034367664841808
0.20604902181297172
0.20428959535251456
0.1873117578908675
0.18349309159558091
0.1914003071756594
0.20570169561203275
0.21958235437512771
0.2191641265655524
0.14857245731478688
-0.15545923300766937
-0.16260383101155296
-0.17683119695570132
-0.19070227888417873
-0.20470139866196205
-0.21766751833462702
-0.22731504646669734
-0.22806202584266408
-0.20366029281240464
-0.10307402908207924
0.10034367664841808
0.20604902181297172
0.20428959535251456
0.1873117578908675
0.18349309159558091
0.1914003071756594
0.20570169561203275
0.21958235437512771
0.2191641265655524
0.14857245731478688
-0.15545923300766937
-0.16260383101155296
-0.17683119695570132
-0.19070227888417873
-0.20470139866196205
-0.21766751833462702
-0.22731504646669734
-0.22806202584266408
-0.20366029281240464
-0.10307402908207924
0.10034367664841808
0.20604902181297172
0.20428959535251456
0.1873117578908675
0.18349309159558091
-7.679730440807683E-5
-7.000764403091659E-6
-3.297471313284494E-4
-0.0015479624423439756
-0.0051546661778766375
-0.014267690794714603
-0.027572270353871508
-0.04202519090209517
-0.05041119742967834
-0.046178584324002715
-0.028869981611504957
-0.002402417282259741
0.029247201269295735
0.0634717246830777
0.0981765802136343
0.13004831244343973
0.13526947637741105
0.12538729622899672
0.10656652546297107
0.0820034446248671
0.05312524742719959
0.020197154350065572
-0.01723783655253961
-0.05979144850673454
-0.10727142812833883
-0.15686108916184344
-0.18487800761863668
-0.19736210714857205
-0.1989562744848874
-0.1934287804207555
-0.18230308535712514
-0.1637671547446451
-0.13331327869993775
-0.08564505937744014
-0.01637733566953549
0.07524906161058525
0.1586173088036872
0.22265434597198025
0.2573962304754712
0.26306607213154004
0.24827732131890556
0.21765869421139583
0.17148708079949437
0.10802519157150851
0.026808372858787143
-0.06647084124102633
-0.1451559022092199
-0.20320319956053998
-0.23603210939970393
-0.24617291093124355
-0.2392826110684547
-0.21737701527256362
-0.17910888565937205
-0.12072334158468993
-0.03865436753890752
0.06209134863706607
0.1473028018502832
0.20761389763092314
0.23851675634568023
0.24524396917300245
0.2366766021874835
0.21547883553845618
0.17912644114144038
0.12170337718084259
0.03820504763759719
-0.06299063495189046
-0.14557788654044757
-0.2018906186742608
-0.23114503293669283
-0.23881407217024966
-0.23280681037577636
-0.21491288407745612
-0.18204435464519775
-0.1274243746331998
-0.04366638131492172
0.0617204539953946
0.1476704107651915
0.20473797147409153
0.23205569366937745
0.23715434944652736
0.23096897573154151
0.21510282289615906
0.18495137675531825
0.13135888285141878
0.044776765319148766
-0.06315809179673654
-0.14756644648221115
-0.20193536603099638
-0.22870975173392993
-0.23450549336731588
-0.22936670227380615
-0.21464263273149542
-0.18594520270430132
-0.13430751170286892
-0.048450227571321565
0.062248059028461124
0.14942860321646853
0.20438655036860146
0.22994230354716066
0.23346098174721353
0.22850414544690914
0.21604123560703842
0.19013184987918283
0.13934208931861636
0.049746151361395485
-0.06397029197640394
-0.14896747158642143
-0.20153423666939885
-0.2272012625028871
-0.23181802321833872
-0.22735868168413184
-0.2149682517316645
-0.18942811232001058
-0.14028867910472284
-0.05260720487258964
0.06305163710266005
0.1510942235564097
0.2039757179784915
0.2288303452543282
0.23113535858390655
0.2270020044988984
0.21710829702953363
0.19453808989996663
0.14615434212592576
0.053894962013857926
-0.0647938516006186
-0.14971256623287038
-0.20060641400477489
-0.2258630322757206
-0.22979625307830584
-0.2258776020158415
-0.2153189732278015
-0.19233410828931446
-0.14545119777523446
-0.05634704365568709
0.063936413380529
0.15263835317207824
0.20340609981602234
0.2279424959154936
0.22941974989112113
0.2259184879835656
0.21814042315814341
0.1983716778608516
0.15212838232674594
0.05747910623647267
-0.06560571540642098
-0.15009954026035394
-0.199422733478598
-0.22446517633554094
-0.22805253244302123
-0.2245739761053448
-0.2155366213112224
-0.19473974500613084
-0.14999231788089465
-0.05984276065309373
0.06492592348053039
0.15421461421987173
0.20280796484075894
0.22698385852268724
0.22804882404819238
0.22510764754573828
0.21918647341779907
0.20186617007532687
0.15753083992923553
0.060617321640975844
-0.06654545738961756
-0.1504530892510721
-0.1982175191379368
-0.22292992710188536
-0.22634870683468047
-0.2232227346893636
-0.21552542933105484
-0.1967342217535664
-0.15412387224632362
-0.06327165463598095
0.06610634171087344
0.15596499892046356
0.20223449244887126
0.22579353706106325
0.226917467460488
0.22457120376623826
0.22037908525028885
0.20527022832188435
0.16261023181304138
0.06337938053423263
-0.06784023392536735
-0.15114221934151836
-0.19721247207548173
-0.22123221297141324
-0.22445502048669938
-0.22157026489008264
-0.2151406016977677
-0.1983786202693158
-0.1580938637721456
-0.06687544613987996
0.06758036966806719
0.15798770786572994
0.201644079437983
0.22426797526369088
0.22602158235163794
0.22443850425557604
0.2219535094467156
0.2088942919450124
0.16764522136059096
0.06582205427101773
-0.06981260423256058
-0.15266399180598278
-0.19670526993563164
-0.21937130141452313
-0.22206308647045342
-0.21921465741121604
-0.21409102875951064
-0.19968149549951877
-0.16223831104647252
-0.0710348111182039
0.06944469179725585
0.16030724354348178
0.20090322817872777
0.22234782176111742
0.22547327754915128
0.225017375942505
0.22430604986143216
0.21316313774758472
0.1729875536528584
0.06804443222651796
-0.07286269936474174
-0.15573377361350968
-0.1971863977636079
-0.21740133788632368
-0.21872186905780105
-0.21547289424739227
-0.2118075563290019
-0.20055206431666003
-0.16702653859554029
-0.07631867856964193
0.07179181638230303
0.1628277262726201
0.19980549487810528
0.22005240264234815
0.225496827357083
0.22674990272406306
0.22787652208785433
0.21844703654252784
0.17894285150211964
0.07034171211099961
-0.07710823113723339
-0.16107470185786318
-0.19935081518031547
-0.21560548691968334
-0.21407514402484204
-0.2096100681723745
-0.2075999691513757
-0.2008345286854926
-0.17289841144460238
-0.08314794638381842
0.07486678135316603
0.16531392572001327
0.19817655524493047
0.21750286674609226
0.2260328661803426
0.2293446089115986
0.23203122699371684
0.22391925317534017
0.18488663300795272
0.07312455606355928
-0.08130394150693639
-0.16802512025931182
-0.2032908384876943
-0.21466461895608732
-0.20900892424043008
-0.2025695671603581
-0.20227032426697727
-0.20096940931777538
-0.17964203723825303
-0.09065126033018887
0.07932604806564786
0.16754964418915735
0.19612862450171656
0.21482373523910703
0.22607668920082888
0.23082492548707337
0.23443569676284162
0.22725490907453896
0.18888306292550464
0.07579744749513029
-0.08357389464197863
-0.17395860103132715
-0.20738850013428167
-0.21464140503134926
-0.20519301622096286
-0.19700835113266882
-0.1983770480886291
-0.20211038464161538
-0.18647671892293471
-0.0973337326323722
0.08537498730846482
0.16956863674665146
0.1941593352406402
0.212272232568093
0.2251722068451579
0.23052540575954544
0.2346410889389183
0.22817142317385347
0.19058848558718022
0.07760979473313462
-0.0839992288473028
-0.17763358340976235
-0.21022043433089865
-0.2146397720452186
-0.2025522787739169
-0.193395877559055
-0.19645203461120236
-0.20427084758048858
-0.19284520846799091
-0.1029844489879895
0.09216097151333984
0.17132950629293672
0.19254478160441515
0.21009804459199508
0.22392158064649803
0.22944271189727544
0.23385133343223785
0.22793799868452994
0.191116277034273
0.07878980954179308
-0.08358091488863129
-0.17976012752332607
-0.21189889015734178
-0.21429558196528153
-0.20047539987664378
-0.19093420404779865
-0.19566183276344434
-0.2067739773448253
-0.1984390075486507
-0.10781170874123802
0.09887148968530433
0.17264258093804824
0.19118428618038893
0.2082676854511875
0.22267511271349
0.22818685338219513
0.23279192973266716
0.22734683903657252
0.19124419969539744
0.07969861601868658
-0.08295527463226443
-0.1811684301104302
-0.21293051245492323
-0.2136921457337586
-0.19871820793744382
-0.18912012807855455
-0.19542201764496558
-0.20918853580634553
-0.20315518718768594
-0.11194427584835293
0.10511471334295597
0.17344175112287716
0.18996398748630558
0.20668539792263776
0.22152129263332182
0.22695983617298587
0.23172384551545944
0.22670264415272526
0.19129202044714988
0.08051448623676302
-0.08238157860207884
-0.1822864899431297
-0.21362386999223687
-0.21293485877937635
-0.1972124180998982
-0.18773974014827427
-0.19547160699999822
-0.21134781727397284
-0.20702796300141815
-0.11548055202987097
0.11075955578820751
0.17379010890801988
0.1888450646342813
0.20529525141278376
0.22048211150743546
0.22582684863305277
0.23073465501498575
0.22611060127410354
0.19137094341134697
0.08130252566800142
-0.08194579058316476
-0.1832913064318742
-0.21411691881312303
-0.2120802328534138
-0.19592911126660437
-0.1866940641239878
-0.19569756057592624
-0.21321098851778703
-0.21015121369639783
-0.11851222413999186
0.11579529793302298
0.17379270378301573
0.1878220643119876
0.20406773989884386
0.2195624846550521
0.224808851386268
0.22985236469141873
0.22560458867197927
0.191515241596264
0.08208349653651317
-0.08167041457281639
-0.1842555408185833
-0.21446987459061842
-0.2111575013345527
-0.19484351879378728
-0.18592207849863865
-0.1960419806556425
-0.2147851847627466
-0.21263394715807143
-0.12112299550858367
0.1202615230642402
0.1735484348979362
0.1868948841719356
0.20298288517099575
0.21875884291576747
0.2239089052896575
0.22908218210742412
0.22519207559560867
0.19173182627207566
0.08286351763820025
-0.08155654502421734
-0.1852133225578527
-0.21471300301565824
-0.21018486673573308
-0.19392993127749028
-0.1853761971587991
-0.19646737489060676
-0.21609343378487986
-0.21458080075783967
-0.12338601890937044
0.12421645519021172
0.1731358020962214
0.18606059448576978
0.20202373745863067
0.2180621171295273
0.22312144157144495
0.2284194398819635
0.22486985338599497
0.19201748951966502
0.08364422672988667
-0.08159807158689446
-0.1861838440197889
-0.21486486624113438
-0.2091756519671618
-0.19316289370284617
-0.18501626744489014
-0.19694555971172611
-0.21716288508852172
-0.21608493888148272
-0.1253631968932152
0.1277224488663994
0.17261261218901086
0.1853129603834498
0.20117475694429265
0.2174599021666954
0.2224365631898162
0.2278549477488623
0.2246300799635267
0.19236499327535303
0.08442576474229567
-0.0817863061205488
-0.18717899672856556
-0.21493849462963674
-0.20814029429924646
-0.19251865828055342
-0.18480868046151636
-0.19745448087674902
-0.21802077339180592
-0.21722634798692195
-0.12710561641910076
0.1308389742827926
0.17201971085536105
0.1846437179051364
0.2004216516464934
0.2169381350908249
0.22184245948383688
0.2273776493099629
0.22446299750197699
0.19276544630081058
0.08520749507663154
-0.08211155447815142
-0.1882057825612429
-0.2149434112944028
-0.20708719685854474
-0.19197579399744547
-0.18472621934067437
-0.19797719101140143
-0.21869309790476263
-0.21807231546593106
-0.128654434566592
0.1336191317286836
0.171385196515388
0.18404380205371704
0.19975150380287593
0.21648239557229945
0.2213269218511676
0.22697614954273718
0.22435837817487547
0.19320941178676987
0.08598812755019089
-0.08256371637044718
-0.18926718582362673
-0.2148864042254671
-0.20602333858172311
-0.19151530871462571
-0.1847474269437248
-0.19850107046714902
-0.21920411915585
-0.21867867851062672
-0.1300419591006229
0.13610812781309042
0.1707281180781807
0.18350421725793606
0.19915289983024526
0.2160789553197074
0.22087835199407396
0.22663965310549025
0.22430636982541724
0.1936875263239803
0.08676576354712198
-0.08313256336108925
-0.19036270246205922
-0.21477202059581602
-0.20495478847767346
-0.1911210690301962
-0.18485518972053708
-0.19901666508901758
-0.21957594474770648
-0.2190912582852082
-0.1312929929917913
0.1383431987526953
0.17006148434065643
0.18301663039517077
0.19861602443195742
0.21571561771111408
0.22048641212302275
0.22635849364993063
0.22429795306782965
0.19419087243845137
0.08753801568481745
-0.08380793573369275
-0.19148899700855732
-0.21460312606252696
-0.2038870717012734
-0.19078124717821973
-0.1850345394893945
-0.19951600540795886
-0.21982796870632532
-0.21934730224834037
-0.13242667563329297
0.14035495709451243
0.1693945937765266
0.1825738009863505
0.19813270693588594
0.2153822760355392
0.2201423358427081
0.22612429056751954
0.22432505672916841
0.1947111630776666
0.08830224439097328
-0.08457998203781254
-0.19264096872049083
-0.21438165571860657
-0.2028252959389533
-0.1904909887644785
-0.1852700192171583
-0.19999066022781115
-0.2199762422154198
-0.21947695111950946
-0.13345898025894865
0.142170212221894
0.16873466579397675
0.18216990147558212
0.197696379366691
0.21507106852923913
0.21983886905122882
0.22592973521056933
0.22438034027721118
0.19524073397024283
0.08905589390230569
-0.08543949006663137
-0.193813340815683
-0.21410952837852015
-0.20177397312040757
-0.19025554596349156
-0.1855434192666795
-0.20043016789504314
-0.22003308714722528
-0.21950478526782108
-0.13440568078835083
0.14381593821897057
0.16808772839635344
0.18180071165934875
0.19730189243448726
0.2147760668442258
0.21956985433420018
0.2257680672819933
0.22445670556503167
0.19577234656550974
0.08979684407264886
-0.08637825646687397
-0.19500256159329288
-0.21378951000630153
-0.20073657047033552
-0.19009215694437917
-0.1858329667980023
-0.20082166909355625
-0.22000734555868504
-0.21945142996796776
-0.13528512015046026
0.1453233759979369
0.16745879524661814
0.1814636320767128
0.19694516763455583
0.21449257496077748
0.21932958665820082
0.22563241984203655
0.22454671215466673
0.1962988656597267
0.09052363818306462
-0.08738932678165207
-0.19620839432497064
-0.21342566982418945
-0.19971498430128667
-0.19002822118677068
-0.18611492189410278
-0.20115142614375836
-0.21990557667184105
-0.21933509378893543
-0.13611973952018971
0.1467306131153378
0.16685151971350695
0.18115744802121994
0.19662271982129273
0.21421626362023605
0.2191121798930269
0.22551531715737613
0.2246421779294335
0.19681296228839298
0.09123543458516647
-0.08846683329530405
-0.1974342526123267
-0.21302308095923692
-0.19870928866608256
-0.19009216799173756
-0.18636835813393698
-0.2014087764656412
-0.2197344393637051
-0.21917283819037922
-0.1369350790235978
0.14808154369244428
0.166267617201663
0.18088173519291964
0.19633110465646217
0.21394247603967884
0.21891123681983884
0.22540866191964629
0.22473431819576697
0.19730708130893548
0.0919315616701716
-0.08960505812465923
-0.19868513582949962
-0.2125865465657502
-0.197718216881506
-0.19029200724769652
-0.18658403170281299
-0.20159306964749676
-0.21950443645835746
-0.21898124069193708
-0.13775465675848905
0.149418737564387
0.16570633759108405
0.1806356906152089
0.1960663102828195
0.21366614035621584
0.21872013363968326
0.22530457524739203
0.2248148402366944
0.1977740260096419
0.09261064212727765
-0.09079634945109476
-0.19996196538322347
-0.2121182967137858
-0.19674084820748267
-0.19058320293371647
-0.18677646148056676
-0.20172234770119402
-0.21923414534963748
-0.21877579888229698
-0.1385898212249804
0.1507686918147431
0.16516430607700963
0.18041623340682655
0.19582316960014043
0.2133827905382248
0.21853321168303877
0.2251973594557368
0.22487831742778816
0.19820857981911097
0.09326958500710061
-0.09202821732097133
-0.20125249217467514
-0.21161520060563627
-0.1957795938610088
-0.1908577102893037
-0.18698929823919186
-0.20183551373943634
-0.2189506335653158
-0.2185684787025785
-0.1394289923618756
0.15212485175209808
0.1646363201465028
0.18021617384768532
0.1955952834299691
0.21309078302618706
0.2183477743951777
0.22508608518096937
0.22492520513060085
0.19861004571235077
0.09390352647587315
-0.09328212408610542
-0.20252458949618582
-0.21106799914526508
-0.19484308719847884
-0.19100226212526286
-0.1872758089303528
-0.20197560474705367
-0.2186805085693446
-0.21836466306353164
-0.14023891566318183
0.15344535271208584
0.16411762334963906
0.18002484313139866
0.19537630362391908
0.21279330416837355
0.2181656284708619
0.22497571321866547
0.22496290028195287
0.19898387489882322
0.09450790013894636
-0.09453768138111114
-0.20373342265482242
-0.21046636171516153
-0.1939457504116581
-0.1909817986436338
-0.1876613806242874
-0.20216260913396056
-0.21843683457521834
-0.21816298595865963
-0.14098315609684303
0.1546755904917829
0.1636067047100521
0.1798322555134827
0.19516222881548617
0.21249780681122316
0.2179923101192781
0.22487475978896532
0.22500253595025918
0.19933983225240703
0.09508127136288386
-0.09578030599197913
-0.20484227305167838
-0.2098077646268075
-0.19310282998110032
-0.1908404359032248
-0.18812919992437815
-0.20238566739676794
-0.21821632161962892
-0.2179589696013175
-0.14164076795458846
0.15577672229889356
0.1631062179471216
0.17963320840071534
0.19495250342130907
0.2122128046956294
0.21783408776159563
0.2247909374107039
0.22505361772942345
0.19968741833363807
0.09562575711920794
-0.09700436113822064
-0.20583689302475125
-0.20910108243780567
-0.19232498691969344
-0.19064259461882263
-0.18863993831958725
-0.2026188367320519
-0.2180077247775411
-0.2177489180190027
-0.142209742908846
0.1567369277489956
0.16262124143377926
0.1794276837443498
0.19474888323369854
0.2119447148836545
0.21769511945565626
0.22472819853218065
0.2251207839307902
0.20003236884995257
0.09614502845361746
-0.09820989250142433
-0.20672250168076248
-0.20836214547581272
-0.19161650390167137
-0.19043627438615635
-0.18915569494433684
-0.20283816405358795
-0.21780041188049357
-0.21753148111310303
-0.14270008885668517
0.15756594423560888
0.16215678387384994
0.17921861476930034
0.19455357090113595
0.211696672522071
0.2175764944504992
0.22468647827568006
0.22520390974958418
0.2003761650236926
0.0966424322930106
-0.09939824853465794
-0.2075132719755767
-0.20760741594884552
-0.1909765800393722
-0.19024851280814573
-0.18965041693105397
-0.20302855314505375
-0.21758780867994004
-0.21730739438653157
-0.14312633149536033
0.15828468746262708
0.1617162781641588
0.1790096160795547
0.19436806823848038
0.21146900372390318
0.21747684426844452
0.22466302593688967
0.22529991924000284
0.20071744112977188
0.09712036052776843
-0.10056994536606488
-0.20822448443192015
-0.2068503518167386
-0.1904014184190039
-0.19009167517509842
-0.19011000145547313
-0.20318337644781662
-0.2173672751224991
-0.21707864001476834
-0.1435030098409829
0.1589170758135356
0.16130123439376165
0.17880370972060636
0.19419288114026945
0.2112602614808031
0.21739344405390923
0.22465393043621995
0.2254046277489832
0.20105365117707538
0.09758042165655995
-0.10172444723587862
-0.2088691668732315
-0.20610052618923205
-0.1898858686544688
-0.189969555652665
-0.19052891317742027
-0.20330179759309053
-0.21713883319771324
-0.21684768892391304
-0.14384271853887728
0.15948540769292766
0.16091153274773867
0.17860289385950728
0.1940276725050371
0.2110681433710856
0.2173231305644855
0.22465519799855993
0.22551395441199973
0.2013822283279818
0.09802380521439741
-0.10286066153425658
-0.2094574309948539
-0.20536411742857477
-0.18942443087305114
-0.18988132211240227
-0.19090679958941598
-0.20338624172034458
-0.21690394312361289
-0.21661699408450155
-0.14415556939193427
0.16000839296981426
0.16054591577709248
0.17840816693554906
0.19387154194644363
0.2108901033895325
