0.03967059309828187
0.04348625785121909
0.039257276134420274
0.040832457701114225
0.040723226361080854
0.03979352149249317
0.038930037650356346
0.039053244294668964
0.04157754221399652
0.03924963933131333
0.039219472127479484
0.038965674873317604
0.03954897879658328
0.039662559037031045
0.039988932085835795
0.03895149489104966
0.04159217196852976
0.03922205173912833
0.04061592110140123
0.03971782421728994
0.04162662781832822
0.03955149816667619
0.03888264494420092
0.04052166302194308
0.03968113908901358
0.039205118887164055
0.039910013650080116
0.03973182216974931
0.03957870864631289
0.03903396494227375
0.03949876063212326
0.04020687671546235
0.040798491432454925
0.04066088498044559
0.04135218413684998
0.04838193787238275
0.046319978567727856
0.03959283662442617
0.04107224511509219
0.03889863458491998
0.03994543656986833
0.03941268814651646
0.0392011239113177
0.03954594032145254
0.039301264101684184
0.03889443897778395
0.05445836335933087
0.03975668857851818
0.039354296834921317
0.0441327651238741
0.040814620782830324
0.04474462487941901
0.03904511088966532
0.039299113416159374
0.039465028548331865
0.039426567819705646
0.03951040986916832
0.03928222782944158
0.039108969008981954
0.03912526991578273
0.040987739950002045
0.040086687824865595
0.04023158050634154
0.03958169232205362
0.039735331526677665
0.0409259281573674
0.03989297824797488
0.03939000601212122
0.04064288380483577
0.04162098296657805
0.04228811941345582
0.040044900389149735
0.03986558866625074
0.04022325602553119
0.042380722101146996
0.0392828428872627
0.03956391284018054
0.03926132987266119
0.03922880255175611
0.03944888751762297
0.03995161956688773
0.03932016042524169
0.04452571586290074
0.039212205610502544
0.038697016874462524
0.03929579257755612
0.03951768932173657
0.03901132924478147
0.03978301901019624
0.039953145340295274
0.039342368919090154
0.040494251388677314
0.0405487492578492
0.03907405766551933
0.04647414527580874
0.039305335352184605
0.03935761231217775
0.03985623842841366
0.040139625076231956
0.040237804191115535
