NaN
NaN
NaN
NaN
NaN
NaN
NaN
NaN
NaN
NaN
NaN
NaN
NaN
NaN
NaN
NaN
NaN
NaN
NaN
NaN
NaN
NaN
NaN
NaN
NaN
NaN
NaN
NaN
NaN
NaN
NaN
NaN
NaN
NaN
NaN
NaN
NaN
NaN
NaN
NaN
NaN
NaN
NaN
NaN
NaN
NaN
NaN
NaN
NaN
NaN
NaN
NaN
NaN
NaN
NaN
NaN
NaN
NaN
NaN
NaN
NaN
NaN
NaN
NaN
NaN
NaN
NaN
NaN
NaN
NaN
NaN
NaN
NaN
NaN
NaN
NaN
NaN
NaN
NaN
NaN
NaN
NaN
NaN
NaN
NaN
NaN
NaN
NaN
NaN
NaN
NaN
NaN
NaN
NaN
NaN
NaN
NaN
NaN
NaN
NaN
NaN
0.1597083104532587
0.16030609411987373
0.16206775342977123
0.16637612582069378
0.1416708955537233
0.11747411377546971
0.09909324035664112
0.08501330844521722
0.07428327927383149
0.0662825308290906
0.060569261889041624
0.05679340124054858
0.05466374890397321
0.05392146451479855
0.057334721137987814
0.056019891676588156
0.05492948815660411
0.054383920932062
0.054579593221655634
0.0556935468652537
0.05793952940279983
0.06161386798124776
0.06713331541650798
0.07503980754478355
0.07547214427019805
0.07238603198096319
0.06966773142983128
0.06721277975594081
0.06491095776544113
0.06267108109750033
0.06039998054270462
0.05803133535756655
0.055641088263699894
0.053596868257755004
0.05462692323758634
0.05405981987197043
0.05253024323613798
0.05080496742223214
0.049192564168329685
0.04774605283066841
0.04650032936084371
0.045578524149871735
0.04526902790425002
0.04611589240959908
0.04527568145714807
0.04442756258155667
0.04357594973034564
0.042920997666283794
0.042386731044452154
0.041825081897221804
0.04111871520481855
0.04021268447258362
0.03916030658457476
0.038227538188728
0.03902998967251614
0.03898195051301796
0.03831708570701518
0.037506122680748544
0.036723905181586365
0.03600388321783441
0.03536909605568616
0.03488874467781444
0.03474079023689774
0.035315855859163504
0.03492864673334352
0.034528637387448886
0.034064507250103675
0.033691478382021564
0.03337575926480522
0.03304612398488348
0.0326444255472198
0.03213139364514617
0.031518407439412886
0.03097460975636336
0.031589730588279796
0.03163122565725111
0.03124045565013218
0.030751200055961526
0.030275852175405016
0.02983133341876685
0.029431643598063825
0.029120564450355525
0.029020892598078545
0.02944023199222935
0.02922416337345094
0.028998242964101945
0.02870187784791265
0.02846025095121091
0.02825085866553642
0.028032154614417097
0.027770593014510975
0.027436556166067542
0.02702623221517222
0.026659443665936394
0.02714684848520076
0.027209285799797433
0.02694447796170002
0.02660769059215261
0.02628069992332792
0.025255332709377076
0.02398503639835782
0.022770265220293795
0.021675999347708353
0.020895016455398957
0.020634656766015468
0.020610893046932626
0.020583052126822553
0.020612086265716627
0.020633477607790673
0.02056742161818194
0.020332605924209043
0.0198378795597143
0.019001443766978723
0.01786315423481602
0.01736480739973264
0.01750697046008339
0.017337698932699614
0.017038097829181708
0.0166296185313472
0.01606182795329485
0.015277439357147355
0.014220546043938811
0.012865749357116178
0.011332885702977009
0.01068609593949779
0.010816508482175538
0.010837065370537335
0.010870695104595318
0.01092010185934625
0.010975988252587318
0.011034147713056466
0.011075202250854219
0.011044953064243157
0.010904244130203196
0.010818628383402827
0.01083616790604312
0.010850887586139864
0.010863549441479253
0.010864486435072668
0.010856700010575544
0.010845002159765207
0.01080952872371502
0.010704793170045562
0.010545083800141877
0.010470412534808708
0.010474189344705793
0.010462024938121808
0.010434191727870079
0.010383278057330697
0.01033824677494834
0.010328167148046415
0.010349242167036763
0.010349297622265233
0.010273129361957456
0.010198326339094224
0.010179661441219647
0.010178203955892686
0.010184812161946378
0.010189720467129657
0.010188162049914528
0.010179736322800835
0.010150481114873726
0.010066432696738951
0.009941928828301368
0.009880844520141836
0.00987795333283302
0.009869433213878773
0.009856739419910523
0.009830459237139322
0.00980707439796642
0.009805633179084698
0.009824989188528786
0.009828137199949601
0.009768076306064325
0.00970212795339651
0.009682850498148314
0.00968111249588755
0.009684736115667347
0.00968871295397599
0.009688563048902928
0.00968200261935307
0.009658833753703477
0.009591927408645923
0.009491518112267703
0.009440854614760985
0.009436925350499354
0.009429347373414124
0.00942036196821983
0.009402986487940707
0.009387622536030002
0.00938784826867656
0.009404141206220273
0.009409295657789798
0.009361319631829257
0.009304856089740703
0.009289003095612772
0.009289010081303738
0.00929181153027208
0.009294665311520192
0.009294976086553051
0.00928978575781763
0.009271462960425088
0.009217465487983759
0.009134145372731146
0.009091405941252939
0.009088041181926432
0.009081271225791691
0.009073188386606689
0.009059914924306148
0.009048266199355238
0.00904844465405354
0.009061846340569071
0.009067981352269066
0.009028834035269974
0.008979769582771817
0.008966093811157243
0.008966694249285166
0.008969327313873175
0.008971291022333051
0.008971851327838643
0.008967640567693443
0.00895282004985306
0.008908351270672278
0.008837968110088537
0.008801424545560724
0.008798681997876711
0.008792756077666091
0.008784817581526135
0.008773818574850583
0.008764245696902082
0.00876398065053786
0.008774908101446233
0.00878138023081022
0.008748805128044192
0.008704779859160166
0.008691390164282345
0.008691567696767316
0.008694258180208182
0.008695531624206833
0.008696238168326424
0.008692701323677892
0.008680358982931036
0.008642933791789374
0.008582695809916854
0.008550996245380997
0.00854848145488696
0.008543288397900906
0.008535271294182854
0.008525583906496458
0.008517190184862576
0.008516332934428746
0.008525156243573149
0.008531603741663382
0.008503941927228628
0.008462653752254488
0.008447737988285315
0.008446825278898937
0.008449657833265074
0.008450396287759393
0.008451170985837453
0.008448063554473438
0.008437436600207997
0.008405197574086533
0.00835308139127996
0.008325061192575624
0.00832216476866249
0.008317485562562382
0.008309320457376828
0.008300274228008204
0.008292378253268373
0.008290761023279527
0.008297744033392876
0.008303989461153218
0.008279929767822903
0.008239054533901106
0.008220879518477149
0.008218451327812066
0.00822148264723035
0.008221793948142727
0.008222551304188658
0.008219655439399204
0.008210146878939508
0.00818164388084209
0.0081361119592567
0.008110661224005613
0.008106557158396858
0.00810210452363929
0.008093741352004486
0.008084726711154762
0.00807663040831989
0.008073943863360853
0.008079221598616307
0.008085218889488759
0.008063614654088296
0.008020642497754445
0.00799751021744227
0.007993342662731745
0.007996660236271675
0.007996594235695736
0.007997206753988944
0.00799429357699984
0.007985392619688862
0.007959411478433735
0.00791922943651477
0.007895158961152176
0.00788872022997144
0.007884146365219368
0.007875501637340358
0.007865818495381727
0.007856615892725077
0.007852279474314355
0.007855829938297997
0.007861656474211982
0.007841337136995865
0.007793383982704948
0.00776369987760566
0.007757827631262917
0.00776157965999864
0.007761107693795826
0.0077613528354883886
0.0077581409629005746
0.007749365041336255
0.007724786329931932
0.007688859238097661
0.0076647367129793155
0.007654424157085963
0.007649329006144229
0.007640272998756846
0.00762896408660616
0.0076172822540822305
0.0076102306335220525
0.007611816207085064
0.007617718365887744
0.007597251043565342
0.007540860865466706
0.007503385801138605
0.007496238954350531
0.007500634378253149
0.007499613640669173
0.007499098322256628
0.007495232195416063
0.007486132346936122
0.007461849990080503
0.007428996460948034
0.007402953274396233
0.007386830083065555
0.00738087045423517
0.007371288713197641
0.007356954475309609
0.007340615085902846
0.007328992188152928
0.007328068315657809
0.007334575770668211
0.007312024017805346
0.007243023519322901
0.007197310384897596
0.007189870904596552
0.007195131653378683
0.007193281980052545
0.0071914280418297685
0.007186622838762841
0.007177034089051661
0.007152145109017865
0.007120530281709871
0.007090205955276533
0.007066821469342053
0.007060212177601393
0.007050357127107218
0.007031378449660527
0.007007629028777907
0.006989032424823001
0.0069849324938894885
0.006993001006036486
0.006966172712239291
0.006879953770717579
0.006826631557193719
0.006820453223153703
0.006826742502977736
0.006823847659767143
0.00682035176703196
0.006814999381222248
0.006805695340262582
0.006780495060255826
0.0067472053480038706
0.006710986286934664
0.006682336008744135
0.006676737384982903
0.006667982219225334
0.006644422442754861
0.006612887213920556
0.006587319094768478
0.006580768747189738
0.006591621539119249
0.0065597837329989086
0.006453016652397774
0.006392980111161961
0.006389703035075167
0.006397157707841558
0.006393670817661699
0.006389270377679724
0.006384419379077462
0.0063766637490241095
0.006353330063717823
0.0063180519124199875
0.0062784259529735905
0.006250298299090674
0.006247679269769285
0.0062416699336302695
0.0062163916027389585
0.006181266685597441
0.006153112435080606
0.0061469846088905685
0.006161445659358381
0.006126307820055754
0.005999464698467849
0.005933343030129796
0.00593360534309026
0.005942148777904071
0.005938955304754943
0.005934628937547314
0.005930788077638483
0.005925042604170408
0.005905672965620631
0.005871443252423142
0.005833424207204849
0.005810454337808756
0.005811027168980544
0.005807745563616256
0.005783389607842355
0.005749215496936431
0.005722888653824485
0.005719586872235486
0.005737747849122271
0.005701919559334506
0.005559913741923426
0.005489804283483306
0.005493229624575206
0.005502402326923668
0.005500068539446293
0.005496453751464241
0.0054938309786756526
0.005490179458676154
0.005475852812638277
0.005444828282335906
0.005412258972222622
0.005397322361230424
0.005400584839244352
0.005399303427554455
0.00537776767440644
0.005348095724677358
0.005326830661793584
0.005327668651789774
0.005348923823214463
0.005315439247495708
0.00516638182999615
0.00509560402791961
0.00510146000862945
0.0051107691396247885
0.005109648763410544
0.005107232705405296
0.005105849969881725
0.005104044613312213
0.005095126917694282
0.005068740806143191
0.0050445206847141745
0.005039531969829961
0.005044868821273436
0.005044823701776699
0.005027877812408269
0.005005926333814895
0.004992507649713252
0.00499824302137926
0.005021371036992078
0.004993478039126018
0.0048468795125462365
0.004778503879587265
0.004785752578701528
0.0047948273012692385
0.004795114598601763
0.004794040805199692
0.004793314987047267
0.0047923166515502795
0.00478799874430006
0.004768250248453951
0.004753882385178072
0.004757618874922099
0.004763453105523438
0.004763190671935443
0.0047511238640747374
0.004737759949907534
0.00473255178522245
0.004742511172498
0.004765904711356643
0.00474523125247929
0.00460976094844177
0.0045467538304506125
0.00455425827343609
0.0045627471891089445
0.0045641351396974415
0.004563892409013375
0.004563065634033623
0.004561864177315097
0.004559968431142849
0.0045463820731388195
0.00453908860563621
0.004546574408159705
0.004551032649086484
0.004549007344789332
0.0045398476497830915
0.0045321457272396995
0.004531848779045813
0.004543513768257155
0.004565731181635451
0.004551230245446727
0.004432178575049236
0.004377736065539897
0.004385027719747837
0.004392700707986165
0.004394585964265167
0.00439470962156481
0.00439381192864172
0.004392448403441354
0.004391267436273669
0.0043803833257762765
0.004375337746876833
0.004382739885302223
0.004385514010255873
0.004381743523522033
0.004374034855941217
0.004369271414560191
0.004371035590141154
0.004382441772126722
0.004402514288714191
0.004392489229272424
0.004291133459056928
0.004246653897536555
0.0042538470198093484
0.004260761023829302
0.004262791306308517
0.004263085106807209
0.004262270880006006
0.004260947535369157
0.004259794694690474
0.004249351914714158
0.004243789595827802
0.00424964808451318
0.004251202760892655
0.004246377905747654
0.004239695039494671
0.00423663304474383
0.0042392143694202425
0.004249537557000419
0.00426696283523873
0.004260013094465622
0.004174984226464494
0.0041397824157875605
0.004146915495930258
0.00415317838149579
0.004155210518679945
0.004155579827991695
0.004154887304423316
0.0041536757248269
0.0041523574941043665
0.004141615696551292
0.00413461914008735
0.0041385875876675665
0.0041392862337800065
0.004133891484046085
0.004128087638973143
0.00412617285638773
0.004129073356864692
0.004138061981699649
0.004152710614126891
0.0041477867604946764
0.004076731824641243
0.004049281116295459
0.0040562623144595016
0.0040619345533582955
0.00406390405315781
0.004064296861131646
0.004063719453726919
0.004062632462246545
0.004061128180642184
0.0040499966967832675
0.0040414326599597546
0.0040435403056586945
0.004043581503071546
0.004037874215557329
0.004032838942107108
0.004031762438994898
0.004034753897291915
0.004042387586534999
0.004054368271448721
0.004050734799518574
0.003991251460872701
0.00396998356819603
0.003976710704351429
0.003981830854866832
0.003983705580925909
0.003984089843970761
0.003983608663546157
0.003982639704652469
0.003980981070060265
0.003969563810935531
0.003959556782273845
0.003959947639380387
0.003959448977540451
0.003953574326527975
0.003949211760920821
0.003948766001314238
0.003951722652969918
0.003958071129119799
0.00396761810720519
0.0039647854200924905
0.003914760278232463
0.00389833481142148
0.003904741075916493
0.003909346351419151
0.003911111798066708
0.003911467058532162
0.003911061594669637
0.0039101984220716755
0.003908429331117573
0.003896865909811484
0.003885609557781039
0.0038844593646697747
0.003883504999838684
0.0038775583550177727
0.0038737970369012455
0.0038738240169548625
0.0038766639800592822
0.0038818288068952923
0.0038892281183737004
0.0038868811862983045
0.0038445467575652812
0.0038318845991621993
0.003837937301771708
0.0038420678878868363
0.0038437202198585534
0.0038440343265917732
0.003843686647950055
0.0038429164920070653
0.0038410803930173073
0.0038294991858239054
0.0038171948743061426
0.0038146844911265206
0.0038133444375844923
0.0038073965410285065
0.0038041971392069078
0.003804562878570864
0.003807224980242677
0.003811313571960394
0.003816860103978083
0.0038147996138000865
0.0037786852030136805
0.003768926407401787
0.0037746144349490155
0.003778311580656924
0.003779853450813665
0.0037801206441733216
0.003779816875949152
0.003779128296898703
0.0037772643990443694
0.0037657706920033035
0.0037526066165772982
0.003748912985376595
0.0037472512166765335
0.0037413576857902465
0.0037387146337130865
0.003739294615013178
0.003741728570993037
0.003744842686597411
0.0037488181422378974
0.003746917392858722
0.0037157716355158445
0.0037082202442122267
0.00371354333875889
0.003716846838826441
0.003718285045181097
0.003718504462654313
0.0037182348635920047
0.0037176180664851787
0.0037157603766958497
0.0037044349596968614
0.0036905784125651512
0.0036858716325514494
0.003683949881916798
0.003678154608693036
0.0036760885841004014
0.0036767634973406678
0.0036789275996378544
0.0036811610746334002
0.003683825682425679
0.0036820019188983253
0.0036547253874112135
0.003648804573195405
0.0036537675767700263
0.0036567146217662827
0.003658059091837654
0.003658233524045742
0.003657991832314813
0.003657438277260847
0.003655615554313277
0.00364451758098429
0.003630114003162899
0.0036245570905569053
0.0036224357606811463
0.0036167721481485905
0.0036153071831189713
0.003615972724456016
0.003617838038778118
0.0036192828052908806
0.0036208756173828475
0.0036190738872591607
0.0035946880643976287
0.003589916237591723
0.003594528607705061
0.0035971545507760033
0.003598417968271952
0.003598552769193485
0.0035983351515710533
0.003597836955286633
0.003596072883034712
0.0035852463645801285
0.0035704255687244507
0.0035641751700843305
0.003561910613425802
0.00355640275426069
0.0035555241959228643
0.0035561164104220165
0.0035576764307526767
0.003558435449187343
0.0035591784104242368
0.0035573660424213526
0.0035350380275430415
0.00353103081759753
0.0035353108263502225
0.0035376518089747532
0.003538848984942185
0.003538950989066371
0.0035387547708654143
0.003538304257674342
0.0035366174080367265
0.0035261009220124376
0.003510990896186979
0.0035041965892839326
0.003501833845745242
0.003496499058420145
0.0034961110779773395
0.0034966346852261143
0.003497914641961307
0.0034981144704882713
0.003498214184074943
0.003496382073396795
0.0034754995939112678
0.003471991660041598
0.0034759727457243828
0.0034780690170146656
0.0034792151247952548
0.003479291436186499
0.0034791138645453427
0.0034787035550834424
0.0034771068067035514
0.003466942575568716
0.0034516850090542815
0.003444484096284251
0.0034420471877444105
0.0034369004389586716
0.0034368281475589484
0.003437359480262702
0.0034384148868687498
0.0034382045183503226
0.0034378464114904555
0.0034360098951554154
0.0034162533641973604
0.003413116116051446
0.0034168495916577168
0.003418746680053184
0.0034198542304544333
0.003419910926675492
0.0034197484374912973
0.0034193716052034577
0.0034178711874146795
0.0034081064630800445
0.0033928607823468576
0.0033853684399655103
0.0033828558960821583
0.0033779150267319535
0.0033779597914044756
0.003378612775365542
0.0033795138921416923
0.003379045085234184
0.0033783818455990454
0.0033765753024468923
0.003357919220672181
0.003355148260837776
0.003358697340086041
0.0033604428235530816
0.003361518619926985
0.0033615597314405428
0.00336140808064253
0.0033610596463130105
0.0033596548078252244
0.0033503334411429993
0.0033352626810761077
0.0033275634853756402
0.0033249557729721894
0.0033202449586257673
0.003320242985505215
0.0033211215107437336
0.0033219329227507895
0.0033213342831469967
0.003320476721486282
0.0033187428446119615
0.0033013739748001974
0.003299044732519663
0.003302471876281568
0.0033041092176198
0.003305152977943835
0.003305180201424122
0.003305035257962634
0.003304712473213394
0.003303396668579422
0.0032945476828580567
0.003279795750475586
0.003271942705517269
0.0032692177579005228
0.0032647671159280025
0.0032646269577233504
0.003265785698857077
0.0032665499810794973
0.0032659073793014537
0.003264922681341679
0.003263300160900584
0.0032474869181542726
0.003245695448675014
0.0032490491894315147
0.003250611862229778
0.003251617143989531
0.0032516303654121425
0.0032514890314942037
0.0032511914885100125
0.0032499548027687362
0.00324158442023994
0.0032272562406387632
0.0032192771543387926
0.0032164256489287555
0.0032122671341894156
0.0032119894846643483
0.003213411402497377
0.0032141408047984695
0.0032134890352539815
0.0032124069927996213
0.0032109194845722374
0.0031968711682058533
0.0031956770642376483
0.0031989826610163558
0.0032004904732684243
0.003201447467594627
0.0032014457581131693
0.0032013065833784975
0.003201035450709675
0.0031998673976817225
0.0031919567090436165
0.003178106764767339
0.0031700155160888878
0.003167051367025482
0.0031632126721537397
0.0031628714352878273
0.00316447515656779
0.003165155384025462
0.0031644861085108923
0.003163313082628468
0.003161963995192509
0.0031497299542618583
0.0031491210765479606
0.003152378478520498
0.0031538375688315375
0.0031547368281357145
0.0031547195173074532
0.00315458271916141
0.0031543394758302896
0.003153231455473776
0.003145742100997796
0.003132377991106141
0.003124188308944802
0.003121150259413272
0.00311764890136466
0.0031173336923767704
0.0031190111247793332
0.0031196159666219557
0.0031189006340589963
0.003117636702694418
0.0031164130059481666
0.0031058679561111607
0.0031057628526126213
0.003108953885795669
0.0031103611269082698
0.0031111967727871824
