-5.551115123125783E-17
0.3349679148370133
0.44194576188353946
-0.9243392924833822
-0.30962400540507873
0.0
-0.22466862215550326
0.0
-0.5342926275605819
-0.5342926275605819
0.6146648207734071
-0.32841088216007785
0.0
-0.32841088216007785
0.2243231667327623
0.19999999999999996
0.3409211388580302
0.4851888303449994
-0.8625346026417458
-0.29405627903708254
0.0
-0.26020568940000677
0.0
-0.5542619684370893
-0.5542619684370893
0.6161168716515619
-0.3414901500688962
0.0
-0.3414901500688962
0.22980679953747546
0.39999999999999997
0.3491595835934994
0.5288275146993273
-0.73967125966055
-0.25826330901915684
0.0
-0.29388380604583614
0.0
-0.552147115064993
-0.552147115064993
0.6110183707670006
-0.33737203067071164
0.0
-0.33737203067071164
0.2270941217789265
0.6
0.3642632424909162
0.5738414262422777
-0.4652271336082502
-0.1694651441828959
0.0
-0.3167384369397015
0.0
-0.48620358112259743
-0.48620358112259743
0.5920219395657705
-0.2878431871200236
0.0
-0.2878431871200236
0.19527012568231839
0.8
0.40060304486379533
0.6241116505762515
0.17798237342061762
0.07130028072438445
0.0
-0.30172162529531654
0.0
-0.2304213445709321
-0.2304213445709321
0.532553969427628
-0.12271180169210112
0.0
-0.12271180169210112
0.08433977500406947
1.0
0.4972497838085546
0.6885957823853073
0.8871679965522443
0.441144094487472
0.0
-0.1663264688928604
0.0
0.2748176255946116
0.2748176255946116
0.4201322414381577
0.11545974502777659
0.0
0.11545974502777659
-0.0804183514256545
0.8
0.6452542532784836
0.6948029030847791
0.9802274637975955
0.6324959401957794
0.0
0.20183253841388998
0.0
0.8343284786096694
0.8343284786096694
0.3111880234694879
0.2596330301828479
0.0
0.2596330301828479
-0.1817783378699129
0.6000000000000001
0.7615733501370971
0.6966018757414175
0.9893982227587356
0.7534993191260602
0.0
0.5860921895263349
0.0
1.339591508652395
1.339591508652395
0.2268723256735242
0.30391624102047377
0.0
0.30391624102047377
-0.21371346722290288
0.4000000000000001
0.8359720919336449
0.691275031507979
0.9846622239093958
0.8231501391695727
0.0
0.9316435051060175
0.0
1.75479364427559
1.75479364427559
0.17093411308736423
0.2999540952355917
0.0
0.2999540952355917
-0.21187269273387085
0.20000000000000007
0.8800873235527917
0.6764407722435468
0.9634822301563816
0.8479484972290048
0.0
1.1912879689813793
0.0
2.039236466210384
2.039236466210384
0.13872509779417735
0.28289327820048815
0.0
0.28289327820048815
-0.19721299761260355
5.551115123125783E-17
0.9019748881013948
0.6517375780150263
0.9042176850512009
0.8155816452933592
0.0
1.33493076161852
0.0
2.1505124069118793
2.1505124069118793
0.12869510495943687
0.2767604199240955
0.0
0.2767604199240955
-0.18595795018669797
-0.19999999999999996
0.9064232292497747
0.6144578474584241
0.7834953288473092
0.7101783660758921
0.0
1.3267321468618187
0.0
2.0369105129377107
2.0369105129377107
0.14261323790822017
0.29049040357934053
0.0
0.29049040357934053
-0.19364062033147275
-0.39999999999999997
0.8910602299067351
0.5624510191298661
0.6037313393248176
0.537960986020673
0.0
1.1493908491479843
0.0
1.6873518351686574
1.6873518351686574
0.18602814217320468
0.3138949270889728
0.0
0.3138949270889728
-0.21093360589220653
-0.6
0.8448823298713329
0.49530813692294207
0.37617751787672665
0.3178257377489038
0.0
0.836436548231989
0.0
1.1542622859808929
1.1542622859808929
0.2681359133918225
0.3094991723452198
0.0
0.3094991723452198
-0.21088668222767853
-0.8
0.7461683412148082
0.4151993295360161
-0.05060886577209245
-0.03776273342392511
0.0
0.47658231408652474
0.0
0.43881958066259963
0.43881958066259963
0.40768788191804
0.17890142538449774
0.0
0.17890142538449774
-0.12395212825704094
-1.0
0.5546869516002574
0.3218452615387814
-0.8099737878434037
-0.4492818912549712
0.0
0.14467690678448508
0.0
-0.3046049844704861
-0.3046049844704861
0.5700350410222034
-0.17363551481820116
0.0
-0.17363551481820116
0.12273490598248574
-0.8
0.3265149466282989
0.2926567227199234
-0.9893586541552178
-0.32304038815773656
0.0
-0.09157314734783314
0.0
-0.4146135355055697
-0.4146135355055697
0.5884725394497939
-0.2439886801292199
0.0
-0.2439886801292199
0.17407914258044027
-0.6000000000000001
0.31003706943635134
0.3209135661760644
-0.9876604947733276
-0.3062113653975793
0.0
-0.132994171936891
0.0
-0.4392055373344703
-0.4392055373344703
0.5935274676942861
-0.2606805503714364
0.0
-0.2606805503714364
0.18712846538431507
-0.4000000000000001
0.3174810643248847
0.35906151336153214
-0.9762746005972165
-0.30994869927095603
0.0
-0.15757470963383022
0.0
-0.4675234089047863
-0.4675234089047863
0.600082586774463
-0.28055265659319917
0.0
-0.28055265659319917
0.20267534444837276
-0.20000000000000007
0.32469175270892303
0.39921567876957964
-0.9581007303070301
-0.3110874053950888
0.0
-0.18764672868239538
0.0
-0.4987341340774841
-0.4987341340774841
0.6080452817271845
-0.30325293706210726
0.0
-0.30325293706210726
0.21943280432775927
-5.551115123125783E-17
0.32958681448510946
0.4426768492114396
-0.9245093975062543
-0.30470610728563413
0.0
-0.221266147921852
0.0
-0.5259722552074861
-0.5259722552074861
0.6136961241389213
-0.32278713442544177
0.0
-0.32278713442544177
0.22340459880141733
0.19999999999999996
0.335214144815368
0.487255040700219
-0.8623820667970916
-0.2890826670254966
0.0
-0.2572020791626123
0.0
-0.5462847461881088
-0.5462847461881088
0.6148902334529434
-0.33590515511538815
0.0
-0.33590515511538815
0.22900303046867307
0.39999999999999997
0.3431858852220885
0.5321841351121998
-0.7388993323903638
-0.2535798214763972
0.0
-0.29148294256414253
0.0
-0.5450627640405397
-0.5450627640405397
0.6096099970118825
-0.3322757099580418
0.0
-0.3322757099580418
0.22657835379453747
0.6
0.3582121753616644
0.578327858000932
-0.46345805002145324
-0.16601631628705985
0.0
-0.3151442077435006
0.0
-0.4811605240305604
-0.4811605240305604
0.5905483157250292
-0.2841485370596199
0.0
-0.2841485370596199
0.19527515151764455
0.8
0.3951148572580858
0.6294086420115541
0.18052861653361502
0.07132953855267901
0.0
-0.30117149876541854
0.0
-0.22984196021273953
-0.22984196021273953
0.5312174320772426
-0.12209605588781125
0.0
-0.12209605588781125
0.08500786153397055
1.0
0.4947082548242277
0.6940914887264691
0.8884432951796558
0.43952023206861374
0.0
-0.16705318355035795
0.0
0.27246704851825576
0.27246704851825576
0.4182320119918056
0.11395444190325903
0.0
0.11395444190325903
-0.08039972562363461
0.8
0.6497973127281145
0.6984150244385838
0.9808338259150465
0.6373431843124325
0.0
0.2013499455927576
0.0
0.8386931299051901
0.8386931299051901
0.3077087433050818
0.25807320902173175
0.0
0.25807320902173175
-0.1830124976328316
0.6000000000000001
0.7719919787082002
0.6983499742140398
0.9899271627304504
0.764215829133275
0.0
0.5905778226426143
0.0
1.3547936517758892
1.3547936517758892
0.22198269744585805
0.3007407493037364
0.0
0.3007407493037364
-0.21414539139450142
0.4000000000000001
0.8483754100043924
0.6909187024727945
0.9852048230393926
0.8358235456843496
0.0
0.9414381475785254
0.0
1.7772616932628749
1.7772616932628749
0.16587592275180096
0.2948049233414076
0.0
0.2948049233414076
-0.21081637820697385
0.20000000000000007
0.8923943422037907
0.6741577232302197
0.9639371723337994
0.8602120788306029
0.0
1.2032074010207054
0.0
2.0634194798513086
2.0634194798513086
0.1344958515164776
0.2775213599782891
0.0
0.2775213599782891
-0.19616061910342833
5.551115123125783E-17
0.9132548530213891
0.6472028225783527
0.9039288504664909
0.8255174094745683
0.0
1.3407010188312736
0.0
2.166218428305842
2.166218428305842
0.12563486936309762
0.2721525692521391
0.0
0.2721525692521391
-0.185335568545515
-0.19999999999999996
0.9170005892286647
0.6078763138516348
0.7834139555753061
0.7183910588725146
0.0
1.3218119551964471
0.0
2.040203014068962
2.040203014068962
0.14094495051297654
0.28755631285437544
0.0
0.28755631285437544
-0.1941832486964924
-0.39999999999999997
0.9015740985937448
0.5545189792434757
0.6081252266872309
0.5482699530826569
0.0
1.134854724767049
0.0
1.683124677849706
1.683124677849706
0.18556262970457946
0.3123250413424646
0.0
0.3123250413424646
-0.21252178922356682
-0.6
0.8560465325032929
0.48743199833116885
0.3876361902406968
0.3318346165283353
0.0
0.8210260697676827
0.0
1.152860686296018
1.152860686296018
0.2679703683589022
0.30893250277324075
0.0
0.30893250277324075
-0.21306011309424924
-0.8
0.7578538409544899
0.4088265175992851
-0.035416982822968415
-0.026840896467405808
0.0
0.46870977043195755
0.0
0.44186887396455177
0.44186887396455177
0.4078603790973245
0.18022080644648997
0.0
0.18022080644648997
-0.12633067766469025
-1.0
0.5613543033412238
0.3172237064219777
-0.806963865708686
-0.4529926386564403
0.0
0.143332635915845
0.0
-0.3096600027405953
-0.3096600027405953
0.573444420604075
-0.17757280085583693
0.0
-0.17757280085583693
0.12698222471368695
-0.8
0.31932524995828643
0.28894660250732246
-0.9903473661043674
-0.3162429202268077
0.0
-0.09174776893299605
0.0
-0.40799068915980374
-0.40799068915980374
0.5891702012961324
-0.24037595645922935
0.0
-0.24037595645922935
0.17348464283971002
-0.6000000000000001
0.3053734546229407
0.31907778018837873
-0.9879764054068951
-0.30170176800505855
0.0
-0.13012519374262504
0.0
-0.4318269617476836
-0.4318269617476836
0.5938370604686894
-0.2564348535953696
0.0
-0.2564348535953696
0.18618379013683137
-0.4000000000000001
0.312856132854102
0.35813606712995744
-0.9766653180370897
-0.3055557344938055
0.0
-0.15454154022946606
0.0
-0.46009727472327155
-0.46009727472327155
0.6000185562755314
-0.27606690252576394
0.0
-0.27606690252576394
0.201663755702731
-0.20000000000000007
0.3198469655309968
0.3991524713089078
-0.958547239262963
-0.3065884257963731
0.0
-0.18462249781756992
0.0
-0.49121092361394303
-0.49121092361394303
0.6076083812759785
-0.29846387416214626
0.0
-0.29846387416214626
0.21862149339367234
-5.551115123125783E-17
0.32449936955634257
0.44344349946856926
-0.9249794584904619
-0.300155251132722
0.0
-0.21824494136832337
0.0
-0.5184001925010454
-0.5184001925010454
0.6130118376619169
-0.3177854546493573
0.0
-0.3177854546493573
0.22259053747502028
0.19999999999999996
0.3298972819300908
0.48887610809072857
-0.862764875471375
-0.2846237873627599
0.0
-0.2542944631027897
0.0
-0.5389182504655496
-0.5389182504655496
0.6140296551145251
-0.3309117874682847
0.0
-0.3309117874682847
0.22830252167175788
0.39999999999999997
0.33769372571984574
0.5346334426312925
-0.7390505477494689
-0.2495727329648109
0.0
-0.28885882645588207
0.0
-0.538431559420693
-0.538431559420693
0.6086436174656256
-0.3277129320834685
0.0
-0.3277129320834685
0.22615512443358665
0.6
0.35270715491502236
0.5814863141161577
-0.46324947702274233
-0.16339140505656347
0.0
-0.31303327560651917
0.0
-0.47642468066308263
-0.47642468066308263
0.5895901198203449
-0.28089528455751644
0.0
-0.28089528455751644
0.19536967288858262
0.8
0.3901562396973947
0.6330198056146203
0.18112653787140848
0.07066764892531649
0.0
-0.2999740910441974
0.0
-0.22930644211888093
-0.22930644211888093
0.5304331249947025
-0.12163173267453489
0.0
-0.12163173267453489
0.08570694831269693
1.0
0.4925563546047001
0.697672141126661
0.8894111259299862
0.4380851019329358
0.0
-0.16737630835252654
0.0
0.2707087935804093
0.2707087935804093
0.4167696412078413
0.11282320677231475
0.0
0.11282320677231475
-0.08056249131260403
0.8
0.6544699024327125
0.7005285153172675
0.9814576257751418
0.6423344765828988
0.0
0.2007703388403183
0.0
0.843104815423217
0.843104815423217
0.30455356458457944
0.25677057685556465
0.0
0.25677057685556465
-0.18427143271844043
0.6000000000000001
0.7820042595207901
0.6988307444724018
0.9904397979294974
0.7745281407797776
0.0
0.5940093184958919
0.0
1.3685374592756694
1.3685374592756694
0.21752776488539158
0.29769489467816895
0.0
0.29769489467816895
-0.21446180617714863
0.4000000000000001
0.8597320889251091
0.6893659211116737
0.9857176549391499
0.8474530985711952
0.0
0.948505173718306
0.0
1.7959582722895013
1.7959582722895013
0.1614351080555576
0.2899307177503282
0.0
0.2899307177503282
-0.20970800047755545
0.20000000000000007
0.903177788548301
0.6707339651844646
0.96440368833386
0.8710279904972006
0.0
1.210445184114021
0.0
2.0814731746112214
2.0814731746112214
0.13100973727981682
0.2726932537608024
0.0
0.2726932537608024
-0.19523591720103645
5.551115123125783E-17
0.922807384643488
0.6416883180776185
0.9039483306097736
0.8341701948228523
0.0
1.3403071191832
0.0
2.1744773140060523
2.1744773140060523
0.12333813128317786
0.2681959684271704
0.0
0.2681959684271704
-0.1849214263145813
-0.19999999999999996
0.9257917792162075
0.6006584397132593
0.7843091816334495
0.7261069927200389
0.0
1.3108563529479345
0.0
2.0369633456679734
2.0369633456679734
0.13993529187394016
0.28504306031256554
0.0
0.28504306031256554
-0.1947987601728294
-0.39999999999999997
0.910327773866793
0.5465304860921818
0.6135830283806811
0.5585616723082307
0.0
1.1165937901138137
0.0
1.6751554624220444
1.6751554624220444
0.18545963400119989
0.3106737189559031
0.0
0.3106737189559031
-0.21385161591235424
-0.6
0.8655966801817705
0.4802029036748628
0.3984945516058518
0.3449355609405485
0.0
0.8049749666299404
0.0
1.1499105275704888
1.1499105275704888
0.267773792164808
0.3079159026177848
0.0
0.3079159026177848
-0.21473998159924645
-0.8
0.7682890009558553
0.4036876110466187
-0.02244145163108511
-0.017241520453645527
0.0
0.4616560269147015
0.0
0.44441450646105596
0.44441450646105596
0.4076408200696916
0.1811614938646521
0.0
0.1811614938646521
-0.12836446459278486
-1.0
0.5674404843385575
0.3142583728771377
-0.8043444655992559
-0.45641761313468
0.0
0.14258274955386085
0.0
-0.31383486358081913
-0.31383486358081913
0.5761148673519964
-0.18080493080229548
0.0
-0.18080493080229548
0.13068302058622444
-0.8
0.31233986952058335
0.2867572807850301
-0.9911824140736994
-0.3095857858828761
0.0
-0.09214613362883135
0.0
-0.40173191951170745
-0.40173191951170745
0.5896765175604968
-0.23689187929055744
0.0
-0.23689187929055744
0.17278917841053618
-0.6000000000000001
0.30087563358625263
0.3183718690195275
-0.98827270380133
-0.29734717591222415
0.0
-0.12785107253237504
0.0
-0.4251982484445992
-0.4251982484445992
0.5941322940851045
-0.2526240107893579
0.0
-0.2526240107893579
0.1853461734276365
-0.4000000000000001
0.3083344615390735
0.35798574318096754
-0.9771009913299512
-0.30127390803101545
0.0
-0.15211694647632187
0.0
-0.4533908545073373
-0.4533908545073373
0.6000260799269622
-0.2720463371047733
0.0
-0.2720463371047733
0.20077408563296006
-0.20000000000000007
0.3151584306279288
0.39951687488805465
-0.9590861907880115
-0.302264098725668
0.0
-0.1820734544898243
0.0
-0.4843375532154923
-0.4843375532154923
0.6073215603209072
-0.2941486385408432
0.0
-0.2941486385408432
0.21789482086974893
-5.551115123125783E-17
0.31965113848510723
0.4442479420779846
-0.9256493589725793
-0.29588487143359465
0.0
-0.21552186654622596
0.0
-0.5114067379798206
-0.5114067379798206
0.612557429467854
-0.3132659968294592
0.0
-0.3132659968294592
0.22187656906624897
0.19999999999999996
0.32490576663052484
0.4901348178616125
-0.8635293607208334
-0.2805656689529694
0.0
-0.2514588356536233
0.0
-0.5320245046065928
-0.5320245046065928
0.6134655266075226
-0.32637869288658977
0.0
-0.32637869288658977
0.22770083213909048
0.39999999999999997
0.3326092893331438
0.536336535635433
-0.7398940337623076
-0.24609562875151425
0.0
-0.2860508549115641
0.0
-0.5321464836630784
-0.5321464836630784
0.6080346106538121
-0.32356348000487506
0.0
-0.32356348000487506
0.22581894175102282
0.6
0.3476708668171823
0.5835513433262559
-0.46426400962590303
-0.16141107065865837
0.0
-0.3104992738729739
0.0
-0.4719103445316323
-0.4719103445316323
0.5890468127384432
-0.27797728434465857
0.0
-0.27797728434465857
0.19554199652850604
0.8
0.38566182190336395
0.6352461261895368
0.180118659648908
0.06946489043898979
0.0
-0.29823933577979905
0.0
-0.22877444534080926
-0.22877444534080926
0.5300888501449244
-0.12127078267325243
0.0
-0.12127078267325243
0.08642717150779818
1.0
0.4907643132813271
0.6996866800527884
0.8900932010250976
0.43682597855746025
0.0
-0.16734766486733177
0.0
0.2694783136901285
0.2694783136901285
0.4156395152813257
0.11200583568099404
0.0
0.11200583568099404
-0.0808924771068727
0.8
0.6593012939684798
0.70140795295352
0.9820819000611073
0.6474878674933113
0.0
0.20015041358018057
0.0
0.8476382810734919
0.8476382810734919
0.3016209969935663
0.25566550342729943
0.0
0.25566550342729943
-0.1855614820855231
0.6000000000000001
0.7916919058750225
0.6982580421840585
0.990927905093282
0.7845096017680439
0.0
0.5966132455998586
0.0
1.3811228473679025
1.3811228473679025
0.213392256814284
0.29472092133760663
0.0
0.29472092133760663
-0.21467689416830998
0.4000000000000001
0.8702016387443158
0.6868155614146969
0.9861909238159481
0.8581849580194088
0.0
0.9533194983552505
0.0
1.8115044563746592
1.8115044563746592
0.1574725270674612
0.2852621845392851
0.0
0.2852621845392851
-0.20856356369615148
0.20000000000000007
0.9126799821014238
0.666349103517001
0.9648464119104048
0.8805960059530111
0.0
1.2136506359488457
0.0
2.094246641901857
2.094246641901857
0.1281071834398075
0.26828803872232204
0.0
0.26828803872232204
-0.19441831588737582
5.551115123125783E-17
0.9309559855066492
0.6353779020399154
0.9041759844296211
0.8417480446561226
0.0
1.3347327323373417
0.0
2.1764807769934644
2.1764807769934644
0.12163777022302048
0.2647422686467521
0.0
0.2647422686467521
-0.1846822215977059
-0.19999999999999996
0.9331631541145202
0.5929785781326506
0.7859218374366026
0.7333933007098193
0.0
1.2950938950861424
0.0
2.028487195795962
2.028487195795962
0.13942155397151618
0.2828148370491962
0.0
0.2828148370491962
-0.19545678586466123
-0.39999999999999997
0.9176908043585748
0.5385971550167797
0.6196921910679963
0.5686858252759172
0.0
1.0956917413038583
0.0
1.6643775665797755
1.6643775665797755
0.185593707628052
0.30889800347449553
0.0
0.30889800347449553
-0.2149466623436928
-0.6
0.8738552003775192
0.47358950767734265
0.4085928948529142
0.357051026004524
0.0
0.7887410683062048
0.0
1.1457920943107287
1.1457920943107287
0.2675127544130961
0.306513999133813
0.0
0.306513999133813
-0.2160149534148336
-0.8
0.7776824973540495
0.399587817624475
-0.011364453483675289
-0.008837936566248527
0.0
0.4553606216129888
0.0
0.44652268504674025
0.44652268504674025
0.40710175069087057
0.18178016680571618
0.0
0.18178016680571618
-0.13011475622842855
-1.0
0.5730093258796213
0.31264421154666444
-0.8019943857137815
-0.4595502623170949
0.0
0.14232045461672108
0.0
-0.3172298077003738
-0.3172298077003738
0.5781857203621398
-0.18341774488558368
0.0
-0.18341774488558368
0.13391036043492846
-0.8
0.3055370092949257
0.2858243327410971
-0.9918883888054635
-0.3030586118699838
0.0
-0.09273053680861144
0.0
-0.3957891486785952
-0.3957891486785952
0.59004098461612
-0.23353181898669423
0.0
-0.23353181898669423
0.17204017035703909
-0.6000000000000001
0.2964966579181741
0.3185970528376947
-0.988545867487377
-0.2931005459088295
0.0
-0.12605521229510885
0.0
-0.41915575820393836
-0.41915575820393836
0.5944116772435591
-0.24915107726029873
0.0
-0.24915107726029873
0.18460462076445602
-0.4000000000000001
0.30389108722694896
0.35848054385015377
-0.9775535244209523
-0.297069803358819
0.0
-0.15017259534983876
0.0
-0.4472423987086578
-0.4472423987086578
0.6000882496805833
-0.268384908224024
0.0
-0.268384908224024
0.19999168543353651
-0.20000000000000007
0.3105971923972713
0.40024291822856506
-0.9596699952119209
-0.2980708061407254
0.0
-0.17989921660530966
0.0
-0.47797002274603506
-0.47797002274603506
0.607151610053706
-0.29020026886766165
0.0
-0.29020026886766165
0.21724292012330673
-5.551115123125783E-17
0.31500372293685946
0.44509224523958596
-0.9264399501273444
-0.29183203336755187
0.0
-0.21303562298712123
0.0
-0.5048676563546731
-0.5048676563546731
0.61228615072472
-0.30912347393481354
0.0
-0.30912347393481354
0.22125431584810032
0.19999999999999996
0.32019120565521947
0.4911028818541741
-0.8645500633207026
-0.2768213271239521
0.0
-0.24868206857178318
0.0
-0.5255033956957352
-0.5255033956957352
0.6131378664696536
-0.3222060308594413
0.0
-0.3222060308594413
0.22718958397958972
0.39999999999999997
0.32787511579124934
0.5374326805238344
-0.7412359229950716
-0.24303281408064267
0.0
-0.283098334317159
0.0
-0.5261311483978016
-0.5261311483978016
0.6077098893521892
-0.3197351019775682
0.0
-0.3197351019775682
0.22556091738347026
0.6
0.3430413062104183
0.5847243833998684
-0.46621138842340604
-0.15992976365493788
0.0
-0.30762650399307795
0.0
-0.46755626764801583
-0.46755626764801583
0.5888315892232833
-0.27531190013048795
0.0
-0.27531190013048795
0.1957788029323599
0.8
0.3815776902567054
0.6363427970311696
0.17780256124625204
0.06784549064207125
0.0
-0.2960639754142562
0.0
-0.22821848477218498
-0.22821848477218498
0.5300889978515269
-0.12097610788408147
0.0
-0.12097610788408147
0.08715940836781676
1.0
0.48930324891064375
0.7004243650998305
0.8905097393305532
0.43572930864101017
0.0
-0.16701432233742883
0.0
0.26871498630358137
0.26871498630358137
0.414755665045821
0.11145106285212057
0.0
0.11145106285212057
-0.08137415733796946
0.8
0.6643040016412549
0.7012735159559773
0.9826936722191675
0.6528073388427327
0.0
0.19952797017209173
0.0
0.8523353090148245
0.8523353090148245
0.29883529694477506
0.25470787516596166
0.0
0.25470787516596166
-0.18688233872573307
0.6000000000000001
0.801106168603445
0.6968083151202387
0.9913859037479247
0.7942053629589636
0.0
0.5985610649967148
0.0
1.3927664279556784
1.3927664279556784
0.2094942691044082
0.2917765848577322
0.0
0.2917765848577322
-0.21479980391761283
0.4000000000000001
0.8798992420207711
0.6834302171320983
0.9866182517929859
0.8681246519165066
0.0
0.9562535567604835
0.0
1.8243782086769902
1.8243782086769902
0.15388891883300562
0.28075159007579753
0.0
0.28075159007579753
-0.20739567796589736
0.20000000000000007
0.9210902938315025
0.6611540685628237
0.9652423789312067
0.8890753864283637
0.0
1.2133563020701101
0.0
2.102431688498474
2.102431688498474
0.12567425788720352
0.26422154221058597
0.0
0.26422154221058597
-0.19369215521776992
5.551115123125783E-17
0.9379523692328301
0.6284282883759049
0.9045351328912435
0.8484108709496747
0.0
1.3248203278783035
0.0
2.1732311988279784
2.1732311988279784
0.12040976298606469
0.2616782535647981
0.0
0.2616782535647981
-0.1845883689098197
-0.19999999999999996
0.9393961585467429
0.584983369918315
0.7880387964427317
0.7402806181641007
0.0
1.2755695613716649
0.0
2.0158501795357657
2.0158501795357657
0.13928134399507114
0.2807703222984469
0.0
0.2807703222984469
-0.1961323045214155
-0.39999999999999997
0.923946334598006
0.5308027549266131
0.6261264515428813
0.5785072398979012
0.0
1.0730128881152143
0.0
1.6515201280131155
1.6515201280131155
0.18587577610778316
0.3069775855520633
0.0
0.3069775855520633
-0.21583145222949005
-0.6
0.8810716245497383
0.4675490680211713
0.4178421158491514
0.36814883181651176
0.0
0.7726319412508482
0.0
1.14078077306736
1.14078077306736
0.2671748095737587
0.3047878858096772
0.0
0.3047878858096772
-0.21696050795102234
-0.8
0.7861999509205956
0.3963549441477396
-0.001902938506527769
-0.0014960901604370435
0.0
0.44973648016284035
0.0
0.4482403900024033
0.4482403900024033
0.40630961422237827
0.18212437994076486
0.0
0.18212437994076486
-0.13163139083610825
-1.0
0.5781163959367679
0.3121282117849001
-0.7998169205571208
-0.4623872755217269
0.0
0.14245104896986927
0.0
-0.31993622655185766
-0.31993622655185766
0.5797723294405019
-0.18549017134037468
0.0
-0.18549017134037468
0.13673008209661022
-0.8
0.2989012723005312
0.28593012852667166
-0.9924858015809043
-0.29665526883274485
0.0
-0.09346688428024857
0.0
-0.3901221531129934
-0.3901221531129934
0.59029819746545
-0.2302884037739403
0.0
-0.2302884037739403
0.17126957103643078
-0.6000000000000001
0.29220629764722544
0.31958866613092946
-0.9887931983963005
-0.28893159964214143
0.0
-0.12464379344946189
0.0
-0.4135753930916033
-0.4135753930916033
0.5946727366300472
-0.24594201081263123
0.0
-0.24594201081263123
0.18394773353092425
-0.4000000000000001
0.2995123389755899
0.35951094854205357
-0.9780018183417879
-0.29292361213392887
0.0
-0.14860821457912798
0.0
-0.44153182671305685
-0.44153182671305685
0.6001903595240753
-0.2650031458162313
0.0
-0.2650031458162313
0.1993031530419196
-0.20000000000000007
0.3061446353075815
0.40127364199550714
-0.9602630290162071
-0.2939793748175203
0.0
-0.17802224656639568
0.0
-0.472001621383916
-0.472001621383916
0.6070706864282771
-0.28653834828879365
0.0
-0.28653834828879365
0.2166559118466853
-5.551115123125783E-17
0.310529513767093
0.44597724514039794
-0.9272897958186136
-0.287950849416741
0.0
-0.21074006413252602
0.0
-0.498690913549267
-0.498690913549267
0.612158881010844
-0.3052780716085948
0.0
-0.3052780716085948
0.22071407988843195
0.19999999999999996
0.31571652651575205
0.4918407011032518
-0.865726668730165
-0.27332421676354085
0.0
-0.2459572880154654
0.0
-0.5192815047790063
-0.5192815047790063
0.6129966208725537
-0.31831780771114565
0.0
-0.31831780771114565
0.22675897816753865
0.39999999999999997
0.3234453500600301
0.5380397006240843
-0.742917122673291
-0.24029308880865294
0.0
-0.28003745987338236
0.0
-0.5203305486820353
-0.5203305486820353
0.6076086037551918
-0.31615731817586434
0.0
-0.31615731817586434
0.22537104480972098
0.6
0.3387675303869961
0.585175219972778
-0.4688477301735298
-0.1588303876784354
0.0
-0.3044882259092649
0.0
-0.4633186135877003
-0.4633186135877003
0.5888724432503252
-0.2728355639867424
0.0
-0.2728355639867424
0.19606703149770535
0.8
0.37785811576966644
0.6365229549820186
0.17443234547021205
0.06591067738865784
0.0
-0.2935311983045934
0.0
-0.22762052091593554
-0.22762052091593554
0.5303553422545374
-0.12071975927452708
0.0
-0.12071975927452708
0.08789587587437175
1.0
0.4881448251556311
0.7001228250345387
0.8906791292135706
0.4347804077997282
0.0
-0.16641827776270254
0.0
0.2683621300370257
0.2683621300370257
0.41405095242397016
0.11111559553635582
0.0
0.11111559553635582
-0.08199202410256343
0.8
0.6694785824652216
0.7003068990647566
0.9832835205680688
0.6582872575113233
0.0
0.1989264216319704
0.0
0.8572136791432937
0.8572136791432937
0.29614176258824476
0.2538567698562491
0.0
0.2538567698562491
-0.18823019430956173
0.6000000000000001
0.8102766217499939
0.6946265369178221
0.9918105026683361
0.8036408635182628
0.0
0.5999807292855363
0.0
1.4036215928037992
1.4036215928037992
0.20577680999220613
0.2888327738033451
0.0
0.2888327738033451
-0.21483727271132086
0.4000000000000001
0.888908802176431
0.6793427763892402
0.9869960689195407
0.877349493376115
0.0
0.9575958719421414
0.0
1.8349453653182564
1.8349453653182564
0.15061359337856758
0.276367715123931
0.0
0.276367715123931
-0.20621508829286597
0.20000000000000007
0.92856375622535
0.655282806170317
0.9655808941368519
0.8966034219991472
0.0
1.2100238992738723
0.0
2.1066273212730193
2.1066273212730193
0.12362875634017449
0.2604397158012166
0.0
0.2604397158012166
-0.1930499595676086
5.551115123125783E-17
0.9439977244995633
0.6209775469567842
0.9049664641069854
0.85428628286541
0.0
1.3113081950207113
0.0
2.1655944778861214
2.1655944778861214
0.11955675158659118
0.25891144102992464
0.0
0.25891144102992464
-0.1846109301333462
-0.19999999999999996
0.9447124980514515
0.5767992000218516
0.7904800923790968
0.7467764227313987
0.0
1.2531843020049027
0.0
1.9999607247363014
1.9999607247363014
0.13941699464262922
0.2788285136460298
0.0
0.2788285136460298
-0.19680240629152299
-0.39999999999999997
0.9293174340789889
0.5232116900933876
0.6326221960761639
0.5879068359989156
0.0
1.0492533305965257
0.0
1.6371601665954412
1.6371601665954412
0.18623871128167585
0.3049025995884287
0.0
0.3049025995884287
-0.21652862156802236
-0.6
0.8874457911352321
0.4620363942782264
0.42619589991869256
0.37822575758193633
0.0
0.7568562471651653
0.0
1.1350820047471015
1.1350820047471015
0.2667560889053398
0.30279003617316913
0.0
0.30279003617316913
-0.21763951796414946
-0.8
0.7939806138015885
0.3938425879181564
0.006188810123364083
0.004913795260450099
0.0
0.444693066119868
0.0
0.4496068613803181
0.4496068613803181
0.40531905592365985
0.18223422859147032
0.0
0.18223422859147032
-0.13295591476933702
-1.0
0.5828168181446494
0.3125036469494531
-0.797733029705769
-0.46493222610200735
0.0
0.14289474992001625
0.0
-0.3220374761819911
-0.3220374761819911
0.5809678620922715
-0.18709342405104215
0.0
-0.18709342405104215
0.1392014260257941
-0.8
0.2924204561487719
0.2868963149179201
-0.9929918365515441
-0.2903711257964093
0.0
-0.09432565885898588
0.0
-0.38469678465539514
-0.38469678465539514
0.5904704861177053
-0.22715209744338935
0.0
-0.22715209744338935
0.1704989873527441
-0.6000000000000001
0.28798429159235855
0.32121107834306145
-0.9890129631226028
-0.2848201975605222
0.0
-0.12354126455086614
0.0
-0.40836146211138835
-0.40836146211138835
0.5949114286371335
-0.24293890082503472
0.0
-0.24293890082503472
0.18336497085349968
-0.4000000000000001
0.2951897795665346
0.3609854485268776
-0.9784307561698212
-0.28882275923488726
0.0
-0.14734471231924104
0.0
-0.43616747155412827
-0.43616747155412827
0.6003188795512568
-0.261839567820079
0.0
-0.261839567820079
0.19869667998715557
-0.20000000000000007
0.3017867156923553
0.402560305888775
-0.9608395674019479
-0.2899686173534973
0.0
-0.17638146645641228
0.0
-0.4663500838099096
-0.4663500838099096
0.6070550549776974
-0.2831001757660785
0.0
-0.2831001757660785
0.216124770920569
-5.551115123125783E-17
0.3062057466686864
0.4469031138369819
-0.9281526751984808
-0.2842056829316896
0.0
-0.2085991760595387
0.0
-0.4928048589912283
-0.4928048589912283
0.6121429017067012
-0.30166699635805216
0.0
-0.30166699635805216
0.22024608698095793
0.19999999999999996
0.3114498229715838
0.49239887906233815
-0.8669812326722344
-0.2700211514354529
0.0
-0.24328009416917487
0.0
-0.5133012456046278
-0.5133012456046278
0.6130003946381625
-0.3146538661238972
0.0
-0.3146538661238972
0.22639882746967033
0.39999999999999997
0.3192795035562895
0.5382563873016164
-0.7448103869560845
-0.23780269059090653
0.0
-0.2768986075643703
0.0
-0.5147012981552768
-0.5147012981552768
0.6076808322825407
-0.3127741132399027
0.0
-0.3127741132399027
0.22523898714635965
0.6
0.3348035410532002
0.5850455690396434
-0.47197244875476546
-0.15801804712264556
0.0
-0.30114486093741344
0.0
-0.459162908060059
-0.459162908060059
0.5891108232232138
-0.2704978387608262
0.0
-0.2704978387608262
0.19639440308590236
0.8
0.37446011290493897
0.6359630116078716
0.17022229407918288
0.06374145945982855
0.0
-0.2907096198838452
0.0
-0.22696816042401663
-0.22696816042401663
0.530825499792821
-0.1204804871941358
0.0
-0.1204804871941358
0.08863026504715638
1.0
0.4872586354415962
0.6989758795727521
0.8906179092414329
0.433961267156828
0.0
-0.16559554326612003
0.0
0.26836572389070795
0.26836572389070795
0.4134747540292984
0.11096245167560508
0.0
0.11096245167560508
-0.08273134855323354
0.8
0.6748178824888544
0.6986561030812906
0.9838451075810349
0.6639162721948532
0.0
0.1983571917923198
0.0
0.862273463987173
0.862273463987173
0.29350184080567643
0.2530788489581224
0.0
0.2530788489581224
-0.1896002034423294
0.6000000000000001
0.8192210811157662
0.6918296498584849
0.9922003839151008
0.8128314711944071
0.0
0.6009643696661835
0.0
1.4137958408605906
1.4137958408605906
0.20220017130685045
0.2858697612149241
0.0
0.2858697612149241
-0.2147953193000753
0.4000000000000001
0.8972964602726878
0.6746593872682953
0.9873231408781048
0.8859215594552358
0.0
0.9575657062149912
0.0
1.8434872656702268
1.8434872656702268
0.14759508035076208
0.2720896511022038
0.0
0.2720896511022038
-0.20503108810809537
0.20000000000000007
0.9352368787702996
0.6488600194739534
0.9658630620122693
0.9033107554358791
0.0
1.2040876024088314
0.0
2.1073983578447106
2.1073983578447106
0.12190933945743088
0.2569115417785232
0.0
0.2569115417785232
-0.19249512156935794
5.551115123125783E-17
0.949259577504617
0.6131486524380473
0.9054218550435679
0.8594803675821038
0.0
1.2948548724463096
0.0
2.1543352400284133
2.1543352400284133
0.11899642841780035
0.2563581991779858
0.0
0.2563581991779858
-0.18471925303981085
-0.19999999999999996
0.9492933937043628
0.5685341430821736
0.7930887110199383
0.7528738739927359
0.0
1.2287141434757234
0.0
1.9815880174684593
1.9815880174684593
0.1397455188273634
0.2769180456032163
0.0
0.2769180456032163
-0.19744444205282413
-0.39999999999999997
0.9339872342181235
0.5158717332874111
0.6389637336068135
0.5967839703171135
0.0
1.0249673904531915
0.0
1.621751360770305
1.621751360770305
0.18662829117464097
0.30266468517071066
0.0
0.30266468517071066
-0.21705767906282597
-0.6
0.8931467186975679
0.45700659016173156
0.43363662283146354
0.3873011267890165
0.0
0.7415502862212121
0.0
1.1288514130102287
1.1288514130102287
0.2662538222079178
0.3005610034187823
0.0
0.3005610034187823
-0.21810396436870383
-0.8
0.8011534557830626
0.39192849558338366
0.013127099971640513
0.01051682150668954
0.0
0.44014565617686285
0.0
0.4506624776835524
0.4506624776835524
0.4041701958378105
0.18214434186211428
0.0
0.18214434186211428
-0.13412521696733865
-1.0
0.5871758926042834
0.31360333564943493
-0.7956724832479343
-0.4671997005717725
0.0
0.14358749436830903
0.0
-0.3236122062034635
-0.3236122062034635
0.5818472990831286
-0.1882928881298177
0.0
-0.1882928881298177
0.1413801937171853
-0.8
0.2860809452100768
0.2885769355468457
-0.9934212757153221
-0.2841988975484397
0.0
-0.09528284198706621
0.0
-0.3794817395355059
-0.3794817395355059
0.5905697272670221
-0.22411042742029882
0.0
-0.22411042742029882
0.16974322526422234
-0.6000000000000001
0.28381478489890205
0.32335352830080516
-0.9892045036666174
-0.28075086342916616
0.0
-0.12268624528122211
0.0
-0.4034371087103883
-0.4034371087103883
0.5951214271586255
-0.24009406790447582
0.0
-0.24009406790447582
0.18284739050778873
-0.4000000000000001
0.2909149022100767
0.3628286068130947
-0.9788304323210595
-0.28475635949892814
0.0
-0.14631870807421846
0.0
-0.4310750675731466
-0.4310750675731466
0.6004602921714088
-0.25884346102278144
0.0
-0.25884346102278144
0.1981621265162881
-0.20000000000000007
0.29750856003638987
0.4040621125534529
-0.9613822422236957
-0.2860194465285275
0.0
-0.17492719185459193
0.0
-0.46094663838311944
-0.46094663838311944
0.6070834959194477
-0.2798330966619416
0.0
-0.2798330966619416
0.2156414457023863
-5.551115123125783E-17
0.302008729657289
0.44787035312125506
-0.9289955571168587
-0.28056476806212793
0.0
-0.2065828386764004
0.0
-0.4871476067385283
-0.4871476067385283
0.6122101657627494
-0.2982367170723211
0.0
-0.2982367170723211
0.21984084996928532
0.19999999999999996
0.3073582219851547
0.49282029524056153
-0.8682556236929693
-0.2668655047268826
0.0
-0.24064515942790582
0.0
-0.5075106641547884
-0.5075106641547884
0.6131145889714291
-0.3111621922518801
0.0
-0.3111621922518801
0.22609878203653655
0.39999999999999997
0.31533604900616335
0.5381656782739567
-0.7468171055879912
-0.23549835540633587
0.0
-0.27370376618867015
0.0
-0.509202121595006
-0.509202121595006
0.6078856063709238
-0.3095366404511411
0.0
-0.3095366404511411
0.22515415245238035
0.6
0.33110177604837177
0.5844534977083929
-0.4754241980793554
-0.15741379636044747
0.0
-0.29764216884997347
0.0
-0.4550559652104209
-0.4550559652104209
0.5894995804706891
-0.26825530058222763
0.0
-0.26825530058222763
0.19674938343550238
0.8
0.37133732740774456
0.6348085110575082
0.16535107705452481
0.06140102703741928
0.0
-0.28765199362344773
0.0
-0.22625096658602845
-0.22625096658602845
0.5314509084385793
-0.12024128172725147
0.0
-0.12024128172725147
0.08935779205725805
1.0
0.48660857969392307
0.6971408829632775
0.8903409878966988
0.433247563563697
0.0
-0.164575099476243
0.0
0.268672464087454
0.268672464087454
0.412990709279724
0.11095923150740879
0.0
0.11095923150740879
-0.08357876413100661
0.8
0.6803110810842351
0.6964397998138395
0.9843748283816285
0.669681103688414
0.0
0.19782092073471216
0.0
0.8675020244231262
0.8675020244231262
0.2908887250179387
0.25234655783492393
0.0
0.25234655783492393
-0.19098883960419918
0.6000000000000001
0.8279555855294064
0.688509088133971
0.992555991118846
0.8217922767975244
0.0
0.6015741512554522
0.0
1.4233664280529768
1.4233664280529768
0.19873525634484382
0.28287309195175303
0.0
0.28287309195175303
-0.21468047301912857
0.4000000000000001
0.9051225242015941
0.6694607920769476
0.9876002684998438
0.8938992479267508
0.0
0.9563254360187463
0.0
1.850224683945497
1.850224683945497
0.1447934379591844
0.26790039298541385
0.0
0.26790039298541385
-0.20385129114800343
0.20000000000000007
0.9412373543720426
0.6420043768288712
0.9661001457077272
0.909329545204386
0.0
1.1959837308016699
0.0
2.105313276006056
2.105313276006056
0.12046701449828082
0.25362080494404465
0.0
0.25362080494404465
-0.19204271445238058
5.551115123125783E-17
0.9538827727221976
0.6050496681765071
0.905859498885831
0.8640837704939569
0.0
1.2760513285795332
0.0
2.14013509907349
2.14013509907349
0.11865428070155157
0.2539361907847088
0.0
0.2539361907847088
-0.18488033758992273
-0.19999999999999996
0.9532921622178796
0.5602768555026371
0.7957252436443494
0.7585586380450708
0.0
1.2028153807765145
0.0
1.9613740188215854
1.9613740188215854
0.14019302404091877
0.27497095497388796
0.0
0.27497095497388796
-0.19803581631868264
-0.39999999999999997
0.9381121459119375
0.508813863846707
0.6449764409123161
0.6050602330468968
0.0
1.00058046838841
0.0
1.605640701435307
1.605640701435307
0.18699810201371883
0.30025176368437856
0.0
0.30025176368437856
-0.2174349743493962
-0.6
0.8983253734828958
0.452414419846045
0.4401696939693779
0.3954156047308933
0.0
0.7267912210940637
0.0
1.1222068258249571
1.1222068258249571
0.26566244941153816
0.2981282140950055
0.0
0.2981282140950055
-0.2183970732529548
-0.8
0.8078489763308201
0.3905101393427187
0.019110091580878206
0.015438067921200681
0.0
0.43601692390692487
0.0
0.45145499182812554
0.45145499182812554
0.4028881077053659
0.18188584737177493
0.0
0.18188584737177493
-0.13517475956531436
-1.0
0.5912787169071259
0.3152921024350509
-0.7935656294522688
-0.4692184671641332
0.0
0.14448027189204585
0.0
-0.32473819527208736
-0.32473819527208736
0.5824721823049217
-0.18915096527789454
0.0
-0.18915096527789454
0.1433224757165796
-0.8
0.27986330935633164
0.29085173386060925
-0.9937873093703733
-0.2781246051967172
0.0
-0.09632035595868882
0.0
-0.37444496115540604
-0.37444496115540604
0.5905987453475778
-0.22114672426010532
0.0
-0.22114672426010532
0.16901231598767252
-0.6000000000000001
0.27968268206093866
0.3259260050153247
-0.9893682554432963
-0.276709167228333
0.0
-0.12202768029988116
0.0
-0.39873684752821414
-0.39873684752821414
0.5952936501172308
-0.23736551340130832
0.0
-0.23736551340130832
0.18238790042576775
-0.4000000000000001
0.2866754517226703
0.3649788549696788
-0.9791954933667324
-0.280711310385711
0.0
-0.14547808752511682
0.0
-0.4261893979108278
-0.4261893979108278
0.6006001354549866
-0.25596941011472235
0.0
-0.25596941011472235
0.1976908045428851
-0.20000000000000007
0.29329066931469666
0.40574571440416224
-0.9618807822690456
-0.2821106584326324
0.0
-0.1736171483318671
0.0
-0.4557278067644995
-0.4557278067644995
0.6071358577222102
-0.2766886928478261
0.0
-0.2766886928478261
0.21519850467016075
-5.551115123125783E-17
0.29790972433742186
0.4488805753637229
-0.9297967850950766
-0.27699550393749534
0.0
-0.20466354752838853
0.0
-0.48165905146588384
-0.48165905146588384
0.6123355801627857
-0.294936974720019
0.0
-0.294936974720019
0.21948904926887952
0.19999999999999996
0.3034034578015009
0.4931421322895017
-0.8695089836440543
-0.2638120322270748
0.0
-0.23804379183480545
0.0
-0.5018558240618802
-0.5018558240618802
0.613309471597523
-0.3077929302735312
0.0
-0.3077929302735312
0.22584820084217616
0.39999999999999997
0.3115677215317816
0.5378379879925257
-0.7488637756196749
-0.23332178030750944
0.0
-0.2704650383219464
0.0
-0.5037868186294558
-0.5037868186294558
0.6081887957032683
-0.3063974985134296
0.0
-0.3063974985134296
0.2251055184957434
0.6
0.3276082365129889
0.5834981088846548
-0.47907602401253585
-0.1569492513824012
0.0
-0.2940105958641844
0.0
-0.45095984724658555
-0.45095984724658555
0.5900006988074002
-0.26606662500956396
0.0
-0.26606662500956396
0.19712094756694723
0.8
0.36843533274397416
0.633180180133144
0.15996677295241624
0.05893741122070324
0.0
-0.2843949769770161
0.0
-0.22545756575631287
-0.22545756575631287
0.532194556905063
-0.11998728930857504
0.0
-0.11998728930857504
0.09007513915012436
1.0
0.4861499023612449
0.6947459109676837
0.8898622397540417
0.43260644097138606
0.0
-0.1633784267822335
0.0
0.26922801418915254
0.26922801418915254
0.4125744479136285
0.11107659931697215
0.0
0.11107659931697215
-0.08452263252009218
0.8
0.6859470452754606
0.6937520296831817
0.9848715112421965
0.6755697031125623
0.0
0.19730853277154323
0.0
0.8728782358841055
0.8728782358841055
0.28828353901500786
0.2516364269698468
0.0
0.2516364269698468
-0.192395664723552
0.6000000000000001
0.8365018694150622
0.684733652327311
0.9928793182171177
0.8305454057921714
0.0
0.6018477547739592
0.0
1.4323931605661306
1.4323931605661306
0.19535828159192645
0.2798298664122277
0.0
0.2798298664122277
-0.21450032815134326
0.4000000000000001
0.9124490032716931
0.6638038003497999
0.9878300225938162
0.9013445195175817
0.0
0.9539914830806281
0.0
1.8553360025982097
1.8553360025982097
0.14217460126429532
0.26378165638069206
0.0
0.26378165638069206
-0.20268116195956767
0.20000000000000007
0.9466851012451316
0.6348257576599038
0.9663095135056334
0.9147908196272144
0.0
1.1861520023894159
0.0
2.10094282201663
2.10094282201663
0.11925876124695454
0.2505558384043842
0.0
0.2505558384043842
-0.19171652523361277
5.551115123125783E-17
0.9579936830652249
0.5967714972007647
0.9062415106929291
0.8681736425753126
0.0
1.255419699686398
0.0
2.1235933422617106
2.1235933422617106
0.11846114596482933
0.25156330088760426
0.0
0.25156330088760426
-0.18506086898065308
-0.19999999999999996
0.9568396896963401
0.5520941217018033
0.7982691468151143
0.7638156027327362
0.0
1.1760209716573709
0.0
1.9398365743901071
1.9398365743901071
0.140693588190994
0.27292256815507027
0.0
0.27292256815507027
-0.19855580771351145
-0.39999999999999997
0.9418274209158083
0.5020510032106961
0.6505274701373785
0.6126846094343728
0.0
0.976396062220321
0.0
1.5890806716546937
1.5890806716546937
0.18730825141995075
0.2976479219728816
0.0
0.2976479219728816
-0.21767481285803728
-0.6
0.9031192819268301
0.4482119884685388
0.4458237062446385
0.402631985449616
0.0
0.7126041872987541
0.0
1.1152361727483702
1.1152361727483702
0.26497340530873803
0.29550792641661966
0.0
0.29550792641661966
-0.21855545618297975
-0.8
0.8142024219067768
0.3894986919715816
0.024327249145027728
0.019807305172211142
0.0
0.43223438975369555
0.0
0.4520416949259067
0.4520416949259067
0.40148513294939164
0.18148801998599598
0.0
0.18148801998599598
-0.13614036270595767
-1.0
0.5952336789327515
0.31745830297676764
-0.791338878908626
-0.47103155217530057
0.0
0.14553677621649866
0.0
-0.32549477595880194
-0.32549477595880194
0.5828955176984851
-0.1897294459406583
0.0
-0.1897294459406583
0.14508693733104905
-0.8
0.27374039761465563
0.2936193377396305
-0.9941020402794001
-0.2721258877756234
0.0
-0.09742558908014573
0.0
-0.36955147685576917
-0.36955147685576917
0.5905534714411503
-0.2182399075333784
0.0
-0.2182399075333784
0.16831240693456762
-0.6000000000000001
0.27557276969100863
0.3288545068346256
-0.9895056432213195
-0.27268081072738204
0.0
-0.1215214792376558
0.0
-0.3942022899650378
-0.3942022899650378
0.5954168355076662
-0.23471468004085827
0.0
-0.23471468004085827
0.18198108058316317
-0.4000000000000001
0.28245462991082687
0.3673854883820044
-0.9795244363003115
-0.2766712121438158
0.0
-0.14477863029603155
0.0
-0.42144984243984734
-0.42144984243984734
0.6007229373226385
-0.25317458728462827
0.0
-0.25317458728462827
0.19727504607787777
-0.20000000000000007
0.28910829108851854
0.40758394272981935
-0.9623307954253545
-0.278217811727279
0.0
-0.17241382209762324
0.0
-0.45063163382490223
-0.45063163382490223
0.6071923976559535
-0.273620102201762
0.0
-0.273620102201762
0.2147886014360816
-5.551115123125783E-17
0.2938742728067909
0.44993658248558177
-0.9305441812745723
-0.2734629945866555
0.0
-0.20281471604483173
0.0
-0.47627771063148727
-0.47627771063148727
0.6124958389225255
-0.29171811593333263
0.0
-0.29171811593333263
0.2191812839206119
0.19999999999999996
0.2995411463340407
0.4933973903761106
-0.8707149125257914
-0.26081494302811953
0.0
-0.23546344786361365
0.0
-0.4962783908917332
-0.4962783908917332
0.6135586054721266
-0.30449587744148277
0.0
-0.30449587744148277
0.22563605187127314
0.39999999999999997
0.3079207117496342
0.5373342273402666
-0.7508979263733047
-0.2312170239401924
0.0
-0.26718551813013236
0.0
-0.49840254207032475
-0.49840254207032475
0.6085611616493516
-0.30330842997130664
0.0
-0.30330842997130664
0.22508158035532003
0.6
0.324261609141077
0.5822640873901032
-0.48282955693055996
-0.1565630890711766
0.0
-0.2902673627064556
0.0
-0.4468304517776322
-0.4468304517776322
0.5905829421420017
-0.2638904428494738
0.0
-0.2638904428494738
0.1974983899678749
0.8
0.365690796722246
0.6311800012055524
0.15419337702508432
0.05638709889359675
0.0
-0.28096159532213233
0.0
-0.22457449642853558
-0.22457449642853558
0.5330282129611725
-0.11970454250795755
0.0
-0.11970454250795755
0.09078015548599211
1.0
0.48582887130096136
0.6918971960265414
0.8891956337336769
0.4319969111025753
0.0
-0.1620204825128516
0.0
0.2699764285897237
0.2699764285897237
0.41221074259940915
0.11128718411330636
0.0
0.11128718411330636
-0.0855529468267076
0.8
0.6917159888727116
0.6906679666575788
0.9853360284683634
0.6815726853039042
0.0
0.19680324945339717
0.0
0.8783759347573015
0.8783759347573015
0.2856722420492148
0.25092762264419316
0.0
0.25092762264419316
-0.19382361007077833
0.6000000000000001
0.8448891690723059
0.6805539569112585
0.9931735598530508
0.8391215837288282
0.0
0.6018046131529575
0.0
1.4409261968817857
1.4409261968817857
0.192047600378832
0.27672641843414336
0.0
0.27672641843414336
-0.2142631226008787
0.4000000000000001
0.919340258247577
0.6577248637665514
0.9880163547154526
0.9083232106969339
0.0
0.95064489424907
0.0
1.8589681049460038
1.8589681049460038
0.13970745258394526
0.2597116983768104
0.0
0.2597116983768104
-0.20152377969535623
0.20000000000000007
0.9516834798947298
0.6274147488455649
0.9665063483209909
0.9198081249104685
0.0
1.1749941782525877
0.0
2.094802303163056
2.094802303163056
0.11824258204024504
0.24769483318985192
0.0
0.24769483318985192
-0.191539076902266
5.551115123125783E-17
0.9616975269691712
0.588384040740101
0.9065350934470222
0.8718125574787677
0.0
1.233399108550026
0.0
2.1052116660287936
2.1052116660287936
0.11835634516854698
0.24916515859735575
0.0
0.24916515859735575
-0.18523273967448967
-0.19999999999999996
0.9600427713898196
0.544028413838976
0.800627975549613
0.7686371004988711
0.0
1.1487335949596456
0.0
1.9173706954585166
1.9173706954585166
0.14119308348360876
0.2707194806728993
0.0
0.2707194806728993
-0.19898985044439388
-0.39999999999999997
0.945244512335573
0.4955768508572709
0.6555341153121891
0.6196400251476015
0.0
0.952602957395366
0.0
1.5722429825429676
1.5722429825429676
0.18752841243206805
0.2948402304737424
0.0
0.2948402304737424
-0.2177918233379095
-0.6
0.9076470349019286
0.4443458557525728
0.4506550818633851
0.40903574881678734
0.0
0.6989682374231899
0.0
1.1080039862399773
1.1080039862399773
0.2641793426776235
0.2927117647690638
0.0
0.2927117647690638
-0.21861096086544365
-0.8
0.8203438822930138
0.38881224074364545
0.028962461395562997
0.023759178021997687
0.0
0.42872607733147705
0.0
0.4524852553534747
0.4524852553534747
0.3999673017517052
0.1809793066661606
0.0
0.1809793066661606
-0.13705733195514247
-1.0
0.5991634526973393
0.32000431338713703
-0.7889179460346196
-0.4726908004409959
0.0
0.14672877060355896
0.0
-0.32596202983743694
-0.32596202983743694
0.5831663937159246
-0.1900901014286207
0.0
-0.1900901014286207
0.14673352650224172
-0.8
0.2676805053619051
0.296790250081872
-0.9943765416183311
-0.2661752151804183
0.0
-0.09858956429597529
0.0
-0.36476477947639363
-0.36476477947639363
0.59042727138212
-0.21536707344254782
0.0
-0.21536707344254782
0.16764597098592343
-0.6000000000000001
0.2714724031437183
0.3320752287214521
-0.9896188522330529
-0.2686542080120351
0.0
-0.12112816204157113
0.0
-0.3897823700536062
-0.3897823700536062
0.5954801358829758
-0.23210765868430977
0.0
-0.23210765868430977
0.18162255747396017
-0.4000000000000001
0.2782345910559836
0.3700045350474965
-0.9798187203747416
-0.27261946097246337
0.0
-0.1441820423495735
0.0
-0.41680150332203686
-0.41680150332203686
0.6008138768922863
-0.2504201271054461
0.0
-0.2504201271054461
0.1969076350628427
-0.20000000000000007
0.28493565095858703
0.40955336097558676
-0.962732438415128
-0.2743167940387623
0.0
-0.1712837397886698
0.0
-0.4456005338274321
-0.4456005338274321
0.6072346899085217
-0.27058410198177246
0.0
-0.27058410198177246
0.2144040807499761
-5.551115123125783E-17
0.2898668632330022
0.45104134530203627
-0.9312328911838565
-0.2699335571068642
0.0
-0.20101143939005298
0.0
-0.4709449964969171
-0.4709449964969171
0.6126694143398299
-0.28853359519003946
0.0
-0.28853359519003946
0.21890800166151175
0.19999999999999996
0.2957258479270212
0.49361546524302957
-0.8718582263562208
-0.2578310132613422
0.0
-0.23289036360080362
0.0
-0.49072137686214584
-0.49072137686214584
0.613838088128391
-0.30122347177679126
0.0
-0.30122347177679126
0.22545118318008983
0.39999999999999997
0.30434003432244444
0.5367080638860069
-0.7528834454570968
-0.2291325736312131
0.0
-0.2638639818378649
0.0
-0.492996555469078
-0.492996555469078
0.6089768689899246
-0.3002234987723768
0.0
-0.3002234987723768
0.22507077196456754
0.6
0.3209988540598983
0.5808256938984194
-0.4866082865119825
-0.15620070234639705
0.0
-0.2864229532255356
0.0
-0.4426236555719327
-0.4426236555719327
0.5912194909403719
-0.26168773232540454
0.0
-0.26168773232540454
0.1978714236820241
0.8
0.3630371278558622
0.6288970787963121
0.14813935509609497
0.053780085996505994
0.0
-0.27736812127901006
0.0
-0.22358803528250407
-0.22358803528250407
0.5339287863646397
-0.11938008832404164
0.0
-0.11938008832404164
0.09147119918402798
1.0
0.4855872260716056
0.6886870671802191
0.8883571554503978
0.4313748868760208
0.0
-0.160513084963842
0.0
0.2708618019121788
0.2708618019121788
0.41188942155507224
0.11156511091097188
0.0
0.11156511091097188
-0.08666038393843974
0.8
0.6976080402935743
0.6872513380388002
0.9857706857296595
0.6876815562507207
0.0
0.1962845743024183
0.0
0.883966130553139
0.883966130553139
0.28304359973449805
0.2502009556351357
0.0
0.2502009556351357
-0.19527665020041252
0.6000000000000001
0.8531472274055579
0.6760096049362838
0.9934425057576002
0.8475527193739266
0.0
0.6014537314398984
0.0
1.4490064508138252
1.4490064508138252
0.18878365038999192
0.2735487272232802
0.0
0.2735487272232802
-0.21397614633224277
0.4000000000000001
0.925855167824282
0.6512478755494808
0.9881639679196121
0.9148967163561209
0.0
0.9463431615159839
0.0
1.8612398778721047
1.8612398778721047
0.13736439882271906
0.2556680968887727
0.0
0.2556680968887727
-0.2003803619038288
0.20000000000000007
0.9563011853495952
0.6198215581737776
0.9666893482659247
0.9244461696115314
0.0
1.1627751912552091
0.0
2.0872213608667405
2.0872213608667405
0.1173733558958276
0.24498417562238556
0.0
0.24498417562238556
-0.19151025606985633
5.551115123125783E-17
0.9650693925724239
0.5799305437428208
0.9067193998996664
0.8750471404948038
0.0
1.2103170871303588
0.0
2.0853642276251625
2.0853642276251625
0.11829779235932429
0.24669398439316415
0.0
0.24669398439316415
-0.185383026858885
-0.19999999999999996
0.9629757241949026
0.5360955449300712
0.8027569347659202
0.7730354406086922
0.0
1.1212171086137206
0.0
1.8942525492224127
1.8942525492224127
0.1416589973304466
0.2683379168134894
0.0
0.2683379168134894
-0.1993368003332384
-0.39999999999999997
0.9484400555852606
0.4893649172558123
0.6599813817028004
0.6259527783474411
0.0
0.9292845958463974
0.0
1.5552373741938386
1.5552373741938386
0.18764623566411415
0.2918344388316151
0.0
0.2918344388316151
-0.2178047235188879
-0.6
0.9119911666498983
0.440754044079246
0.45475707776074475
0.41473443788932013
0.0
0.6858234289991512
0.0
1.1005578668884712
1.1005578668884712
0.26328393557530255
0.28975920652275666
0.0
0.28975920652275666
-0.21859188569753846
-0.8
0.8263709355418789
0.3883690016624889
0.03318636995616565
0.027424251587915508
0.0
0.4254158414600656
0.0
0.4528400930479811
0.4528400930479811
0.3983464340656843
0.18038723626763598
0.0
0.18038723626763598
-0.13795544820718847
-1.0
0.6031757046014176
0.3228365043955825
-0.7862441703428361
-0.47424338143529715
0.0
0.14802841299806238
0.0
-0.32621496843723474
-0.32621496843723474
0.5833336728088468
-0.1902921756637142
0.0
-0.1902921756637142
0.14831627023392485
-0.8
0.2616579509398248
0.30028046734497454
-0.9946203418987863
-0.2602503206243044
0.0
-0.09980350185995704
0.0
-0.36005382248426143
-0.36005382248426143
0.5902188539259511
-0.21251055445831862
0.0
-0.21251055445831862
0.167011722133252
-0.6000000000000001
0.2673781069565163
0.3355280250595912
-0.9897104796855121
-0.2646269144933379
0.0
-0.12081241084909211
0.0
-0.38543932534243003
-0.38543932534243003
0.5954787136331416
-0.22952091363853622
0.0
-0.22952091363853622
0.1813077829430747
-0.4000000000000001
0.2740053740144377
0.372793837391237
-0.9800815492664637
-0.26854761147140693
0.0
-0.14365605461677586
0.0
-0.4122036660881828
-0.4122036660881828
0.6008630750459766
-0.24767796235097048
0.0
-0.24767796235097048
0.1965811338291246
-0.20000000000000007
0.2807564968486364
0.4116307940720482
-0.9630888793939111
-0.27039345993251335
0.0
-0.17019961862494415
0.0
-0.4405930785574575
-0.4405930785574575
0.6072490220577156
-0.2675497160794143
0.0
-0.2675497160794143
0.21403711059727554
-5.551115123125783E-17
0.2858626022617401
0.4521957922818609
-0.9318629071569893
-0.26638475559108726
0.0
-0.19923478948979048
0.0
-0.4656195450808778
-0.4656195450808778
0.6128384264620329
-0.28534954933733275
0.0
-0.28534954933733275
0.21865988822988972
0.19999999999999996
0.29192382361002206
0.4938214573925015
-0.8729313336961635
-0.25482945268158014
0.0
-0.23031649570016635
0.0
-0.4851459483817465
-0.4851459483817465
0.6141271635884488
-0.29794130520610995
0.0
-0.29794130520610995
0.22528329128856903
0.39999999999999997
0.3007832304552793
0.5360068749568051
-0.7547955982201519
-0.22702985836608236
0.0
-0.26050469002887916
0.0
-0.4875345483949615
-0.4875345483949615
0.6094128521406258
-0.2971098196544655
0.0
-0.2971098196544655
0.22506273434075563
0.6
0.31776968245131426
0.5792495073909572
-0.49035060227731164
-0.15581855517547202
0.0
-0.28249339169487236
0.0
-0.43831194687034436
-0.43831194687034436
0.5918857410773585
-0.25943059149641357
0.0
-0.25943059149641357
0.1982308849837502
0.8
0.3604192929979069
0.6264125669810473
0.14190783882675329
0.05114632294079934
0.0
-0.27363676222267236
0.0
-0.222490439281873
-0.222490439281873
0.5348735557476807
-0.11900425237855887
0.0
-0.11900425237855887
0.09214609364385368
1.0
0.4853738534354383
0.6852018751081524
0.8873677111916437
0.43070508539527325
0.0
-0.15887153605000967
0.0
0.2718335493452636
0.2718335493452636
0.41159934649545465
0.11188651126605043
0.0
0.11188651126605043
-0.08783412615719685
0.8
0.7036075716992279
0.6835633123263609
0.986178291714705
0.6938825130958763
0.0
0.19573521831604437
0.0
0.8896177314119207
0.8896177314119207
0.2803886479830699
0.24943871293235426
0.0
0.24943871293235426
-0.19675373956493983
0.6000000000000001
0.8612883493424153
0.6711395381444417
0.9936895912380496
0.8558532677961591
0.0
0.6008034733708812
0.0
1.4566567411670404
1.4566567411670404
0.18555303213515092
0.2702870751036521
0.0
0.2702870751036521
-0.21364295277744597
0.4000000000000001
0.9320307295359158
0.6443977261909843
0.9882773668012059
0.9211048751635619
0.0
0.9411347311596683
0.0
1.86223960632323
1.86223960632323
0.1351261517076151
0.25163727155996224
0.0
0.25163727155996224
-0.19925203482632456
0.20000000000000007
0.960551794333295
0.6120281846439285
0.9668248449039476
0.9286853395784965
0.0
1.1494816774151837
0.0
2.0781670169936803
2.0781670169936803
0.11660280247814146
0.24232009819910255
0.0
0.24232009819910255
-0.1915784485105862
5.551115123125783E-17
0.9681428420861393
0.5714210074577473
0.9068004569234521
0.8779123715708806
0.0
1.1863503843929586
0.0
2.0642627559638393
2.0642627559638393
0.11827850794586273
0.24415791878361745
0.0
0.24415791878361745
-0.18552686618045824
-0.19999999999999996
0.9656690448999766
0.5282830763570946
0.804686493273606
0.7770608374034346
0.0
1.0935914002774083
0.0
1.8706522376808428
1.8706522376808428
0.1420946781122399
0.26580972757320065
0.0
0.26580972757320065
-0.19961742418149897
-0.39999999999999997
0.9514403877365297
0.4833686751121006
0.6639441398687672
0.6317032698721367
0.0
0.9064341312117908
0.0
1.5381374010839275
1.5381374010839275
0.18767958925691763
0.2886769956561343
0.0
0.2886769956561343
-0.21774036061605015
-0.6
0.916173320318769
0.4373646493266937
0.4582684143485478
0.4198532947709264
0.0
0.673082100462318
0.0
1.0929353952332443
1.0929353952332443
0.26231572090002786
0.28669413609776534
0.0
0.28669413609776534
-0.2185229253375382
-0.8
0.8323064421729038
0.3880831738619772
0.03713439313633365
0.03090719463355176
0.0
0.4222212916918212
0.0
0.45312848632537295
0.45312848632537295
0.3966567124667309
0.17973645571084845
0.0
0.17973645571084845
-0.13884933591634305
-1.0
0.6073105794553262
0.32585807195201555
-0.7833062482075266
-0.47571017148989053
0.0
0.14939846907451435
0.0
-0.3263117024153762
-0.3263117024153762
0.5834468905704264
-0.19038554813099356
0.0
-0.19038554813099356
0.1498691066303584
-0.8
0.2556703897565515
0.3040088494670301
-0.9948403245383891
-0.25435121352026413
0.0
-0.10105447903336423
0.0
-0.35540569255362836
-0.35540569255362836
0.5899432149800373
-0.20966917688729422
0.0
-0.20966917688729422
0.16640471508668522
-0.6000000000000001
0.2633040496932611
0.33915170599557554
-0.9897830603954489
-0.2606138881199113
0.0
-0.12054560993741754
0.0
-0.38115949805732885
-0.38115949805732885
0.5954217977484145
-0.22695067356217805
0.0
-0.22695067356217805
0.18103019211330212
-0.4000000000000001
0.2697778199471565
0.3757094436397497
-0.9803162110660983
-0.2644675702802685
0.0
-0.1431771577155237
0.0
-0.4076447279957922
-0.4076447279957922
0.6008723120577746
-0.24494243020899428
0.0
-0.24494243020899428
0.19628724501152148
-0.20000000000000007
0.2765795089227902
0.413790358259508
-0.9634044368882545
-0.26645792604859064
0.0
-0.16914578033434757
0.0
-0.4356037063829382
-0.4356037063829382
0.6072323630968854
-0.2645126680006734
0.0
-0.2645126680006734
0.21368076160995259
-5.551115123125783E-17
0.2818645352188182
0.45339617182151076
-0.9324362801622038
-0.26282071872908336
0.0
-0.19747959537949542
0.0
-0.46030031410857875
-0.46030031410857875
0.6129926872555487
-0.28216072648999085
0.0
-0.28216072648999085
0.21842897234091266
0.19999999999999996
0.28813225943909965
0.49403418826193884
-0.8739304861109445
-0.25180756555585715
0.0
-0.22775016563318726
0.0
-0.47955773118904443
-0.47955773118904443
0.6144106675249715
-0.29464538573662163
0.0
-0.29464538573662163
0.2251247903336202
0.39999999999999997
0.2972413769986282
0.5352706133912445
-0.7566165338969886
-0.2248977403954701
0.0
-0.2571310801075637
0.0
-0.4820288205030338
-0.4820288205030338
0.6098496356681389
-0.2939651005653179
0.0
-0.2939651005653179
0.22505065444432037
0.6
0.3145591839231097
0.5775944137123343
-0.4940046467656583
-0.15539369854082957
0.0
-0.27851653292078443
0.0
-0.433910231461614
-0.433910231461614
0.5925580146361634
-0.25711698528521215
0.0
-0.25711698528521215
0.1985703735307601
0.8
0.35781755092103407
0.6238014258445698
0.1356044857659955
0.04852166499069474
0.0
-0.269812222781511
0.0
-0.22129055779081627
-0.22129055779081627
0.5358351640943979
-0.11857526234638288
0.0
-0.11857526234638288
0.0928010506528195
1.0
0.48516446209959646
0.6815269201108591
0.8862560070425192
0.42997991893931997
0.0
-0.15712353463731565
0.0
0.2728563843020043
0.2728563843020043
0.41132093077827453
0.11223154195989499
0.0
0.11223154195989499
-0.08905887331045803
0.8
0.7096847756128022
0.6796699400976615
0.9865609567813882
0.7001472912417509
0.0
0.1951507491488111
0.0
0.8952980403905619
0.8952980403905619
0.27770179782592386
0.24862587540648565
0.0
0.24862587540648565
-0.19823958055836913
0.6000000000000001
0.8692821719761032
0.6659929457282406
0.9939166896112434
0.86399405870856
0.0
0.5998718954997098
0.0
1.46386595420827
1.46386595420827
0.18235629378242976
0.26694517000370016
0.0
0.26694517000370016
-0.213260161288915
0.4000000000000001
0.9378623125936962
0.6372174010606246
0.9883596425473239
0.9269452600337121
0.0
0.9350749446026875
0.0
1.8620202046363996
1.8620202046363996
0.13298984883316867
0.24762978553890058
0.0
0.24762978553890058
-0.19814288441184177
0.20000000000000007
0.9643936025220063
0.6039480554044033
0.9668506240809278
0.9324245564580561
0.0
1.1347809352095783
0.0
2.0672054916676346
2.0672054916676346
0.11589333110090146
0.23957533049943897
0.0
0.23957533049943897
-0.19163752622601873
5.551115123125783E-17
0.9709088297012114
0.5628369627739384
0.9068269443998571
0.8804462873287908
0.0
1.1615252545502448
0.0
2.0419715418790356
2.0419715418790356
0.11833687254692847
0.24164052609579445
0.0
0.24164052609579445
-0.18571115018637988
-0.19999999999999996
0.9681084732288053
0.5205589998256799
0.8065316310191284
0.7808101059166666
0.0
1.065870417970105
0.0
1.8466805238867716
1.8466805238867716
0.142544473283382
0.26323410260011976
0.0
0.26323410260011976
-0.19987456929392097
-0.39999999999999997
0.9542177748682102
0.4775311176863747
0.6675822937551023
0.6370188908884096
0.0
0.8839997282836793
0.0
1.521018619172089
1.521018619172089
0.18768037673880322
0.28546534747295194
0.0
0.28546534747295194
-0.21763319478670798
-0.6
0.9201428302955853
0.4341037868340965
0.4613600373836494
0.4245171305834682
0.0
0.6606575855231757
0.0
1.0851747161066438
1.0851747161066438
0.26133403240991326
0.2835930844294321
0.0
0.2835930844294321
-0.21842330323715053
-0.8
0.8380694821012508
0.387871100907768
0.04087536327521372
0.03425639453075884
0.0
0.4190636569701403
0.0
0.45332005150089916
0.45332005150089916
0.3949637000790858
0.17904496486083687
0.0
0.17904496486083687
-0.13972942871299437
-1.0
0.6114902524231027
0.3289728901955539
-0.7801713150225119
-0.4770671543563798
0.0
0.15078747902890882
0.0
-0.326279675327471
-0.326279675327471
0.5835504637401726
-0.19040065584633864
0.0
-0.19040065584633864
0.15139087489359584
-0.8
0.24975277646694108
0.3079023687563141
-0.9950396275239862
-0.24851390966874645
0.0
-0.10232293443084164
0.0
-0.3508368440995881
-0.3508368440995881
0.5896379790195143
-0.20686672772046555
0.0
-0.20686672772046555
0.165817571545345
-0.6000000000000001
0.25928490361479417
0.34288568425183513
-0.9898385353722718
-0.25665018923820854
0.0
-0.12031058064388343
0.0
-0.376960769882092
-0.376960769882092
0.5953371360241689
-0.22441874513507043
0.0
-0.22441874513507043
0.1807797511899807
-0.4000000000000001
0.26559158186885484
0.37870682631154223
-0.9805242805696835
-0.2604189947373231
0.0
-0.1427342568258479
0.0
-0.403153251563171
-0.403153251563171
0.6008595529246955
-0.24223848249438423
0.0
-0.24223848249438423
0.19601686300489468
-0.20000000000000007
0.272448282163329
0.4160036377466072
-0.9636825053290122
-0.26255364312774254
0.0
-0.16812342618653253
0.0
-0.4306770693142751
-0.4306770693142751
0.6071971659003363
-0.2615058959058905
0.0
-0.2615058959058905
0.21333106551666056
-5.551115123125783E-17
0.2779154777551533
0.4546327372506279
-0.9329544376875829
-0.259282478273735
0.0
-0.19576059523688402
0.0
-0.455043073510619
-0.455043073510619
0.6131337982392294
-0.2790022880240187
0.0
-0.2790022880240187
0.2182103891715669
0.19999999999999996
0.2843930127163373
0.49426359542516374
-0.8748527179165732
-0.24880200013137027
0.0
-0.22522319699379995
0.0
-0.4740251971251702
-0.4740251971251702
0.6146824499791071
-0.29137496952072883
0.0
-0.29137496952072883
0.22497305629694614
0.39999999999999997
0.2937547888321019
0.5345281260533968
-0.7583327605233998
-0.22276387993201618
0.0
-0.25379389339409286
0.0
-0.47655777332610905
-0.47655777332610905
0.6102739654842306
-0.2908308021100597
0.0
-0.2908308021100597
0.22503390782477425
0.6
0.31140554851930796
0.5759071281225668
-0.49752841431390016
-0.15493310876336158
0.0
-0.2745609396908985
0.0
-0.4294940484542601
-0.4294940484542601
0.5932150265979875
-0.25478232337747125
0.0
-0.25478232337747125
0.1988885349832184
0.8
0.355267179357379
0.6211276752909177
0.12933358680613902
0.045947978580789736
0.0
-0.26597038534211564
0.0
-0.2200224067613259
-0.2200224067613259
0.536780693244712
-0.11810378003071452
0.0
-0.11810378003071452
0.09343072155782986
1.0
0.48497999885376636
0.6777426525571271
0.8850578031908384
0.4292353323770098
0.0
-0.15531408159175103
0.0
0.27392125078525875
0.27392125078525875
0.41102238775357386
0.11258776655420256
0.0
0.11258776655420256
-0.09031373772921605
0.8
0.7157919162783063
0.6756414936887561
0.9869191859910387
0.7064287753523517
0.0
0.19454706802515373
0.0
0.9009758433775055
0.9009758433775055
0.27498309022956735
0.24775312163413712
0.0
0.24775312163413712
-0.19969884207025082
0.6000000000000001
0.8770421363149581
0.6606329820685038
0.9941233406066361
0.8718880584062069
0.0
0.598692312370162
0.0
1.4705803707763687
1.4705803707763687
0.17921419668951227
0.263548879816052
0.0
0.263548879816052
-0.21281704410805422
0.4000000000000001
0.9432979022859308
0.6297784450964979
0.9884116311857425
0.932366618292526
0.0
0.9282375072115415
0.0
1.8606041255040675
1.8606041255040675
0.1309743352908505
0.24369138857730943
0.0
0.24369138857730943
-0.19706280601361204
0.20000000000000007
0.9677718187831624
0.59550236667333
0.966718149370845
0.9355625816673155
0.0
1.1182974945436628
0.0
2.053860076210978
2.053860076210978
0.1152432308606924
0.23669347091834103
0.0
0.23669347091834103
-0.19158793275317554
5.551115123125783E-17
0.9733397832359124
0.5541689696311952
0.9068805328966576
0.8827029013105014
0.0
1.1358508857667216
0.0
2.0185537870772228
2.0185537870772228
0.1185353534195704
0.23926998654761086
0.0
0.23926998654761086
-0.185990431686334
-0.19999999999999996
0.9702603280142983
0.5129060410144226
0.8084367746107759
0.7843941301126728
0.0
1.0381019503436608
0.0
1.8224960804563337
1.8224960804563337
0.14306794525804217
0.2607407694717232
0.0
0.2607407694717232
-0.20015302972377827
-0.39999999999999997
0.95671904556155
0.4718151584005915
0.671064672258988
0.6420203527536934
0.0
0.8619891721268602
0.0
1.5040095248805536
1.5040095248805536
0.1877112480483353
0.28231950499191255
0.0
0.28231950499191255
-0.2175150300966537
-0.6
0.9238092266205574
0.4309213017270048
0.46417665103015643
0.4288106730034892
0.0
0.648522600240697
0.0
1.0773332732441863
1.0773332732441863
0.26040869778144926
0.2805469547621448
0.0
0.2805469547621448
-0.21830433734153534
-0.8
0.8435081631971786
0.38767349201528745
0.044394550034287744
0.037447165355387294
0.0
0.41589782758781424
0.0
0.4533449929432015
0.4533449929432015
0.3933461681134587
0.17832151580763128
0.0
0.17832151580763128
-0.1405656802138838
-1.0
0.6155321488476613
0.3321045756565398
-0.7769757279173799
-0.4782535394074606
0.0
0.1521407244820302
0.0
-0.3261128149254304
-0.3261128149254304
0.5836703581696258
-0.19034238349123087
0.0
-0.19034238349123087
0.15284566812497563
-0.8
0.24397041183985568
0.3119059160769154
-0.9952179162652536
-0.24280372490163693
0.0
-0.1035852266647376
0.0
-0.3463889515663745
-0.3463889515663745
0.5893522760179468
-0.20414511699311316
0.0
-0.20414511699311316
0.16524361752911268
-0.6000000000000001
0.2553647923391081
0.34667779331469284
-0.9898779774378778
-0.25277998414947994
0.0
-0.1201033045604507
0.0
-0.37288328870993065
-0.37288328870993065
0.5952618433744128
-0.2219631938009867
0.0
-0.2219631938009867
0.1805441699734555
-0.4000000000000001
0.2615051089400891
0.3817465802682577
-0.9807048636427949
-0.2564593322049843
0.0
-0.1423277672075082
0.0
-0.39878709941249246
-0.39878709941249246
0.6008528858556688
-0.23961237952400757
0.0
-0.23961237952400757
0.19576169706243024
-0.20000000000000007
0.26842984847683593
0.4182430456250554
-0.9639241970348235
-0.2587460261532134
0.0
-0.1671476173966352
0.0
-0.4258936435498486
-0.4258936435498486
0.6071673790510218
-0.2585887273086517
0.0
-0.2585887273086517
0.21298879693518472
-5.551115123125783E-17
0.27408611275347705
0.45589070003156645
-0.9334168797130092
-0.2558366041390186
0.0
-0.1941068484547123
0.0
-0.4499434525937309
-0.4499434525937309
0.6132740252785897
-0.2759386323199036
0.0
-0.2759386323199036
0.21800377348110872
0.19999999999999996
0.2807803666572648
0.4945090789240943
-0.8756948853772928
-0.24587793099612773
0.0
-0.2227821053549886
0.0
-0.4686600363511163
-0.4686600363511163
0.6149463965002027
-0.28820080053777297
0.0
-0.28820080053777297
0.224831193812492
0.39999999999999997
0.29040072401140915
0.5337929132395132
-0.7599356074662882
-0.2206858506102601
0.0
-0.2505588512450837
0.0
-0.47124470185534384
-0.47124470185534384
0.6106817656343958
-0.2877805465748758
0.0
-0.2877805465748758
0.22501856085863572
0.6
0.30838817891950354
0.5742153263121464
-0.5008954731019446
-0.15447024277893187
0.0
-0.2707103823216479
0.0
-0.42518062510057975
-0.42518062510057975
0.5938430398615825
-0.2524905548999761
0.0
-0.2524905548999761
0.19919012443776618
0.8
0.3528479829200055
0.618434629214752
0.12317801911266837
0.043463115583986925
0.0
-0.2622020586863308
0.0
-0.21873894310234387
-0.21873894310234387
0.5376801366730026
-0.1176115848229764
0.0
-0.1176115848229764
0.09403043549269714
1.0
0.48488131920394884
0.6739116242242496
0.8838083230987138
0.4285421456275342
0.0
-0.15349700143270412
0.0
0.27504514419483006
0.27504514419483006
0.41066852141096055
0.1129523826877553
0.0
0.1129523826877553
-0.09157658877149713
0.8
0.7218726709534949
0.6715409520263477
0.9872522696199865
0.7126704327754796
0.0
0.19395624948024906
0.0
0.9066266822557286
0.9066266822557286
0.27224045654205387
0.24682046189050716
0.0
0.24682046189050716
-0.2010850528321854
0.6000000000000001
0.8844499190196632
0.6551276633992122
0.9943075678851702
0.879415247896677
0.0
0.5973082875052604
0.0
1.4767235354019375
1.4767235354019375
0.176163256212322
0.2601444265217775
0.0
0.2601444265217775
-0.2123020316289765
0.4000000000000001
0.9482659236538169
0.6221733367522029
0.9884326547939737
0.9372970043678018
0.0
0.9207170049673736
0.0
1.8580140093351756
1.8580140093351756
0.12911235688456893
0.23989256786981197
0.0
0.23989256786981197
-0.19602703914854755
0.20000000000000007
0.9706738287403658
0.5867245184106853
0.9664338549405154
0.9380920501994213
0.0
1.100039564813009
0.0
2.0381316150124302
2.0381316150124302
0.11468717329162698
0.23374755372207415
0.0
0.23374755372207415
-0.19140703532792624
5.551115123125783E-17
0.9754268159332177
0.5454682573141202
0.9070300050008353
0.8847413897338553
0.0
1.109530761769648
0.0
1.9942721515035031
1.9942721515035031
0.11891151563544682
0.23714192412484497
0.0
0.23714192412484497
-0.18638697017106842
-0.19999999999999996
0.9721104773664093
0.505362757678367
0.810476538208269
0.7878727344519153
0.0
1.0105294206791535
0.0
1.7984021551310687
1.7984021551310687
0.1436939893101363
0.25841958005472987
0.0
0.25841958005472987
-0.20047130402263816
-0.39999999999999997
0.9589131265057721
0.4662366366571839
0.6744615650937004
0.6467500480919766
0.0
0.8405661156084212
0.0
1.4873161637003978
1.4873161637003978
0.18780603748573338
0.27932695519305406
0.0
0.27932695519305406
-0.21740191379308385
-0.6
0.9271059542430898
0.42781709423462216
0.466770697619502
0.43274589302924116
0.0
0.6367556392649034
0.0
1.0695015322941446
1.0695015322941446
0.2595827036993273
0.2776240993634874
0.0
0.2776240993634874
-0.21816966002458557
-0.8
0.8484891187884874
0.38747685118577546
0.04761789989383393
0.04040326991947756
0.0
0.4127402102340248
0.0
0.45314348015350236
0.45314348015350236
0.39185788216660267
0.17756784445055537
0.0
0.17756784445055537
-0.14132652827733375
-1.0
0.6192437109442875
0.33521464553807045
-0.7738640294360077
-0.4792104333542528
0.0
0.15342192005766164
0.0
-0.32578851329659114
-0.32578851329659114
0.5838047705893669
-0.19019688826576728
0.0
-0.19019688826576728
0.15418588760352314
-0.8
0.23839073077176107
0.31598418306206244
-0.9953735461135621
-0.2372878270488913
0.0
-0.10481989841951032
0.0
-0.3421077254684016
-0.3421077254684016
0.5891220587918865
-0.20154320755655428
0.0
-0.20154320755655428
0.1646804303085406
-0.6000000000000001
0.2515786051652138
0.35048935548324733
-0.9899019283943852
-0.24903814639581476
0.0
-0.11992736759681297
0.0
-0.3689655139926277
-0.3689655139926277
0.5952229039837217
-0.21961672470853838
0.0
-0.21961672470853838
0.18031308500597326
-0.4000000000000001
0.25757088946031453
0.3847978933154466
-0.9808558672014996
-0.2526399181474584
0.0
-0.14196187783361242
0.0
-0.3946017959810708
-0.3946017959810708
0.6008751403552521
-0.2371064095445605
0.0
-0.2371064095445605
0.1955166961438033
-0.20000000000000007
0.26458469414814195
0.42048429870627324
-0.9641289249335949
-0.2550937567229321
0.0
-0.16623439884459307
0.0
-0.4213281555675252
-0.4213281555675252
0.6071653404177024
-0.2558158530027191
0.0
-0.2558158530027191
0.21265892352458818
-5.551115123125783E-17
0.2704414926320309
0.4571524319433716
-0.9338222852149397
-0.25254429266658235
0.0
-0.19254437757513831
0.0
-0.44508867024172066
-0.44508867024172066
0.6134282326917486
-0.2730299563774992
0.0
-0.2730299563774992
0.2178126182585622
0.19999999999999996
0.277364002689757
0.49476090383038607
-0.8764551361938455
-0.24309710475272114
0.0
-0.22046528451496517
0.0
-0.46356238926768634
-0.46356238926768634
0.6152123006234056
-0.285189283983856
0.0
-0.285189283983856
0.2247057313427694
0.39999999999999997
0.287253160510232
0.5330634414711446
-0.7614228693404729
-0.21872112570282023
0.0
-0.247478010215948
0.0
-0.46619913591876827
-0.46619913591876827
0.6110778180055131
-0.28488395073329653
0.0
-0.28488395073329653
0.2250139793220198
0.6
0.3055848226861121
0.5725263504523718
-0.5040986246951357
-0.15404488884377598
0.0
-0.26703006549592007
0.0
-0.42107495433969605
-0.42107495433969605
0.5944402585020595
-0.2503039047064318
0.0
-0.2503039047064318
0.1994837341156166
0.8
0.35064015605625026
0.615740810078896
0.11718094189528816
0.04108834375298223
0.0
-0.2585784268459999
0.0
-0.21749008309301768
-0.21749008309301768
0.5385190676109862
-0.1171225567618878
0.0
-0.1171225567618878
0.09459894327177361
1.0
0.48493331325835193
0.6700692906154495
0.8825326844057798
0.42796949870768225
0.0
-0.15171620540411432
0.0
0.27625329330356796
0.27625329330356796
0.4102388118381472
0.11332982281123091
0.0
0.11332982281123091
-0.09283147141167006
0.8
0.7278784356598037
0.667412677825869
0.9875598483978946
0.7188235175722923
0.0
0.19340993686527908
0.0
0.9122334544375714
0.9122334544375714
0.26949011020175767
0.2458378941661112
0.0
0.2458378941661112
-0.20236180026496794
0.6000000000000001
0.8914079804539197
0.6495365291740653
0.9944680307651685
0.8864767389303654
0.0
0.5957614039344685
0.0
1.482238142864834
1.482238142864834
0.17324024581635528
0.2567833002282818
0.0
0.2567833002282818
-0.21171286456831015
0.4000000000000001
0.9527218568779616
0.6144952576478487
0.9884227374817706
0.9416919458340305
0.0
0.9126250205896802
0.0
1.8543169664237107
1.8543169664237107
0.12743110282471876
0.23629765601796043
0.0
0.23629765601796043
-0.1950514156784102
0.20000000000000007
0.9731416799129955
0.5777667324913242
0.9660467289991675
0.9401003367327042
0.0
1.080473279134782
0.0
2.020573615867486
2.020573615867486
0.1142600168099932
0.2308707753148477
0.0
0.2308707753148477
-0.19113899757826136
5.551115123125783E-17
0.9771956551129133
0.5368501826121066
0.9072939376643933
0.8866036937959315
0.0
1.083007474708617
0.0
1.9696111685045485
1.9696111685045485
0.11945117510974956
0.23527236858715528
0.0
0.23527236858715528
-0.1868786171814873
-0.19999999999999996
0.9736807855980465
0.4980202668562521
0.8126161260336395
0.7912287079860753
0.0
0.9835771364069544
0.0
1.7748058443930297
1.7748058443930297
0.14440273682013618
0.25628682125472624
0.0
0.25628682125472624
-0.2008159850206641
-0.39999999999999997
0.9608131097521987
0.4608581058574069
0.6777220467978478
0.6511642273314653
0.0
0.8200111717760856
0.0
1.471175399107551
1.471175399107551
0.18795537405824803
0.27651532244455207
0.0
0.27651532244455207
-0.21729265237988754
-0.6
0.9300261101303767
0.4248340951549075
0.4691054376081745
0.43628030537973866
0.0
0.6255080162112554
0.0
1.061788321590994
1.061788321590994
0.25885660988634707
0.27485092534395916
0.0
0.27485092534395916
-0.21801884765652796
-0.8
0.8529615883083078
0.38730677641581573
0.05046668185775516
0.043046141114040905
0.0
0.409656224948242
0.0
0.4527023660622829
0.4527023660622829
0.39050850028698925
0.17678412204735372
0.0
0.17678412204735372
-0.14199560824045507
-1.0
0.6225139849136977
0.3382985284144701
-0.770930221746247
-0.4799148444296568
0.0
0.15462274737988788
0.0
-0.3252920970497689
-0.3252920970497689
0.5839317379436945
-0.1899483795696205
0.0
-0.1899483795696205
0.15537897942616008
-0.8
0.2330587542225822
0.32011284718116156
-0.9955059195206198
-0.23201136942468184
0.0
-0.10601243688909154
0.0
-0.3380238063137734
-0.3380238063137734
0.5889566619134481
-0.19908137261383788
0.0
-0.19908137261383788
0.1641306294097249
-0.6000000000000001
0.24794270235830926
0.35429274078617884
-0.9899111255466421
-0.24544123956258998
0.0
-0.119786010218154
0.0
-0.36522724978074395
-0.36522724978074395
0.5952267353328142
-0.2173930235415745
0.0
-0.2173930235415745
0.18008137058278148
-0.4000000000000001
0.2538181624020213
0.3878370493536677
-0.9809762187523243
-0.24898958120379824
0.0
-0.14163711180027028
0.0
-0.3906266930040685
-0.3906266930040685
0.6009340963997687
-0.23474089879002974
0.0
-0.23474089879002974
0.19528077477919262
-0.20000000000000007
0.2609450798416247
0.4227067426713882
-0.964296454948359
-0.2516284154274952
0.0
-0.16539010229869658
0.0
-0.4170185177261918
-0.4170185177261918
0.6072016735956828
-0.2532143418837346
0.0
-0.2532143418837346
0.21234764807160983
-5.551115123125783E-17
0.2670157771459917
0.4584004158235441
-0.9341708675557121
-0.24943836018753374
0.0
-0.1910834435717047
0.0
-0.44052180375923844
-0.44052180375923844
0.6136058079296002
-0.2703067373062923
0.0
-0.2703067373062923
0.21764150040459573
0.19999999999999996
0.2741800532346907
0.49500542257342767
-0.8771348601791921
-0.24049288265793387
0.0
-0.21828791957635216
0.0
-0.458780802234286
-0.458780802234286
0.6154893749120263
-0.28237470918881863
0.0
-0.28237470918881863
0.22460259659522278
0.39999999999999997
0.28435023185715047
0.5323302786345789
-0.762798581313058
-0.21690195345667349
0.0
-0.24457221986545857
0.0
-0.46147417332213203
-0.46147417332213203
0.611470978979195
-0.2821780645348988
0.0
-0.2821780645348988
0.22502780526626484
0.6
0.303035562665841
0.5708356338111886
-0.5071447524231473
-0.15368289540357705
0.0
-0.2635469334922557
0.0
-0.41722982889583277
-0.41722982889583277
0.5950144689044157
-0.24825778505153415
0.0
-0.24825778505153415
0.1997773136230127
0.8
0.3486854143070535
0.6130484115476935
0.11135072115908867
0.038826372340746027
0.0
-0.25513105845813644
0.0
-0.2163046861173904
-0.2163046861173904
0.5393015199758536
-0.11665344600100856
0.0
-0.11665344600100856
0.09513856089896555
1.0
0.4851697406938088
0.666229825752351
0.881243530208774
0.42755269503948756
0.0
-0.14999427324379883
0.0
0.27755842179568874
0.27755842179568874
0.4097361005453821
0.1137257054200959
0.0
0.1137257054200959
-0.09407140963050875
0.8
0.7337757663546156
0.6632828564518822
0.9878429654749721
0.7248552290294137
0.0
0.19292478602124616
0.0
0.9177800150506599
0.9177800150506599
0.26675339674993315
0.2448209364839683
0.0
0.2448209364839683
-0.2035157768647603
0.6000000000000001
0.8978723624128518
0.6439052166607272
0.994605413853761
0.8930287126054886
0.0
0.594082025947555
0.0
1.4871107385530435
1.4871107385530435
0.17046901197663564
0.25350629830098226
0.0
0.25350629830098226
-0.21106009203755854
0.4000000000000001
0.9566709057479554
0.6068222458758022
0.988384119976275
0.9455583312845988
0.0
0.9040805483259003
0.0
1.8496388796104992
1.8496388796104992
0.1259387251404515
0.23294116246835936
0.0
0.23294116246835936
-0.19414719893783247
0.20000000000000007
0.9752454269106607
0.5688163568889381
0.9656099101361968
0.94170664903994
0.0
1.0602384000423535
0.0
2.0019450490822934
2.0019450490822934
0.11396996727387264
0.22816161172800034
0.0
0.22816161172800034
-0.19084056282872003
5.551115123125783E-17
0.978694665324688
0.5284449854010084
0.9076480734432882
0.8883103274711768
0.0
1.056797293901671
0.0
1.9451076213728478
1.9451076213728478
0.12010491594595746
0.23361698737082712
0.0
0.23361698737082712
-0.18742112663645824
-0.19999999999999996
0.9750165176422966
0.4909764277551432
0.8147600538965081
0.7944045104642232
0.0
0.9576745627979203
0.0
1.7520790732621436
1.7520790732621436
0.14514674334770297
0.25430857157166165
0.0
0.25430857157166165
-0.2011594761233186
-0.39999999999999997
0.9624627748334478
0.45574841330745874
0.6807448779180636
0.6551916041546761
0.0
0.800584754745274
0.0
1.4557763588999502
1.4557763588999502
0.18812561235470518
0.27386881896955617
0.0
0.27386881896955617
-0.21717814603641877
-0.6
0.9326102585207838
0.4220236744375248
0.4711179313614437
0.4393694157607729
0.0
0.6149193615970581
0.0
1.0542887773578309
1.0542887773578309
0.2582041679643285
0.2722217565518079
0.0
0.2722217565518079
-0.21785126722252288
-0.8
0.8569534302241094
0.3871994594090161
0.05290050982459312
0.045333273354789275
0.0
0.4067178901217594
0.0
0.45205116347654867
0.45205116347654867
0.38927636505352603
0.17597283373636813
0.0
0.17597283373636813
-0.14257375108343284
-1.0
0.6253316136939128
0.34136544666109303
-0.7682055958236811
-0.48038324488511625
0.0
0.1557536997541789
0.0
-0.32462954513093734
-0.32462954513093734
0.5840264626561231
-0.1895922449164876
0.0
-0.1895922449164876
0.15641753282078175
-0.8
0.22799174251497273
0.3242699031530473
-0.9956163419764875
-0.22699230468360238
0.0
-0.10715609360269618
0.0
-0.33414839828629855
-0.33414839828629855
0.5888455490859871
-0.19676179706509858
0.0
-0.19676179706509858
0.16359951770791425
-0.6000000000000001
0.24445848339233334
0.3580668976907719
-0.9899069564012616
-0.24199115326137305
0.0
-0.11967850905319727
0.0
-0.3616696623145703
-0.3616696623145703
0.5952645833735771
-0.21528914085654502
0.0
-0.21528914085654502
0.1798488226084175
-0.4000000000000001
0.2502531610104956
0.3908452552211518
-0.9810670588228694
-0.2455151326336929
0.0
-0.14134901194242458
0.0
-0.3868641445761175
-0.3868641445761175
0.6010249904043301
-0.2325150187816404
0.0
-0.2325150187816404
0.195055233222538
-0.20000000000000007
0.2575149964104923
0.4248938361717383
-0.9644284397923725
-0.2483547862113095
0.0
-0.16461082051961134
0.0
-0.41296560673092086
-0.41296560673092086
0.6072753831656418
-0.2507838470617517
0.0
-0.2507838470617517
0.21205946151847374
-5.551115123125783E-17
0.26381135305419956
0.45962053148842014
-0.9344656968380092
-0.24652265986557065
0.0
-0.18971949199174556
0.0
-0.4362421518573162
-0.4362421518573162
0.6138085573228752
-0.2677691658749659
0.0
-0.2677691658749659
0.21749331560248827
0.19999999999999996
0.2712293124479667
0.49523119865587095
-0.8777391092051218
-0.23806857509839596
0.0
-0.2162448247576572
0.0
-0.4543133998560531
-0.4543133998560531
0.6157823495442063
-0.27975817279277687
0.0
-0.27975817279277687
0.2245243890196618
0.39999999999999997
0.2816913617827973
0.5315848910440715
-0.7640707554771443
-0.2152321316087675
0.0
-0.2418360442940213
0.0
-0.4570681759027888
-0.4570681759027888
0.6118687248113457
-0.27966572194148726
0.0
-0.27966572194148726
0.22506310649888855
0.6
0.30073869128447245
0.5691378572966529
-0.5100455489340637
-0.15339043088190069
0.0
-0.26025638342282553
0.0
-0.4136468143047262
-0.4136468143047262
0.5955760558603498
-0.24635813818280736
0.0
-0.24635813818280736
0.200075055022781
0.8
0.3469813406241413
0.6103562454493131
0.10568104367708063
0.03666935021363187
0.0
-0.2518587776141601
0.0
-0.2151894274005282
-0.2151894274005282
0.5400415179270288
-0.11621122501522942
0.0
-0.11621122501522942
0.09565304389575065
1.0
0.48558590339134483
0.6623993798036831
0.8799458688127196
0.4272893096429063
0.0
-0.1483355238618767
0.0
0.2789537857810296
0.2789537857810296
0.4091792720002294
0.11414210698758963
0.0
0.11414210698758963
-0.09529520168732192
0.8
0.7395431961465799
0.6591673397249318
0.9881038361501768
0.7307454691111983
0.0
0.1925003484594581
0.0
0.9232458175706564
0.9232458175706564
0.2640514914319394
0.24378443508783207
0.0
0.24378443508783207
-0.20455282416929757
0.6000000000000001
0.9038474361418785
0.6382670784798249
0.9947221229713556
0.8990770405212661
0.0
0.5922875892679271
0.0
1.4913646297891932
1.4913646297891932
0.16785806818922286
0.2503375857221495
0.0
0.2503375857221495
-0.210361821289049
0.4000000000000001
0.96015639466704
0.5992117097033938
0.9883209318139607
0.9489426626644619
0.0
0.8951957536385653
0.0
1.8441384163030272
1.8441384163030272
0.12462568975042662
0.22982702212702416
0.0
0.22982702212702416
-0.1933192511173017
0.20000000000000007
0.9770560509714851
0.5600249032930023
0.9651611360764939
0.9430165281660513
0.0
1.0398857731696365
0.0
1.9829023013356877
1.9829023013356877
0.1138023297891928
0.2256589016363533
0.0
0.2256589016363533
-0.1905519168014599
5.551115123125783E-17
0.9799765050627648
0.5203519105490083
0.908053982121918
0.8898715678081636
0.0
1.03131820003709
0.0
1.9211897678452536
1.9211897678452536
0.12081742154743458
0.23211319405437797
0.0
0.23211319405437797
-0.18797290638840325
-0.19999999999999996
0.9761673843376365
0.484297450905407
0.8168156790231388
0.7973488248779879
0.0
0.9331144889246635
0.0
1.7304633138026513
1.7304633138026513
0.1458787909919195
0.2524378960734014
0.0
0.2524378960734014
-0.20147740808034031
-0.39999999999999997
0.9639140535579779
0.450950649545436
0.6834497244409616
0.6587867942889704
0.0
0.7824332178403701
0.0
1.4412200121293406
1.4412200121293406
0.18828251856733771
0.27135653369336127
0.0
0.27135653369336127
-0.21705005790246704
-0.6
0.9349176751041709
0.4194184759299632
0.4727708890065247
0.4420018604069121
0.0
0.6050628296112456
0.0
1.0470646900181577
1.0470646900181577
0.2575941662617449
0.2697177558473397
0.0
0.2697177558473397
-0.2176678156938273
-0.8
0.8605339139401867
0.387179280807537
0.054926916937919235
0.047266474813255174
0.0
0.40397255066021853
0.0
0.4512390254734737
0.4512390254734737
0.38813017836933933
0.1751394834442262
0.0
0.1751394834442262
-0.14307222381887347
-1.0
0.6277511401389138
0.3444221437107941
-0.7656785752164852
-0.4806555985720876
0.0
0.1568305652279642
0.0
-0.3238250333441234
-0.3238250333441234
0.5840730362249831
-0.18913747043095852
0.0
-0.18913747043095852
0.15731407550005766
-0.8
0.22318617890230105
0.3284330920125118
-0.9957075498458166
-0.22222816335426027
0.0
-0.1082500606619854
0.0
-0.33047822401624566
-0.33047822401624566
0.588771390830757
-0.19457612359332344
0.0
-0.19457612359332344
0.16309220039720124
-0.6000000000000001
0.24111968810501688
0.3617950689305283
-0.9898913869949403
-0.23868230249006256
0.0
-0.11960073345423484
0.0
-0.3582830359442974
-0.3582830359442974
0.5953227542913084
-0.213294043774211
0.0
-0.213294043774211
0.17961779658005217
-0.4000000000000001
0.24686787099103866
0.393807949368857
-0.9811314554136714
-0.24220983356031223
0.0
-0.14109052513031137
0.0
-0.3833003586906236
-0.3833003586906236
0.6011378337181802
-0.23041634728668292
0.0
-0.23041634728668292
0.1948417393903859
-0.20000000000000007
0.25428119274158667
0.4270338591990506
-0.9645284709406124
-0.24526145002399774
0.0
-0.1638873002612118
0.0
-0.40914875028520953
-0.40914875028520953
0.6073792176372033
-0.24850844784547002
0.0
-0.24850844784547002
0.2117960103872741
-5.551115123125783E-17
0.26081113351906177
0.4608039237601405
-0.934712295605387
-0.24378337333104533
0.0
-0.18844054574384658
0.0
-0.4322239190748919
-0.4322239190748919
0.6140329965804806
-0.265399748223315
0.0
-0.265399748223315
0.21736826463072986
0.19999999999999996
0.268490803560072
0.49543223647638995
-0.8782754798062616
-0.23580888932029095
0.0
-0.21432090535790665
0.0
-0.4501297946781976
-0.4501297946781976
0.6160912701958133
-0.2773210369562714
0.0
-0.2773210369562714
0.22447012377313943
0.39999999999999997
0.27925192250959907
0.530824246078904
-0.7652489318658734
-0.21369723542196234
0.0
-0.2392515182904844
0.0
-0.45294875371244675
-0.45294875371244675
0.612274605431001
-0.27732901945975197
0.0
-0.27732901945975197
0.2251186105715117
0.6
0.29866623517476526
0.5674329349756257
-0.5128115335162216
-0.15315949006948784
0.0
-0.25713888214212866
0.0
-0.41029837221161647
-0.41029837221161647
0.5961327493390784
-0.24459229667585947
0.0
-0.24459229667585947
0.2003771616323221
0.8
0.3454973345967895
0.6076671925475894
0.10016602485922597
0.03460709460601833
0.0
-0.24874464372375438
0.0
-0.21413754911773605
-0.21413754911773605
0.5407536005415636
-0.1157956506965617
0.0
-0.1157956506965617
0.09614574476236866
1.0
0.4861518170377134
0.6585849089705742
0.8786424550569671
0.42715362605242196
0.0
-0.14673498379643
0.0
0.280418642255992
0.280418642255992
0.40859128497897573
0.11457661337143547
0.0
0.11457661337143547
-0.0965032562140824
0.8
0.7451663564348137
0.6550779335921574
0.9883451184941271
0.7364815308484028
0.0
0.19212526298564203
0.0
0.9286067938340449
0.9286067938340449
0.26140130929861427
0.2427390317318077
0.0
0.2427390317318077
-0.20548740657689052
0.6000000000000001
0.9093647420289303
0.63264609581824
0.9948212803716415
0.9046553969900479
0.0
0.5903860046187306
0.0
1.4950414016087785
1.4950414016087785
0.1654048937458082
0.24728716417868415
0.0
0.24728716417868415
-0.20963677277865783
0.4000000000000001
0.9632375086385714
0.5917016340822765
0.9882380222185678
0.9519079304637225
0.0
0.886065086269839
0.0
1.8379730167335615
1.8379730167335615
0.12347312658908281
0.22694027496246147
0.0
0.22694027496246147
-0.19256714546519574
0.20000000000000007
0.9786332034010671
0.5514871395194268
0.9647224365466658
0.9441094084705463
0.0
1.0197884467158669
0.0
1.963897855186413
1.963897855186413
0.11373364294144979
0.22336125743525057
0.0
0.22336125743525057
-0.19029473684989354
5.551115123125783E-17
0.9810874058161663
0.5126250125204997
0.9084786873688243
0.8912969986299558
0.0
1.0068285612658048
0.0
1.8981255598957607
1.8981255598957607
0.12154440617106708
0.23070654401565446
0.0
0.23070654401565446
-0.18850535179408687
-0.19999999999999996
0.9771765967879831
0.47800884893340795
0.8187227153492127
0.8000366766979603
0.0
0.9100245479790817
0.0
1.710061224677042
1.710061224677042
0.14656540429618328
0.250635814766017
0.0
0.250635814766017
-0.20175514354080026
-0.39999999999999997
0.9652132985633582
0.44647537524290537
0.6858020544495538
0.6619452631367816
0.0
0.7655812967439012
0.0
1.4275265598806828
1.4275265598806828
0.18840253438591506
0.26894962178472737
0.0
0.26894962178472737
-0.2169040744847519
-0.6
0.9370061969015314
0.4170261387035178
0.47406575925510325
0.44420255416086124
0.0
0.5959417376459237
0.0
1.040144291806785
1.040144291806785
0.2570021561766401
0.267319325729168
0.0
0.267319325729168
-0.21747091931865656
-0.8
0.8637816619401706
0.3872528755618382
0.056588159934884356
0.04887981483469059
0.0
0.40143655536814354
0.0
0.4503163702028341
0.4503163702028341
0.3870422750359329
0.1742914724092283
0.0
0.1742914724092283
-0.14350595894494947
-1.0
0.6298535119083031
0.34746753965914323
-0.7633180555030399
-0.4807785579616067
0.0
0.1578666788965299
0.0
-0.3229118790650768
-0.3229118790650768
0.5840666649971272
-0.18860206429349508
0.0
-0.18860206429349508
0.15809137281828153
-0.8
0.21862668494677337
0.3325810590788977
-0.9957828711837168
-0.21770470805367587
0.0
-0.10929700412171856
0.0
-0.3270017121753944
-0.3270017121753944
0.588718432032185
-0.19251193526373805
0.0
-0.19251193526373805
0.16261200667391526
-0.6000000000000001
0.23791738668317539
0.36546416678714033
-0.9898666205338255
-0.23550647952231418
0.0
-0.11954687030371283
0.0
-0.355053349826027
-0.355053349826027
0.5953890656458397
-0.21139488220734368
0.0
-0.21139488220734368
0.17939112004326707
-0.4000000000000001
0.2436480369141567
0.3967146085865636
-0.9811734641620239
-0.23906098841533982
0.0
-0.1408543088369158
0.0
-0.3799152972522556
-0.3799152972522556
0.6012626528595713
-0.22842887948782378
0.0
-0.22842887948782378
0.19464121795926229
-0.20000000000000007
0.25122347819629026
0.429119786606825
-0.9646012393889056
-0.2423304784317333
0.0
-0.1632092224263288
0.0
-0.4055397008580621
-0.4055397008580621
0.6075043591706195
-0.24636713608802177
0.0
-0.24636713608802177
0.2115565094625645
-5.551115123125783E-17
0.2579904541899923
0.4619467813805057
-0.9349173994870507
-0.24119976452379066
0.0
-0.1872331957813729
0.0
-0.42843296030516353
-0.42843296030516353
0.6142733363377374
-0.2631749439237062
0.0
-0.2631749439237062
0.2172643620300287
0.19999999999999996
0.2659352961847482
0.49560782622104527
-0.8787525623829703
-0.23369132295042164
0.0
-0.21249920836114325
0.0
-0.4461905313115649
-0.4461905313115649
0.6164131173559758
-0.27503769634048086
0.0
-0.27503769634048086
0.22443644983966118
0.39999999999999997
0.27699828916024993
0.5300507853572141
-0.7663426101431217
-0.2122755919202451
0.0
-0.23679838071123038
0.0
-0.44907397263147547
-0.44907397263147547
0.6126885077067207
-0.27514246214150745
0.0
-0.27514246214150745
0.2251904532827406
0.6
0.2967804311992472
0.5657262578803306
-0.5154505898589287
-0.15297564832023916
0.0
-0.2541721178524583
0.0
-0.40714776617269743
-0.40714776617269743
0.596688185904814
-0.24294026199278423
0.0
-0.24294026199278423
0.20068130297398054
0.8
0.34419224841719
0.6049890663786908
0.09480458098845088
0.03263100189066449
0.0
-0.24576845658225954
0.0
-0.21313745469159506
-0.21313745469159506
0.5414482599103833
-0.11540290396449229
0.0
-0.11540290396449229
0.09661903976019179
1.0
0.4868282248503407
0.654796300205233
0.8773363589758363
0.4271121022368677
0.0
-0.14518527678037182
0.0
0.28192682545649583
0.28192682545649583
0.4079916812571914
0.11502379950949848
0.0
0.11502379950949848
-0.09769551322941192
0.8
0.7506356613798008
0.6510248571218821
0.9885693926541607
0.7420554398747838
0.0
0.1917842467961045
0.0
0.9338396866708883
0.9338396866708883
0.2588140567076803
0.24169083762192173
0.0
0.24169083762192173
-0.20633500634066945
0.6000000000000001
0.9144657156822406
0.6270591105646249
0.9949059581059938
0.9098073890159228
0.0
0.5883803075796619
0.0
1.4981876965955847
1.4981876965955847
0.16310095292070712
0.2443558409688191
0.0
0.2443558409688191
-0.20890037111303433
0.4000000000000001
0.9659736612916607
0.5843145905141118
0.9881400272054883
0.9545172399485268
0.0
0.8767623411305175
0.0
1.8312795810790443
1.8312795810790443
0.12245985152505026
0.224258225599796
0.0
0.224258225599796
-0.191887167573672
0.20000000000000007
0.980023242413739
0.5432496736851182
0.9643052848339551
0.9450415919196767
0.0
1.0001607724344532
0.0
1.94520236435413
1.94520236435413
0.11374097247963319
0.22124920859132052
0.0
0.22124920859132052
-0.19007816157660418
5.551115123125783E-17
0.9820640826994803
0.5052805201993307
0.9089004910294312
0.8925985269879255
0.0
0.9834470364136115
0.0
1.876045563401537
1.876045563401537
0.12225632470546861
0.22935843556147212
0.0
0.22935843556147212
-0.18900270069067426
-0.19999999999999996
0.9780777969089237
0.47210457103498554
0.8204540320786153
0.8024678721604955
0.0
0.8884060678836655
0.0
1.690873940044161
1.690873940044161
0.1471880525325988
0.2488764423132223
0.0
0.2488764423132223
-0.20198698817276714
-0.39999999999999997
0.966396884299927
0.4423087973040617
0.6878062857160562
0.6646938515179021
0.0
0.7499689593511818
0.0
1.4146628108690837
1.4146628108690837
0.18847372174607574
0.26662676498026106
0.0
0.26662676498026106
-0.21673963007938182
-0.6
0.9389238853625879
0.4148354362124873
0.4750328226519462
0.4460196635191225
0.0
0.5875118151582943
0.0
1.0335314786774168
1.0335314786774168
0.2564128484453803
0.2650107504056423
0.0
0.2650107504056423
-0.21726388736680474
-0.8
0.8667677896287834
0.38741316188163505
0.05794298249882721
0.05022311086500775
0.0
0.39910306968439735
0.0
0.4493261805494051
0.4493261805494051
0.3859927426035118
0.1734366447538256
0.0
0.1734366447538256
-0.143889581475347
-1.0
0.631720351065405
0.35049419904657075
-0.7610887243828154
-0.4807952361590334
0.0
0.15887088583295
0.0
-0.3219243503260834
-0.3219243503260834
0.5840107691444371
-0.18800728744025919
0.0
-0.18800728744025919
0.15877472133870085
-0.8
0.2142925986091183
0.3366950734774048
-0.9958455863098644
-0.21340233850376186
0.0
-0.1103011001532586
0.0
-0.32370343865702045
-0.32370343865702045
0.5886752702116507
-0.190556209219862
0.0
-0.190556209219862
0.1621601965741379
-0.6000000000000001
0.23484223295806264
0.3690645589230904
-0.989834777701222
-0.23245500945490252
0.0
-0.1195107790990796
0.0
-0.35196578855398214
-0.35196578855398214
0.5954549046298796
-0.20957975505639181
0.0
-0.20957975505639181
0.1791710028531847
-0.4000000000000001
0.2405778946324515
0.39955833580350514
-0.9811972768627503
-0.23605437508673507
0.0
-0.14063387912791916
0.0
-0.37668825421465424
-0.37668825421465424
0.6013915924907057
-0.22653714907469472
0.0
-0.22653714907469472
0.19445361828337665
-0.20000000000000007
0.24832080342551388
0.4311483925659414
-0.9646516336662598
-0.23954306869774014
0.0
-0.16256732049628167
0.0
-0.4021103891940218
-0.4021103891940218
0.60764283885788
-0.24433949842410238
0.0
-0.24433949842410238
0.21133868347524407
