0.0
2.3527313035024664E-4
5.869177151577507E-4
9.978674451627902E-4
0.0014404001672127364
0.0019009361705099397
0.0018667799803163015
0.0016035281980400606
0.0012354415328289592
8.213622950962006E-4
3.8898107326171976E-4
-4.864843190247518E-5
-4.8531266904796477E-4
-9.179919106625132E-4
-0.0013451605184855485
-0.0017659949434330367
-0.0017565516508095587
-0.0015322890060820813
-0.0012000000691317707
-8.114640344518401E-4
-3.9209165768517006E-4
4.5546039298197875E-5
4.95165082130204E-4
9.535638891085625E-4
0.0014190505359430317
0.0018906706698771517
0.0018619337964845158
0.0016012519535181444
0.001234373536127979
8.208608072770152E-4
3.8874520304409187E-4
-4.8759602047395E-5
-4.8536518476179514E-4
-9.180167771167843E-4
-0.0013451723210580766
-0.0017660005588336978
-0.0017565543750502415
-0.0015322903333207076
-0.001200000716333552
-8.114643497917142E-4
-3.920918110785112E-4
4.5545964834359067E-5
4.951650460633213E-4
9.535638716803006E-4
0.001419050527541415
0.0018906706658367153
0.0018619337945769295
0.001601251952622118
0.0012343735357075623
8.208608070796024E-4
3.887452029512403E-4
-4.875960209115787E-5
-4.853651847824682E-4
-9.180167771265735E-4
-0.0013451723210627224
-0.001766000558835908
-0.0017565543750513132
-0.0015322903333212295
-0.0012000007163338066
-8.114643497918381E-4
-3.920918110785714E-4
4.554596483432993E-5
4.951650460633071E-4
9.53563871680294E-4
0.0014190505275414119
0.0018906706658367138
0.0018619337945769286
0.0016012519526221176
0.001234373535707562
8.208608070796023E-4
3.8874520295124025E-4
-4.8759602091157915E-5
-4.853651847824683E-4
-9.180167771265735E-4
-0.0013451723210627224
-0.001766000558835908
-0.0017565543750513132
-0.0015322903333212295
-0.0012000007163338066
-8.114643497918381E-4
-3.920918110785714E-4
4.554596483432993E-5
4.951650460633071E-4
9.53563871680294E-4
0.0014190505275414119
0.0018906706658367138
0.0018619337945769286
0.0016012519526221176
0.001234373535707562
8.208608070796023E-4
3.8874520295124025E-4
-4.8759602091157915E-5
-4.853651847824683E-4
-9.180167771265735E-4
-0.0013451723210627224
-0.001766000558835908
-0.0017565543750513132
-0.0015322903333212295
-0.0012000007163338066
-8.114643497918381E-4
2.6225019633581187E-4
-5.7130253588058914E-5
-0.0016572709229481183
-0.006869580541595865
-0.02027183060348179
-0.04638031269603674
-0.06995159909718239
-0.08093827047823932
-0.07619035926937937
-0.05894922597503594
-0.03377872870135427
-0.003804701374008772
0.029373319816582817
0.06484704388748322
0.1013422646983582
0.13573832301169625
0.1434290759960719
0.1356015991777033
0.1180330635460765
0.09402195675735467
0.0651632144758786
0.03177241643410125
-0.006679780744995619
-0.05093493294206983
-0.1009356400532224
-0.15397710160272723
-0.18637583132829327
-0.20333690952571087
-0.20926278059156847
-0.20770330294961606
-0.1995463348717237
-0.18152764077534464
-0.1482315911842152
-0.09537438752674168
-0.021322566281708897
0.07059099203293662
0.151775967042438
0.2135632993074928
0.24777156644221193
0.255992974718322
0.2451843682435523
0.21846425002376604
0.17543908939808764
0.11384900084173397
0.03232655669400399
-0.06407553460951824
-0.1462702593218536
-0.2065759275809158
-0.23952429945992126
-0.24830875905644448
-0.23993363377429133
-0.21702781884390782
-0.1782136640500544
-0.11940831549200501
-0.037026435973511476
0.06293558413185436
0.1464481164359748
0.2050496561700672
0.23558051184942017
0.24306997985214743
0.2355352812245632
0.215233057416813
0.17963743870883567
0.12293987392212263
0.03986551771578131
-0.061814701841694145
-0.1455542677641337
-0.20286803534069114
-0.23205342100538992
-0.2390867888991643
-0.23278184525513249
-0.21506041642301524
-0.1825368513461796
-0.12787367186440282
-0.043322875600869955
0.06246485619189827
0.14761910949176696
0.2037171377950719
0.23097766828844968
0.2365140594270729
0.23055388023627327
0.21459750707730416
0.18431628127839986
0.1310444743700093
0.04545574991867544
-0.061807811751120725
-0.14702407477265125
-0.20254315094393027
-0.2294889324604191
-0.23478526171302797
-0.2295648063607727
-0.21520044399524663
-0.18697010654363058
-0.13528531053748655
-0.048338700358842204
0.06302270564034984
0.1493345545999356
0.20361546554987944
0.22931420148774564
0.23329294111259874
0.2282299106037296
0.21516350825816344
0.18860939677209365
0.13791004735363951
0.049870917457722236
-0.06230877136806725
-0.1482161166542827
-0.20218751621357725
-0.22824142851121546
-0.2322839480030719
-0.2277443651141676
-0.2157375776578883
-0.19068024823682383
-0.14144989611154604
-0.052490452492414734
0.06369376667195174
0.15058331559433477
0.2032172013211959
0.22839540640499983
0.23124012527893406
0.22676302916180616
0.21585096105734516
0.19220269349657002
0.14371245409105746
0.05358759769198473
-0.0627763780990187
-0.14889069539076216
-0.20147656830026314
-0.22734728117233444
-0.23055378408471996
-0.22646965634546545
-0.21623770679783536
-0.19367239183593898
-0.1465867337446822
-0.05605479714949855
0.0642682856237921
0.15144153709520886
0.20259333724490325
0.22769859726625383
0.22975630133690886
0.225669443168945
0.21645927536507048
0.19518966391657697
0.1486653104963925
0.05680104086772591
-0.06311792747629544
-0.1491722395660001
-0.20056547019978516
-0.2265313811966683
-0.2292484064421061
-0.22547367821338776
-0.216628252456611
-0.1960797151610422
-0.15089919929936368
-0.05917273250071713
0.06474171835110135
0.15207588222518453
0.2019187748219191
0.22705374883483156
0.22861401979181448
0.22478117286305668
0.2169666614638154
0.1977022899864055
0.1529451720883168
0.05961479344732495
-0.06334546408499736
-0.14918552551047806
-0.1995773976031781
-0.22570234288852364
-0.22821013101231205
-0.2246453702995715
-0.2169090744148055
-0.19802382538632768
-0.15454861801981243
-0.06193506130464891
0.065155413270835
0.15261873837367215
0.201298323142467
0.2263999702944713
0.22770103855559148
0.22402363900416364
0.21738939235819205
0.1998557478142736
0.1566950157980625
0.062097329335285056
-0.06349498784889378
-0.14902285289708872
-0.198574273954791
-0.22483434944573705
-0.22734792027027376
-0.2239250336561061
-0.2170925577284275
-0.19960018100233684
-0.1576637087436372
-0.06441265031922334
0.06556069368960486
0.15317100209604828
0.2007838734810565
0.22571971564674245
0.22695174784779626
0.2233580149463382
0.2177520338209834
0.2017458590010123
0.1600334462025869
0.06429986674491836
-0.06360932580186589
-0.14875490103236283
-0.19758344719887427
-0.22392425554725057
-0.2265973427669177
-0.22327059193491236
-0.21718774630638224
-0.20088031855792382
-0.1603491415872894
-0.06666797677497797
0.06601306637379087
0.15381649320392268
0.20039986875210192
0.2250096528470519
0.2263227423644639
0.22276251045491968
0.21808125464069636
0.20345444351522338
0.1630619871409188
0.06626255678133505
-0.06373781752214551
-0.14844579820789505
-0.19661997759862584
-0.22297278148293703
-0.2259035332444241
-0.2226427012031846
-0.21719401092967638
-0.20191506626366776
-0.1626918603387326
-0.06876104767044872
0.06657445837358666
0.15463316235937674
0.20015679268576003
0.22426484947458136
0.22578249503373998
0.22222666234003557
0.2184072207058657
0.2050567683862914
0.16587193429035949
0.06801700899614033
-0.06394215295135962
-0.14816864120700782
-0.19570227096060583
-0.22197734852975565
-0.2252111950190343
-0.2219946046724811
-0.21709593056378138
-0.20273682567884635
-0.16476777355335134
-0.07075573834503064
0.06731752301986596
0.1556994594786142
0.2000542441390477
0.2234696185859218
0.2253071506072548
0.22175261025993465
0.21877001992728054
0.20663178625230735
0.16855313133966762
0.06958843960412006
-0.06430596666292825
-0.14802325971220304
-0.19486560050915736
-0.22093054045639288
-0.2244550770463084
-0.22126028985963223
-0.21685535838888514
-0.2033604778741208
-0.16665152663239366
-0.07273106560921765
0.06832915713711053
0.1570944208819087
0.20007513076706257
0.22259134426085098
0.22488074994555876
0.22136358344047788
0.2192328231247512
0.2082778987684476
0.17120733913282946
0.07099915376011408
-0.06494859181080967
-0.14815992519776797
-0.19417824698520814
-0.2198205213131592
-0.22354573038223852
-0.2203345334502233
-0.21639567779049002
-0.2037819565181135
-0.1684330792261612
-0.07480316737356808
0.0697100253099591
0.15888803984751595
0.20017072598210858
0.2215763176150189
0.22450195403901652
0.2211242866619332
0.21990703398775366
0.21013924483637259
0.1739698863070069
0.07227439485827823
-0.06604536572829944
-0.1488158434901253
-0.1937667901088071
-0.21863174568688923
-0.2223428378517922
-0.2190331900221342
-0.21556770566326844
-0.2039712536083976
-0.17024707681330686
-0.07716691649904173
0.07156563322070338
0.16111660766256
0.20023718122899825
0.22035124384117788
0.22420353671838747
0.22118313853124189
0.22099865654517598
0.21244933558126625
0.17704350800662416
0.073452381147888
-0.0678560901231722
-0.1503762485534225
-0.19386397698942986
-0.21734954206121346
-0.2206046745081639
-0.21701114476560848
-0.21407406948205782
-0.20385042241011994
-0.17232235775746538
-0.08016670018436764
0.07398524966451603
0.16373759183498465
0.20009122769217352
0.2188416550560682
0.22409224684565265
0.22184491994395455
0.22287755479462185
0.21558479043538095
0.18073631486741817
0.07461451812490602
-0.0707302419689558
-0.15345490856151126
-0.1948979373131311
-0.2159939440428193
-0.21792326116826305
-0.21362697652917656
-0.21133159680323838
-0.20324569480371707
-0.17504364783508292
-0.08436782540512842
0.07702114748585813
0.1665629333671139
0.19947230592582638
0.21702206897721732
0.22437577634322328
0.22358769867330872
0.22603576851512047
0.21996798055673733
0.18538315723648827
0.07601012697249107
-0.07483972025137954
-0.15876379860706394
-0.19753129735406583
-0.21476998278891624
-0.21387553308458163
-0.20804989265152557
-0.20654011224636548
-0.2019399513173143
-0.1789025024985027
-0.09032713709993583
0.08077385919499087
0.16920131586146314
0.1981329760189596
0.2149507920064869
0.22509336274854336
0.226386514109076
0.2301532620825684
0.2250518196018593
0.19054543697648427
0.07809181771509795
-0.07909707355093142
-0.16582790327781546
-0.20193890789497765
-0.21426393880478398
-0.20913421978354046
-0.20093266373895272
-0.20033442458740924
-0.20050301561546338
-0.18401080137631695
-0.09740389521277093
0.08570474524645869
0.17122513343393617
0.19611193928687912
0.21266148827234452
0.2254013027684631
0.22835503319987374
0.23287593038627388
0.22839541082220208
0.1941524586187108
0.08031427571097279
-0.08145041886528655
-0.17192783464905367
-0.20645435388161126
-0.21456075264488306
-0.20554972160500373
-0.19526684042484027
-0.19578866350238663
-0.20059399088802313
-0.1897545687004196
-0.10388017354231253
0.09210485448497589
0.1726894790231378
0.19398392799865544
0.21034663160611067
0.2247044273624935
0.2284049976507033
0.23329830621979983
0.2292831599669533
0.19548381831427927
0.08170950533936801
-0.08188926581259923
-0.17563428516670124
-0.20949993169172548
-0.21472321450642712
-0.20319150043416284
-0.19180834847095138
-0.19372053064188238
-0.20228570051990372
-0.19538642794120423
-0.10932823588286816
0.09917396278041242
0.17378822153183443
0.1921924986537049
0.2083246713504964
0.22358234535600346
0.2275328535479542
0.232635805786748
0.2289937469731741
0.19566774541499607
0.08250802684862828
-0.08152087428984707
-0.17777426238897134
-0.21127050511405845
-0.21439282704235188
-0.20136042598744247
-0.1895878122690273
-0.1930288037088654
-0.20459975194552313
-0.20041458995107203
-0.11394152723233955
0.10604166000539099
0.1744542178215167
0.1906930580715057
0.20661236702115518
0.22242666516499354
0.22643584054276455
0.23168131439394984
0.22836442780134003
0.1955227123956564
0.08311620038877009
-0.0810176898494307
-0.17926762301079988
-0.2123720325919065
-0.21371987536704753
-0.19978961724303562
-0.18800614763286244
-0.19296437577084957
-0.2069373506844605
-0.2046568283186534
-0.11784962433779006
0.11230733662832756
0.1746653202207597
0.18937339976579662
0.20512846896016218
0.22133660269065833
0.22534163898619938
0.23070880781592698
0.22769880531054215
0.19535908380599143
0.08371059956469533
-0.08062733923233424
-0.18054880516520058
-0.2131406509908387
-0.21285375951510177
-0.19841539185354579
-0.18682934514202726
-0.19321226424814983
-0.2090704674663038
-0.20811986573391858
-0.12115426558040561
0.11786503297360139
0.17450388524712576
0.18818929546383287
0.20382443716250992
0.22033676179942133
0.2243231667327623
0.22980679953747546
0.2270941217789265
0.19527012568231839
0.08433977500406947
-0.0804183514256545
-0.1817783378699129
-0.21371346722290288
-0.21187269273387085
-0.19721299761260355
-0.18595795018669797
-0.19364062033147275
-0.21093360589220653
-0.21088668222767853
-0.12395212825704094
0.12273490598248574
0.17407914258044027
0.18712846538431507
0.20267534444837276
0.21943280432775927
0.22340459880141733
0.22900303046867307
0.22657835379453747
0.19527515151764455
0.08500786153397055
-0.08039972562363461
-0.1830124976328316
-0.21414539139450142
-0.21081637820697385
-0.19616061910342833
-0.185335568545515
-0.1941832486964924
-0.21252178922356682
-0.21306011309424924
-0.12633067766469025
0.12698222471368695
0.17348464283971002
0.18618379013683137
0.201663755702731
0.21862149339367234
0.22259053747502028
0.22830252167175788
0.22615512443358665
0.19536967288858262
0.08570694831269693
-0.08056249131260403
-0.18427143271844043
-0.21446180617714863
-0.20970800047755545
-0.19523591720103645
-0.1849214263145813
-0.1947987601728294
-0.21385161591235424
-0.21473998159924645
-0.12836446459278486
0.13068302058622444
0.17278917841053618
0.1853461734276365
0.20077408563296006
0.21789482086974893
0.22187656906624897
0.22770083213909048
0.22581894175102282
0.19554199652850604
0.08642717150779818
-0.0808924771068727
-0.1855614820855231
-0.21467689416830998
-0.20856356369615148
-0.19441831588737582
-0.1846822215977059
-0.19545678586466123
-0.2149466623436928
-0.2160149534148336
-0.13011475622842855
0.13391036043492846
0.17204017035703909
0.18460462076445602
0.19999168543353651
0.21724292012330673
0.22125431584810032
0.22718958397958972
0.22556091738347026
0.1957788029323599
0.08715940836781676
-0.08137415733796946
-0.18688233872573307
-0.21479980391761283
-0.20739567796589736
-0.19369215521776992
-0.1845883689098197
-0.1961323045214155
-0.21583145222949005
-0.21696050795102234
-0.13163139083610825
0.13673008209661022
0.17126957103643078
0.18394773353092425
0.1993031530419196
0.2166559118466853
0.22071407988843195
0.22675897816753865
0.22537104480972098
0.19606703149770535
0.08789587587437175
-0.08199202410256343
-0.18823019430956173
-0.21483727271132086
-0.20621508829286597
-0.1930499595676086
-0.1846109301333462
-0.19680240629152299
-0.21652862156802236
-0.21763951796414946
-0.13295591476933702
0.1392014260257941
0.1704989873527441
0.18336497085349968
0.19869667998715557
0.216124770920569
0.22024608698095793
0.22639882746967033
0.22523898714635965
0.19639440308590236
0.08863026504715638
-0.08273134855323354
-0.1896002034423294
-0.2147953193000753
-0.20503108810809537
-0.19249512156935794
-0.18471925303981085
-0.19744444205282413
-0.21705767906282597
-0.21810396436870383
-0.13412521696733865
0.1413801937171853
0.16974322526422234
0.18284739050778873
0.1981621265162881
0.2156414457023863
0.21984084996928532
0.22609878203653655
0.22515415245238035
0.19674938343550238
0.08935779205725805
-0.08357876413100661
-0.19098883960419918
-0.21468047301912857
-0.20385129114800343
-0.19204271445238058
-0.18488033758992273
-0.19803581631868264
-0.2174349743493962
-0.2183970732529548
-0.13517475956531436
0.1433224757165796
0.16901231598767252
0.18238790042576775
0.1976908045428851
0.21519850467016075
0.21948904926887952
0.22584820084217616
0.2251055184957434
0.19712094756694723
0.09007513915012436
-0.08452263252009218
-0.192395664723552
-0.21450032815134326
-0.20268116195956767
-0.19171652523361277
-0.18506086898065308
-0.19855580771351145
-0.21767481285803728
-0.21855545618297975
-0.13614036270595767
0.14508693733104905
0.16831240693456762
0.18198108058316317
0.19727504607787777
0.2147886014360816
0.2191812839206119
0.22563605187127314
0.22508158035532003
0.1974983899678749
0.09078015548599211
-0.0855529468267076
-0.19382361007077833
-0.2142631226008787
-0.20152377969535623
-0.191539076902266
-0.18523273967448967
-0.19898985044439388
-0.2177918233379095
-0.21861096086544365
-0.13705733195514247
0.14673352650224172
0.16764597098592343
0.18162255747396017
0.1969076350628427
0.2144040807499761
0.21890800166151175
0.22545118318008983
0.22507077196456754
0.1978714236820241
0.09147119918402798
-0.08666038393843974
-0.19527665020041252
-0.21397614633224277
-0.2003803619038288
-0.19151025606985633
-0.185383026858885
-0.1993368003332384
-0.2178047235188879
-0.21859188569753846
-0.13795544820718847
0.14831627023392485
0.167011722133252
0.1813077829430747
0.1965811338291246
0.21403711059727554
0.21865988822988972
0.22528329128856903
0.22506273434075563
0.1982308849837502
0.09214609364385368
-0.08783412615719685
-0.19675373956493983
-0.21364295277744597
-0.19925203482632456
-0.1915784485105862
-0.18552686618045824
-0.19961742418149897
-0.21774036061605015
-0.2185229253375382
-0.13884933591634305
0.1498691066303584
0.16640471508668522
0.18103019211330212
0.19628724501152148
0.21368076160995259
0.21842897234091266
0.2251247903336202
0.22505065444432037
0.1985703735307601
0.0928010506528195
-0.08905887331045803
-0.19823958055836913
-0.213260161288915
-0.19814288441184177
-0.19163752622601873
-0.18571115018637988
-0.19987456929392097
-0.21763319478670798
-0.21842330323715053
-0.13972942871299437
0.15139087489359584
0.165817571545345
0.1807797511899807
0.19601686300489468
0.21333106551666056
0.2182103891715669
0.22497305629694614
0.22503390782477425
0.1988885349832184
0.09343072155782986
-0.09031373772921605
-0.19969884207025082
-0.21281704410805422
-0.19706280601361204
-0.19158793275317554
-0.185990431686334
-0.20015302972377827
-0.2175150300966537
-0.21830433734153534
-0.1405656802138838
0.15284566812497563
0.16524361752911268
0.1805441699734555
0.19576169706243024
0.21298879693518472
0.21800377348110872
0.224831193812492
0.22501856085863572
0.19919012443776618
0.09403043549269714
-0.09157658877149713
-0.2010850528321854
-0.2123020316289765
-0.19602703914854755
-0.19140703532792624
-0.18638697017106842
-0.20047130402263816
-0.21740191379308385
-0.21816966002458557
-0.14132652827733375
0.15418588760352314
0.1646804303085406
0.18031308500597326
0.1955166961438033
0.21265892352458818
0.2178126182585622
0.2247057313427694
0.2250139793220198
0.1994837341156166
0.09459894327177361
-0.09283147141167006
-0.20236180026496794
-0.21171286456831015
-0.1950514156784102
-0.19113899757826136
-0.1868786171814873
-0.2008159850206641
-0.21729265237988754
-0.21801884765652796
-0.14199560824045507
0.15537897942616008
0.1641306294097249
0.18008137058278148
0.19528077477919262
0.21234764807160983
0.21764150040459573
0.22460259659522278
0.22502780526626484
0.1997773136230127
0.09513856089896555
-0.09407140963050875
-0.2035157768647603
-0.21106009203755854
-0.19414719893783247
-0.19084056282872003
-0.18742112663645824
-0.2011594761233186
-0.21717814603641877
-0.21785126722252288
-0.14257375108343284
0.15641753282078175
0.16359951770791425
0.1798488226084175
0.195055233222538
0.21205946151847374
0.21749331560248827
0.2245243890196618
0.22506310649888855
0.200075055022781
0.09565304389575065
-0.09529520168732192
-0.20455282416929757
-0.210361821289049
-0.1933192511173017
-0.1905519168014599
-0.18797290638840325
-0.20147740808034031
-0.21705005790246704
-0.2176678156938273
-0.14307222381887347
0.15731407550005766
0.16309220039720124
0.17961779658005217
0.1948417393903859
0.2117960103872741
0.21736826463072986
0.22447012377313943
0.2251186105715117
0.2003771616323221
0.09614574476236866
-0.0965032562140824
-0.20548740657689052
-0.20963677277865783
-0.19256714546519574
-0.19029473684989354
-0.18850535179408687
-0.20175514354080026
-0.2169040744847519
-0.21747091931865656
-0.14350595894494947
0.15809137281828153
0.16261200667391526
0.17939112004326707
0.19464121795926229
0.2115565094625645
0.2172643620300287
0.22443644983966118
0.2251904532827406
0.20068130297398054
0.09661903976019179
-0.09769551322941192
-0.20633500634066945
-0.20890037111303433
-0.191887167573672
-0.19007816157660418
-0.18900270069067426
-0.20198698817276714
-0.21673963007938182
-0.21726388736680474
-0.143889581475347
0.15877472133870085
0.1621601965741379
0.1791710028531847
0.19445361828337665
0.21133868347524407
