0.5373934697496625
1.9980101119059857
1.0719399927873619
0.6942401251697278
-0.059335282203801076
0.6887975085821922
2.1964180180265718
6.905266410168973
-0.04832519874937698
-1.0605790741434873
-0.06413162310424725
-0.8295026502875891
-0.044659706016219894
0.37998447098634186
-1.304233277274676
-0.8851333365690569
0.8762572295072957
-0.10886727390954817
-0.6462626096594559
-2.3977180745290307
6.496495686745952
-0.04692770498784664
0.9602567359867619
-0.06994763535867687
0.7320106660957345
0.06280220869077388
-0.53710233873557
2.0065920976491785
1.168688543772593
-0.7094537528399628
-0.08274002663216797
0.8002003859573887
-2.180157107160511
6.936988799851748
0.059103252698238774
-1.0350546579370183
-0.17985167467654012
0.8350712182276615
0.08819770457369142
-0.4632713226286787
-1.6851641660842862
-1.129150674821864
-0.8015408448482754
-0.008440049786106494
-0.7222020145382374
2.257811862919473
6.739640228779632
0.06153578636882214
0.9864057304330417
0.12870946203377487
-0.7882757668573263
-0.09445190451850559
0.48446789360722203
1.7427140153375473
1.0850744771199088
0.7671921470870833
-0.01430243018032809
0.7223445675011582
2.247692848936464
6.78768615010295
-0.04881896513464911
-1.031848522555478
-0.014981040668237328
-0.8017113740810232
-0.09211144991087748
-0.5102437094080227
-1.8544454056745527
-1.220211320750668
-0.7287321906466658
0.06878610605665493
-0.7763330201614097
2.2052155622556766
6.894043685028562
0.055043070364515084
1.036997338919244
0.07331998885349755
-0.8210091559600763
-0.09264982968747726
-0.5517772564788418
2.0625596971206623
1.1873130220349282
-0.7020864034527409
-0.11270051112399579
0.8952563176819468
-2.1628778554753443
6.988316091078458
0.058865322137059306
-1.04508350825685
-0.20362985745706497
0.8464970132479792
0.09980465180052361
0.5665432383052265
2.06449986693172
1.2145508805939542
0.6796577847737947
-0.07267454713176753
0.7246525198714142
2.1678718119969207
6.967503392020692
-0.0549278533662978
-1.0578323252041801
-0.20330165350523413
-0.8465565832631013
0.050106254401590083
-0.4375047085841613
1.6494166231844651
0.9409482074381218
-0.7943853372423973
0.022220172824909522
0.6416800089765253
-2.296164478311773
6.685364391499238
0.05093045641855604
-0.9951457512380298
0.04168466734495994
0.7691191608581879
0.07004524778750679
-0.5351701360062949
-1.962508240336531
-1.2448277301400859
-0.7292903948318754
0.09196139486975405
-0.8841953512791391
2.168836363986389
6.931244104637011
0.06107162457798416
1.0342620517061136
0.20329520454192018
-0.8383222521530987
0.07118298958361374
-0.5409276847600977
-1.9902814406018265
-1.2293919022355555
-0.6937103640860797
0.10646344183499089
-0.8118654490580782
2.170124965065502
6.961138456848871
0.05378838032902209
1.056897093333228
0.0962530885990647
-0.8403894666224418
-0.009013758680276901
-0.555609782823086
-2.0358432053416142
-1.2819313749817494
-0.6858142199952044
0.10494596314657513
-0.797490658073176
2.1518169700177694
6.9692602789451
0.05827345193388606
1.0524753704161212
0.1761523013941605
-0.848542916075457
0.05849327624913209
0.5388595762794757
-1.9639396904381925
-1.16926542187043
0.7296956346912475
0.06821127751650752
-0.8260054568332891
-2.175256672317503
6.894159550226485
-0.05389658585307123
1.0499874438553336
0.16033838248513738
0.8359652713856747
-0.0676031929475632
0.53468005269234
1.8902910053455808
1.2679808380246067
0.7143945792754846
-0.06146182328853748
0.7428051218315881
2.187906561197556
6.904663216768218
-0.05147739735922217
-1.058007084844526
-0.09587005247487794
-0.8327137576654683
0.03219738780427739
-0.5015023578902627
1.8721667914232116
1.1125783158951659
-0.742303285637964
-0.027562236775853795
0.6977323126131326
-2.2284197882767756
6.848360491559125
0.06036873417040704
-1.0080063737804335
-0.1555568798870552
0.8095231030647227
-0.010324306101281877
-0.5498821110509778
2.0142525932806445
1.279468749246489
-0.7234497588814419
-0.10904711164164343
0.9403689310997958
-2.149742271188678
6.962516547684894
0.06314570376179042
-1.0377431287229326
-0.2556665647599951
0.8487274472785548
0.053125399936766154
-0.43692431141202553
1.6144629735925402
0.9978480388074044
-0.7943912318299624
0.023466359275806974
0.6422467675617636
-2.296797884446539
6.6877887210047176
0.051352052419773316
-0.9951013361905785
0.039189438957128765
0.7690900385298437
-0.03901910127070174
0.5565235778102651
2.013268201303605
1.2299654173557604
0.704498462236432
-0.08901137419189244
0.8304360989631162
2.158222100056798
6.943148578473574
-0.05312089452935961
-1.063754078030661
-0.16436037395044187
-0.8465050787871192
0.09054041104619631
0.4902277291203587
-1.7971129054930184
-1.0314648042615724
0.7547799480788902
-0.013998753826891273
-0.6222631564244417
-2.265271289814042
6.792902448334022
-0.05312602693725137
1.011842814858524
0.10403476007505466
0.7983904146074955
0.06450239427724722
-0.5140666968181996
-1.9043904623458112
-1.1632410712691668
-0.7331209163118774
0.06751533219434414
-0.7921417772102982
2.198314914524699
6.885291958212437
0.056961751885739764
1.0311416512656222
0.11496662931918185
-0.8227412040270043
-0.020936179854374612
-0.43442559711725304
-1.577216668327881
-1.0352169786304792
-0.8081427980502782
-0.046375429678768273
-0.6375346771475394
2.3150245300771433
6.681322703915089
0.05732236806808894
0.9702973823108149
0.06702801475563562
-0.76392058842296
0.01933102253512113
-0.5212544532188274
-1.955007598789675
-1.127099215099333
-0.7300397651784868
0.08165509747201528
-0.8397321586425903
2.1897349334360015
6.905575421976229
0.056672425869988385
1.0347170737003277
0.12902871495314291
-0.8277643543557989
-0.0752311230417607
-0.5568179683896962
-2.062158579692459
-1.2332358087459492
-0.6893471363477239
0.12375804585666922
-0.881770846325838
2.152838564985342
6.99767533262355
0.056488078851041325
1.0571357021362806
0.16676333573554805
-0.8508214040177899
-0.01348041395192126
-0.476622201925258
-1.7388258106746783
-1.1464596683723922
-0.7765144809483244
0.026582985200355777
-0.7602561194377473
2.236479856668366
6.7915982694961
0.05675920916429526
1.0115973493535426
0.0666710058135308
-0.7997505046523145
-0.05656879309513745
0.5312101688354852
-1.911382054022331
-1.1959140779510897
0.7267328410128145
0.03627147837073669
-0.7219676127192529
-2.2059228418100325
6.892331860888946
-0.05608382762574945
1.0344222746787017
0.183268159338851
0.8267617572110393
-0.07845631660939555
-0.5419998156097765
-2.032859629268603
-1.1627894747955618
-0.7084847225151483
0.12330656560581008
-0.9085566231212608
2.1514139499260723
6.94245795184039
0.05326439757265457
1.0597674987273078
0.10438859094070686
-0.8446148253161802
0.02074386921364882
-0.5022529773529806
-1.8929805498751269
-1.0771197170757456
-0.7541032292501649
0.04526522073222226
-0.7957039764785644
2.2209656226499654
6.859796279622089
0.05978220048506454
1.0107489730587278
0.16069030095483267
-0.8128308819951594
-0.08195472267335112
-0.5134527057685175
1.9162770277145524
1.1304296399435947
-0.7286587851053409
-0.051880600950531666
0.7416062230953437
-2.211391441048086
6.884846199619784
0.05858153512648509
-1.0215486339538522
-0.14329558815620014
0.8187139902302543
-0.017976826748835384
-0.5175077131567587
1.9116560145282167
1.174469540471593
-0.7357278100164275
-0.07428327234117665
0.8392303387142045
-2.200720409900895
6.913391626121677
0.05835224178397617
-1.0284560652912693
-0.14707485805898307
0.825042428452203
0.05395862943794527
-0.5517111897243324
-2.089915527648045
-1.1367057870655868
-0.6925779202563219
0.11557813138720051
-0.8551728127765732
2.1527012191999777
6.96040847969515
0.055248515707693256
1.055038230641817
0.1475366545841545
-0.846686039593552
-0.04711428074321114
0.5407686012005961
1.9397656036082633
1.2195557126081757
0.7121469852075001
-0.0911402996344112
0.8421701253815652
2.177902598118285
6.938442500336313
-0.04874446037261623
-1.0699060171597616
-0.07429993003432658
-0.8385219760865344
0.02340715401432028
0.506126067364517
1.7857172205984775
1.2165365074971695
0.7630553667507647
-0.029561200558640886
0.7676943878522022
2.2140589102768073
6.825807192403019
-0.05394475533255663
-1.0332707803782146
-0.11118216637625968
-0.8168875284247834
0.04975219172602055
-0.4623465451918493
1.7369194448995826
1.002915847939312
-0.7886549086506428
-0.013979210559222832
0.7770093331033696
-2.270192225618235
6.781605504525827
0.0552018063179083
-0.9983084875209831
-0.06276138858161348
0.7876475575891554
0.03383969174653162
0.4842694012751535
1.7311399723522884
1.0991118746305355
0.7712145497583393
-0.008674138474181033
0.7365258280032487
2.2597496738586984
6.805547437656653
-0.050788669046987665
-1.0222241513759593
-0.05984864941145159
-0.8002541852148756
0.045634335932241255
0.45871879809548655
-1.6230638729183249
-1.067572097991587
0.7878970539624908
-0.023338615527814455
-0.6553784653158516
-2.2891328626182146
6.727280146143799
-0.048922592092833804
1.0137830076810816
-0.011470605911267792
0.7838557879208765
-0.00807165698868155
-0.3049942301492874
0.9289540424631417
0.7895449045606504
-0.7736298075149848
0.2153939097605877
0.4878567597749494
-2.575617152504288
6.3093109695732865
0.015210416503811976
-0.8632290936515832
-0.059246183312795464
0.6512240477480036
0.013480550800016866
-0.31236756103932733
-1.0230855047636613
-0.8161330306214242
-0.8605927829576224
-0.1884964074333245
-0.5484541515808021
2.5169125803087304
6.337277559578509
0.03340926664487738
0.8940908058886039
-0.03775322115150493
-0.6723715251841884
-0.08515231781279914
-0.5198594166044508
1.9543271754790235
1.1176928179868277
-0.7292827658524379
-0.06244273487161532
0.7816268946175975
-2.1988444666662152
6.892840919084467
0.05917108110752316
-1.023885462429879
-0.1634468985309703
0.8238458106962843
0.07353346992787563
0.46468774297002186
-1.6216114726030155
-1.1340422947811062
0.815363324094347
-0.01700803177002019
-0.7672741235209077
-2.2757893442352812
6.741646152841518
-0.05461385253351531
1.0005783596392381
0.10043591353477675
0.7902269493514701
-0.09376853789650336
-0.5552536373227064
-2.045795282624544
-1.2660004335238597
-0.7100156828904696
0.10618279343379637
-0.8923852507847511
2.1462775836397405
6.962959386550648
0.06278018201254622
1.039807737560573
0.25526880604559965
-0.8501669092251386
0.001982304478833935
0.518911226958034
1.913995432708739
1.0721914582889451
0.7351810320927716
-0.05385091160313042
0.7850657431019741
2.2092214316067986
6.873463786190277
-0.04979603715857378
-1.0476002043645918
-0.07724262916681157
-0.8221580703440624
0.06886353274871274
0.5413032712436755
1.9296270751753892
1.2587335530190413
0.739535557504294
-0.07344217262244059
0.884213291962389
2.1752018175789933
6.920882314722883
-0.05654633622273595
-1.0456179475677152
-0.206663073855734
-0.839087251170127
-0.08451484384419944
-0.5381433048709959
1.9812196739989756
1.2330174690627853
-0.721230414661057
-0.08981855028666066
0.8582906298330674
-2.170861102900911
6.9393376429239995
0.06104205431147206
-1.0342144803724436
-0.20701805054797126
0.8386197983352294
-0.044396241496363925
0.5393503204206185
1.9464459910538776
1.1930378747101127
0.704704973924355
-0.056109363785337214
0.7206843691789139
2.198448070409082
6.926067725127238
-0.05232668353475387
-1.0516741189511
-0.1279221940173514
-0.8317134630889905
0.0506438071551972
-0.53541024105089
-2.0103605879495197
-1.1466313525795244
-0.7082385813624534
0.07394647131363462
-0.7684470331187796
2.185740196823212
6.929135771427243
0.05950613681823138
1.0312057336571074
0.18372031310660025
-0.8324677386507163
0.09062237281374183
0.5706986173942203
-2.0590114431814346
-1.2667236584973967
0.6932985066097226
0.08698891858034802
-0.826125406606808
-2.158789585494413
6.989661807451803
-0.057227246194728985
1.0555958361190148
0.25373747369206157
0.8520009801344774
0.08079270110182865
-0.25690182601212014
-0.627640451598964
-0.6517476680687584
-0.49669321718539416
-0.2387369651335683
-0.30075938800047125
2.7381454940737155
6.18096822669768
-0.02989611809662862
0.7948395279833512
0.075087209915711
-0.5795897545636902
0.025737540290958982
0.5279360492548473
-1.9041177223970769
-1.170386127211524
0.7185675975164613
0.06278999419737384
-0.7676346482350961
-2.203785789888083
6.91048952382176
-0.04953182782345424
1.056325401481069
0.07147502368899335
0.8276516526347667
0.060157939180840087
-0.5290314439227116
1.9138384011663685
1.2916436161593323
-0.7467592595350502
-0.08663348720251036
0.9096213396611954
-2.1667135679093157
6.908269042849125
0.06299565157666018
-1.0289655939457132
-0.21866612123066895
0.8366644329206563
0.09677730319929773
0.36831747449997376
-1.3173720936819258
-0.7256482689552696
0.8397961500523394
-0.14091061650909337
-0.5055173051901674
-2.438676406328544
6.445254866241665
-0.04158034004336308
0.944928831460407
-0.07678927078036893
0.7160111960189887
-0.055944834095799756
-0.4682196654914494
-1.7034642336897812
-1.1282836129893346
-0.7538633147219607
0.007626305768102046
-0.6272407693341265
2.2611556119017386
6.780416545575454
0.052542496439044094
1.0160286486157242
-0.01433684768473274
-0.7902909776726531
-0.06771237965090567
-0.34940704394937316
1.239637867168375
0.7797587878426716
-0.8446523211828141
0.16189657274810595
0.5037234740156508
-2.474241502206263
6.420667631797145
0.04494597173689998
-0.8980385055846611
-0.04515447539152017
0.6932775828970613
0.03838705775161552
-0.5459523333035511
-2.071365718695369
-1.117188333221051
-0.7093819394664791
0.11069878664822491
-0.9067555963847908
2.166655940306873
6.969666720616814
0.05773713067401608
1.0432960676048129
0.187431610303638
-0.8429087160843295
-0.05242125325153917
0.5514454246635129
-2.0290227298137316
-1.1517738659160883
0.7145705341931664
0.08181439163749882
-0.8446608778990252
-2.165718281516838
6.928035241523011
-0.053816643656529585
1.055396575270126
0.181208464342926
0.8424914008763801
-0.03379470113085632
-0.5282506096076303
1.9725153180048853
1.1564112428885571
-0.7121663430062983
-0.07523678624236269
0.7668732116698419
-2.1872167342118782
6.912330686140243
0.057103576064254674
-1.036463387833406
-0.1344915576990303
0.8296931069275487
0.008044634655434396
0.5446156144464037
1.956414089471667
1.232094152143706
0.7155604520276773
-0.060346466688547665
0.7697328777514522
2.1819031074381767
6.919572270100725
-0.05534059154352344
-1.047600654984567
-0.18393792040419926
-0.836913445626536
0.001658641038854422
-0.5258864749569887
-1.9618484775216591
-1.1633650031434346
-0.725291349969278
0.07374030830173649
-0.7964670095504358
2.1804703182315115
6.891611686594792
0.058671254669990916
1.0323955002659162
0.15529788934036845
-0.8298648639930375
0.004570922908184727
-0.5355400485848387
2.0107061676926112
1.1482518618380886
-0.7154440197528529
-0.08534328860733255
0.825150692779621
-2.177909614250085
6.930035902600068
0.058981107563589714
-1.034708134705323
-0.17990889925287856
0.8349939528510417
-0.04371058927688252
-0.5408434053470806
2.009186026212338
1.1961126859050621
-0.7180217793862086
-0.09820349448868716
0.888574687769726
-2.174800515726389
6.964572708648651
0.060273872909130395
-1.0358179006472525
-0.20815070233836627
0.8398489658687259
0.02640117188214136
0.5614563530231493
-2.056074377263467
-1.1843841557231545
0.6888008377281153
0.07557716821378681
-0.7594467556737344
-2.171356659936271
6.96229455509896
-0.05424018636908285
1.0571916711560565
0.19153425899216642
0.8445717051847649
0.04258482317019485
-0.4552687756671388
1.701681232318426
1.0138579147721476
-0.8079653423893215
-0.012879901188831356
0.8060959724257432
-2.2604896869294837
6.739402736921167
0.055182034165688496
-0.9985751047640037
-0.046122966331970466
0.7860975922559735
-0.036209418574537564
0.512470731399891
-1.8555764479880303
-1.1244728523912761
0.7373427334143381
0.05599587263959718
-0.7837659332360881
-2.212597855972292
6.867485234302453
-0.04777270383873129
1.0537891047630208
0.028357462600672487
0.8200637009071364
-0.06806680015690043
0.501469435249494
-1.7730526224800962
-1.199456197338491
0.7814238261756082
0.018472097071136857
-0.7980446451683035
-2.2261679935810292
6.821855647203366
-0.05713420326180784
1.0178215531509505
0.17014253897717785
0.8134160587400057
-0.004391163136976031
-0.5185044536221733
-1.9069680438269596
-1.2054779188097555
-0.7466958983699168
0.06826029697731356
-0.8455583760662317
2.188055590606432
6.886347836541317
0.061421523573487014
1.0226346794794903
0.18810391702440474
-0.8268635387966854
0.03159426269575427
0.5304414517904781
-1.916827023102455
-1.1782920056718185
0.7214239542729679
0.042277997233782415
-0.7143140616525447
-2.2019859624106783
6.887174812890521
-0.05374581191329879
1.0426159258269136
0.13952706272102453
0.8269924452005453
0.0687870500090689
-0.45644548923251865
1.7110601687207123
1.0034401947818292
-0.8043474782623081
-0.004337665662969828
0.7852641581292986
-2.273850047130055
6.757253950555123
0.05702147326156497
-0.9901599495203853
-0.08271037600092233
0.7842242365717887
0.0731762619062423
0.5186627207715074
1.8776426343234127
1.1398191560927047
0.7405607771208194
-0.05555757113894091
0.8108157508428099
2.2126953799837756
6.890820600724495
-0.05100993942123317
-1.045593462211403
-0.09430033284834267
-0.8229893343202516
-0.0750406393739179
0.5477177717037737
2.0094310935706248
1.1521621221116605
0.7081250723754037
-0.08088009740434397
0.8121294659302873
2.1729055333223575
6.92902022278587
-0.051558284734886266
-1.0606637810189834
-0.13454294235042535
-0.839868130118271
0.07863513866132288
0.48965187643534674
-1.7869486537752544
-1.0451621257665438
0.7504223720298508
0.016118731724590676
-0.6829995690843278
-2.247769462267162
6.801553340130672
-0.0475169714680955
1.036691418034545
-4.654952673459802E-4
0.8028854679679318
0.01905173207420681
0.4427027092997189
-1.5400524367607515
-1.0806437011127596
0.8425096192219375
-0.03435981021901945
-0.7683089145231553
-2.2979186176117876
6.679369726930968
-0.05326121063068877
0.9928249406386395
0.0506530112361447
0.7775439103706463
0.055058856404890916
0.42423705964165603
1.5074275314397318
0.9439934649348614
0.8322588392841659
0.07917256970263477
0.6083173295863884
2.3416530744416493
6.601996400953004
-0.051582316105434546
-0.9742938962635627
-0.02429020197247091
-0.7581179267831324
0.06767789689123277
0.5126579283793017
1.850531490438293
1.1472420033025763
0.7594914297479152
-0.052964985434809916
0.8410568060343429
2.2021431730198633
6.848253516161558
-0.05186103234631129
-1.0426958891088784
-0.09813988851857558
-0.8221370844046385
0.08864384300738601
0.5237213423337511
-1.885235402140749
-1.1722188385658892
0.7237218426392513
0.042151617505507805
-0.7165039609554764
-2.2111333750221247
6.8838529549593686
-0.051909242562339586
1.0446314427250947
0.10328611799155242
0.8233149393961199
-0.08192197058666428
0.5097717745311505
-1.8789248512920613
-1.0541638414023626
0.724870892940441
0.029123725334008813
-0.6623026878938277
-2.2287001495817482
6.8449620746825355
-0.04841202255147075
1.0445568634149298
0.032694243563743106
0.8133223241968427
0.06550745191721366
-0.4048702203363573
-1.468776344872835
-0.9580541835838446
-0.8546919630237447
-0.06006191535646721
-0.6949554633694601
2.3354931510318893
6.588334648198232
0.05432438101720044
0.9637590027096823
-0.007523329267653981
-0.7477216476688759
0.03422999627176915
-0.5330047779755033
1.9289794949291819
1.2965469019349751
-0.7379650376962259
-0.08836820062987506
0.8925946991627586
-2.166217315641171
6.921088578496704
0.06271902337995709
-1.0313042271104966
-0.2180989647795218
0.8382962057364245
0.020490300355838584
-0.518271183829553
1.8977784343660677
1.2076387474478878
-0.730163047031707
-0.06653719001028086
0.8002917496395224
-2.206471559053325
6.919883170699698
0.059313252096553234
-1.0259218607153202
-0.1562047616672848
0.8240557984928724
0.007530828327065489
-0.533209326140048
1.9752275570041125
1.2046734053028445
-0.7406766272506923
-0.09462945603515287
0.9299935289905259
-2.1673445983167774
6.924393493800623
0.061740733455749555
-1.0308003595880113
-0.21888276384105532
0.8380717463619601
-0.07013334695367031
-0.5370067238254435
-1.963315795710166
-1.2510256096478751
-0.7106232806457623
0.08706066817371887
-0.8155497824913899
2.180457874429456
6.952103453681124
0.05941380331002984
1.0376926663125177
0.17622801509939984
-0.8365446432953503
-0.04803392817601018
-0.5285048486441083
-1.9503701686985542
-1.200661707058591
-0.7156456308084618
0.0992908918344287
-0.8423741611591056
2.1745739384533
6.923333355181993
0.05397787070520164
1.0507439760981125
0.0869653940981891
-0.8345259546944782
0.05482781667682554
-0.5020875689105095
-1.845870433765715
-1.1703201360612643
-0.7510215469565278
0.0664793173675221
-0.8264531343293429
2.2028377475404453
6.858970288766799
0.055663589784653654
1.031103193461904
0.0806775252824585
-0.8179387279702666
0.06215013680732215
0.5515839825054847
1.9864639826119281
1.2298609904767648
0.6983536594021628
-0.0871101276243232
0.7990165857002955
2.17000482134033
6.9488789493098215
-0.0507626790954909
-1.067993780340917
-0.11658134342142265
-0.8427855662326574
-5.506212355139289E-4
-0.35300886884379096
-1.2765269013253981
-0.7522548555751061
-0.8367339042398769
-0.14699350439249145
-0.48900655305703133
2.453157775881006
6.422534883010487
0.0430741948064891
0.9191788913460954
-0.04725808800284784
-0.6980874764823356
0.05843910244586123
0.5554058852136914
2.003193923373579
1.2403241082908076
0.7120364120097447
-0.08648466240832768
0.8504696950671256
2.160064928828614
6.942952612894568
-0.05459535565064662
-1.058457072810215
-0.18993956928027025
-0.8460872625102953
-0.00602216287371149
-0.5684801376448576
2.110730287427366
1.2554489421935895
-0.6841023765881638
-0.10258342987517091
0.8174439240645732
-2.1433886654311807
6.986702710731405
0.06330348813986734
-1.0415455757110719
-0.27787978461132357
0.8542981192780167
-0.05532591888724417
0.5474855116792631
-1.9502962087644222
-1.2637240973440014
0.7189541678807815
0.08440093503793816
-0.865962778234962
-2.177810115599919
6.957765365504485
-0.05395565629997425
1.0560679192965097
0.17175412609886806
0.8415081409463621
-0.05918690218396623
0.5384826482420486
-1.9388889603260613
-1.2033814337945097
0.7220317989416742
0.07675525080221626
-0.8352756270255473
-2.184226516984886
6.9258481822552485
-0.05183725033863985
1.0566172475407345
0.12656068604137702
0.8357887367498986
0.053764225864011056
-0.5478570999579817
-1.993928469137363
-1.2974848686532858
-0.717916097922115
0.11667485649708638
-0.9353517107609484
2.1495189628089344
6.9655737052607805
0.060053498990064645
1.0472523483734866
0.20251217578135117
-0.848674949079758
-0.05573460403861197
-0.5127652843973282
1.9307392982073526
1.0970867112603828
-0.7288848652097719
-0.08084181320143424
0.8117136222355554
-2.192734596817238
6.879051310039852
0.052565266367899016
-1.0424577566457125
-0.05513068413152876
0.8232811318290345
-0.05824951668437866
0.5215248069794586
1.897760071854283
1.1297930778854415
0.7212129654320477
-0.05149110010551403
0.7230360966039772
2.205271700152123
6.873054164672748
-0.04877237928156764
-1.054881801321089
-0.04660931794490231
-0.823393818146004
0.0632586321120285
-0.535594254247317
-1.999152337024382
-1.1628844264174194
-0.6926471384374204
0.08066793193812939
-0.7318674634713416
2.187195916252819
6.9391792918891255
0.05548412053698027
1.0436974955860818
0.11707912210344751
-0.8325473746342875
0.07416532350048077
0.4924841286244573
-1.7998522419762837
-1.052311323786946
0.7675861870758246
0.024929002495327618
-0.7687560134100883
-2.2393633786010874
6.811244148278668
-0.05007454857437437
1.0311962736366318
0.053326841559892355
0.8067134352838689
0.026713137469668524
-0.47294566696622303
-1.6859375894497097
-1.2198586885960494
-0.7948373817346618
0.01991315078513495
-0.7918945793983636
2.237850012904518
6.784332119161968
0.06030834350903045
1.0027762332750971
0.10865529076495006
-0.7989261844012275
0.02304136383551278
0.5631251703821861
2.0452819005941327
1.2186615691600238
0.690217806074667
-0.09836793513891649
0.8317034513082078
2.161663241742705
6.981133096197177
-0.0519053472475877
-1.0692397900215178
-0.15688847933073902
-0.84903371184524
-0.04923595474565621
0.3114175452419713
-1.0456850806000413
-0.6772137849259939
0.8416430396519832
-0.19821026193633828
-0.5114393880101854
-2.5342331212501636
6.320601397084025
-0.02380492653208962
0.9117652653174823
-0.09333846622231821
0.6788125917768096
0.0026757787935578065
-0.5348075142843884
-1.9946479428203292
-1.1719207322168856
-0.7161871741985342
0.10456455954862032
-0.8750934229883613
2.168255748366866
6.934755481529414
0.055573817255086096
1.0480089037556073
0.12657991546060582
-0.8381857583899704
0.04729666618384795
0.5441889818818338
-2.012668015829844
-1.1138578698857322
0.730457088216135
0.08212890510697994
-0.9013596440086421
-2.1787010888800027
6.934026902221497
-0.0541724243944871
1.0487266600260936
0.19040688667094519
0.8386635115163614
0.038473210564102606
-0.5084408842513357
1.8460465376530097
1.2293013148286036
-0.7353292421152006
-0.04776890280228137
0.7281454941858108
-2.2074355835827357
6.865824880635358
0.058896400332094326
-1.0238753544599057
-0.12372685071790841
0.8179390864951605
0.08955436664322489
-0.49765602988633195
1.8425859626128331
1.1258034691552985
-0.7227689920094944
-0.03826393099683222
0.6546995969276181
-2.231638592215433
6.854588400338065
0.053401845074179215
-1.0284059869647282
-0.03595135281668084
0.8080654192673487
-0.056152662154371896
-0.4919042035379214
-1.8080608631242636
-1.1424676054566087
-0.7366726244749279
0.03742834836209522
-0.6894555540021313
2.2325406302539195
6.840997110657719
0.053965155328667455
1.025392776767247
0.03889045083367607
-0.8062098939108088
0.09461250238103261
