1.0006311423081367
1.0003156209309356
1.0003556872301975
1.0002667772801166
1.0002596898005618
1.000216412849371
1.000191105679091
1.0001672194661337
1.000130981643614
1.0001178842511902
1.0000748674098139
1.0000686286730662
1.0000206556206108
1.0000191802332874
0.9999670073680719
0.9999690694394584
0.9999136806465674
0.9999184763616931
0.9998595528323275
0.9998665756592522
0.9998049384012498
0.9998138056631541
0.9997486264320233
0.9997591015925724
0.9996911977192694
0.9997030764938827
0.9996313014825025
0.9996444716283107
0.9995696880661858
0.9995840347818225
0.9995048507306282
0.9995203278581888
0.9994376705303855
0.9994542141483389
0.9993664712186009
0.999384074663228
0.9992922487528109
0.9993108802075563
0.9992131406782703
0.9992328197129684
0.9991302531863534
0.999150970242346
0.9990415171548179
0.9990633110677973
0.9989481505767721
0.9989710286452136
0.9988478538977217
0.9988718704962444
0.9987419624114671
0.9987671386924373
0.9986279197855278
0.9986543237212696
0.9985071868548162
0.9985348518244683
0.9983769224822474
0.9984059291474674
0.9982387233762644
0.9982691165413022
0.9980894350313559
0.9981213077489752
0.99793080209346
0.9979642102944978
0.9977593290768947
0.9977943782560365
0.9975769221680233
0.9976136793789522
0.9973797201727225
0.9974183035702415
0.9971698058660036
0.9972102937654781
0.9969429329399939
0.9969854563972447
0.9967013772017136
0.9967460259484145
0.9964404961012412
0.9964874142277448
0.9961627762424919
0.9962120649495297
0.995863179361365
0.9959149956736417
0.9955444217497992
0.9955988781721606
0.9952010851933949
0.9952583512258274
0.9948361352298463
0.9948963341843644
0.9944438080861983
0.9945071210001762
0.9940273378591326
0.9940938979157907
0.99358067088868
0.9936506691416929
0.9931073273290825
0.993180905369467
0.9926010418366726
0.9926783985566132
0.9920656339070597
0.9921469172600426
0.9914947264576178
0.9915801403151103
0.9907945737343177
0.9907945737343177
0.989947725277484
0.989947725277484
0.9890420088993899
0.9890420088993899
0.9880685580880969
0.9880685580880969
0.9870301085258515
0.9870301085258515
0.9859178358432533
0.9859178358432533
0.9847348053519248
0.9847348053519249
0.9834724329820913
0.9834724329820913
0.98213409600514
0.9821340960051398
0.9807116589634955
0.9807116589634958
0.9792087625788528
0.9792087625788528
0.9776179271173753
0.9776179271173753
0.9759429748461326
0.9759429748461326
0.9741772782246912
0.9741772782246911
0.9723247266325862
0.9723247266325862
0.9703797241870081
0.9703797241870081
0.9683460847308838
0.9683460847308838
0.9662194035507276
0.9662194035507276
0.964003255204451
0.964003255204451
0.9616945657381093
0.9616945657381093
0.9592964944254492
0.9592964944254492
0.9568074198098657
0.9568074198098657
0.9542299070145205
0.9542299070145205
0.9515638939844816
0.9515638939844816
0.9488111788264693
0.9488111788264693
0.9459733539773414
0.9459733539773414
0.9430512912650295
0.9430512912650295
0.9400483232480057
0.9400483232480057
0.9369642557378826
0.9369642557378826
0.9338042388992992
0.9338042388992992
0.9305668964148537
0.9305668964148537
0.9272592655107474
0.9272592655107474
0.9238786975774365
0.9238786975774365
0.9204341771951998
0.9204341771951997
0.9169217199433883
0.9169217199433883
0.9133523064771184
0.9133523064771184
0.9097205789403423
0.9097205789403424
0.9060395474927327
0.9060395474927327
0.9023024671248084
0.9023024671248084
0.8985243905869017
0.8985243905869017
0.8946971929142161
0.8946971929142161
0.8908379558706173
0.8908379558706173
0.886937198966803
0.886937198966803
0.8830139854232495
0.8830139854232495
0.8790575169413055
0.8790575169413054
0.875088748940993
0.8750887489409929
0.8710956126822224
0.8710956126822226
0.8671008176907323
0.8671008176907323
0.8630910792076365
0.8630910792076365
0.8590906687215303
0.8590906687215304
0.8550851461171843
0.8550851461171843
0.8511000968547343
0.8511000968547344
0.8471199939175409
0.8471199939175409
0.8431714357784598
0.8431714357784597
0.8392378888515329
0.839237888851533
0.8353466188593347
0.8353466188593347
0.8314801840004017
0.8314801840004017
0.827666139712259
0.827666139712259
0.8238862593961253
0.8238862593961253
0.8201679953032803
0.8201679953032801
0.8164924908053012
0.8164924908053011
0.81288670420762
0.8128867042076202
0.809331338768483
0.809331338768483
0.8058524864006167
0.8058524864006168
0.8024306353243424
0.8024306353243424
0.7990906698143625
0.7990906698143625
0.7958131190049365
0.7958131190049365
0.792621358096062
0.792621358096062
0.7894962357823689
0.7894962357823689
0.7864593609194837
0.7864593609194837
0.7834921921293536
0.7834921921293536
0.7806143597451684
0.7806143597451684
0.7778082220997344
0.7778082220997345
0.7750912625846038
0.7750912625846038
0.7724470162544048
0.7724470162544048
0.7698906924472706
0.7698906924472706
0.7674072562632331
0.7674072562632331
0.765009554458286
0.765009554458286
0.7626842029296693
0.7626842029296693
0.7604416333778824
0.7604416333778824
0.7582702941833295
0.7582702941833295
0.7561781833813468
0.7561781833813468
0.7541557203962823
0.7541557203962823
0.7522084829150992
0.7522084829150992
0.7503289550490407
0.7503289550490407
0.7485203375113774
0.7485203375113773
0.7467772280113615
0.7467772280113615
0.7451005217231413
0.7451005217231415
0.7434869359583068
0.7434869359583068
0.7419351575652406
0.7419351575652406
0.7404439896721043
0.7404439896721043
0.7390100311451498
0.73901003114515
0.7376341014308431
0.7376341014308431
0.7363108518584428
0.7363108518584428
0.7350430177183751
0.7350430177183751
0.7338234599878521
0.7338234599878521
0.732656703477668
0.732656703477668
0.7315339891335031
0.7315339891335031
0.7304614843976133
0.7304614843976133
0.7294289899088615
0.7294289899088615
0.7284441535296018
0.7284441535296018
0.7274955209866546
0.7274955209866546
0.7265920480667185
0.7265920480667185
0.7257212130330013
0.7257212130330012
0.7248931015193699
0.72489310151937
0.724094310436184
0.724094310436184
0.7233358758753774
0.7233358758753774
0.7226036950896412
0.7226036950896413
0.7219095776955645
0.7219095776955644
0.7212388958694501
0.7212388958694501
0.7206040614996179
0.7206040614996179
0.7199900868780196
0.7199900868780196
0.7194098232577798
0.7194098232577798
0.7188480770184321
0.7188480770184322
0.718317986327837
0.718317986327837
0.7178042930204025
0.7178042930204025
0.7173202817638215
0.7173202817638215
0.7168507576569585
0.7168507576569585
0.7164090245692283
0.7164090245692283
0.7159800645659715
0.7159800645659715
0.7155770871679612
0.7155770871679613
0.7151853508166344
0.7151853508166344
0.7148178711145345
0.7148178711145345
0.7144602681316992
0.7144602681316992
0.7141252778551388
0.7141252778551388
0.7137989534856777
0.7137989534856777
0.7134936791771763
0.7134936791771763
0.7131959996416826
0.7131959996416826
0.7129178878414804
0.7129178878414804
0.7126464260601174
0.7126464260601174
0.7123931287739255
0.7123931287739255
0.7121456505065791
0.7121456505065791
0.7119150110973712
0.7119150110973712
0.7116894616002826
0.7116894616002826
0.7114795012072991
0.7114795012072991
0.7112739924747734
0.7112739924747734
0.7110828970320493
0.7110828970320493
0.7108956956668405
0.7108956956668405
0.7107218035686527
0.7107218035686527
0.7105513193050407
0.7105513193050407
0.7103931097456897
0.7103931097456897
0.7102378846340806
0.7102378846340807
0.71009396663357
0.71009396663357
0.7099526648838211
0.7099526648838211
0.7098217669985547
0.7098217669985548
0.7096931654704697
0.7096931654704697
0.7095741261784734
0.7095741261784734
0.7094571055014494
0.7094571055014494
0.7093488642443393
0.7093488642443394
0.7092424005435152
0.7092424005435152
0.7091439894020574
0.7091439894020574
0.7090471466051267
0.7090471466051267
0.7089576825814132
0.7089576825814132
0.7088696052782223
0.7088696052782223
0.7087882831549336
0.7087882831549336
0.7087081899808225
0.7087081899808225
0.7086342757265018
0.7086342757265018
0.7085614532398783
0.7085614532398783
0.7084942779284082
0.7084942779284081
0.7084280749530976
0.7084280749530976
0.7083670291654686
0.7083670291654686
0.7083068515688334
0.7083068515688333
0.7082513802456832
0.7082513802456832
0.7081966861242504
0.7081966861242504
0.7081462838384192
0.7081462838384192
0.7080965790837097
0.7080965790837097
0.7080507857030943
0.7080507857030943
0.7080056199214528
0.7080056199214528
0.7079640166336845
0.7079640166336845
0.7079229793951114
0.7079229793951114
0.707885185066949
0.707885185066949
0.7078479024591952
0.7078479024591952
0.7078135703049806
0.7078135703049805
0.707779701770455
0.7077797017704549
0.70774851630547
0.70774851630547
0.7077177517398022
0.7077177517398022
0.7076894259958697
0.7076894259958696
0.7076614830882464
0.7076614830882463
0.7076357560704013
0.7076357560704013
0.7076103778670488
0.7076103778670488
0.7075870122315592
0.7075870122315592
0.7075639649049591
0.7075639649049591
0.7075427448403752
0.7075427448403753
0.7075218156479651
0.7075218156479651
0.7075025449422239
0.7075025449422238
0.7074835403594607
0.7074835403594607
0.7074660406373441
0.7074660406373441
0.7074487846510719
0.7074487846510717
0.707432893767534
0.707432893767534
0.707417226316612
0.707417226316612
0.7074027968926226
0.7074027968926225
0.7073885724437267
0.7073885724437267
0.7073754705323474
0.7073754705323474
0.7073625567797626
0.7073625567797626
0.7073506606511692
0.7073506606511692
0.7073389373302377
0.7073389373302377
0.7073281363653259
0.7073281363653259
0.7073174941700092
0.7073174941700092
0.7073076878530843
0.7073076878530842
0.707298027448846
0.707298027448846
0.7072891244506925
0.7072891244506925
0.7072803555745963
0.7072803555745965
0.7072722729179594
0.7072722729179594
0.7072643135585293
0.7072643135585293
0.7072569758587197
0.7072569758587197
0.7072497515087047
0.7072497515087047
0.7072430902826651
0.7072430902826652
0.7072365332584137
0.7072365332584137
0.707230486296156
0.707230486296156
0.7072245351178181
0.7072245351178182
0.7072190459106753
0.7072190459106753
0.7072136447379315
0.7072136447379315
0.7072086619585459
0.7072086619585459
0.7072037600770031
0.7072037600770033
0.7071992371064233
0.7071992371064233
0.7071947884602269
0.707194788460227
0.7071906829578859
0.7071906829578859
0.7071866457244723
0.7071866457244723
0.7071829192371997
0.7071829192371997
0.7071792554404623
0.7071792554404623
0.7071758730470157
0.7071758730470157
0.7071725482054753
0.7071725482054753
0.7071694781933944
0.7071694781933943
0.7071664610002565
0.7071664610002564
0.7071636745721227
0.7071636745721227
0.7071609366043805
0.7071609366043805
0.7071584076108275
0.7071584076108275
0.7071559230648057
0.7071559230648057
0.7071536277618626
0.7071536277618626
0.7071513732128352
0.707151373212835
0.7071492900413995
0.7071492900413996
0.7071472442251147
0.7071472442251147
0.7071453536105511
0.7071453536105512
0.707143497224692
0.707143497224692
0.707141781394731
0.707141781394731
0.7071400969185108
0.7071400969185108
0.707138539737787
0.7071385397377868
0.7071370112680394
0.7071370112680394
0.7071355980877575
0.7071355980877575
0.7071342111900303
0.7071342111900303
0.7071329287113837
0.7071329287113837
0.70713167028467
0.70713167028467
0.7071305064347605
0.7071305064347606
0.7071293645886344
0.7071293645886344
0.7071283084077549
0.7071283084077549
0.707127272350777
0.707127272350777
0.7071263138900209
0.7071263138900209
0.7071253738283926
0.7071253738283925
0.7071245040566506
0.7071245040566506
0.707123651102177
0.707123651102177
0.7071228618216624
0.7071228618216624
0.707122087908179
0.707122087908179
0.7071213716777027
0.7071213716777027
0.7071206694851885
0.7071206694851885
0.7071200195504784
0.7071200195504784
0.7071193824361538
0.7071193824361538
0.7071187926665723
0.7071187926665723
0.7071182146023414
0.7071182146023414
0.7071176794334161
0.7071176794334161
0.7071171549490731
0.7071171549490731
0.7071166693303094
0.7071166693303094
0.7071161934619794
0.7071161934619794
0.7071157528094709
0.7071157528094709
0.7071153210528043
0.7071153210528042
0.7071149212062019
0.7071149212062019
0.7071145294738863
0.7071145294738862
0.7071141666573267
0.7071141666573267
0.70711381124052
0.7071138112405201
0.7071134820271487
0.7071134820271487
0.7071131595604719
0.7071131595604719
0.7071128608402338
0.7071128608402338
0.707112568269996
0.707112568269996
0.7071122972203907
0.7071122972203907
0.707112031775749
0.707112031775749
0.7071117858352822
0.7071117858352822
0.7071115450020662
0.7071115450020662
0.7071113218461457
0.7071113218461457
0.7071111033431002
0.7071111033431003
0.7071109008621543
0.7071109008621543
0.7071107026193798
0.7071107026193797
0.7071105188989929
0.7071105188989929
0.7071103390383765
0.7071103390383765
0.7071101723412573
0.7071101723412573
0.707110009158716
0.707110009158716
0.7071098579083278
0.7071098579083278
0.7071097098576923
0.7071097098576924
0.7071095726233951
0.7071095726233951
0.7071094383017854
0.7071094383017853
0.7071093137853476
0.7071093137853476
0.7071091919199008
0.7071091919199008
0.7071090789432579
0.7071090789432579
0.7071089683790855
0.7071089683790855
0.707108865873227
0.707108865873227
0.7071087655624853
0.7071087655624853
0.7071086725573693
0.7071086725573693
0.7071085815493429
0.7071085815493429
0.7071084971647416
0.7071084971647417
0.7071084145968436
0.7071084145968436
0.7071083380340346
0.7071083380340346
0.707108263123641
0.707108263123641
0.7071081936578665
0.7071081936578665
0.7071081256949063
0.7071081256949062
0.707108062668529
0.707108062668529
0.7071080010087609
0.7071080010087609
0.7071079438250523
0.7071079438250523
0.7071078878839634
0.7071078878839634
0.7071078360014666
0.7071078360014666
0.7071077852487375
0.7071077852487375
0.7071077381761515
0.7071077381761515
0.707107692130632
0.707107692130632
0.7071076494221684
0.7071076494221684
0.7071076076473212
0.7071076076473212
0.7071075688984908
0.7071075688984908
0.7071075309982554
0.7071075309982554
0.7071074958420442
0.7071074958420442
0.7071074614570849
0.7071074614570849
0.7071074295604844
0.7071074295604844
0.707107398364786
0.707107398364786
0.7071073694256438
0.7071073694256438
0.7071073411234219
0.7071073411234219
0.7071073148675845
0.7071073148675845
0.7071072891904839
0.7071072891904839
0.7071072653692029
0.7071072653692029
0.7071072420737536
0.7071072420737536
0.7071072204613329
0.7071072204613328
0.7071071993266432
0.7071071993266432
0.707107179718304
0.707107179718304
0.7071071605439672
0.7071071605439673
0.7071071427539094
0.7071071427539095
0.7071071253581044
0.7071071253581044
0.7071071092177491
0.7071071092177491
0.7071070934355164
0.7071070934355164
0.7071070787919104
0.7071070787919104
0.7071070644735894
0.7071070644735895
0.7071070511879569
0.7071070511879569
0.7071070381977671
0.707107038197767
0.707107026144196
0.707107026144196
0.7071070143589496
0.7071070143589495
0.7071070034232002
0.7071070034232002
0.7071069927311345
0.7071069927311345
0.7071069828095573
0.7071069828095573
0.7071069731092755
0.7071069731092755
0.7071069641078297
0.7071069641078297
0.7071069553073389
0.7071069553073389
0.7071069471407022
0.7071069471407022
0.7071069391565419
0.7071069391565419
0.7071069317473024
0.7071069317473024
0.7071069245037531
0.707106924503753
0.7071069177816759
0.7071069177816759
0.707106911210041
0.707106911210041
0.707106905111403
0.707106905111403
0.7071068991493575
0.7071068991493575
0.7071068936163442
0.7071068936163442
0.7071068882073442
0.7071068882073442
0.7071068831875014
0.7071068831875015
0.7071068782802475
0.7071068782802475
0.7071068737259848
0.7071068737259849
0.7071068692739357
0.7071068692739357
0.7071068651420757
0.7071068651420757
0.707106861103007
0.707106861103007
0.7071068573543755
0.7071068573543755
0.7071068536899795
0.7071068536899795
0.7071068502890355
0.7071068502890355
0.7071068469645575
0.7071068469645576
0.7071068438790553
0.7071068438790552
0.7071068408629645
0.7071068408629645
0.7071068380636487
0.7071068380636487
0.7071068353273391
0.7071068353273391
0.7071068327876674
0.7071068327876674
0.7071068303051862
0.7071068303051862
0.7071068280010775
0.7071068280010774
0.7071068257488791
0.7071068257488792
0.7071068236584857
0.7071068236584858
0.7071068216152091
0.7071068216152091
0.7071068197187093
0.7071068197187093
0.7071068178649742
0.7071068178649742
0.7071068161443844
0.7071068161443844
0.7071068144626088
0.7071068144626088
0.7071068129016136
0.7071068129016136
0.7071068113758462
0.7071068113758461
0.7071068099596429
0.7071068099596428
0.7071068085754117
0.7071068085754119
0.707106807290571
0.707106807290571
0.707106806034747
0.707106806034747
0.7071068048690844
0.7071068048690844
0.7071068037297561
0.7071068037297561
0.7071068026722177
0.7071068026722177
0.7071068016385785
0.7071068016385785
0.7071068006791353
0.7071068006791353
0.7071067997413812
0.7071067997413812
0.7071067988709346
0.7071067988709346
0.7071067980201711
0.707106798020171
0.7071067972304662
0.7071067972304662
0.7071067964586235
0.7071067964586235
0.707106795742171
0.7071067957421711
0.7071067950419283
0.7071067950419284
0.7071067943919338
0.7071067943919337
0.7071067937566491
0.707106793756649
0.7071067931669479
0.7071067931669479
0.7071067925905955
0.7071067925905955
0.7071067920555952
0.7071067920555952
0.7071067915327082
0.7071067915327083
0.707106791047335
0.707106791047335
0.7071067905729537
0.7071067905729537
0.7071067901326041
0.7071067901326041
0.7071067897022291
0.7071067897022291
0.7071067893027267
0.7071067893027267
0.7071067889122756
0.7071067889122756
0.7071067885498318
0.7071067885498318
0.707106788195601
0.7071067881956011
0.7071067878667782
0.707106787866778
0.7071067875454078
0.7071067875454078
0.7071067872470871
0.7071067872470871
0.7071067869555288
0.7071067869555289
0.707106786684881
0.707106786684881
0.7071067864203695
0.7071067864203694
0.7071067861748276
0.7071067861748276
0.7071067859348537
0.7071067859348535
0.7071067857120888
0.7071067857120888
0.7071067854943762
0.7071067854943762
0.7071067852922757
0.7071067852922757
0.7071067850947594
0.7071067850947594
0.7071067849114064
0.7071067849114063
0.7071067847322129
0.7071067847322129
0.7071067845658684
0.7071067845658684
0.7071067844032979
0.7071067844032979
0.7071067842523839
0.7071067842523839
0.7071067841048945
0.7071067841048945
0.7071067839679799
0.7071067839679799
0.7071067838341725
0.7071067838341725
0.7071067837099586
0.7071067837099586
0.7071067835885639
0.7071067835885639
0.7071067834758726
0.7071067834758726
0.7071067833657394
0.7071067833657394
0.7071067832635016
0.7071067832635016
0.707106783163585
0.707106783163585
0.7071067830708314
0.7071067830708314
0.7071067829801837
0.7071067829801837
0.7071067828960342
0.7071067828960342
0.7071067828137955
0.7071067828137955
0.7071067827374521
0.7071067827374521
0.7071067826628424
0.7071067826628424
0.7071067825935811
0.7071067825935811
0.7071067825258927
0.7071067825258925
0.7071067824630561
0.7071067824630561
0.7071067824016468
0.7071067824016468
0.7071067823446395
0.7071067823446395
0.707106782288927
0.707106782288927
0.7071067822372079
0.7071067822372079
0.7071067821866636
0.7071067821866636
0.7071067821397422
0.7071067821397422
0.7071067820938867
0.7071067820938867
0.7071067820513179
0.7071067820513179
0.7071067820097163
0.7071067820097163
0.7071067819710964
0.7071067819710964
0.7071067819333541
0.707106781933354
0.7071067818983169
0.7071067818983169
0.7071067818640756
0.7071067818640756
0.7071067818322886
0.7071067818322886
0.7071067818012239
0.7071067818012239
0.7071067817723856
0.7071067817723856
0.7071067817442026
0.7071067817442026
0.7071067817180395
0.7071067817180395
0.707106781692471
0.707106781692471
0.707106781668735
0.707106781668735
0.7071067816455384
0.7071067816455384
0.7071067816240042
0.7071067816240042
0.7071067816029596
0.7071067816029595
0.707106781583423
0.707106781583423
0.7071067815643305
0.7071067815643305
0.7071067815466062
0.7071067815466063
0.707106781529285
0.707106781529285
0.7071067815132049
0.7071067815132049
0.7071067814974904
0.7071067814974904
0.7071067814829021
0.7071067814829021
0.7071067814686454
0.7071067814686454
0.7071067814554103
0.7071067814554103
0.7071067814424761
0.7071067814424761
0.7071067814304688
0.7071067814304688
0.7071067814187345
0.7071067814187345
0.7071067814078411
0.7071067814078411
0.7071067813971954
0.7071067813971954
0.7071067813873124
0.7071067813873124
0.7071067813776543
0.7071067813776543
0.7071067813686882
0.7071067813686882
0.7071067813599259
0.707106781359926
0.7071067813517916
0.7071067813517916
0.7071067813438422
0.7071067813438422
0.7071067813364624
0.7071067813364624
0.7071067813292505
0.7071067813292505
0.7071067813225553
0.7071067813225553
0.7071067813160125
0.7071067813160125
0.7071067813099383
0.7071067813099383
0.7071067813040024
0.7071067813040024
0.7071067812984918
0.7071067812984918
0.7071067812931064
0.7071067812931064
0.7071067812881071
0.7071067812881071
0.7071067812832215
0.7071067812832215
0.7071067812786858
0.7071067812786858
0.7071067812742533
0.7071067812742534
0.7071067812701385
0.7071067812701385
0.7071067812661173
0.7071067812661173
0.707106781262384
0.707106781262384
0.7071067812587358
0.7071067812587358
0.707106781255349
0.7071067812553489
0.7071067812520391
0.7071067812520392
0.7071067812489664
0.7071067812489664
0.7071067812459637
0.7071067812459637
0.707106781243176
0.707106781243176
0.7071067812404519
0.7071067812404519
0.7071067812379228
0.7071067812379228
0.7071067812354512
0.7071067812354512
0.7071067812331568
0.7071067812331568
0.7071067812309146
0.7071067812309146
0.7071067812288331
0.7071067812288331
0.7071067812267989
0.7071067812267989
0.7071067812249104
0.7071067812249103
0.7071067812230649
0.7071067812230649
0.7071067812213516
0.7071067812213516
0.7071067812196773
0.7071067812196773
0.707106781218123
0.707106781218123
0.7071067812166041
0.7071067812166041
0.7071067812151939
0.7071067812151938
0.7071067812138158
0.7071067812138158
0.7071067812125365
0.7071067812125365
0.7071067812112862
0.7071067812112861
0.7071067812101256
0.7071067812101256
0.7071067812089914
0.7071067812089914
0.7071067812079384
0.7071067812079384
0.7071067812069093
0.7071067812069094
0.707106781205954
0.7071067812059539
0.7071067812050204
0.7071067812050204
0.7071067812041537
0.7071067812041537
0.7071067812033067
0.7071067812033067
0.7071067812025205
0.7071067812025205
0.7071067812017521
0.7071067812017521
0.7071067812010386
0.7071067812010386
0.7071067812003416
0.7071067812003415
0.7071067811996945
0.7071067811996945
0.707106781199062
0.707106781199062
0.7071067811984748
0.7071067811984749
0.707106781197901
0.707106781197901
0.7071067811973684
0.7071067811973684
0.7071067811968478
0.7071067811968478
0.7071067811963645
0.7071067811963645
0.7071067811958923
0.7071067811958923
0.7071067811954539
0.7071067811954539
0.7071067811950253
0.7071067811950253
0.7071067811946277
0.7071067811946277
0.707106781194239
0.707106781194239
0.707106781193878
0.707106781193878
0.7071067811935254
0.7071067811935254
0.707106781193198
0.707106781193198
0.7071067811928781
0.7071067811928781
0.7071067811925811
0.7071067811925811
0.7071067811922908
0.7071067811922908
0.7071067811920213
0.7071067811920213
0.707106781191758
0.7071067811917581
0.7071067811915136
0.7071067811915136
0.7071067811912747
0.7071067811912747
0.7071067811910529
0.7071067811910529
0.7071067811908361
0.7071067811908361
0.707106781190635
0.707106781190635
0.7071067811904382
0.7071067811904382
0.7071067811902557
0.7071067811902557
0.7071067811900773
0.7071067811900773
0.7071067811899117
0.7071067811899117
0.7071067811897499
0.7071067811897499
0.7071067811895996
0.7071067811895996
0.7071067811894527
0.7071067811894527
0.7071067811893166
0.7071067811893166
0.7071067811891834
0.7071067811891834
0.7071067811890597
0.7071067811890597
0.7071067811889389
0.7071067811889389
0.7071067811888266
0.7071067811888266
0.707106781188717
0.707106781188717
0.7071067811886153
0.7071067811886153
0.7071067811885157
0.7071067811885157
0.7071067811884234
0.7071067811884235
0.7071067811883331
0.7071067811883331
0.7071067811882494
0.7071067811882494
0.7071067811881675
0.7071067811881675
0.7071067811880916
0.7071067811880914
0.7071067811880172
0.7071067811880173
0.7071067811879483
0.7071067811879483
0.707106781187881
0.707106781187881
0.7071067811878184
0.7071067811878184
0.7071067811877573
0.7071067811877573
0.7071067811877005
0.7071067811877005
0.7071067811876451
0.7071067811876451
0.7071067811875936
0.7071067811875936
0.7071067811875433
0.7071067811875433
0.7071067811874965
0.7071067811874965
0.7071067811874509
0.7071067811874509
0.7071067811874084
0.7071067811874084
0.7071067811873669
0.7071067811873669
0.7071067811873286
0.7071067811873286
0.7071067811872911
0.7071067811872911
0.7071067811872561
0.7071067811872562
0.7071067811872221
0.707106781187222
0.7071067811871904
0.7071067811871904
0.7071067811871594
0.7071067811871594
0.7071067811871308
0.7071067811871308
0.7071067811871028
0.7071067811871027
0.7071067811870766
0.7071067811870766
0.7071067811870512
0.7071067811870512
0.7071067811870276
0.7071067811870276
0.7071067811870044
0.7071067811870045
0.7071067811869831
0.7071067811869831
0.7071067811869621
0.707106781186962
0.7071067811869426
0.7071067811869426
0.7071067811869236
0.7071067811869236
0.707106781186906
0.707106781186906
0.7071067811868887
0.7071067811868887
0.7071067811868728
0.7071067811868728
0.7071067811868571
0.7071067811868571
0.7071067811868427
0.7071067811868427
0.7071067811868285
0.7071067811868285
0.7071067811868152
0.7071067811868152
0.7071067811868023
0.7071067811868024
0.7071067811867904
0.7071067811867904
0.7071067811867787
0.7071067811867786
0.7071067811867678
0.7071067811867678
0.7071067811867572
0.7071067811867572
0.7071067811867473
0.7071067811867473
0.7071067811867376
0.7071067811867376
0.7071067811867288
0.7071067811867288
0.7071067811867201
0.70710678118672
0.7071067811867119
0.7071067811867119
0.707106781186704
0.7071067811867041
0.7071067811866967
0.7071067811866967
0.7071067811866896
0.7071067811866896
0.7071067811866829
0.7071067811866829
0.7071067811866762
0.7071067811866762
0.7071067811866703
0.7071067811866703
0.7071067811866644
0.7071067811866644
0.7071067811866589
0.7071067811866589
0.7071067811866535
0.7071067811866535
0.7071067811866486
0.7071067811866486
0.7071067811866437
0.7071067811866437
0.7071067811866392
0.7071067811866392
0.7071067811866347
0.7071067811866348
0.7071067811866306
0.7071067811866307
0.7071067811866267
0.7071067811866267
0.7071067811866231
0.707106781186623
0.7071067811866194
0.7071067811866194
0.707106781186616
0.707106781186616
0.7071067811866126
0.7071067811866126
0.7071067811866096
0.7071067811866096
0.7071067811866066
0.7071067811866066
0.7071067811866039
0.7071067811866039
0.7071067811866011
0.7071067811866012
0.7071067811865988
0.7071067811865986
0.7071067811865962
0.7071067811865962
0.7071067811865939
0.7071067811865939
0.7071067811865918
0.7071067811865918
0.7071067811865897
0.7071067811865897
0.7071067811865877
0.7071067811865875
0.7071067811865858
0.7071067811865857
0.7071067811865839
0.7071067811865839
0.7071067811865822
0.7071067811865822
0.7071067811865805
0.7071067811865805
0.7071067811865789
0.707106781186579
0.7071067811865774
0.7071067811865774
0.7071067811865761
0.7071067811865761
0.7071067811865748
0.7071067811865748
0.7071067811865736
0.7071067811865734
0.7071067811865722
0.7071067811865722
0.7071067811865711
0.7071067811865711
0.7071067811865699
0.7071067811865699
0.7071067811865688
0.7071067811865689
0.7071067811865679
0.7071067811865678
0.7071067811865669
0.7071067811865669
0.7071067811865659
0.707106781186566
0.7071067811865651
0.7071067811865651
0.7071067811865643
0.7071067811865643
0.7071067811865636
0.7071067811865634
0.7071067811865627
0.7071067811865627
0.707106781186562
0.707106781186562
0.7071067811865612
0.7071067811865612
0.7071067811865606
0.7071067811865606
0.7071067811865599
0.7071067811865599
0.7071067811865593
0.7071067811865593
0.7071067811865588
0.7071067811865587
0.7071067811865582
0.7071067811865582
0.7071067811865577
0.7071067811865577
0.7071067811865572
0.7071067811865572
0.7071067811865568
0.7071067811865568
0.7071067811865563
0.7071067811865563
0.7071067811865559
0.7071067811865559
0.7071067811865556
0.7071067811865556
0.7071067811865551
0.7071067811865551
0.7071067811865548
0.7071067811865548
0.7071067811865545
0.7071067811865545
0.7071067811865541
0.7071067811865541
0.7071067811865538
0.7071067811865539
0.7071067811865536
0.7071067811865537
0.7071067811865535
0.7071067811865533
0.7071067811865531
0.7071067811865531
0.7071067811865529
0.7071067811865529
0.7071067811865527
0.7071067811865527
0.7071067811865523
0.7071067811865523
0.7071067811865521
0.7071067811865521
0.7071067811865519
0.7071067811865519
0.7071067811865517
0.7071067811865517
0.7071067811865516
0.7071067811865516
0.7071067811865513
0.7071067811865513
0.707106781186551
0.707106781186551
0.7071067811865509
0.7071067811865509
0.7071067811865507
0.7071067811865507
0.7071067811865505
0.7071067811865505
0.7071067811865503
0.7071067811865503
0.7071067811865501
0.7071067811865501
0.7071067811865499
0.7071067811865499
0.7071067811865498
0.7071067811865498
0.7071067811865497
0.7071067811865497
0.7071067811865496
0.7071067811865495
0.7071067811865495
0.7071067811865493
0.7071067811865492
0.7071067811865492
0.7071067811865491
0.7071067811865492
0.7071067811865491
0.7071067811865491
0.707106781186549
0.707106781186549
0.7071067811865489
0.707106781186549
0.7071067811865489
0.7071067811865489
0.7071067811865489
0.7071067811865489
0.7071067811865487
0.7071067811865489
0.7071067811865487
0.7071067811865488
0.7071067811865487
0.7071067811865487
0.7071067811865486
0.7071067811865487
0.7071067811865486
0.7071067811865486
0.7071067811865486
0.7071067811865486
0.7071067811865486
0.7071067811865486
0.7071067811865486
0.7071067811865486
0.7071067811865485
0.7071067811865485
0.7071067811865485
0.7071067811865485
0.7071067811865483
0.7071067811865483
0.7071067811865483
0.7071067811865483
0.7071067811865482
0.7071067811865482
0.7071067811865482
0.7071067811865482
0.7071067811865482
0.7071067811865481
0.7071067811865481
0.7071067811865481
0.7071067811865481
0.7071067811865481
0.707106781186548
0.707106781186548
0.707106781186548
0.707106781186548
0.7071067811865479
0.7071067811865479
0.7071067811865479
0.7071067811865478
0.7071067811865478
0.7071067811865478
0.7071067811865478
0.7071067811865478
0.7071067811865478
0.7071067811865478
0.7071067811865478
0.7071067811865478
0.7071067811865478
0.7071067811865478
0.7071067811865478
0.7071067811865478
0.7071067811865478
0.7071067811865478
0.7071067811865478
0.7071067811865478
0.7071067811865478
0.7071067811865478
0.7071067811865478
0.7071067811865478
0.7071067811865478
0.7071067811865478
0.7071067811865478
0.7071067811865478
0.7071067811865478
0.7071067811865478
0.7071067811865478
0.7071067811865478
0.7071067811865478
0.7071067811865478
0.7071067811865478
0.7071067811865478
0.7071067811865478
0.7071067811865478
0.7071067811865477
0.7071067811865477
0.7071067811865477
0.7071067811865477
0.7071067811865476
0.7071067811865476
0.7071067811865476
0.7071067811865476
0.7071067811865476
0.7071067811865476
0.7071067811865476
0.7071067811865476
0.7071067811865476
0.7071067811865476
0.7071067811865476
0.7071067811865476
0.7071067811865476
0.7071067811865476
0.7071067811865476
0.7071067811865476
0.7071067811865476
0.7071067811865476
0.7071067811865476
0.7071067811865476
0.7071067811865476
0.7071067811865476
0.7071067811865476
0.7071067811865476
0.7071067811865476
0.7071067811865476
0.7071067811865476
0.7071067811865476
0.7071067811865476
0.7071067811865476
0.7071067811865476
0.7071067811865476
0.7071067811865476
0.7071067811865476
0.7071067811865476
0.7071067811865476
0.7071067811865476
0.7071067811865476
0.7071067811865476
0.7071067811865476
0.7071067811865476
0.7071067811865476
0.7071067811865476
0.7071067811865476
0.7071067811865476
0.7071067811865476
0.7071067811865476
0.7071067811865476
0.7071067811865476
0.7071067811865476
0.7071067811865476
0.7071067811865476
0.7071067811865476
0.7071067811865476
0.7071067811865476
0.7071067811865476
0.7071067811865476
0.7071067811865476
0.7071067811865476
0.7071067811865476
0.7071067811865476
0.7071067811865476
0.7071067811865476
0.7071067811865476
0.7071067811865476
0.7071067811865476
0.7071067811865476
0.7071067811865476
0.7071067811865476
0.7071067811865476
0.7071067811865476
0.7071067811865476
0.7071067811865476
0.7071067811865476
0.7071067811865476
0.7071067811865476
0.7071067811865476
0.7071067811865476
0.7071067811865476
0.7071067811865476
0.7071067811865476
0.7071067811865476
0.7071067811865476
0.7071067811865476
0.7071067811865476
0.7071067811865476
0.7071067811865476
0.7071067811865476
0.7071067811865476
0.7071067811865476
0.7071067811865476
0.7071067811865476
0.7071067811865476
0.7071067811865476
0.7071067811865476
0.7071067811865476
0.7071067811865476
0.7071067811865476
0.7071067811865476
0.7071067811865476
0.7071067811865476
0.7071067811865476
0.7071067811865476
0.7071067811865476
0.7071067811865476
0.7071067811865476
0.7071067811865476
0.7071067811865476
0.7071067811865476
0.7071067811865476
0.7071067811865476
0.7071067811865476
0.7071067811865476
0.7071067811865476
0.7071067811865476
0.7071067811865476
0.7071067811865476
0.7071067811865476
0.7071067811865476
0.7071067811865476
0.7071067811865476
0.7071067811865476
0.7071067811865476
0.7071067811865476
0.7071067811865476
0.7071067811865476
0.7071067811865476
0.7071067811865476
0.7071067811865476
0.7071067811865476
0.7071067811865476
0.7071067811865476
0.7071067811865476
0.7071067811865476
0.7071067811865476
0.7071067811865476
0.7071067811865476
0.7071067811865476
0.7071067811865476
0.7071067811865476
0.7071067811865476
0.7071067811865476
0.7071067811865476
0.7071067811865476
0.7071067811865476
0.7071067811865476
0.7071067811865476
0.7071067811865476
0.7071067811865476
0.7071067811865476
0.7071067811865476
0.7071067811865476
0.7071067811865476
0.7071067811865476
0.7071067811865476
0.7071067811865476
0.7071067811865476
0.7071067811865476
0.7071067811865476
0.7071067811865476
0.7071067811865476
0.7071067811865476
0.7071067811865476
0.7071067811865476
0.7071067811865476
0.7071067811865476
0.7071067811865476
0.7071067811865476
0.7071067811865476
0.7071067811865476
0.7071067811865476
0.7071067811865476
0.7071067811865476
0.7071067811865476
0.7071067811865476
0.7071067811865476
0.7071067811865476
0.7071067811865476
0.7071067811865476
0.7071067811865476
0.7071067811865476
0.7071067811865476
0.7071067811865476
0.7071067811865476
0.7071067811865476
0.7071067811865476
0.7071067811865476
0.7071067811865476
0.7071067811865476
0.7071067811865476
0.7071067811865476
0.7071067811865476
0.7071067811865476
0.7071067811865476
0.7071067811865476
0.7071067811865476
0.7071067811865476
0.7071067811865476
0.7071067811865476
0.7071067811865476
0.7071067811865476
0.7071067811865476
0.7071067811865476
0.7071067811865476
0.7071067811865476
0.7071067811865476
0.7071067811865476
0.7071067811865476
0.7071067811865476
0.7071067811865476
0.7071067811865476
0.7071067811865476
0.7071067811865476
0.7071067811865476
0.7071067811865476
0.7071067811865476
0.7071067811865476
0.7071067811865476
0.7071067811865476
0.7071067811865476
0.7071067811865476
0.7071067811865476
0.7071067811865476
0.7071067811865476
0.7071067811865476
0.7071067811865476
0.7071067811865476
0.7071067811865476
0.7071067811865476
0.7071067811865476
0.7071067811865476
0.7071067811865476
0.7071067811865476
0.7071067811865476
0.7071067811865476
0.7071067811865476
0.7071067811865476
0.7071067811865476
0.7071067811865476
0.7071067811865476
0.7071067811865476
0.7071067811865476
0.7071067811865476
0.7071067811865476
0.7071067811865476
0.7071067811865476
0.7071067811865476
0.7071067811865476
0.7071067811865476
0.7071067811865476
0.7071067811865476
0.7071067811865476
0.7071067811865476
0.7071067811865476
0.7071067811865476
0.7071067811865476
0.7071067811865476
0.7071067811865476
0.7071067811865476
0.7071067811865476
0.7071067811865476
0.7071067811865476
0.7071067811865476
0.7071067811865476
0.7071067811865476
0.7071067811865476
0.7071067811865476
0.7071067811865476
0.7071067811865476
0.7071067811865476
0.7071067811865476
0.7071067811865476
0.7071067811865476
0.7071067811865476
0.7071067811865476
0.7071067811865476
0.7071067811865476
0.7071067811865476
0.7071067811865476
0.7071067811865476
0.7071067811865476
0.7071067811865476
0.7071067811865476
0.7071067811865476
0.7071067811865476
0.7071067811865476
0.7071067811865476
0.7071067811865476
0.7071067811865476
0.7071067811865476
0.7071067811865476
0.7071067811865476
0.7071067811865476
0.7071067811865476
0.7071067811865476
0.7071067811865476
0.7071067811865476
0.7071067811865476
0.7071067811865476
0.7071067811865476
0.7071067811865476
0.7071067811865476
0.7071067811865476
0.7071067811865476
0.7071067811865476
0.7071067811865476
0.7071067811865476
0.7071067811865476
0.7071067811865476
0.7071067811865476
0.7071067811865476
0.7071067811865476
0.7071067811865476
0.7071067811865476
0.7071067811865476
0.7071067811865476
0.7071067811865476
0.7071067811865476
0.7071067811865476
0.7071067811865476
0.7071067811865476
0.7071067811865476
0.7071067811865476
0.7071067811865476
0.7071067811865476
0.7071067811865476
0.7071067811865476
0.7071067811865476
0.7071067811865476
0.7071067811865476
0.7071067811865476
0.7071067811865476
0.7071067811865476
0.7071067811865476
0.7071067811865476
0.7071067811865476
0.7071067811865476
0.7071067811865476
0.7071067811865476
0.7071067811865476
0.7071067811865476
0.7071067811865476
0.7071067811865476
0.7071067811865476
0.7071067811865476
0.7071067811865476
0.7071067811865476
0.7071067811865476
0.7071067811865476
0.7071067811865476
0.7071067811865476
0.7071067811865476
0.7071067811865476
0.7071067811865476
0.7071067811865476
0.7071067811865476
0.7071067811865476
0.7071067811865476
0.7071067811865476
0.7071067811865476
0.7071067811865476
0.7071067811865476
0.7071067811865476
0.7071067811865476
0.7071067811865476
0.7071067811865476
0.7071067811865476
0.7071067811865476
0.7071067811865476
