6.311423081366322E-4
0.0
-4.3581501489433684E-4
0.0
2.3133938013427478E-4
0.0
-3.9249208428822436E-5
0.0
-1.589682185316367E-4
0.0
3.554028148017613E-4
0.0
-5.552006188320793E-4
0.0
7.636987741720622E-4
0.0
-9.729576828494427E-4
0.0
0.0012016651193463876
0.0
-0.0014286057217110168
0.0
0.0016863932959566385
0.0
-0.001939881208461358
0.0
0.0022366610951452272
0.0
-0.0025265280099005067
0.0
0.0028735948063097036
0.0
-0.0032109829928950377
0.0
0.0036213858299425517
0.0
-0.004019122378105891
0.0
0.004508072249932671
0.0
-0.004981077335654111
0.0
0.005566390936166005
0.0
-0.006132121267177054
0.0
0.006834698168493948
0.0
-0.007513622008873695
0.0
0.008357945456232535
0.0
-0.009174038640286685
0.0
0.010188680937779963
0.0
-0.011169923421098543
0.0
0.012388024261223386
0.0
-0.013566863477707778
0.0
0.015026533302676282
0.0
-0.016440263702153433
0.0
0.018184844562321487
0.0
-0.019875832745480233
0.0
0.021953927547061318
0.0
-0.023969591260574324
0.0
0.02643475193815882
0.0
-0.02882718268482752
0.0
0.03173713422856206
0.0
-0.03456224372664961
0.0
0.037977522263288016
0.0
-0.04129360125185001
0.0
0.045275510502962024
0.0
-0.04914112443447088
0.0
0.05374897533446481
0.0
-0.05822019345241296
0.0
0.06350789114899656
0.0
-0.06863495462045469
0.0
0.07464712961486611
0.0
-0.08047079961519712
0.0
0.0872388242074558
0.0
-0.09378678510752456
0.0
0.10132513587372356
0.0
-0.10860892181930212
0.0
0.11691239935634536
0.0
-0.1249253227438302
0.0
0.13396758599371117
0.0
-0.14268404815210328
0.0
0.15241775450979653
0.0
-0.16179411962304407
0.0
0.17215271436272772
0.0
-0.18212967180199907
0.0
0.19303060390284305
0.0
-0.20353669983445027
0.0
0.21488562798371272
0.0
-0.22584147975766844
0.0
0.23753692469430657
0.0
-0.24885957819201193
0.0
0.26079749002128066
0.0
-0.27240443848617035
0.0
0.28448225636159014
0.0
-0.29629477467503773
0.0
0.30841471519485886
0.0
-0.3203603281043693
0.0
0.33243180030321895
0.0
-0.34444585436874675
0.0
0.35638702948245476
0.0
-0.3684134507031207
0.0
0.38015209913385173
0.0
-0.39214348361099177
0.0
0.4036172308546232
0.0
-0.4155344398074111
0.0
0.42669059783610763
0.0
-0.4385020225058188
0.0
0.449297136239811
0.0
-0.46097777519659866
0.0
0.4713769967527386
0.0
-0.4829074580310596
0.0
0.4928838326018124
0.0
-0.5042493427744068
0.0
0.5137830640681977
0.0
-0.5249725395995652
0.0
0.5340502118869256
0.0
-0.545055426411043
0.0
0.5536693547487002
0.0
-0.5644842194233795
0.0
0.5726317389976281
0.0
-0.5832517012134939
0.0
0.5909345499918806
0.0
-0.6013561076043809
0.0
0.6085798425944646
0.0
-0.6188001656382998
0.0
0.6255736211244604
0.0
-0.6355902699061944
0.0
0.6419250553515182
0.0
-0.6517357822903356
0.0
0.6576458176177439
0.0
-0.6672484397518925
0.0
0.6727495260867884
0.0
-0.6821418554404588
0.0
0.6872512798663886
0.0
-0.6964310996289396
0.0
0.7011672729359313
0.0
-0.7101323484626576
0.0
0.714514475182379
0.0
-0.7232625900539305
0.0
0.7273103702509256
0.0
-0.7358393789334243
0.0
0.7395727412613633
0.0
-0.7478806312233013
0.0
0.7513194966803403
0.0
-0.7594044540962392
0.0
0.7625685297532157
0.0
-0.7704290041226018
0.0
0.7733376058828556
0.0
-0.7809723699920851
0.0
0.7836442732013511
0.0
-0.7910524758396554
0.0
0.7935057923237826
0.0
-0.8006870020251757
0.0
0.8029390819122726
0.0
-0.8098933207290469
0.0
0.8119606772255358
0.0
-0.8186884441490789
0.0
0.820586699295305
0.0
-0.8270889834316701
0.0
0.8288328327668799
0.0
-0.8351111167565319
0.0
0.8367143107760717
0.0
-0.8427705652299731
0.0
0.8442459055173503
0.0
-0.8500825754367672
0.0
0.8514419233954027
0.0
-0.8570619076627066
0.0
0.8583162038510717
0.0
-0.863722828935576
0.0
0.864882121118338
0.0
-0.8700791101466321
0.0
0.8711525883065894
0.0
-0.8761440266118503
0.0
0.8771400633161144
0.0
-0.8819303615154989
0.0
0.8828565561883106
0.0
-0.887450411750536
0.0
0.8883136375686757
0.0
-0.8927159957329317
0.0
0.8935224480230586
0.0
-0.8977384628217888
0.0
0.89849370799824
0.0
-0.9025287040253607
0.0
0.9032377282587558
0.0
-0.90709716371561
0.0
0.9077644206646847
0.0
-0.9114538521116222
0.0
0.9120833091813747
0.0
-0.9156083583255432
0.0
0.9162035410330263
0.0
-0.9195698637942977
0.0
0.9201338979286944
0.0
-0.9233471559464759
0.0
0.923882807302504
0.0
-0.9269486419769181
0.0
0.9274583535203771
0.0
-0.9303823626218822
0.0
0.9308682890139188
0.0
-0.9336560058455639
0.0
0.9341200453087949
0.0
-0.9367769203644137
0.0
0.9372207439203086
0.0
-0.9397521289493312
0.0
0.9401772070932314
0.0
-0.9425883414576512
0.0
0.942995968366537
0.0
-0.9452919675570699
0.0
0.9456832829466753
0.0
-0.9478691291124293
0.0
0.9482451378755552
0.0
-0.9503256722137798
0.0
0.9506872619815833
0.0
-0.9526671788304887
0.0
0.9530151356040224
0.0
-0.9548989780815431
0.0
0.9552340000826296
0.0
-0.9570261571166618
0.0
0.9573488670060597
0.0
-0.9590535716065665
0.0
0.959364527213912
0.0
-0.9609858558438227
0.0
0.9612855595485719
0.0
-0.9628274324581453
0.0
0.9631163393541518
0.0
-0.9645825217520685
0.0
0.9648610467209271
0.0
-0.9662551506644528
0.0
0.9665236744746394
0.0
-0.9678491613705448
0.0
0.9681080359109491
0.0
-0.9693682195282163
0.0
0.9696177722761485
0.0
-0.9708158221806826
0.0
0.9710563599959963
0.0
-0.9721953053264889
0.0
0.9724271176552219
0.0
-0.9735098511678139
0.0
0.9737332127308496
0.0
-0.9747624950483205
0.0
0.9749776680830518
0.0
-0.9759561320917971
0.0
0.9761633682076959
0.0
-0.9770935235527886
0.0
0.9772930652551908
0.0
-0.9781773028902774
0.0
0.9783693848205774
0.0
-0.979209981575289
0.0
0.9793948315101252
0.0
-0.9801939546430645
0.0
0.9803717942899398
0.0
-0.981131506000167
0.0
0.9813025516222843
0.0
-0.9820248134966014
0.0
0.9821892763954889
0.0
-0.9828759537727254
0.0
0.9830340406534299
0.0
-0.9836869068903956
0.0
0.9838388201306376
0.0
-0.984459560757478
0.0
0.9846054985991439
0.0
-0.9851957153545166
0.0
0.9853358720331924
0.0
-0.9858970867720407
0.0
0.9860316525979218
0.0
-0.9865653110666522
0.0
0.9866944724680907
0.0
-0.9872019479437246
0.0
0.9873258874828693
0.0
-0.9878084842742431
0.0
0.9879273806426221
0.0
-0.9883863374529951
0.0
0.9885003654535428
0.0
-0.9889368586050469
0.0
0.9890461891258697
0.0
-0.9894613356471359
0.0
0.9895661356313041
0.0
-0.9899609962103595
0.0
0.9900614286251332
0.0
-0.9904370104302446
0.0
0.9905332342384017
0.0
-0.9908904936100538
0.0
0.9909826637453668
0.0
-0.9913225087629274
0.0
0.9914107761112847
0.0
-0.9917340690382116
0.0
0.9918185804254744
0.0
-0.9921261400371184
0.0
0.992207038224401
0.0
-0.9924996420226296
0.0
0.9925770657094191
0.0
-0.9928554520283428
0.0
0.9929295358636134
0.0
-0.9931944058707729
0.0
0.9932652804720656
0.0
-0.9935173000694144
0.0
0.9935850920496939
0.0
-0.9938248936786919
0.0
0.9938897256806638
0.0
-0.9941179100357338
0.0
0.9941799007732439
0.0
-0.9943970384277724
0.0
0.9944563027338009
0.0
-0.9946629356827514
0.0
0.9947195845635165
0.0
-0.9949162276866196
0.0
0.994970368381241
0.0
-0.9951575108306052
0.0
0.9952092468757872
0.0
-0.9953873533916422
0.0
0.9954367846908179
0.0
-0.9956062968489581
0.0
0.9956535197453538
0.0
-0.9958148571397288
0.0
0.9958599644928203
0.0
-0.9960135258565586
0.0
0.996056607121399
0.0
-0.9962027713894285
0.0
0.9962439126983649
0.0
-0.9963830400146418
0.0
0.9964223242609526
0.0
-0.9965547569331797
0.0
0.9965922638562063
0.0
-0.9967183272607796
0.0
0.9967541335321335
0.0
-0.9968741369719378
0.0
0.9969083162824207
0.0
-0.9970225537999498
0.0
0.9970551769468283
0.0
-0.9971639280949987
0.0
0.9971950630693263
0.0
-0.9972985936422176
0.0
0.9973283057159128
0.0
-0.9974268684415722
0.0
0.997455220253988
0.0
-0.9975490554513022
0.0
0.9975761070950627
0.0
-0.9976654432966221
0.0
0.9976912524025101
0.0
-0.9977763069452676
0.0
0.9978009287659808
0.0
-0.9978819083514192
0.0
0.9979053958440378
0.0
-0.9979824970694773
0.0
0.9980049009764985
0.0
-0.9980783108390685
0.0
0.9980996797678846
0.0
-0.998169576142621
0.0
0.9981899566433472
0.0
-0.9982565087367856
0.0
0.9982759453783406
0.0
-0.9983393141589079
0.0
0.9983578496032873
0.0
-0.9984181882097176
0.0
0.998435863284396
0.0
-0.9984933174133357
0.0
0.9985101711817588
0.0
-0.9985648794556583
0.0
0.9985809492857909
0.0
-0.9986330436021227
0.0
0.9986483652330316
0.0
-0.9986979710958159
0.0
0.9987125787022799
0.0
-0.9987598155368477
0.0
0.9987737417919806
0.0
-0.9988187232438491
0.0
0.9988319993797585
0.0
-0.9988748335984559
0.0
0.9988874894649287
0.0
-0.9989282793735459
0.0
0.9989403434947906
0.0
-0.998979187046007
0.0
0.9989906866754716
0.0
-0.9990276770947533
0.0
0.9990386382680456
0.0
-0.9990738642846895
0.0
0.9990843118706283
0.0
-0.9991178579372635
0.0
0.9991278156870987
0.0
-0.9991597621882575
0.0
0.999169252783092
0.0
-0.9991996762334038
0.0
0.9992087213298586
0.0
-0.9992376945623985
0.0
0.9992463148365631
0.0
-0.9992739071818633
0.0
0.9992821223715707
0.0
-0.9993083998277664
0.0
0.9993162287732403
0.0
-0.9993412541678095
0.0
0.999348714850724
0.0
-0.9993725479942396
0.0
0.9993796575752416
0.0
-0.9994023554075486
0.0
0.9994091302622866
0.0
-0.9994307469914814
0.0
0.9994372027451843
0.0
-0.9994577899797656
0.0
0.9994639415404205
0.0
-0.9994835484149522
0.0
0.9994894100051259
0.0
-0.999508083299738
0.0
0.9995136684870881
0.0
-0.9995314527411294
0.0
0.9995367744676458
0.0
-0.9995537120877738
0.0
0.9995587826978001
0.0
-0.9995749140607963
0.0
0.9995797453278714
0.0
-0.9995951088784342
0.0
0.9995997120309981
0.0
-0.999614344374772
0.0
0.9996187301207748
0.0
-0.9996326661128503
0.0
0.9996368446633102
0.0
-0.999650117492417
0.0
0.9996540985839608
0.0
-0.9996667398525695
0.0
0.9996705327690022
0.0
-0.9996825725695397
0.0
0.9996861861624713
0.0
-0.9996976531498356
0.0
0.9997010958584125
0.0
-0.999712017318976
0.0
0.9997152971887426
0.0
-0.9997256991060116
0.0
0.999728823806948
0.0
-0.9997387309240481
0.0
0.9997417077678032
0.0
-0.999751143646938
0.0
0.9997539796033041
0.0
-0.9997629666823498
0.0
0.9997656683950026
0.0
-0.9997742280413618
0.0
0.9997768018428981
0.0
-0.9997849544047624
0.0
0.9997874063310637
0.0
-0.9997951711861985
0.0
0.9997975069901499
0.0
-0.9998049025923332
0.0
0.9998071277569276
0.0
-0.9998141716801515
0.0
0.9998162914309983
0.0
-0.9998230004115416
0.0
0.9998250197288093
0.0
-0.9998314097052872
0.0
0.9998333333351113
0.0
-0.9998394194866014
0.0
0.9998412519519628
0.0
-0.9998470487342976
0.0
0.9998487943454153
0.0
-0.999854315525732
0.0
0.999855978389975
0.0
-0.9998612370796076
0.0
0.9998628211109574
0.0
-0.9998678297967472
0.0
0.9998693387248251
0.0
-0.9998741092989357
0.0
0.9998755466776158
0.0
-0.9998800904659135
0.0
0.9998814596815397
0.0
-0.999885787470616
0.0
0.9998870917498415
0.0
-0.9998912138127407
0.0
0.9998924562300047
0.0
-0.9998963823507209
0.0
0.9998975658353825
0.0
-0.9999013053321806
0.0
0.999902432675319
0.0
-0.999905994422944
0.0
0.999907068283848
0.0
-0.9999104607346676
0.0
0.9999114836470202
0.0
-0.9999147148511608
0.0
0.9999156892289423
0.0
-0.9999187668534582
0.0
0.9999196949965674
0.0
-0.9999226263436964
0.0
0.999923510443318
0.0
-0.9999263024678631
0.0
0.9999271446115809
0.0
-0.999929803937463
0.0
0.9999306061141358
0.0
-0.999933139050156
0.0
0.9999339031545649
0.0
-0.999936315709411
0.0
0.9999370435466925
0.0
-0.9999393414432354
0.0
0.9999400347331058
0.0
-0.9999422234220053
0.0
0.9999428838027861
0.0
-0.9999449684754564
0.0
0.9999455975079132
0.0
-0.9999475831088622
0.0
0.9999481822798655
0.0
-0.9999500735184499
0.0
0.9999506442444598
0.0
-0.9999524456060789
0.0
0.9999529892364691
0.0
-0.9999547049932237
0.0
0.9999552228134516
0.0
-0.9999568570342956
0.0
0.9999573502689182
0.0
-0.9999589068293263
0.0
0.9999593766448805
0.0
-0.999960859236055
0.0
0.9999613067437974
0.0
-0.9999627188814351
0.0
0.9999631451399559
0.0
-0.9999644901726015
0.0
0.9999648961903151
0.0
-0.9999661773073096
0.0
0.9999665640448263
0.0
-0.9999677842838839
0.0
0.999968152656274
0.0
-0.9999693149106931
0.0
0.9999696657896374
0.0
-0.9999707728151714
0.0
0.9999711070310182
0.0
-0.9999721614524167
0.0
0.9999724797961362
0.0
-0.9999734841133767
0.0
0.999973787338425
0.0
-0.9999747439326466
0.0
0.9999750327567435
0.0
-0.9999759438958982
0.0
0.9999762190027179
0.0
-0.9999770868469546
0.0
0.9999773488877386
0.0
-0.9999781754945276
0.0
0.9999784250896209
0.0
-0.9999792124186386
0.0
0.9999794501589545
0.0
-0.9999802000767315
0.0
0.9999804265251453
0.0
-0.9999811408094968
0.0
0.999981356502174
0.0
-0.9999820368464174
0.0
0.9999822422940807
0.0
-0.9999828903110524
0.0
0.9999830860001868
0.0
-0.9999837032260699
0.0
0.9999838896200713
0.0
-0.9999844775180379
0.0
0.9999846550583105
0.0
-0.9999852150219946
0.0
0.9999853841289894
0.0
-0.9999859174857921
0.0
0.999986078560004
0.0
-0.9999865865742414
0.0
0.9999867399971545
0.0
-0.9999872238730569
0.0
0.9999873700080457
0.0
-0.9999878308926148
0.0
0.9999879700858022
0.0
-0.9999884090715299
0.0
0.9999885416526083
0.0
-0.9999889597800677
0.0
0.9999890860630771
0.0
-0.9999894843233919
0.0
0.9999896046074608
0.0
-0.9999899839446553
0.0
0.9999900985147108
0.0
-0.9999904598279478
0.0
0.9999905689553878
0.0
-0.9999909131011009
0.0
0.9999910170444366
0.0
-0.9999913448383608
0.0
0.9999914438438289
0.0
-0.9999917560629366
0.0
0.9999918503650811
0.0
-0.9999921477494215
0.0
0.9999922375716481
0.0
-0.9999925208261063
0.0
0.999992606381212
0.0
-0.9999928761771762
0.0
0.9999929576678521
0.0
-0.9999932146448072
0.0
0.9999932922641191
0.0
-0.9999935370311626
0.0
0.9999936109630079
0.0
-0.9999938441002938
0.0
0.9999939145198351
0.0
-0.9999941365799506
0.0
0.9999942036540321
0.0
-0.9999944151633073
0.0
0.9999944790508493
0.0
-0.9999946805106026
0.0
0.9999947413629768
0.0
-0.9999949332507072
0.0
0.9999949912120962
0.0
-0.9999951739826132
0.0
0.999995229190352
0.0
-0.9999954032768533
0.0
0.9999954558617534
0.0
-0.9999956216768533
0.0
0.9999956717635123
0.0
-0.9999958297002195
0.0
0.9999958774073183
0.0
-0.9999960278399664
0.0
0.9999960732805471
0.0
-0.9999962165656846
0.0
0.9999962598474206
0.0
-0.9999963963246528
0.0
0.9999964375501033
0.0
-0.9999965675428987
0.0
0.9999966068097508
0.0
-0.99999673062621
0.0
0.9999967680275108
0.0
-0.9999968859610936
0.0
0.9999969215854698
0.0
-0.9999970339156927
0.0
0.9999970678475615
0.0
-0.9999971748406598
0.0
0.9999972071604282
0.0
-0.9999973090699866
0.0
0.9999973398542418
0.0
-0.9999974369217963
0.0
0.9999974662434878
0.0
-0.9999975586990987
0.0
0.9999975866277095
0.0
-0.999997674690505
0.0
0.9999977012922184
0.0
-0.999997785170915
0.0
0.9999978105087713
0.0
-0.9999978904021692
0.0
0.999997914536211
0.0
-0.9999979906336638
0.0
0.9999980136210838
0.0
-0.9999980861029486
0.0
0.9999981079982208
0.0
-0.9999981770362852
0.0
0.999998197891298
0.0
-0.9999982636491871
0.0
0.9999982835133618
0.0
-0.9999983461469266
0.0
0.9999983650673376
0.0
-0.9999984247250235
0.0
0.9999984427465092
0.0
-0.999998499569709
0.0
0.999998516734976
0.0
-0.9999985708583641
0.0
0.9999985872080916
0.0
-0.9999986387599437
0.0
0.9999986543328783
0.0
-0.9999987034353748
0.0
0.9999987182684216
0.0
-0.9999987650379385
0.0
0.9999987791662497
0.0
-0.9999988237136332
0.0
0.999998837170691
0.0
-0.9999988796015203
0.0
0.9999988924192165
0.0
-0.9999989328340549
0.0
0.9999989450427655
0.0
-0.9999989835373986
0.0
0.9999989951660573
0.0
-0.9999990318317182
0.0
0.9999990429078829
0.0
-0.9999990778314711
0.0
0.9999990883813915
0.0
-0.9999991216456776
0.0
0.9999991316943561
0.0
-0.9999991633781781
0.0
0.9999991729494282
0.0
-0.9999992031278774
0.0
0.9999992122443832
0.0
-0.9999992409889842
0.0
0.9999992496723503
0.0
-0.9999992770512284
0.0
0.9999992853220345
0.0
-0.9999993114000778
0.0
0.9999993192779245
0.0
-0.9999993441169401
0.0
0.9999993516204975
0.0
-0.9999993752793543
0.0
0.9999993824264051
0.0
-0.999999404961176
0.0
0.9999994117686581
0.0
-0.99999943323275
0.0
0.9999994397167974
0.0
-0.999999460161082
0.0
0.9999994663370606
0.0
-0.9999994858099897
0.0
0.9999994916925368
0.0
-0.9999995102402632
0.0
0.9999995158433206
0.0
-0.9999995335098023
0.0
0.9999995388466482
0.0
-0.9999995556737555
0.0
0.9999995607570382
0.0
-0.9999995767846515
0.0
0.9999995816264184
0.0
-0.9999995968925238
0.0
0.9999996015042496
0.0
-0.999999616045028
0.0
0.9999996204376418
0.0
-0.9999996342875553
0.0
0.9999996384714682
0.0
-0.9999996516633414
0.0
0.9999996556484683
0.0
-0.9999996682135657
0.0
0.9999996720093521
0.0
-0.9999996839774543
0.0
0.9999996875928954
0.0
-0.9999996989923661
0.0
0.9999997024360305
0.0
-0.999999713293887
0.0
0.9999997165739363
0.0
-0.9999997269159118
0.0
0.9999997300401198
0.0
-0.9999997398907248
0.0
0.9999997428664954
0.0
-0.9999997522490762
0.0
0.9999997550834627
0.0
-0.9999997640202569
0.0
0.9999997667199756
0.0
-0.9999997752321624
0.0
0.9999997778036127
0.0
-0.999999785911367
0.0
0.9999997883606422
0.0
-0.9999997960831797
0.0
0.999999798416085
0.0
-0.9999998057717068
0.0
0.9999998079937713
0.0
-0.9999998149999115
0.0
0.9999998171164011
0.0
-0.9999998237896642
0.0
0.9999998258055953
0.0
-0.9999998321617969
0.0
0.9999998340819469
0.0
-0.9999998401361521
0.0
0.9999998419650717
0.0
-0.9999998477316276
0.0
0.9999998494736518
0.0
-0.9999998549662268
0.0
0.9999998566254837
0.0
-0.9999998618570938
0.0
0.999999863437516
0.0
-0.9999998684205612
0.0
0.9999998699258945
0.0
-0.9999998746721843
0.0
0.9999998761059958
0.0
-0.999999880626779
0.0
0.9999998819924676
0.0
-0.9999998862984585
0.0
0.9999998875992602
0.0
-0.9999998917006641
0.0
0.9999998929396618
0.0
-0.9999998968461994
0.0
0.9999998980263298
0.0
-0.9999999017472586
0.0
0.9999999028713189
0.0
-0.9999999064154588
0.0
0.9999999074861119
0.0
-0.9999999108618617
0.0
0.9999999118816462
0.0
-0.9999999150970068
0.0
0.9999999160683393
0.0
-0.9999999191309313
0.0
0.9999999200561138
0.0
-0.9999999229731955
0.0
0.9999999238544206
0.0
-0.9999999266329053
0.0
0.9999999274722615
0.0
-0.9999999301187346
0.0
0.999999930918211
0.0
-0.9999999334389442
0.0
0.9999999342004356
0.0
-0.9999999366014032
0.0
0.9999999373267147
0.0
-0.999999939613607
0.0
0.9999999403044576
0.0
-0.9999999424826949
0.0
0.9999999431407216
0.0
-0.9999999452154658
0.0
0.9999999458422284
0.0
-0.9999999478183974
0.0
0.9999999484153814
0.0
-0.9999999502976578
0.0
0.9999999508662782
0.0
-0.999999952659124
0.0
0.9999999532007275
0.0
-0.9999999549083911
0.0
0.999999955424262
0.0
-0.9999999570507907
0.0
0.9999999575421514
0.0
-0.9999999590914004
0.0
0.9999999595594159
0.0
-0.9999999610350561
0.0
0.9999999614808347
0.0
-0.9999999628863647
0.0
0.9999999633109637
0.0
-0.9999999646497137
0.0
0.9999999650541388
0.0
-0.9999999663292825
0.0
0.9999999667144922
0.0
-0.999999967929051
0.0
0.999999968295959
0.0
-0.9999999694528109
0.0
0.9999999698022866
0.0
-0.9999999709041736
0.0
0.9999999712370449
0.0
-0.9999999722865793
0.0
0.999999972603635
0.0
-0.999999973603304
0.0
0.9999999739052956
0.0
-0.9999999748574682
0.0
0.9999999751451119
0.0
-0.9999999760520443
0.0
0.9999999763260209
0.0
-0.9999999771898632
0.0
0.9999999774508226
0.0
-0.9999999782736219
0.0
0.9999999785221829
0.0
-0.9999999793058891
0.0
0.9999999795426406
0.0
-0.9999999802891115
0.0
0.9999999805146134
0.0
-0.9999999812256176
0.0
0.9999999814404061
0.0
-0.9999999821176291
0.0
0.9999999823222123
0.0
-0.9999999829672584
0.0
0.9999999831621215
0.0
-0.9999999837765208
0.0
0.9999999839621251
0.0
-0.9999999845473327
0.0
0.9999999847241198
0.0
-0.9999999852815229
0.0
0.9999999854499095
0.0
-0.9999999859808292
0.0
0.9999999861412155
0.0
-0.9999999866469103
0.0
0.9999999867996765
0.0
-0.9999999872813443
0.0
0.9999999874268518
0.0
-0.9999999878856347
0.0
0.9999999880242294
0.0
-0.9999999884612147
0.0
0.999999988593224
0.0
-0.9999999890094471
0.0
0.9999999891351846
0.0
-0.9999999895316319
0.0
0.9999999896513956
0.0
-0.999999990029007
0.0
0.9999999901430803
0.0
-0.9999999905027502
0.0
0.9999999906114035
0.0
-0.9999999909539847
0.0
0.9999999910574755
0.0
-0.9999999913837799
0.0
0.9999999914823541
0.0
-0.9999999917931557
0.0
0.9999999918870462
0.0
-0.9999999921830807
0.0
0.9999999922725102
0.0
-0.9999999925544796
0.0
0.9999999926396601
0.0
-0.9999999929082324
0.0
0.9999999929893657
0.0
-0.9999999932451773
0.0
0.9999999933224555
0.0
-0.9999999935661132
0.0
0.9999999936397204
0.0
-0.9999999938718014
0.0
0.9999999939419112
0.0
-0.9999999941629651
0.0
0.999999994229744
0.0
-0.9999999944402952
0.0
0.9999999945039011
0.0
-0.9999999947044484
0.0
0.9999999947650324
0.0
-0.9999999949560516
0.0
0.9999999950137566
0.0
-0.9999999951957
0.0
0.9999999952506637
0.0
-0.9999999954239627
0.0
0.9999999954763148
0.0
-0.9999999956413802
0.0
0.9999999956912451
0.0
-0.9999999958484673
0.0
0.9999999958959631
0.0
-0.9999999960457153
0.0
0.9999999960909545
0.0
-0.9999999962335917
0.0
0.9999999962766811
0.0
-0.9999999964125414
0.0
0.999999996453584
0.0
-0.9999999965829898
0.0
0.9999999966220825
0.0
-0.9999999967453395
0.0
0.9999999967825743
0.0
-0.9999999968999751
0.0
0.9999999969354414
0.0
-0.999999997047264
0.0
0.9999999970810448
0.0
-0.9999999971875551
0.0
0.9999999972197311
0.0
-0.9999999973211808
0.0
0.9999999973518279
0.0
-0.9999999974484572
0.0
0.9999999974776483
0.0
-0.9999999975696866
0.0
0.9999999975974905
0.0
-0.9999999976851558
0.0
0.9999999977116387
0.0
-0.9999999977951387
0.0
0.9999999978203631
0.0
-0.999999997899896
0.0
0.9999999979239219
0.0
-0.9999999979996764
0.0
0.9999999980225609
0.0
-0.9999999980947158
0.0
0.9999999981165131
0.0
-0.9999999981852401
0.0
0.9999999982060019
0.0
-0.9999999982714634
0.0
0.9999999982912388
0.0
-0.9999999983535897
0.0
0.9999999983724256
0.0
-0.999999998431814
0.0
0.9999999984497551
0.0
-0.9999999985063224
0.0
0.9999999985234111
0.0
-0.9999999985772904
0.0
0.999999998593567
0.0
-0.9999999986448862
0.0
0.9999999986603895
0.0
-0.9999999987092707
0.0
0.9999999987240371
0.0
-0.9999999987705959
0.0
0.9999999987846611
0.0
-0.9999999988290074
0.0
0.9999999988424042
0.0
-0.9999999988846437
0.0
0.9999999988974042
0.0
-0.9999999989376368
0.0
0.9999999989497912
0.0
-0.9999999989881125
0.0
0.9999999989996888
0.0
-0.9999999990361894
0.0
0.999999999047216
0.0
-0.9999999990819823
0.0
0.9999999990924846
0.0
-0.999999999125599
0.0
0.9999999991356029
0.0
-0.9999999991671442
0.0
0.9999999991766726
0.0
-0.9999999992067147
0.0
0.999999999215791
0.0
-0.9999999992444064
0.0
0.9999999992530505
0.0
-0.9999999992803063
0.0
0.9999999992885398
0.0
-0.9999999993145006
0.0
0.9999999993223432
0.0
-0.9999999993470705
0.0
0.9999999993545404
0.0
-0.9999999993780928
0.0
0.9999999993852074
0.0
-0.9999999994076406
0.0
0.9999999994144178
0.0
-0.9999999994357849
0.0
0.9999999994422394
0.0
-0.9999999994625914
0.0
0.9999999994687401
0.0
-0.9999999994881248
0.0
0.999999999493981
0.0
-0.9999999995124456
0.0
0.9999999995180231
0.0
-0.9999999995356097
0.0
0.999999999540923
0.0
-0.999999999557674
0.0
0.9999999995627347
0.0
-0.9999999995786901
0.0
0.99999999958351
0.0
-0.9999999995987076
0.0
0.9999999996032982
0.0
-0.9999999996177734
0.0
0.9999999996221467
0.0
-0.999999999635934
0.0
0.9999999996400993
0.0
-0.9999999996532316
0.0
0.9999999996571987
0.0
-0.9999999996697072
0.0
0.9999999996734859
0.0
-0.9999999996854001
0.0
0.9999999996889994
0.0
-0.9999999997003475
0.0
0.9999999997037758
0.0
-0.9999999997145848
0.0
0.9999999997178504
0.0
-0.9999999997281455
0.0
0.9999999997312556
0.0
-0.9999999997410616
0.0
0.999999999744024
0.0
-0.9999999997533643
0.0
0.9999999997561857
0.0
-0.9999999997650822
0.0
0.9999999997677698
0.0
-0.9999999997762434
0.0
0.9999999997788036
0.0
-0.999999999786875
0.0
0.999999999789313
0.0
-0.9999999997970002
0.0
0.9999999997993232
0.0
-0.9999999998066458
0.0
0.9999999998088576
0.0
-0.9999999998158324
0.0
0.9999999998179394
0.0
-0.9999999998245825
0.0
0.9999999998265898
0.0
-0.9999999998329173
0.0
0.9999999998348288
0.0
-0.9999999998408556
0.0
0.9999999998426767
0.0
-0.999999999848417
0.0
0.999999999850151
0.0
-0.9999999998556188
0.0
0.9999999998572706
0.0
-0.9999999998624789
0.0
0.999999999864052
