0.01998950692493172
0.028257904974637874
0.0345837242206922
0.039878451992371604
0.04462156051220888
0.048840061530651124
0.05268240877651378
0.05624585598545823
0.0595976515255533
0.06288008716853616
0.06598324337835125
0.06894028111547638
0.07173276245787459
0.07430097442671733
0.07667186458071848
0.07872236279564561
0.08053128876339359
0.08220653904863147
0.08383251113834983
0.08623710408877071
0.08851366236096089
0.09088394544758174
0.09329129903075199
0.09555558957675435
0.09669392095965347
0.09753571004626531
0.09816724975098384
0.0986830588491027
0.09914769148276908
0.1014487729247207
0.10329118078657801
0.1054727826588317
0.10794951363959701
0.11038989520354867
0.11111774491126626
0.11152534224235838
0.11177643869486907
0.11195397274733404
0.1120918368639748
0.11425752248395427
0.11573896251579477
0.1174298547243301
0.11956831966914681
0.12185573981451442
0.12276294061081196
0.12296430519276677
0.1230221713015374
0.1230414473333288
0.12304813597666187
0.12505842438840406
0.1262243619919363
0.1274260321813754
0.12902974234162176
0.13082865901061314
0.13236489669734647
0.13264958968402532
0.1328088849244532
0.13291885744815565
0.13299726278344168
0.13447785206115198
0.1353799325768653
0.1362301880527126
0.1373849026738467
0.13878994023731472
0.14059039783098373
0.14098955583084924
0.14129531642726237
0.1415366291533531
0.14171977588932788
0.14295648679060893
0.14368053579837323
0.14430259233660528
0.14513022222590216
0.14621429939114705
0.14815023208817119
0.148664452597785
0.14909496546760995
0.1494361313257581
0.14968894283673506
0.15068638998495704
0.15129284969737047
0.15179812313454785
0.1524456841819095
0.15333785381166282
0.15524457462210522
0.15581637305013316
0.15630901792221089
0.15670469572059054
0.15699875237600058
0.15788272755888727
0.15841805496261616
0.1588477438870684
0.15938718351292985
0.16016917065636482
0.16201320587935983
0.162613831132072
0.1631370837400043
0.16355270409987804
0.16385543717614
0.1646573704160929
0.1639353749992656
0.16310934973773422
0.1623736085146451
0.16188455633741472
0.1624693672880157
0.16188280617253703
0.16122947960725936
0.16046585846640757
0.15957625705532896
0.15912073223787251
0.1583591762016303
0.15748518494047978
0.1567085715769697
0.1562464868409583
0.15695570886163498
0.15661205676271053
0.1562829469673072
0.1558758114544146
0.1553423642114359
0.15484224367538532
0.15406217822806206
0.15306926776972693
0.15208358286851345
0.15141631319074914
0.1525766241163668
0.152744258776825
0.15295567006934283
0.1531051180271508
0.1531461529896466
0.15246163682346536
0.15173331837836923
0.1506162419385988
0.14931264225120916
0.14827411847209615
0.14960776350991437
0.15003340081382385
0.15048239038383202
0.15084061875081775
0.1510802074741781
0.15029083775188318
0.14967479855987306
0.14874328622402397
0.14748215308167464
0.14635355902287747
0.14746971488827498
0.1480490434291888
0.14865033368863667
0.14913139230585457
0.14946984285634857
0.14864342431284452
0.14818050191175278
0.14753815296572634
0.14658083306120095
0.1457340186557081
0.14618961963453667
0.1466939915978875
0.14721110317558353
0.14761253981171435
0.14788424486130117
0.14739961117472486
0.14710352783143338
0.1467049797941141
0.14605601729246848
0.1454699402426137
0.14556153438241712
0.1459482484181881
0.14632155925212573
0.14659201568143806
0.14675737901276836
0.1464211356064703
0.14624534090956154
0.14601878840031887
0.14561998645005295
0.1452784249868703
0.14510064583227478
0.1453570674401484
0.14559193267949133
0.1457459995761875
0.14582549967964759
0.14566927263466553
0.1455791554392578
0.1454382462131956
0.14517260949368804
0.14496898865949415
0.1447041862149036
0.14488019614973277
0.14503074408775607
0.14510868279190509
0.1451286947861684
0.14504763518940617
0.1450043721064192
0.1449188220909379
0.14473248860604568
0.14460497379718457
0.14428377705718448
0.1444068836038335
0.14450289606012268
0.144536688379525
0.14452765428060316
0.14449971040721452
0.1444835555411823
0.144421655845671
0.14427093431526483
0.14418248171535172
0.14385360753328058
0.14395104369862022
0.14402011056303105
0.1440295149872303
0.14400267992290944
0.1440004981931677
0.14399844052820063
0.14395519192809217
0.14383044922134747
0.1437574929662347
0.14343101736637123
0.14351001749295433
0.14355987797653394
0.1435551063559669
0.143521573571412
0.14353159397446452
0.1435372646956747
0.14350146424920868
0.14338778083514636
0.14332305262987
0.14300888543943524
0.14307958698347423
0.14312049309958155
0.1431084527872596
0.1430710812722545
0.1430892963189146
0.1430983457810942
0.14307040023094197
0.14296968930666062
0.1429071665157208
0.1426074415848323
0.14267045457562427
0.1427029953644272
0.14268552457967437
0.14264723701622856
0.14266717181126587
0.1426790574911528
0.14265470614086714
0.14255926183466336
0.1424970835177564
0.14221300591325092
0.1422719684220742
0.1423001432298725
0.14228041511907275
0.14224243220516525
0.14226546392643666
0.14227743387937264
0.14225728961281817
0.14217118588525432
0.14210954434657058
0.1418403820398846
0.14189520174719436
0.14191844121227726
0.14189574190523044
0.14185797804076827
0.1418802787174299
0.1418940875447017
0.14187654815182735
0.1417940383640731
0.14173096405015875
0.14147667026094193
0.14152834343784473
0.14154845166262087
0.14152526234321575
0.14148916896298103
0.14151304272756032
0.14152571625549082
0.14151075671572752
0.14143614441126362
0.14137425260797828
0.14113286163958766
0.14118195887482246
0.14119852925689527
0.14117317654458078
0.14113736043628372
0.1411598605061611
0.14117428945229407
0.14116153752321053
0.14108960728311754
0.1410259322279334
0.14079787999851248
0.1408439983942115
0.1408579729174914
0.14083305459190068
0.14079946985001915
0.14082302326015578
0.14083567324737672
0.14082454610911824
0.14075966920963326
0.14069803748567766
0.1404806554078991
0.14052516969779327
0.14053639014086
0.14050963958736098
0.14047616618446593
0.14049804466391405
0.14051258353219825
0.1405034091260741
0.1404404128569975
0.14037689195033506
0.14017136967104402
0.14021290175685644
0.14022192783509094
0.14019626680162123
0.14016530839591143
0.14018807393347654
0.14020037541926
0.14019216283286282
0.14013562997276752
0.14007488087307562
0.13987806173286266
0.13991873336290034
0.13992553730785073
0.139898176749655
0.1398671154777009
0.13988794498904125
0.13990234436567187
0.13989590845127742
0.13984048963743526
0.13977771928154056
0.1395914861558565
0.1396290918522793
0.13963405879465418
0.13960831668997514
0.13957993978706595
0.1396016627993754
0.13961343738976204
0.13960745654233161
0.1395580747796524
0.1394986811190796
0.13931949437239013
0.139356876986533
0.13936000939203472
0.1393325772638756
0.13930386799904323
0.13932338155663493
0.13933751257797306
0.13933320721423192
0.1392842209566422
0.1392225971750982
0.13905293660036339
0.13908709194707558
0.13908870706032508
0.13906334707421386
0.13903744364073733
0.13905795937452792
0.13906910407822698
0.13906483787224982
0.13902158580875337
0.1389638706494519
0.13879986158458468
0.13883438272618195
0.13883445078830223
0.1388073182831343
0.13878084497733958
0.13879885819237303
0.13881266168854123
0.13881004233987745
0.13876652663317202
0.13870629480668414
0.13855094498043777
0.13858199407078844
0.13858082734339597
0.13855617471479564
0.13853261427517222
0.13855180253649474
0.1385622602669257
0.13855931681816464
0.1385213294848395
0.13846550397635496
0.138314616185456
0.13834660564862494
0.13834410335621622
0.13831752320397078
0.13829315066259454
0.13830952186365061
0.13832298191891268
0.13832172409333174
0.13828287473729448
0.13822417716492164
0.1380812483844954
0.13810943462187994
0.13810594689142894
0.13808222935566164
0.13806088063963573
0.13807864070802434
0.13808838318817243
0.13808646588473156
0.13805301614892063
0.1379992132960841
0.1378597154442076
0.1378894242083223
0.13788475141062687
0.13785889302118895
0.13783648768180307
0.13785109219855682
0.13786421976464142
0.13786408876741663
0.1378292353213407
0.13777214540568028
0.13764004747077205
0.13766553481194826
0.13766009907057758
0.1376374766758097
0.1376182202450093
0.13763445380019332
0.13764347032598134
0.13764235488761178
0.13761283333917593
0.13756113290653033
0.13743155693750359
0.13745917103299674
0.13745264967253093
0.13742762535691322
0.13740706728503793
0.137419779729164
0.1374326019501526
0.13743343149719592
0.13740201587330694
0.13734656155340774
0.13722394444483274
0.13724683202639895
0.13723975012240688
0.13721833747696105
0.13720107315664273
0.13721567168660523
0.13722396155503339
0.13722347862771198
0.13719737441004212
0.13714782041338458
0.13702691103961936
0.13705256164010207
0.13704444940796595
0.1370203339368716
0.137001523684482
0.13701220545662832
0.13702475858665375
0.13702643571786674
0.13699799416914077
0.13694417401262726
0.13682988043594937
0.13685021261055
0.13684172845349224
0.13682161127009304
0.13680626242979635
0.1368190975339679
0.13682666494418155
0.13682668704038176
0.13680357080975983
0.13675618349191002
0.13664285742927978
0.13666662801308013
0.13665712966617974
0.13663397484823564
0.1366168373258063
0.13662532764680535
0.13663765222537894
0.1366401067388771
0.1366142552587348
0.13656204965076343
0.13645507727453515
0.13647285057966857
0.13646316068774883
0.13644440803233518
0.13643092394256912
0.13644183963952916
0.1364486902732206
0.13644912202415305
0.13642863133597102
0.13638341509271054
0.1362767283891743
0.1362986597259534
0.13628793644324752
0.13626578202692513
0.13625026866751752
0.13625637809587818
0.13626851548655275
0.13627171263587357
0.1362481354790318
0.13619751448937006
0.13609698591017252
0.13611215416054465
0.13610141622054905
0.13608408951563644
0.1360724465030665
0.136081253066203
0.13608739180227447
0.13608816267880353
0.1360699896627354
0.1360269379345112
0.1359260599328988
0.13594615360739287
0.1359343308072389
0.13591321266466222
0.13589930259726143
0.13590280851108322
0.1359147981970487
0.1359187337555341
0.1358971747108162
0.13584810364156313
0.13575324251295204
0.13576572098857637
0.13575406095863035
0.13573822047772277
0.1357284222535856
0.1357348914193415
0.13574032081521423
0.13574137966629685
0.13572526068775215
0.1356843584832327
0.13558855122214336
0.13560677238330673
0.1355939464039819
0.13557390265246072
0.13556160323121635
0.13556224716584736
0.13557412438605426
0.13557882142283548
0.13555907748064408
0.13551152071701672
0.135421632873133
0.13543130245538762
0.13541882062853644
0.1354045299498587
0.1353966072330701
0.13540046890904955
0.13540518821146644
0.13540649913842426
0.13539220612103028
0.1353534305888078
0.13526203270561626
0.13527831273077237
0.13526455672681148
0.135245632190935
0.13523497897421194
0.1352324660457839
0.13524425948198404
0.13524976634131283
0.13523168343337197
0.13518560696381798
0.13510006569661517
0.13510677775380067
0.1350935541099859
0.1350808827729497
0.13507489213544832
0.13507583300102302
0.13507983754796282
0.1350813767739875
0.13506870990531172
0.13503202920537696
0.13494444362970995
0.13495868341571432
0.13494405276053312
0.1349263019691599
0.13491735806084793
0.13491135899067078
0.13492308830679897
0.13492947735866428
0.13491294787383146
0.13486832066740895
0.1347865555718591
0.1347901383745578
0.13477623746963704
0.13476526189299587
0.13476128360116732
0.13475894824432058
0.13476222919845401
0.1347639827089901
0.13475276433369215
0.13471813497148613
0.13463381987048723
0.13464589448889308
0.13463043190260895
0.13461392064541086
0.1346067751749014
0.1345969316639814
0.13460860477685122
0.1346159715272475
0.13460093330762915
0.13455772761250964
0.13447921659899723
0.13447948400618995
0.13446495956843688
0.13445576214654023
0.13445389665363164
0.1344478921097221
0.13445043653102648
0.13445239835765577
0.13444246796252393
0.13440983073408463
0.1343282932838488
0.13433805873082413
0.1343217992678025
0.1343066046048493
0.1343013700223888
0.13428730438939637
0.13429891443232053
0.13430737655830075
0.1342938130435943
0.13425200359283768
0.13417626778012007
0.13417303082443766
0.13415793014231492
0.13415059634462953
0.1341509590127568
0.1341408637278917
0.13414265505294393
0.13414482615436818
0.1341360364594934
0.13410531122127453
0.13402610382743801
0.13403340651370366
0.13401638244205244
0.13400259097498507
0.1339993987806454
0.13398072882487685
0.13399225086909633
0.1340019466901554
0.13398988779824336
0.13394944988101629
0.1338760511223895
0.13386913287729404
0.13385350096148935
0.1338481142388662
0.13385082785642238
0.13383620613116134
0.13383722517854327
0.133839612935388
0.1338318272154565
0.13380290684263818
0.13372562541719776
0.1337303148220854
0.13371256030491097
0.1337002644953294
0.1336992590188106
0.13367561893177723
0.13368700666580602
0.13369809249866224
0.13368761570609677
0.13364852209478661
0.1335770628494501
0.13356631652906897
0.13355019991710357
0.13354683429098374
0.1335520190337043
0.1335324418320492
0.133532668490243
0.13353528686705662
0.1335283777198094
0.133501121850566
0.13342540567981875
0.13342735018571458
0.13340890553690046
0.13339819791757684
0.13339952784615047
0.13337059558573544
0.13338177832320045
0.13339442412185487
0.13338565504844682
0.13334787187683117
0.1332779970188814
0.13326332661729573
0.13324677657000097
0.13324548697244007
0.1332532476700836
0.1332283202162279
0.13322773597849602
0.1332306064011989
0.13322445622907841
0.1331986856880258
0.1331242183200011
0.13312332362759705
0.13310423878072372
0.1330952040674141
0.13309901160484583
0.13306454238600637
0.13307542296718525
0.13308980566744036
0.13308291730029606
0.1330463991704723
0.13297779914527397
0.13295918110013982
0.13294225583752692
0.13294306659238786
0.13295347753518447
0.13292287329781025
0.13292146476859396
0.13292461770011157
0.13291912113791068
0.13289461423637772
0.1328211247147677
0.13281735345552498
0.13279769018541665
0.13279039556835118
0.13279680341276737
0.13275666782656784
0.13276712216458206
0.13278341628505544
0.13277862584571934
0.1327433106894099
0.132675725219933
0.1326532287091535
0.13263599428225417
0.1326388865535065
0.13265197460185166
0.13261547407685195
0.13261323746676418
0.13261671452385151
0.13261178288829764
0.13258827501918663
0.13251553874942895
0.1325089290881538
0.13248876150455702
0.1324832457609111
0.1324923425043287
0.1324465663202549
0.13245644545999033
0.13247481081070295
0.1324723732421725
0.1324381777340658
0.13237139911192525
0.13234520188647425
0.13232773132158185
0.13233263084049
0.13234835823534907
0.1323058894890276
0.13230283593076367
0.13230669217508143
0.1323022597034281
0.13227944765883626
0.1322072862683299
0.13219796664721017
0.13217737958499823
0.13217364205297
0.13218546708223633
0.13213426823507238
0.1321434037590639
0.13216397059891716
0.13216416780565213
0.13213098434800588
0.13206485929519188
0.13203525570974378
0.13201762622555388
0.13202439303131136
0.13204264192271045
0.13199431840273967
0.13199047967059677
0.13199478546285404
0.13199081665637533
0.13196836876917
0.13189664855444777
0.13188484554362728
0.13186393073184263
0.13186192153291595
0.13187645096075082
0.13182026795833965
0.13182848130425381
0.1318513339394351
0.13185445931852158
0.13182215568870995
0.1317565849186348
0.1317239833175144
0.13170627171196436
0.13171469385192028
0.1317352549900589
0.13168140504238493
0.13167683898815136
0.13168168059043264
0.13167817745732
0.1316557499275436
0.13158437885474594
0.13157041557632024
0.13154926586662855
0.13154887894267767
0.13156601439501828
0.13150551990731899
0.13151263560682538
0.1315377961229371
0.1315441345954454
0.1315125571768394
0.13144749214844834
0.13141240011908661
0.13139467681563566
0.13140446980999793
0.13142703787861065
0.1313682201733854
0.1313630149770418
0.13136849302827938
0.13136550057180202
0.13134275922375085
0.13127168288710506
0.13125596674162382
0.13123466914500861
0.13123573958786783
0.13125530169298746
0.1311913958670706
0.13119725790817152
0.13122467229101378
0.13123447691347517
0.13120345796683935
0.131138894872827
0.13110189294299854
0.1310842155895595
0.13109502889441188
0.1311192064593958
0.13105620648268432
0.13105048274707984
0.13105670791665583
0.1310543160277033
0.13103096144733017
0.13096015875961375
0.130943159026985
0.13092178772110857
0.13092409446042738
0.13094582254040696
0.13087960286176678
0.13088409246252866
0.13091362156254346
0.13092708870665454
0.1308964574230914
0.13083242906278897
0.13079413573865367
0.13077654354409698
0.130787974285543
0.13081328526253116
0.130747090260296
0.1307410001245158
0.13074808570864688
0.13074642586866692
0.13072221872470413
0.1306516982676085
0.13063391614605177
0.13061252682757765
0.13061580103755935
0.13063935979217586
0.13057206787809314
0.13057512018929124
0.13060653764720695
0.1306237834478073
0.13059337969666743
0.13052994638348328
0.13049097935250503
0.13047348940459613
0.13048510247907075
0.1305110145484946
0.130442767517741
0.13043649033860505
0.13044454224204965
0.13044377819224956
0.13041856092590617
0.130348358732821
0.13033029395760057
0.13030892080927198
0.13031285951774438
0.13033785251981964
0.1302708023878909
0.13027241930024788
0.13030541764075054
0.1303264586924325
0.13029614765485079
0.13023338853163616
0.13019432776697645
0.1301769343314296
0.1301882868426434
0.13021424067938367
0.13014517752298238
0.13013891221718069
0.13014801748980373
0.13014833017578303
0.13012204143630723
0.13005222052814944
0.1300343393883682
0.13001299548333237
0.13001727900631602
0.1300432677926769
0.12997776385213433
0.12997802037881806
0.1300122251517936
0.13003696613602997
0.1300066516192434
0.1299446576125316
0.12990601567698498
0.12988869294974315
0.12989936016488718
0.12992480209529814
0.12985617903421828
0.12985013375959703
0.12986034940352326
0.12986191778887393
0.12983459705293837
0.12976524843114176
0.12974795756332147
0.12972663882857538
0.1297309500123436
0.12975747669117604
0.12969473190253186
0.12969377456498213
0.12972876499323155
0.12975699505191982
0.12972662935567714
0.12966549852206102
0.12962770168440216
0.12961040977573038
0.1296200095325582
0.12964442361928566
0.12957744361861492
0.12957182395227987
0.12958316787821678
0.12958614826808382
0.12955792978747158
0.12948917401476895
0.12947280294727123
0.1294514950396992
0.1294555380223538
0.12948214882722925
0.1294232134998443
0.12942125056524015
0.12945658402760346
0.1294879824477856
0.12945757120744855
0.1293974065602325
0.12936078792286404
0.12934348117461916
0.12935169400499819
0.12937462974570815
0.1293103766448667
0.12930537366685813
0.12931781937179646
0.12932232636862204
0.1292934235018743
0.12922541167239932
0.12921020517855217
0.12918889200860567
0.12919240836831983
0.1292186755746647
0.12916438510895886
0.12916167003904358
0.12919690718122684
0.129231057616261
0.12920065893684105
0.1291415681992578
0.12910637162021796
0.1290890078814498
0.12909559092228773
0.129116683656456
0.12905607098028754
0.12905185064339325
0.12906532648108948
0.12907141845042214
0.12904210104515695
0.12897501397397368
0.12896113343334137
0.12893980577266287
0.1289425864523912
0.12896812650929565
0.1289190726882157
0.12891588335012408
0.128950610781541
0.12898702211501784
0.12895674030043633
0.1288988366059463
0.12886522843420498
0.1288477777671338
0.12885257158103722
0.12887155405865078
0.1288152926501287
0.12881198753944104
0.128826380568772
0.12883405159809286
0.1288046200133875
0.12873866484532664
0.12872619647965486
0.1287048591714671
0.12870675131621748
0.12873123779954088
0.1286877640425213
0.12868438080259698
0.12871822909346273
0.1287563603728776
0.12872633539957723
0.12866973785511596
0.12863782274054905
0.12862027421905814
0.1286232026915585
0.12863990770952907
0.12858849312880227
0.12858619728062112
0.12860136086330673
0.12861053992664953
0.12858129937119736
0.1285167033895908
0.12850567065315258
0.128484347348244
0.1284852559815208
0.1285084268479874
0.12847064421640916
0.12846732989944765
0.12849998566684473
0.12853927236715906
0.12850966677606374
0.12845450000954645
0.12842433728108107
0.12840670299710952
0.12840776731218934
0.12842212254430582
0.12837584035668856
0.12837460732917605
0.12839037111488624
0.12840092787313848
0.1283721660950317
0.1283091681194643
0.12829954563518137
0.1282782805559586
0.1282781656961517
0.12829982512127874
0.12826764352381487
0.12826462750319614
0.12829583945542117
0.12833571861027654
0.12830670363462998
0.12825309585718786
0.12822471388109727
0.12820702984864038
0.12820629806138809
0.1282183149957816
0.12817726012038988
0.12817710408625257
0.12819328485904047
0.12820504054509707
0.12817701083046723
0.12811585106495427
0.12810757807777523
0.12808643489836402
0.12808530517038955
0.1281053208488315
0.12807848905718386
0.12807595671689437
0.12810553636963115
0.12814546867556267
0.12811721123082306
0.12806529080862225
0.12803869792710273
0.12802102211863048
0.12801861603141643
0.12802837523683852
0.1279924806239604
0.12799337994932142
0.12800979197729973
0.12802253330891006
0.1279954435659736
0.1279363530000257
0.127929345083401
0.12790840346975124
0.12790630746918394
0.12792460458475496
0.12790275311437166
0.12790084088782128
0.12792865915938342
0.12796814684264987
0.1279407985924984
0.1278906895093352
0.12786588125236228
0.12784828940561674
0.12784437036976512
0.12785200521137344
0.12782107515385233
0.12782297775811607
0.12783944166671288
0.1278529357045513
0.12782694339992232
0.12777013386182232
0.12776429232840367
0.1277436429397665
0.12774065958326192
0.1277572127295571
0.12773989489865326
0.12773869026564974
0.12776467131113883
0.1278032712068784
0.12777696041840433
0.12772877723849393
0.12770574028045603
0.12768832032241734
0.12768307532103765
0.12768875587529566
0.1276624999601508
0.1276653297090244
0.12768167934367308
0.12769568755014143
0.12767089957627317
0.12761655534141741
0.1276117743421793
0.12759151315238362
0.12758774206338402
0.1276025662745439
0.12758929432664567
0.12758883964682022
0.1276129531900268
0.12765028503235476
0.12762511145448827
0.12757895444757805
0.12755766818313957
0.1275405141384838
0.1275341431498667
0.12753806157276762
0.12751612631989542
0.1275197897601482
0.12753587690264417
0.12755016718708212
0.12752664340122052
0.12747491495077737
0.1274710865618519
0.1274513092604338
0.12744686196822766
0.12746000378200265
0.1274502784526121
0.12745057733042353
0.1274728305092163
0.1275085808322735
0.12748461344564385
0.12744056444552046
0.12742100114035992
0.12740420726988436
0.12739691254009558
0.1273992706413737
0.12738126697715504
0.12738565984301758
0.12740135693483137
0.127415713033243
0.12739347216133973
0.1273444723508016
0.12734149007441217
0.12732228711822507
0.12731727955827069
0.12732880875442404
0.12732214185754281
0.12732316680011932
0.12734359625247754
0.1273775185556701
0.12735479577961015
0.12731291516904122
0.12729503950886842
0.12727869522122914
0.12727067274122345
0.12727167208528117
0.1272571977706016
0.12726221084481545
0.12727741203728016
0.12729164005815966
0.12727066680535526
0.12722446940299525
0.12722223050692255
0.127203683173783
0.1271982297157373
0.1272082321076458
0.12720416253864597
0.12720586288643487
0.12722452753457095
0.12725643948947316
0.12723497129185404
0.12719529630097617
0.1271790649289998
0.12716325078515392
0.12715468400087476
0.1271545185282081
0.12714317540743048
0.1271486994771982
0.12716332039160094
0.12717725271002953
0.12715750516587473
0.12711414549542538
0.12711255254459708
0.1270947301374105
0.12708893916116648
0.12709751060012556
0.12709561462400157
0.12709792401560724
0.1271148987869821
0.12714467728597548
0.12712444860400365
0.12708699292122105
0.12707235430728692
0.12705713923438014
0.1270481948281123
0.12704704577423717
0.12703845221361948
0.1270443820030432
0.12705835857526898
0.1270718554678017
0.12705327216392168
0.12701274944679075
0.12701171128741326
0.12699466947627014
0.12698864037394617
0.12699588196687864
0.126995778860399
0.12699862177093915
0.12701399233586363
0.12704156713227832
0.12702254204935878
0.12698729660119853
0.1269741913779229
0.12695963105228927
0.1269504565167874
0.12694848928584515
0.12694228845367694
0.12694852552781902
0.12696181226381095
0.12697476176790087
0.12695726799064475
0.1269195489249532
0.126918981294928
0.12690276147505472
0.1268965828740821
0.12690259731444684
0.12690395144338557
0.1269072485712984
0.1269211070720148
0.12694645366484697
0.12692857987173006
0.12689551454024936
0.12688387629454928
0.12687001254966004
0.12686073522195476
0.12685809782767327
0.12685396258299161
0.1268604172998963
0.12687298520396628
0.12688530169062312
0.12686881484832394
0.12683383796843797
0.126833663840974
0.1268182933234713
0.12681204229150472
0.12681693115045736
0.12681945146492812
0.1268231239194609
0.12683556560411072
0.1268586978998568
0.12684191107311552
0.12681097708277725
0.1268007335056731
0.12678759456635055
0.12677832178063456
0.12677514447501467
0.12677277963010994
0.12677937226707894
0.1267912066404186
0.12680282854040717
0.12678726252870653
0.12675494293916462
0.12675509266211585
0.12674058549290798
0.126734327485657
0.1267381892931813
0.12674162707261175
0.12674559943294364
0.1267567200777831
0.126777683235328
0.12676191107416618
0.12673304378364905
0.1267241180458053
0.12671171937462905
0.1267025394179336
0.1266989351673418
0.12669807781787235
0.12670473902169924
0.12671583727132912
0.12672672432047344
0.12671199292448054
0.12668222707656215
0.12668263834477772
0.12666899655366812
0.12666278588901755
0.12666571484045036
0.12666986035353248
0.12667406273906145
0.12668395673334068
0.1267028204779468
0.1266879862389559
0.12666110810373968
0.12665342032363192
0.12664176587711426
0.12663274947410297
0.1266288149971957
0.126629233508324
0.1266359042224241
0.12664627377427595
0.12665640406149303
0.12664242348967047
0.1266150937512396
0.12661571143754033
0.12660292654282973
0.12659680721818542
0.12659889236009012
0.12660357094715866
0.1266079402687308
0.1266166992407662
0.1266335518281159
0.12661957727985365
0.12659460079606444
0.12658806948739337
0.12657715320698606
0.12656835531052144
0.12656417245113488
0.12656566457325538
0.1265722955842156
0.12658195195815708
0.12659131898255188
0.1265780096543631
0.12655298850264451
0.1265537643694363
0.12654181899534217
0.12653582570225683
0.12653715047550543
0.12654221842295346
0.12654669898856807
0.12655441086291544
0.12656935378793382
0.1265561615703808
0.12653299205934834
0.12652753547292409
0.1265173428703321
0.1265088045850378
0.12650444184861373
0.12650683232702867
0.12651338355478145
0.12652234863288062
0.12653095850972057
0.12651824622641128
0.12649539996215442
0.12649629227581274
0.12648516177353913
0.12647932099930742
0.1264799630416533
0.12648530350448098
0.126489847140372
0.1264965955307167
0.12650973900947846
0.12649725442788992
0.12647579256732874
0.1264713298723369
0.126461839603716
0.12645359011591753
0.1264491042462971
0.12645224219352022
0.12645868182760503
0.12646698232805734
0.12647485122991872
0.12646266785268465
0.12644185978958733
0.12644283286073643
0.12643248685542496
0.12642681799267072
0.12642684912528782
0.1264323682645646
0.12643693409128753
0.12644279794918178
0.12645425715437775
0.12644240946500485
0.12642255351274512
0.12641900578856505
0.12641019114414745
0.1264022495709373
0.12639768708391688
0.12640144330416578
0.1264077468665434
0.12641541302274825
0.1264225649013744
0.1264108486490335
0.12639194177384372
0.1263929654469623
0.12638336925972676
0.12637788567085068
0.12637737201203997
0.12638299544649226
0.1263875494251653
0.12639260287954776
0.12640249487826327
0.12639121813801577
0.1263728658260996
0.12637015685662856
0.1263619871192435
0.1263543642212065
0.12634976284212332
0.12635402723502226
0.12636017662962346
0.12636724106542743
0.12637370567038675
0.1263624011333069
0.1263452602608775
0.12634630937570954
0.1263374252917007
0.1263321352952878
0.12633113745954366
0.12633680708123665
0.12634132142087737
0.12634563375659494
0.12635407508048774
0.1263433086371983
0.12632635873780568
0.12632441561516117
0.12631685726241212
0.12630955698902582
0.12630494696469122
0.12630962608763158
0.12631560867929498
0.12632210546623407
0.12632791665632304
0.1263169746072123
0.12630146807297885
0.1263025219180469
0.12629431028806065
0.12628921804946514
0.12628779140162993
0.1262934625712197
0.1262979150661611
0.1263015508011241
0.12630865557039925
0.12629834426803158
0.1262826978489225
0.1262814514030006
0.126274469143771
0.12626748999849866
0.1262628952702792
0.12626791010396035
0.12627371785502026
0.12627968173456394
0.12628487606503608
0.1262742531317816
0.1262602540739602
0.12626129584939977
0.12625371602448068
0.1262488223435898
0.126247017286437
0.12625265640041344
0.12625702974801115
0.12626004877809338
0.12626592729914737
0.12625602146567783
0.1262415828628939
0.1262409679385327
0.12623452558570708
0.12622786181041037
0.12622330104650417
0.1262285849834433
0.12623421366490908
0.12623967941754238
0.12624429497881354
0.12623395323065956
0.12622134051812245
0.12622235682150793
0.1262153679280744
0.12621067092457317
0.12620853320444222
0.1262141156123145
0.1262183967458136
0.1262208545342752
0.12622561229415624
0.12621606757098675
0.1262027451118146
0.1262027007173422
0.12619676190600176
0.12619040449262675
0.12618589198483263
0.12619138904380736
0.12619683752952926
0.12620183947247207
0.12620591495241493
0.12619582143877
0.12618448029994883
0.12618546064515856
0.126179022213196
0.12617451791431666
0.12617208893393234
0.12617759717509522
0.12618177663444438
0.1261837244287138
0.12618746141574821
0.12617823847785034
0.12616594498879913
0.12616641433953085
0.12616094310427775
0.12615488064683536
0.12615042708142432
0.12615609033992994
0.12616135998595832
0.12616593158203324
0.12616950552310177
0.1261596317942206
0.12614945419905318
0.12615039057482758
0.12614446303441032
0.1261401458728647
0.12613746300367798
0.12614288532988868
0.12614695668410328
0.1261484417474454
0.1261512520351127
0.1261423162416446
0.12613096937552704
0.126131899854148
0.12612686108140256
0.12612108048394124
0.1261166935984729
0.1261224838287264
0.12612757793579982
0.12613175149713196
0.12613486172041777
0.12612518335102507
0.12611606819306223
0.12611695466493697
0.12611149972739438
0.1261073629585208
0.12610445984718194
0.12610978899576455
0.12611374832367855
0.12611481417284628
0.1261167857122533
0.1261081067187281
0.12609762913273667
0.12609897218609664
0.12609433195785097
0.12608881901511695
0.1260845041538591
0.1260903886444037
0.12609531199872934
0.12609911847039398
0.1261018016406214
0.1260922977710396
0.12608415089121278
0.12608498324806477
0.12607996418801917
0.12607600023557575
0.1260729071007675
0.126078139284787
0.12608198471624352
0.1260826713588803
0.12608388593332867
0.12607543728885415
0.1260657567024578
0.12606746769157404
0.12606319353668327
0.12605793340403107
0.1260536939845371
0.12605964552812163
0.12606440401397398
0.12606787282425275
0.12607016413218652
0.12606081703646888
0.1260535511242574
0.12605432656879859
0.12604970842248023
0.1260459091623149
0.12604265307933962
0.1260477871632847
0.12605151847955753
0.12605186264708793
0.12605239594984374
0.12604415469660019
0.1260352038546291
0.12603724187193893
0.1260333029399876
0.12602828050825357
0.12602411841098604
0.12603011443940237
0.1260347147162587
0.126037873681725
0.12603980662315567
0.12603060130987978
0.12602413571207988
0.12602485259324958
0.12602060228723622
0.12601695927749904
0.12601356444886805
0.1260186012813062
0.12602221957146217
0.12602225494463976
0.126022176747877
0.12601412303482942
0.12600583959759443
0.1260081672629127
0.1260045344342875
0.12599973462407663
0.12599565051598735
0.12600167236342213
0.12600612160012836
0.12600899687529113
0.12601060310846354
0.12600152695698497
0.1259957874191845
0.12599644500346083
0.125992531426511
0.12598903609231718
0.12598552410322758
0.1259904659810772
0.12599397334976686
0.12599373077507534
0.1259931051639855
0.12598522188273606
0.1259775482616515
0.12598013150597012
0.1259767774502098
0.12597218543857874
0.12596817904043867
0.12597421131826578
0.12597851697689796
0.12598113303954728
0.12598244230547098
0.12597348473837414
0.1259684030996853
0.12596900137778308
0.12596539540688695
0.1259620391864986
0.12595842924457015
0.1259632794868226
0.1259666788083873
0.12596618650421973
0.1259650721554521
0.125957344602987
0.1259502277570592
0.12595303560131502
0.12594993479422478
0.12594553618521828
0.1259416064913405
0.12594763655889873
0.12595180622140512
0.12595418588610102
0.12595522597854908
0.12594637816959509
0.1259418920272277
0.12594243155239582
0.12593910604264946
0.12593588050139612
0.12593218966041622
0.12593695227218407
0.12594024698579753
0.1259395307378476
0.12593798122581004
0.12593039679653623
0.1259237880023007
0.12592679233654505
0.12592392104504382
0.12591970199405156
0.12591584745194057
0.1259218649695326
0.12592590620080776
0.12592807065412243
0.125928867428253
0.1259201220441649
0.12591617440102262
0.1259166561551267
0.12591358590160787
0.12591048281895317
0.1259067261866721
0.12591140559724645
0.12591459953792394
0.12591368288357718
0.12591174700176352
0.12590429490951474
0.12589814951457692
0.12590132488158065
0.1258986611238463
0.12589460842434466
0.12589082708077254
0.12589682363278518
0.1259007438744627
0.12590271272662595
0.12590329013703522
0.1258946411108647
0.12589118001648053
0.12589160530018587
0.12588876697870643
0.12588577841311743
0.12588196934336562
0.12588657020449187
0.125889667465097
0.1258885718668494
0.12588629395434808
0.12587896498383636
0.12587324215208795
0.12587656553828205
0.1258740890254964
0.1258701901654628
0.1258664797845369
0.12587244856214821
0.1258762550520529
0.12587804640056013
0.12587842656120357
0.1258698688946956
0.12586684708743504
0.1258672174310431
0.12586458952348867
0.12586170785908507
0.1258578581286625
0.12586238516147538
0.12586538998125152
0.12586413498934812
0.12586155525511797
0.12585434154150282
0.1258490039963223
0.12585245463207168
0.12585014669695474
0.1258463898910978
0.12584274804905277
0.12584868358342824
0.12585238329626583
0.12585401379780078
0.1258542170576164
0.12584574664985285
0.1258431212063498
0.1258434382981415
0.12584100100708803
0.12583821898544725
0.12583433895636995
0.12583879683737126
0.12584171351297196
0.12584031691756356
0.1258374717570207
0.12583036659176378
0.12582538036204008
0.12582893953253915
0.1258267830488963
0.12582315725183912
0.1258195814125582
0.12582547935072738
0.12582907895618858
0.12583056390389327
0.1258306089331475
0.12582222243275357
0.12581995442894364
0.12582022005821297
0.12581795521462638
0.12581526595459205
0.1258113647223805
0.125815758000513
0.1258185908159628
0.12581706878915114
0.12581399108917232
0.12580698875006857
0.12580232292267268
0.1258059737902033
0.125803953086883
0.12580044799156392
0.1257969355662027
0.12580279248294765
0.1258062983179558
0.1258076517216598
0.12580755560503543
0.12579925028332406
0.12579730447015253
0.12579752048245119
0.1257954114495216
0.12579280845740623
0.12578889398616955
0.12579322702446152
0.12579598019692473
0.12579434742511
0.12579106685479027
0.12578416245794777
0.12577978893928757
0.1257835163771646
0.12578161714912556
0.12577822317392845
0.12577477156747163
0.12578058480755644
0.12578400285988067
0.12578523752739487
0.12578501586067495
0.12577678950325744
0.12577513399911
0.12577530226155256
0.1257733338370759
0.12577081100925425
0.1257668902543675
0.12577116719082188
0.1257738448294753
0.12577211463644553
0.12576865792191141
0.12576184729345127
0.12575774058194505
0.1257615310201631
0.12575974023876438
0.12575644850625234
0.1257530551533708
0.12575882269930522
0.12576215860020026
0.12576328621819163
0.12576295320608563
0.12575480402066141
0.12575341002175797
0.12575353239654177
0.12575169071572698
0.1257492423352805
0.12574532135447503
0.12574954607788208
0.1257521521535698
0.12575033661478674
0.12574672779711138
0.1257400073624306
0.1257361443330967
0.1257399856154653
0.12573829143960644
0.1257350937491908
0.1257317561413735
0.12573747650264558
0.12574073552656398
0.12574176673987214
0.12574133529309997
0.12573326183134134
0.12573210334070004
0.1257321816652767
0.125730454105413
0.12572807483419865
0.12572415888789004
0.12572833502507658
0.12573087334876998
0.12572898339730976
0.12572524407314292
0.12571861076170723
0.12571497046356286
0.1257188517159556
0.12571724340529494
0.1257141322017178
0.12571084790732004
0.12571652002766934
0.12571970709742236
0.12572065158596324
0.12572013341617924
0.12571213450783292
0.1257111880829302
0.12571122415551436
0.1257095992435675
0.12570728411084175
0.1257033777525108
0.12570750866423105
0.1257099828726212
0.12570802839722822
0.1257041779421808
0.12569762910596433
0.1256941925725347
0.12569810408176854
0.1256965719129202
0.12569354025204996
0.12569030693062022
0.12569593011046254
0.12569904980649313
0.12569991635912908
0.12569932207064566
0.12569139676817492
0.12569064128706064
0.12569063685638324
0.125689104180291
0.12568684856881573
0.1256829557262367
0.1256870445094764
0.1256894580562921
0.12568744799199813
0.12568350376713316
0.125677037110987
0.12567378718392444
0.1256777202867141
0.12567625547306097
0.12567329698618654
0.12567011239819825
0.12567568622977243
0.1256787428024454
0.12567953938739032
0.1256788785649665
0.1256710260972498
0.1256704425426102
0.12567039930101354
0.12566894942521067
0.12566674905559455
0.12566287310367635
0.12566692259860723
0.125669278750484
0.12566722116223636
0.12566319870424278
0.1256568122266419
0.1256537333922284
0.12565768037362007
0.12565627498916854
0.1256533838467174
0.1256502458596359
0.12565577017282892
0.12565876755685024
0.1256595013883322
0.12565878268053549
0.1256510024143166
0.12565057367478422
0.12565049325392066
0.12564911763942907
0.12564696855331414
0.12564311237928508
0.1256471251794832
0.12564942701540502
0.12564732917513577
0.12564324237091487
0.12563693431369827
0.12563401255183798
0.12563796655250883
0.125636613460042
0.12563378433543576
0.1256306909268858
0.12563616574402184
0.12563910757427063
0.12563978517529692
0.12563901637313926
0.1256313077810875
0.12563101846896918
0.12563090243750258
0.12562959336677054
0.12562749190935368
0.12562365797097913
0.12562763643582772
0.12562988684933446
0.12562775530688985
0.12562361655338394
0.12561738535925845
0.12561460800444965
0.12561856293625698
0.12561725571991222
0.12561448375409992
0.12561143301276184
0.12561685851091287
0.1256197481391161
0.12562037540028162
0.12561956351098263
0.12561192614537056
0.12561176242987923
0.12561161229270582
0.12561036279925947
0.12560830560153727
0.12560449597901924
0.1256084422474619
0.12561064395095806
0.12560848459929233
0.12560430494944286
0.12559814922616744
0.1255955048398623
0.12559945530903782
0.12559818821133123
0.12559546897839902
0.12559245910314765
0.12559783558275725
0.12560067609455583
0.1256012583289114
0.1256004096447572
0.1255928431158957
0.12559279257092962
0.12559260976953085
0.1255914135724096
0.12558939753345208
0.1255856139756143
0.12558952998062264
0.12559168551124425
0.12558950364626614
0.12558529294201407
0.12557921143231465
0.1255766896860274
0.12558063092342966
0.12557939878667324
0.1255767282608166
0.1255737575585223
0.12557908541732668
0.12558187964938142
0.12558242164343592
0.12558154180579148
0.1255740457644809
0.12557409722997495
0.1255738831435952
0.12557273458647236
0.12557075685596292
0.12556700082128153
0.12557088830455815
0.12557300003115685
0.12557080040660093
0.1255665673998442
0.12556055895623075
0.12555815052472724
0.12556207832259111
0.12556087653458967
0.1255582510586434
0.12555531794097563
0.12556059765236913
0.1255633482092379
0.12556385427021022
0.1255629483288094
0.12555552245216903
0.12555566590804873
0.125555421855456
0.12555431585029464
0.12555237381151588
0.12554864650451256
