NaN
NaN
NaN
NaN
NaN
NaN
NaN
NaN
NaN
NaN
NaN
NaN
NaN
NaN
NaN
NaN
NaN
NaN
NaN
NaN
NaN
NaN
NaN
NaN
NaN
NaN
NaN
NaN
NaN
NaN
NaN
NaN
NaN
NaN
NaN
NaN
NaN
NaN
NaN
NaN
NaN
NaN
NaN
NaN
NaN
NaN
NaN
NaN
NaN
NaN
NaN
NaN
NaN
NaN
NaN
NaN
NaN
NaN
NaN
NaN
NaN
NaN
NaN
NaN
NaN
NaN
NaN
NaN
NaN
NaN
NaN
NaN
NaN
NaN
NaN
NaN
NaN
NaN
NaN
NaN
NaN
NaN
NaN
NaN
NaN
NaN
NaN
NaN
NaN
NaN
NaN
NaN
NaN
NaN
NaN
NaN
NaN
NaN
NaN
NaN
0.19973593901308928
0.19989244435567058
0.20052014317827335
0.20229235789655395
0.20649156150863385
0.1979855024514746
0.18909399457661324
0.1812518185562814
0.1753457217379856
0.17187193129690578
0.17110277366076274
0.1731381763105912
0.17793197106959607
0.18530211426302778
0.1948969223882501
0.1894906678640521
0.18442761716528971
0.1799485931532518
0.17621814481653247
0.17341912858201944
0.17177361582027242
0.17156268186212575
0.17315799422688963
0.1770413774163961
0.18374472649302395
0.1803399206581535
0.17696881868992376
0.17382640738139885
0.17089029851788085
0.16809264748864408
0.16538882886954112
0.162784610591219
0.1604226607876083
0.15879017946750074
0.15901206608500137
0.15837944404218074
0.15639980527080966
0.15437003175810599
0.15265144979576398
0.15105010993357879
0.1493775819598951
0.14761134621404623
0.1459498578448796
0.14493342861062739
0.14557998966921196
0.14536176709872037
0.14404031708710216
0.14253239604792248
0.14116156924813605
0.13989372102899758
0.13862578061386682
0.13730947256603726
0.13603476286054833
0.13518896617437068
0.13570901150210263
0.13573033941806276
0.13471018862515144
0.13354710246551715
0.13249820868621648
0.1315086857614871
0.1305026770901734
0.1294582106788517
0.12845573474423258
0.12782219275895046
0.12839148083147262
0.1285510422765639
0.12776779142606182
0.1268250096540409
0.12595894062653432
0.12514278997876235
0.12432108169911685
0.1234689294639308
0.12263560617641336
0.1220863219462894
0.12260638350381266
0.12280993244024317
0.12215174810059273
0.12136725899217538
0.12064817533229855
0.11996038970438823
0.1192640699523253
0.11854459067331213
0.11784173796241787
0.11738123336024046
0.11788624971126216
0.11814400279480874
0.11760187204286021
0.11693198378185617
0.1163144715084782
0.11572486118187195
0.11512996053362276
0.11451416452152272
0.1139043764695833
0.11349213117627434
0.11396065622088528
0.11422401356110701
0.11374915459702806
0.11316801854064105
0.11263398024137694
0.11211827631177797
0.11035997422518852
0.10854182212995467
0.10665619287019575
0.10480101468395202
0.1035031496875181
0.10335384552011408
0.10275043733033169
0.10213947982147491
0.10149578263439146
0.1006230947857784
0.09932990244827458
0.0974275464138498
0.09473346043208347
0.09120019410575121
0.0874359731590171
0.08822806241974894
0.0881562328915175
0.08789349492781741
0.08753294643529859
0.0869303808916132
0.08592133035884093
0.08429601271483406
0.0817654216089624
0.07804203639367957
0.07338781280412059
0.07454910420276623
0.07472146784698819
0.07469133418230425
0.07468314787918612
0.07469530969424515
0.07472220709840664
0.0747395967115896
0.07465491503255556
0.07431076201477706
0.07384696469161191
0.07388061238786664
0.07390537474891597
0.07387261835999269
0.07370449894528747
0.0735027560624828
0.07339638050586791
0.07339560079969136
0.07334139493458501
0.07295041587832049
0.07232442554753049
0.07234476282892578
0.07230135204512257
0.07230100401293932
0.07226215020979733
0.07217523317981245
0.07211215843902777
0.07210833597583714
0.07208270503283686
0.07182856975603104
0.07140450477267639
0.07138556914807383
0.07136095835106147
0.07135766082219346
0.07131307943847558
0.07123822373750979
0.07119572204442456
0.07120234080318807
0.07116954144236004
0.07089041999921249
0.07044622019319616
0.0703949665847934
0.07035534505645487
0.07035514833111466
0.07033208806194942
0.07028039745470416
0.07024476493962539
0.07024687907320457
0.07022778673123224
0.07001587625586864
0.06964003586338818
0.06960870532033621
0.06958243351909373
0.0695810905936049
0.0695607620770102
0.06952096567257528
0.06949777703159925
0.06950595724750924
0.06948705668846812
0.06927198646599696
0.06890675918695138
0.06885397334345363
0.06883137033008695
0.06883117882420275
0.06881339947974757
0.0687791154813917
0.06875548111749563
0.06875858817043166
0.0687470049499178
0.06857843467373544
0.06825193299785724
0.06821907659251651
0.06819765606239246
0.06819653989207528
0.06818140547124553
0.06815403677303018
0.06813708692800714
0.06814456631029044
0.06813520598433276
0.06796558191417679
0.06765172202556953
0.06761081712979551
0.06760216471524655
0.06760226001617135
0.06758561269111893
0.06756022915023692
0.06754229361488746
0.06754500540534816
0.06753870131532909
0.06740393009528726
0.06711596987628733
0.0670827348312384
0.06706335841143844
0.06706253100826275
0.06704862341167574
0.06702785126146998
0.06701397761489059
0.06702050208526492
0.06701729285512108
0.0668810413080823
0.0666073963934606
0.06657719156237393
0.06657802219495566
0.06657868080619572
0.06656195818541687
0.06654176246095461
0.0665270213704212
0.0665289772491023
0.0665260478448203
0.06641695584202377
0.0661589944965114
0.0661220899849462
0.06610151833749452
0.06610100996097636
0.06608712727435245
0.06607053904374613
0.06605860779789015
0.06606437850351986
0.0660652084666846
0.06595366996640302
0.0657133633476955
0.06568917582072176
0.06569577036656202
0.06569711120710735
0.0656800496088912
0.06566295054797683
0.06565004533339051
0.06565109401581949
0.06565024188997465
0.0655606424535965
0.06532549627968803
0.06527998593524253
0.06525543538273118
0.06525517583898971
0.06524088791465814
0.06522716396506625
0.0652166773649627
0.06522206632907672
0.06522575254564715
0.06513251139629035
0.0649204275873756
0.06489606527695796
0.06490504548764098
0.06490705121590988
0.06488967172615434
0.0648741764510994
0.06486209213572788
0.0648620492800277
0.06486241512111049
0.06478755368188356
0.06456832371176048
0.06450818659303453
0.06447722921174266
0.06447712223329645
0.06446219230869024
0.06445050305239579
0.06444129557717228
0.06444683938995995
0.06445288264508552
0.06437304145399267
0.06418506869010374
0.0641526869408757
0.0641603006015827
0.06416282951295131
0.06414518838261313
0.06412997650415116
0.06411769558780768
0.064116212627334
0.06411721278056585
0.06405327250016844
0.06384231763049723
0.06376043393036342
0.06372097443747024
0.06372094243869647
0.06370507397745845
0.06369489145147374
0.06368712226243635
0.06369365866766577
0.06370218552181726
0.06363184113187016
0.06346445301679211
0.06341365007976077
0.06341494746350991
0.06341768846590197
0.06339979496370604
0.06338345041590503
0.06336970256729639
0.06336612996747618
0.06336733729474543
0.06331096407732366
0.063098391846269
0.06298659520110429
0.06293708624072676
0.0629370816872813
0.06291982492099352
0.06291092785891239
0.06290527418973933
0.06291427891862456
0.0629262322131399
0.06286208469776912
0.0627119056033941
0.06262830591900795
0.06261614127747497
0.06261851839136626
0.06260033321076265
0.06258108922914539
0.06256409030185886
0.06255728968711731
0.0625583443414765
0.06250613478440498
0.06227731422081579
0.062126822270396745
0.062066737407311806
0.062066739226674425
0.062047544118450364
0.06204020715002428
0.06203834769305712
0.062052651510975984
0.0620703941991855
0.06200955876901759
0.061872574209645266
0.06173641228239021
0.06170038697501325
0.06170147679786038
0.06168299809831266
0.06165856155681455
0.06163590133732343
0.06162411387517785
0.061624655719729485
0.06157266742209962
0.06130488840064155
0.06110705924679151
0.06103755367131178
0.061037595615718594
0.0610160390300232
0.061011379500448715
0.06101683841277051
0.06104178098872207
0.06107015794330261
0.061010591284513575
0.06087959680207013
0.060668454305154884
0.060595496835723114
0.06059432120921963
0.06057593150728293
0.060544133800574516
0.060514015416752144
0.06049574091133138
0.06049545466986725
0.060439316284706175
0.0601020177249877
0.059847811309329646
0.059772354981272785
0.05977267580444932
0.059748764850135715
0.05974847406006739
0.059766215406477384
0.059808526942905955
0.05985375175257036
0.05979611429249007
0.059656105233849406
0.059365306398268876
0.059247941149375254
0.059245072014290044
0.059228287342350215
0.059190001667563254
0.05915570254957181
0.05913333492062613
0.05913232463190413
0.059069319912862975
0.05864221153724407
0.05831668911500686
0.05824095011413995
0.05824223629107459
0.05821641671971371
0.058219729203050935
0.05824914298970774
0.05830670580838627
0.05836689974273427
0.05831535551479764
0.058155950289009134
0.057823497514058915
0.05767237990170661
0.057671029513043516
0.05765804684167614
0.057618171789177094
0.057587592879353985
0.05756699848665039
0.05756572157065558
0.057497547851427376
0.056993145536345706
0.056576749623826826
0.05650644768355309
0.05650962975308155
0.05648297592089083
0.056485616495087765
0.056517815544488204
0.05657799351813247
0.05664177250010387
0.05659984316197042
0.056430757351666354
0.05611103558996842
0.05594727770676085
0.05594985650606472
0.0559411932014742
0.05590429558148605
0.055882405276443836
0.055866528999012434
0.05586558946356357
0.05579790471739529
0.05524633595383964
0.05473525044729741
0.054674633772654115
0.054680258568206366
0.05465461779767609
0.05465348684622954
0.054680853566720276
0.05473292644459286
0.05479023528588248
0.05475982318760695
0.0545927168661101
0.05433085004448308
0.05417508648034316
0.05418217882033036
0.054176951140178314
0.05414686369316221
0.05413684899122255
0.05412731132039916
0.054127936266310656
0.054068404094529725
0.05350802460118259
0.05291896400801799
0.05287121326953663
0.05287948873380756
0.05285660754384581
0.052849665983847154
0.05286606612655531
0.05290096393583067
0.052943045441702155
0.05292521400270715
0.0527687815532395
0.05260184997349279
0.052474297915692046
0.0524861905237428
0.05248316856075939
0.05246344098892876
0.05246762258870908
0.05246595929639347
0.052469589263919536
0.05242607643652337
0.05190489402729923
0.0512674218530826
0.05123376644382121
0.051244618770938395
0.05122560480779851
0.05121077948389162
0.05120962701547678
0.051218213648921596
0.051236273225164476
0.05122937480804522
0.051098185614572286
0.05103949952613376
0.05095331650700969
0.05096879782337927
0.050965811501062865
0.050956623102052886
0.050971618039972064
0.05097530481457633
0.05098273646766492
0.05096033357725264
0.05051573297757
0.04987195186189124
0.04985102501333277
0.04986379865165951
0.04984920566276486
0.049827535145449735
0.04980914849632832
0.04979310365797369
0.049788312109579506
0.049786968155977405
0.04968953308091468
0.049702943296436465
0.049651022423752994
0.049666112299863334
0.049660489263954555
0.04965757971676412
0.04967494840308007
0.049677889584842996
0.049689223856284576
0.04968719243026173
0.04932001925075622
0.048718794710901014
0.048708736078117744
0.04872242472200862
0.04871212330096465
0.04868874028497622
0.048662993927338624
0.04863606505180515
0.04862057970293409
0.048620768302767584
0.04854212173152643
0.04857726515647014
0.04854316956681997
0.048555281821281444
0.04854656131449932
0.04854673616583645
0.04856236094658611
0.04856269691077919
0.04857764073769666
0.0485907250020009
0.04828689428874994
0.04775818891465147
0.0477579781333239
0.0477719892576355
0.04776502949152053
0.04774311894870868
0.04771702248537385
0.047688669128724284
0.04767122039927542
0.047671595869729425
0.04759628778114915
0.04762411894909419
0.04759752312611472
0.047606791256061334
0.04759622390221163
0.04759822755134016
0.04761131287284008
0.04760982881002238
0.047627274585461135
0.04764903249089004
0.047396860894422806
0.0469465079472134
0.0469546560630585
0.04696871176439491
0.04696416452871175
0.04694451561410174
0.0469205106225977
0.04689421616923408
0.04687817496009939
0.0468783398764667
0.04680005762910724
0.046809356339006354
0.046786026279296386
0.046793103712856
0.04678188018716887
0.04678507093423362
0.046795453690771815
0.0467929793416017
0.046811487579939935
0.04683654470834233
0.046626526910046644
0.04624805438462957
0.04626260934031687
0.04627644751638581
0.04627367174362515
0.046256323070602075
0.046235048605867385
0.046211806336980694
0.0461981466515548
0.04619799025018498
0.04611554779265241
0.04610325473826647
0.04608173611046331
0.04608700677007227
0.04607589553573587
0.0460798302241031
0.0460874928234016
0.046084574727576405
0.04610288260263028
0.046127582452211574
0.04595172095089127
0.04563487632628221
0.045654020270490335
0.045667392859945935
0.04566592807811737
0.0456507078170125
0.045632186824737415
0.045612115559200174
0.045600960009480246
0.04560048797975666
0.04551450356495122
0.0454806668716939
0.04546053879026738
0.04546418450552503
0.045453674689557855
0.04545802994529899
0.04546308648500238
0.045460089252728694
0.045477258998643
0.04549946194345681
0.045351170278238574
0.045085624276269574
0.04510790535526071
0.04512062803457429
0.04512012116915395
0.04510678442564262
0.04509081060946761
0.04507371200165829
0.045064890893118464
0.04506416104509388
0.04497568494351871
0.04492148720478568
0.044902700139083554
0.044904824255233663
0.04489524636418334
0.044899775476385094
0.04490246792862703
0.04489964316225972
0.044915040558895974
0.04493370484274647
0.0448076383838216
0.04458421362625008
0.044608532692405056
0.04462049496177391
0.04462067173957807
0.04460895831474124
0.044595245366834874
0.044580807491294096
0.04457405343210405
0.04457314407743413
0.044483205338234105
0.044410242589393946
0.044392882738163976
0.04439357122483653
0.044385155636134876
0.044389638933055815
0.044390318563615055
0.04438783375994905
0.044401062864616085
0.044415862478176124
0.044307649623793396
0.04411850522691233
0.04414403790049685
0.044155187076338094
0.04415583682621933
0.04414550035185713
0.04413374643967893
0.044121622592750126
0.044116636856286015
0.044115629948180385
0.044025109270645575
0.04393510437518998
0.04391930200334071
0.04391864899237033
0.04391155317451532
0.043915751721502125
0.04391485424807522
0.043912805370466226
0.04392364539912607
0.04393468732636355
0.04384063919062711
0.04367906983655131
0.04370519497420323
0.04371551380456482
0.04371647716720384
0.0437072957717894
0.04369720921313789
0.04368704628113941
0.0436835179914147
0.043682489739118965
0.043592095449356764
0.043486761407512474
0.04347265090593204
0.04347076878290557
0.043465092572405065
0.04346872686447939
0.043466736136125964
0.04346515562249414
0.04347351645426361
0.04348115218838569
0.04339802103864214
0.043258179760580724
0.04328443256211776
0.04329392105049415
0.0432950793507898
0.04328685526958727
0.043278161475753016
0.04326960810083393
0.04326721784950827
0.043266233230616145
0.04317651417527948
0.04305749047093104
0.04304519703951441
0.04304221628710751
0.04303801394355228
0.0430407969483176
0.04303818390446297
0.0430370498708705
0.04304295359378396
0.04304766133592992
0.04297251599736733
0.04284923546877201
0.04287528541623076
0.04288395212221949
0.04288521901306294
0.042877774073077024
0.042870215779037164
0.042862927147431285
0.04286135178362524
0.042860461155228353
0.04277184515425635
0.04264070565492148
0.042630349929922644
0.04262640802270102
0.042623699895173485
0.042625444695622794
0.04262257093137166
0.04262182112517837
0.04262541024260435
0.04262772153291269
0.04255800641939681
0.04244683371670055
0.04247248039324137
0.042480346534803856
0.0424816622962781
0.04247483541785516
0.04246817469192932
0.04246182572761675
0.042460756284270956
0.04245999340366438
0.042372850436086656
0.042231197485376425
0.04222290582367643
0.04221812556628625
0.04221690774394689
0.04221766805903555
0.04221467213142356
0.04221422383566554
0.04221577994662931
0.04221622674130406
0.04215001289960939
0.04204747864130295
0.042072651829285476
0.042079767855002226
0.04208109588448525
0.042074747157978376
0.042068774636522886
0.04206308756044068
0.04206226593122064
0.04206164759247453
0.04197635886228316
0.041825974232397034
0.0418198731863798
0.04181433892512233
0.0418145860941325
0.041814705452282885
0.04181144947637214
0.04181122266471138
0.041811156752039946
0.04181022377520538
0.04174650128412348
0.04165045424459142
0.04167519794805708
0.04168166222852376
0.04168298594399316
0.04167700742214743
0.041671558508047775
0.04166633835130842
0.04166560281097225
0.04166513083543976
0.04158211702790248
0.04142505293424571
0.041421231583163395
0.04141498279003091
0.04141664105052933
0.04141664369018648
0.04141279882407356
0.04141273534657432
0.041411522644957906
0.0414096068137922
0.04134836562115702
0.041258077210130785
0.04128250317221241
0.04128846486429416
0.04128978278789644
0.0412841095657008
0.04127907957455515
0.04127423844247071
0.04127355246707488
0.04127321830644847
0.04119289619857345
0.04103139156878863
0.04102984636021655
0.0410229027465961
0.04102587656186134
0.04102628849213969
0.04102151632717493
0.04102158682647848
0.04101967194197958
0.041017060757353785
0.040959065729094336
0.04087496391032607
0.04089918457255583
0.0409048234448985
0.040906142207378204
0.04090075537399754
0.040896103173316024
0.04089165679282115
0.04089110151111693
0.04089089235106084
0.040813592153564844
0.04064984812714377
0.04065044557747937
0.04064285081589481
0.04064699365485086
0.04064817859599631
0.04064229783035778
0.040642494618407465
0.040640210548407704
0.04063708431653685
0.04058345064973806
0.04050657763672417
0.04053064519942122
0.04053613780123957
0.0405374649827815
0.040532383107892644
0.040528119066452005
0.040524154654555736
0.04052388633887066
0.040523790764720895
0.04044968581073452
0.04028561722223181
0.040288092401282775
0.040279951084527546
0.04028506674818614
0.04028710491208591
0.04028019355191481
0.040280515644108124
0.04027803753764248
0.04027449228390792
0.040226190789635845
0.040157548831345896
0.04018142052011556
0.040186904664784584
0.04018824327243064
0.040183504586963854
0.04017966623085797
0.04017629208880986
0.04017647897265846
0.040176490561168364
0.04010556328088368
0.03994260167232438
0.03994659296182059
0.039938086652636096
0.0399439434758315
0.03994662875905684
0.039939029899028866
0.0399394679392513
0.03993681885664617
0.03993290383526169
0.03989035842661718
0.039830357382278234
0.039853897403919196
0.039859446762467284
0.039860792599972064
0.03985643319679643
0.03985305620696259
0.03985034988710399
0.03985110964137878
0.03985122757655415
0.039783291469552
0.039622316911525415
0.03962743186933463
0.03961880595706714
0.039625161768737115
0.039628146558458685
0.039620344825920445
0.03962087225876717
0.039617987063527024
0.03961374295183911
0.039576718415090716
0.039524967606939146
0.039547986639538873
0.03955360883504364
0.039554951721627415
0.03955098798421576
