0.0
-0.0802054137448059
-0.1920319516123306
-0.20525817556555237
-0.17580785241373195
-0.14756951774292662
-0.13937733008561312
-0.14238711039164934
-0.15231292002272812
-0.16635298599639917
-0.18288958843983097
-0.2003966082957803
-0.2151243999009911
-0.214317492569811
-0.13956464248498332
0.16436488650749181
0.15925721882317914
0.17539796428612645
0.18901303908477113
0.20301770459490406
0.21593216460366024
0.22546039559156383
0.2259221453287379
0.20070202363027076
0.09765661680292519
-0.10609552097875377
-0.2047020215554504
-0.19794064353623314
-0.18043248505900872
-0.17720013723098954
-0.1858857631248162
-0.20090058346973882
-0.2151614170264713
-0.21428314520238004
-0.13944223244071532
0.16449896356134877
0.15923790433132162
0.17540059815046447
0.18901279854005998
0.2030177084697541
0.21593216545718943
0.22546039581332838
0.22592214546375766
0.20070202379967578
0.09765661713764445
-0.1060955206642695
-0.20470202150605896
-0.1979406435856054
-0.18043248509523568
-0.1772001372470515
-0.18588576312964533
-0.20090058347058512
-0.21516141702653324
-0.21428314520232183
-0.1394422324405079
0.16449896356157567
0.1592379043312889
0.17540059815046888
0.1890127985400596
0.20301770846975414
0.21593216545718943
0.22546039581332838
0.22592214546375766
0.20070202379967578
0.09765661713764445
-0.1060955206642695
-0.20470202150605896
-0.1979406435856054
-0.18043248509523568
-0.1772001372470515
-0.18588576312964533
-0.20090058347058512
-0.21516141702653324
-0.21428314520232183
-0.1394422324405079
0.16449896356157567
0.1592379043312889
0.17540059815046888
0.1890127985400596
0.20301770846975414
0.21593216545718943
0.22546039581332838
0.22592214546375766
0.20070202379967578
0.09765661713764445
-0.1060955206642695
-0.20470202150605896
-0.1979406435856054
-0.18043248509523568
-0.1772001372470515
-0.18588576312964533
-0.20090058347058512
-0.21516141702653324
-0.21428314520232183
-0.1394422324405079
0.16449896356157567
0.1592379043312889
0.17540059815046888
0.1890127985400596
0.20301770846975414
2.6406098691073937E-4
-4.8827258570038175E-5
-0.0017696826575687864
-0.007518213158951761
-0.022497264293248533
-0.051690424400824726
-0.07709265111961532
-0.08809824690787227
-0.0821130823769555
-0.0633087109909803
-0.03678804265255192
-0.005875847830775798
0.027717555580069667
0.0629429737255292
0.09842239467120922
0.13118680377385106
0.13898467221672045
0.13190705135266562
0.11551967395892641
0.09285511456951435
0.06529367584095518
0.03292843797172396
-0.005139729008498397
-0.050245262557047796
-0.10299427260268303
-0.16086499383145567
-0.1994223045999206
-0.22126880339325913
-0.22939340760969223
-0.22743746515012708
-0.2174144183865609
-0.1977337055079251
-0.16385237411536566
-0.11045825480197541
-0.033619762649489224
0.06562575394726998
0.15497192365116777
0.22215374700368254
0.25702705564246286
0.2620426351201524
0.2470607399192007
0.2168065055134832
0.17143563574526036
0.10893836781522068
0.028365916626815216
-0.0648223734380318
-0.14382335786906364
-0.20232805149855804
-0.23549105077976074
-0.24593273527377407
-0.23949430875519484
-0.21816275694637713
-0.18033124012643426
-0.1217833162293383
-0.03867915791087925
0.06310174215827052
0.14806746444876567
0.20710401682769922
0.2370227705076813
0.24337421866154937
0.2348684176155511
0.2140243703855296
0.17830623747839583
0.12183571875644243
0.039315921114774506
-0.06147112831830205
-0.14455344745547008
-0.2016964020634275
-0.2312814150019202
-0.23898815098779094
-0.23326671514786207
-0.21589291981493894
-0.1834652556434256
-0.1286398458039089
-0.04363755175971774
0.062781754992421
0.14835143781186155
0.20448161589090832
0.23133198619105694
0.23629067610646626
0.22996299495626601
0.21392297665771057
0.18378877209443692
0.13080686958865737
0.04547641720620287
-0.06169166671944177
-0.14671808274792292
-0.20209531558150098
-0.22922656295721855
-0.2348698361957926
-0.22991147496152556
-0.21564690584896992
-0.1873583054044948
-0.13548370888150804
-0.048328117509093035
0.06304721431544996
0.14953832806496214
0.2039540563241791
0.229477038450564
0.23310364505526357
0.22785764023475547
0.21482758639067748
0.18848316592530395
0.13807481195153531
0.05010015255823343
-0.062496294339788504
-0.14833071331355216
-0.202024600651276
-0.22809592111460958
-0.23233944435140674
-0.2279351862851422
-0.2159346929475063
-0.19075566980312939
-0.14131699240340967
-0.052306650877349245
0.06343713688292126
0.15044285972196605
0.20333990355662093
0.2284947642535446
0.23110413968463167
0.2265364397697766
0.21572201441312297
0.19232213930375722
0.14414108137146556
0.05396338952148634
-0.06321061578456783
-0.14927312635954673
-0.2014582421600639
-0.22723398487336374
-0.23056936066301573
-0.22655477925986367
-0.21628018384764744
-0.19355383464384934
-0.14623174353782387
-0.055740277015561696
0.06378874030961589
0.15107678815912035
0.20259252090551916
0.22776737684268697
0.22965614562193395
0.22553557322388068
0.21646247752088324
0.1954698426529235
0.1492800094334585
0.05729683265116359
-0.0637384554533056
-0.14972182382951565
-0.2006222510840102
-0.2264183998734968
-0.22923028106997081
-0.22548943784325254
-0.21657582537220804
-0.19584249117387442
-0.15039600364199376
-0.05875411172087981
0.0640928586260934
0.15156780339969772
0.20184531255227176
0.22710423646548322
0.22853497980054718
0.22470704681175394
0.21705675254403498
0.1980898537778952
0.15369172085667457
0.0602101491826152
-0.06410155855936264
-0.14983381673937657
-0.19966886861770905
-0.22557534692997572
-0.22816454226833227
-0.22461600779843788
-0.21680139013487085
-0.19771992650583714
-0.15395261703574517
-0.06143455720352493
0.0643807797732894
0.15202194478022737
0.2011816330347895
0.22643555584007077
0.2276318277274863
0.22398781972999277
0.21753731264706633
0.2003151881754636
0.15753359600802555
0.0627743722559235
-0.06434597901979729
-0.14972324254973848
-0.19867560256476746
-0.22468742484113643
-0.22727972361756307
-0.2238671754496085
-0.2169573586362739
-0.19926741447894183
-0.15701799107459438
-0.06384998897262274
0.06469415819735462
0.15252191598902165
0.20064081675897877
0.2257389913188815
0.22688343278789116
0.22334602272281578
0.21793843851760317
0.20225281115330115
0.16093426110567166
0.06504266943848447
-0.06452314196268653
-0.1494755177210706
-0.19767889714391265
-0.223755612752947
-0.2265102180454328
-0.2231961424702479
-0.21704544760972083
-0.2005474084956443
-0.15968800335513966
-0.0660608817801948
0.06508000302739511
0.1531386827882819
0.2002394516288365
0.2250087026156088
0.22624808256662596
0.22276439631499714
0.2182929531896983
0.2039917078647304
0.16400231573025878
0.06705697315665292
-0.06468904761335113
-0.14916422504542645
-0.19669904251376613
-0.2227825347683573
-0.2258006434927117
-0.22256099294306722
-0.21706073050084002
-0.20160494603451687
-0.162043135667128
-0.0681253602000904
0.06559266989769157
0.15394052853855486
0.19998272161601643
0.22423869980548564
0.22569554024770438
0.2222355338658931
0.21863484510834327
0.20561146991482032
0.16683377211466377
0.0688506652159692
-0.06490974026157414
-0.1488674525955794
-0.19575678344767258
-0.22176652059043672
-0.2250963171679342
-0.2219145888070677
-0.21698609156174156
-0.20246907947635523
-0.16415429835672346
-0.0701051830068671
0.06629749056872655
0.15499771121415665
0.19986636923373347
0.2234134116678672
0.2252030033028366
0.22176343084530234
0.21900594060373987
0.20719267333757113
0.16952080576186476
0.07045081966478818
-0.06527018364020025
-0.14868518659203614
-0.1948866422780613
-0.22070068329600073
-0.22433451847099656
-0.22119364153372326
-0.2167848374604328
-0.20315350423983955
-0.1660915474870192
-0.07207614208538758
0.06727342409145036
0.1563813260993005
0.19987068250753862
0.22250184854816857
0.224755374163867
0.22137144569651374
0.21946819210820206
0.20883157597336158
0.17216416076999216
0.07188157594887667
-0.06588649096319876
-0.14876089877000687
-0.19415142659901444
-0.2195734283806846
-0.22343187356691688
-0.22030128495247692
-0.21638705068620712
-0.20365540545369176
-0.16793869287581065
-0.07414768278652427
0.06861197816613379
0.15815345547594964
0.19994663698118562
0.2214543747028868
0.22435146017424817
0.22112039967717576
0.2201258246218553
0.21066319541148082
0.17489206275072355
0.07316924599611031
-0.06692332647892266
-0.14931294202962916
-0.1936634098825966
-0.21836867565843743
-0.22226140560182533
-0.2190736129171151
-0.21566108690235095
-0.20394975102461754
-0.16981837096993868
-0.07649868216082457
0.07040903686084207
0.16034463472230198
0.1999954210911721
0.22020512024740066
0.22402102072153884
0.22114439455947815
0.2211643387050122
0.21289785256658134
0.17788818249140362
0.07434973309928006
-0.06861806203528058
-0.1506854926536018
-0.1936230081352708
-0.21706842544980204
-0.22061005350338186
-0.21721235085240792
-0.21435194394842705
-0.20397130037354647
-0.17193280484391701
-0.07943624628621511
0.07274769836598252
0.1629155071710413
0.19984872897425637
0.21868892340838136
0.2238582899074787
0.22171052954152623
0.22290753059608026
0.21586556789308461
0.18142170780888212
0.0754883375973352
-0.07128988193030271
-0.1534183239827335
-0.19439165766363622
-0.21567746645883681
-0.21812239005479622
-0.21417255246808864
-0.211968083815121
-0.20357414617645536
-0.17461432655947998
-0.08345704518958619
0.0756830831069355
0.16570374897015366
0.19927206170998954
0.21688436799117958
0.22404854130563087
0.22324351643782783
0.2258006088441606
0.2199562282063158
0.1857948231968158
0.0767673098760257
-0.07515718877024083
-0.15818494321132057
-0.19655050279201297
-0.2143418898969461
-0.2143887024397268
-0.20919580671636018
-0.2077840493173431
-0.20254584353282964
-0.1783003484658469
-0.089100624037118
0.07930558280248884
0.1683775576232378
0.19803734754340946
0.2148507918100651
0.22468509041843637
0.22586066205358774
0.22974810263944892
0.22488306878129022
0.19076947954552212
0.07858380956189874
-0.07947902873363932
-0.1648810853982286
-0.2004566888270413
-0.21357444111308918
-0.20978163016423224
-0.20249536439209065
-0.20198768718482746
-0.2011890091784165
-0.18317141497222514
-0.09602285035126991
0.08400199218450202
0.17053243520850211
0.19612899930578653
0.2126332475512627
0.22513091506372135
0.2280829189794683
0.23280209041720218
0.2285658549959978
0.19461680050544608
0.08071283941160556
-0.08229854669757491
-0.1712975310725495
-0.20495747224625852
-0.21369964582400885
-0.20599213254102441
-0.19660647074245127
-0.19715118351915195
-0.20094818351586413
-0.18875270572082933
-0.10264683657937339
0.09016005410441458
0.17211539534077996
0.19400312393073707
0.21034786399066416
0.2246341151967027
0.22847710888332962
0.23359340552140048
0.2298070250511116
0.19624262403450063
0.08220015914899664
-0.08311113144113745
-0.17556892518349515
-0.20833798839193882
-0.21394261535288525
-0.2034772217591155
-0.19281943430347284
-0.19465560229991463
-0.20229643159045843
-0.19434527472465835
-0.10828977561439997
0.09717904497846394
0.1733156736467102
0.19215571710550228
0.20830257854999787
0.22359779187556772
0.2277589503833541
0.23308328880901952
0.2296543553948662
0.19653759818911964
0.08305640674751004
-0.08289343457004718
-0.17809736544995255
-0.21040692847680628
-0.21375268218454965
-0.2015818714739758
-0.19038655458665782
-0.19367732351740108
-0.204420394589668
-0.1994377687435528
-0.11308683727373321
0.10415897891867287
0.1740948475048985
0.19061684968896062
0.20656849389032955
0.22247121925788466
0.22671397322949893
0.23216792161460345
0.2290458013218908
0.19639324147873596
0.08366901163788151
-0.08241276039559974
-0.17979527071855567
-0.21169292204585788
-0.21318971015835955
-0.19997591532184636
-0.18866682602246204
-0.19343205498386232
-0.2066762701154151
-0.20380054957614993
-0.11716809229135262
0.1106121132908737
0.1744068970681446
0.18927316912855804
0.2050704548099546
0.22138897920118744
0.22563143018829315
0.23119135525879247
0.22835834222388812
0.19618982548855157
0.08424394491728901
-0.08199195623738402
-0.18117625750982547
-0.21256970223932087
-0.2124026001978933
-0.1985752582866996
-0.18738779922999727
-0.19355512351079823
-0.20878552343725595
-0.2074040077921505
-0.12062988191577742
0.11637722653171205
0.17431637464736646
0.18806866496549152
0.20375338077341437
0.2203852456001902
0.22460593148476724
0.2302682495724641
0.22771810156506578
0.19605077461534431
0.08484715963233004
-0.0817336921923689
-0.18245071904448343
-0.21320775745286646
-0.21148166324947326
-0.19735262553971122
-0.1864337332692379
-0.1938895801404477
-0.21065478463370274
-0.21031087022477193
-0.12356467336817456
0.12144759944380853
0.17393177410174898
0.18698721517134753
0.2025897603804112
0.21947015758726104
0.22367066694848212
0.2294363970221881
0.2271634577142161
0.1960060239922667
0.08548952148727218
-0.08166015725319391
-0.18369847958647983
-0.21367955282627854
-0.21047467396706152
-0.19628667797637084
-0.18574197212655058
-0.19435857810957927
-0.2122653347814906
-0.21261402298533544
-0.12605863376877094
0.12587717202505433
0.17335342478892582
0.18602212466114265
0.20156245959864538
0.2186438258915519
0.22283510714444574
0.22870534511807408
0.22670187077004667
0.19605436097051482
0.08616520839075482
-0.08176735992142331
-0.18495089349535201
-0.21401929941326045
-0.2094091377073355
-0.19535500857591623
-0.18526897568577677
-0.19491621968210923
-0.2136267531076157
-0.21440893444651443
-0.12818697619637712
0.1297382045407178
0.17265793200891835
0.1851656011099614
0.20065697739468566
0.2179007075616997
0.22209781550227273
0.22807302059199305
0.22632938132038385
0.19618491082482714
0.08686484496527902
-0.08204321301334855
-0.18622057697760247
-0.21424620768763125
-0.20830327227748602
-0.19453598796336238
-0.18497990636530742
-0.19553000496931122
-0.21475865715384448
-0.21578287850959768
-0.13001261483432014
0.1331034637865414
0.17189918544254446
0.18440762761000817
0.1998596362723789
0.21723256129491408
0.22145226726940354
0.22753240230799238
0.22603778955446588
0.19638443067140143
0.08757932221190817
-0.082473265521467
-0.18751145202094305
-0.21437276665837562
-0.2071707831653527
-0.1938120847483419
-0.1848444157237111
-0.19617380862879785
-0.21568314595673166
-0.21681151964436718
-0.1315873170310961
0.13603988634173758
0.17111381704721987
0.18373724708619277
0.19915766494495218
0.21663045200906655
0.22088987519307696
0.2270744911307702
0.2258174350858073
0.19663973189904202
0.08830071745107473
-0.08304264881824204
-0.18882278823692158
-0.2144081026521689
-0.2060229223926034
-0.19317336364761603
-0.18483364854288312
-0.1968242413212976
-0.21642137484957533
-0.21755873447131005
-0.1329543438880237
0.13860808920829853
0.17032655535157384
0.1831439198351995
0.19853956605757034
0.21608582378055155
0.22040148263078066
0.22668956141647395
0.22565816039811995
0.19693833488133014
0.08902246969199658
-0.08373695326353443
-0.19015183890944803
-0.214359886031012
-0.2048692161017833
-0.1926204381323401
-0.18491788529420472
-0.1974586140329792
-0.21699204720460347
-0.21807788219491592
-0.13415177827634717
0.14086491447049918
0.169554172694666
0.1826184245414674
0.19799528911151118
0.21559082382007208
0.2199779092621543
0.22636750961144056
0.225549445822652
0.1972684390333734
0.08973940775462881
-0.08454279516425839
-0.19149619484325325
-0.21423564487701224
-0.20371743827437086
-0.19216569584170545
-0.18506558221548425
-0.1980544423716657
-0.21741115047685178
-0.21841366365366618
-0.13521568138601517
0.1428669208917707
0.16880790881697655
0.18215327063520897
0.19751612660823084
0.2151381267143789
0.21960996681735737
0.22609779735301605
0.22548024823167376
0.19761867117932821
0.0904476957728429
-0.085448183720773
-0.19285565265324295
-0.2140434511042552
-0.20257325063674617
-0.19183114854036404
-0.18524463998059426
-0.1985907296036391
-0.21769273651408608
-0.2186040798150512
-0.13618210674057596
0.14467282519668806
0.16809469678138497
0.18174267206993247
0.19709438933583634
0.21472052804710146
0.21928830486082887
0.22586938639041337
0.22543893902005652
0.1979778942243079
0.09114460794203308
-0.0864425408790947
-0.19423287436091677
-0.21379175841567946
-0.20143996746315546
-0.19164029998991053
-0.18542655683634127
-0.19905129751102646
-0.21785074307275837
-0.21868216972933952
-0.13708689615755307
0.14634289653729982
0.16741764023030398
0.18138208114408227
0.19672293808091873
0.21433060528822262
0.2190033956096814
0.2256710053918864
0.22541368682649607
0.19833532146138888
0.09182803709764571
-0.08751607702398581
-0.19563189807502077
-0.21348825027895327
-0.2003189421154709
-0.1916000751206819
-0.1855942580431316
-0.19943059458448223
-0.21790197756771043
-0.21867721600939416
-0.1379619595039228
0.1479332003856198
0.16677613442416256
0.18106715952957647
0.19639460334271022
0.2139607912757495
0.21874592332938342
0.2254920567840891
0.2253936311381996
0.19868122586645612
0.09249570715851346
-0.0886581834105322
-0.1970534907660409
-0.21313769020174667
-0.19921104559820993
-0.1916734035802662
-0.1857531788099998
-0.1997412234116018
-0.2178696922347676
-0.21861489453035118
-0.13882717078020215
0.14948330416028777
0.16616601976694376
0.1807920781526068
0.19610155934431683
0.21360422799262124
0.21850779964018313
0.22532437183695622
0.2253710897050277
0.199008543490035
0.09314430466149874
-0.08985498265708096
-0.19848731471798572
-0.2127392542415457
-0.19811939894055575
-0.19176616675882904
-0.18593794052670934
-0.2000168194385513
-0.21778444281902723
-0.21851581449051094
-0.13968095943499712
0.15100126538627584
0.16558047446411928
0.18054778091630408
0.19583509449535502
0.21325649415484227
0.21828376054459336
0.2251644311788281
0.22534425112506154
0.19931515006639994
0.09376931763541417
-0.09108783204680004
-0.19990522349537873
-0.21228548578318704
-0.19705234555937076
-0.19177027838105984
-0.1861981097415348
-0.20029897045917397
-0.21767715327520298
-0.21839320811262133
-0.1404997543422833
0.1524595624413885
0.16501247513233425
0.18032224008058095
0.19558664744548265
0.21291731364663705
0.21807270834147263
0.225014425114783
0.2253181795961827
0.1996051518906182
0.09436653333871829
-0.09233593017963543
-0.20126541069865794
-0.21176647625446368
-0.19602392815980704
-0.19163899232113757
-0.18656354086908156
-0.2006117847941283
-0.2175671544962529
-0.2182525706599438
-0.14125275375056362
0.15381294222804093
0.16445814471889045
0.18010394081336403
0.19535001967928453
0.21259048227982952
0.2178773553319518
0.22488042134244085
0.22530203356967043
0.19988701073510537
0.09493436173697081
-0.093582554942552
-0.20252985011388358
-0.21117848992298727
-0.19505009946430954
-0.19140123758339544
-0.18702422120378165
-0.2009500635192603
-0.21745768734300594
-0.21809467027453466
-0.14191990279472025
0.15502542330268249
0.163918319790311
0.17988580888746838
0.19512272532560668
0.2122815178369386
0.21770186717166073
0.22476850841330345
0.22530405610652876
0.20016915251383782
0.09547442561508473
-0.09481879944745289
-0.20367956593114098
-0.2105289402783015
-0.1941434205812128
-0.19111376303547054
-0.18754339974274384
-0.20129095038639863
-0.21734244393758428
-0.21791940655874903
-0.1424978302688102
0.15608447793108057
0.16339706210491894
0.1796660132372591
0.1949051223310888
0.21199484625786044
0.21754919124843336
0.22468180198284773
0.22532819667398965
0.2004564862847174
0.09598997139361741
-0.09604177702376673
-0.20471504534169507
-0.20983339221195083
-0.1933103801503507
-0.19082296676458818
-0.18808116805804118
-0.2016109253382678
-0.2172140390156697
-0.21772787270174193
-0.14299512015235047
0.1569987643954174
0.1628989700229432
0.17944607143409708
0.19469853636994663
0.21173239080176118
0.2174198063396904
0.22461981630264
0.22537385915859742
0.2007497576607584
0.09648411183698889
-0.0972508756437969
-0.205647572303765
-0.20910937882285976
-0.1925519022967861
-0.19055642020874636
-0.18860753841928146
-0.2018943027296536
-0.21706815337767074
-0.21752258364063634
-0.143425554336771
0.15778909402931493
0.1624273529735173
0.17922862478720067
0.19450393508290795
0.21149369562484
0.2173119892923448
0.2245794868284918
0.2254374835729282
0.20104684093402578
0.09695911802501851
-0.09844546460700684
-0.20649131545811655
-0.20837214751094277
-0.1918651907973819
-0.19032726019084856
-0.18910454771049767
-0.2021339453378257
-0.21690393324407495
-0.2173069207126799
-0.14380355947934303
0.1584802855519072
0.16198366445882795
0.1790160624617812
0.1943214703094608
0.2112767338697451
