NaN
NaN
NaN
NaN
NaN
NaN
NaN
NaN
NaN
NaN
NaN
NaN
NaN
NaN
NaN
NaN
NaN
NaN
NaN
NaN
NaN
NaN
NaN
NaN
NaN
NaN
NaN
NaN
NaN
NaN
NaN
NaN
NaN
NaN
NaN
NaN
NaN
NaN
NaN
NaN
NaN
NaN
NaN
NaN
NaN
NaN
NaN
NaN
NaN
NaN
NaN
NaN
NaN
NaN
NaN
NaN
NaN
NaN
NaN
NaN
NaN
NaN
NaN
NaN
NaN
NaN
NaN
NaN
NaN
NaN
NaN
NaN
NaN
NaN
NaN
NaN
NaN
NaN
NaN
NaN
NaN
NaN
NaN
NaN
NaN
NaN
NaN
NaN
NaN
NaN
NaN
NaN
NaN
NaN
NaN
NaN
NaN
NaN
NaN
NaN
0.1995187291886282
0.1997713705880241
0.2007731007290999
0.20352628562226852
0.20960029550007853
0.1989673320138292
0.18889828405496617
0.18058817108888947
0.17455836327001992
0.17106790642073208
0.17027526275695093
0.17227754492085642
0.17712335176986915
0.18479746083337992
0.1951369239098672
0.1894541374313194
0.18408855659449214
0.1792339893781714
0.17501343258136487
0.1715912432757855
0.16919011123515973
0.16810501796379784
0.1687343604721319
0.17160749534922584
0.17735372532364044
0.17426472057707754
0.17102745230397787
0.16797007996867216
0.16515501640772326
0.16252017244893321
0.15996078795809293
0.1574440252371207
0.1551649015694216
0.15373139910385777
0.15431769526146769
0.15379659954304134
0.15195890123546235
0.14995140076572763
0.14817485491482282
0.14655184607968508
0.14492221891373339
0.14322060465784014
0.1415819485775561
0.1405077614071831
0.14108710613634093
0.1409777638705091
0.1396748276703493
0.13821772993235018
0.13691948511734003
0.13570643194135432
0.1344734931337464
0.13319058151354013
0.13196588595867725
0.13120410067896984
0.13185752128225306
0.13196464133525818
0.1310076463320383
0.12987369967071216
0.12883995086825772
0.12787372327253368
0.12690084185121206
0.1258896422024463
0.12490835202728104
0.12427808701944143
0.12486906971433931
0.125073883957615
0.1243027124167279
0.12338666601063791
0.12255220880560144
0.12175947547401941
0.12095697824214362
0.12012601927131858
0.11931760105393364
0.1188009174366083
0.11938534467412039
0.11964747064658915
0.1190252229861987
0.11825997621884222
0.11755629850089998
0.11688824252181013
0.1162141254145006
0.11551531839496731
0.11482871650645775
0.11437975332897743
0.11491085495683499
0.11520107099410284
0.11466834600747565
0.11401582262705887
0.11341832838767497
0.11284396663058797
0.11226289505459668
0.11166229772581361
0.11106752252494052
0.11067020309643902
0.11117963452042068
0.11148277447394427
0.11103242562317914
0.11046464489830246
0.10994180872497802
0.10944046559779724
0.10764362831861041
0.10577993899698901
0.1038244417698297
0.10183044846114822
0.10025718386798749
0.10030422775211602
0.09981667534158183
0.0992588330608685
0.09862692859798303
0.0977409403450056
0.09642520068031368
0.09448893559089079
0.0917163841722373
0.08798813772986608
0.08383623673318848
0.08475915638260854
0.08480585268567838
0.08467965745904434
0.08450367276507303
0.08415130960486962
0.08346281259041045
0.08223606681769205
0.08020026424746873
0.07709835979095485
0.07320928102265312
0.07425758188128385
0.07440659224864928
0.07439173738799347
0.0743762755324172
0.07434465328715598
0.07433471337529002
0.07435211627134759
0.07426760942262109
0.07383792978201756
0.07320837858021402
0.07324330525578379
0.07322336343544557
0.07321926493933616
0.07314164251823915
0.07300850174756994
0.07291661816644554
0.07290622966507823
0.07287794497811212
0.0726002853046746
0.07212618987505315
0.07213093125583332
0.07210645372192619
0.07210174374928188
0.07204266707511806
0.07194670340097772
0.07189137094640712
0.071896789711056
0.0718602304410157
0.0715537115806697
0.07107335760200598
0.07103791934497299
0.07100250310564876
0.0710021594284479
0.07097120703267676
0.07090725298966676
0.07086386394057265
0.07086473150092348
0.07084141004973275
0.07061155903346676
0.07021554053817
0.07017850400993614
0.07014429816539411
0.07014288705194643
0.07011783146697327
0.07006865553721163
0.07003984914087587
0.07004810442989429
0.07002673968088867
0.06979042019784219
0.06939588616181386
0.06935283190221865
0.06933153345913207
0.06933144173835197
0.06931176259589672
0.06927330468177999
0.069247670375684
0.0692511036907323
0.06923570739234318
0.0690519250198936
0.06871178656537748
0.06866830970611999
0.0686396864187218
0.0686384982789483
0.06862162479001709
0.06858953045169744
0.06856975094631304
0.06857759516777187
0.06856727725686332
0.0683833073887126
0.06804802759907229
0.06801473982443391
0.06800795435960319
0.06800818165431317
0.06799084951252969
0.06796316808993524
0.06794448099418607
0.06794781428018923
0.06793869326367453
0.06779149147941474
0.06749234328252807
0.06745023124052005
0.06742596293612582
0.06742498392733541
0.06741014540485886
0.06738654441482059
0.06737096392809816
0.06737785564487224
0.06737457177511574
0.06722869185980454
0.06693868454084752
0.06691571265483905
0.06691878635668617
0.0669196125544968
0.06690266271683201
0.0668808910061982
0.06686576319156327
0.0668683648057909
0.0668634442026747
0.06674436244248351
0.0664771025250722
0.06643480390685953
0.06641169234656391
0.06641101926583519
0.06639638691882929
0.06637797055895775
0.06636494345688021
0.0663710348310841
0.06637224448698148
0.06625432338108748
0.06600136841244893
0.06598457519485441
0.06599349672711684
0.06599505320480684
0.06597800502706554
0.06595972260585622
0.06594655588729634
0.06594819927208159
0.06594595672413454
0.06584837175699634
0.06560569428687488
0.0655589327379243
0.06553401881003344
0.06553362679727101
0.06551863723743216
0.0655037377492444
0.0654925649832919
0.06549822897628675
0.06550250333982159
0.06540521101415164
0.065183700471685
0.0651672316769273
0.06517854579525385
0.06518080481343691
0.06516359051486305
0.0651471829690612
0.06513488181521795
0.06513535896838729
0.06513475872350698
0.06505353403344451
0.06482849927081913
0.06477158354783263
0.06474219489713058
0.06474200130827984
0.06472647879723913
0.06471411461954056
0.06470452695683135
0.06471030673405186
0.06471700433795152
0.06463486065810888
0.0644407155050711
0.0644170118223241
0.06442701105704397
0.06442980286330818
0.06441245670135462
0.06439656275278585
0.06438407508676806
0.06438302298251278
0.06438335417155439
0.06431438519208332
0.06409939442578336
0.06402523384178807
0.06398889613912984
0.06398881792195207
0.0639725876560064
0.06396215689295688
0.06395424315312659
0.06396098144996157
0.06397014355894709
0.06389886068215686
0.06372904779775679
0.06368777291845416
0.06369150321649486
0.06369446654071252
0.0636770343921956
0.06366023926901224
0.06364625814290839
0.06364299425559021
0.06364373752138733
0.06358346714448285
0.06336873746394318
0.06326865895184508
0.06322321314315428
0.06322319006870232
0.0632058996983843
0.06319713931439588
0.06319153768985608
0.06320074230884624
0.06321327437016212
0.063149262757086
0.06300131960110603
0.06292760703270289
0.0629176116804684
0.06292007668749332
0.06290262500667752
0.06288317978367317
0.06286583792515535
0.0628591436014215
0.06285987183037405
0.06280470474094242
0.06257551571188583
0.062439371260061216
0.062383418621225914
0.0623834170938465
0.06236452410486352
0.062357700461584065
0.062356163556390024
0.06237084233235434
0.0623891818969133
0.06232923885993272
0.062200079699816904
0.062072832331355396
0.06203778083777951
0.06203868040480167
0.062021401258319814
0.06199699735238706
0.061973718506933
0.06196171244818309
0.06196203611525226
0.06190766948757729
0.0616402821462506
0.06145699524783268
0.06139070893917354
0.0613907474793349
0.06136971519168241
0.06136602889125118
0.061372461077881225
0.06139849099489719
0.061427813366548144
0.061369465378672466
0.06125101600415152
0.06104683199121715
0.060972346507863324
0.06097068672924718
0.06095426180462021
0.06092267321727598
0.060891637504094265
0.06087297801245787
0.06087266900130814
0.06081401785504207
0.06047571170720502
0.06023262783377988
0.06015875008072383
0.06015904374714761
0.060135680151448094
0.06013686358838151
0.06015649620609955
0.06020070251071062
0.060247124379895
0.06019078582944277
0.06006306476405079
0.05978193315816466
0.05966132218183451
0.0596582534013253
0.0596445165530488
0.05960675365552917
0.05957193955661883
0.059550056622729206
0.05954939334091778
0.059482979190749026
0.05905390488477396
0.058731614502316114
0.05865559601725868
0.058656794137530034
0.05863134019016969
0.058635920667362146
0.058666545834547994
0.05872459089306287
0.058784405440115664
0.05873419465859415
0.05858510689353182
0.05827113090102463
0.05811779153475683
0.05811695405924475
0.05810785204143621
0.058068699590071125
0.05803809778483661
0.05801901259203089
0.05801818268279086
0.05794543796903307
0.05744003932435321
0.05701804999519875
0.056945681651396844
0.05694860909070689
0.056922091294655176
0.056925333400047774
0.056957255707857916
0.05701589692245558
0.05707743675910539
0.057036597335682344
0.05687620589119912
0.056581514476235384
0.0564170337315728
0.05642042314167436
0.05641565795592365
0.05637926660153496
0.05635752607943567
0.05634358136435876
0.05634288348974163
0.05626973321874985
0.055717348039178015
0.0551955415772738
0.055131711481382586
0.055136834916595795
0.05511109522146055
0.055110076820752106
0.05513620426066657
0.05518553463417902
0.055239609288887014
0.05520997829293018
0.05504748114317581
0.0548139494657799
0.05465896340364651
0.054667052336084675
0.05466512136541362
0.05463518759050861
0.05462572160544794
0.05461846137564239
0.05461908624501539
0.054553785316265174
0.053993038136550126
0.05339211597038065
0.05334098742025121
0.05334854704997964
0.05332535418606976
0.05331795861876461
0.05333206103799877
0.05336296152793901
0.05340098386836323
0.0533838026848162
0.05322709152941839
0.053090114798800554
0.05296561769835203
0.05297874839427904
0.05297791355514655
0.052958032168307495
0.052963304328976134
0.0529640436383894
0.05296738256941046
0.05291871363783369
0.0523996265504725
0.05175304127880171
0.05171651690938816
0.05172651105618259
0.051707084082195924
0.051691124265792664
0.05168641051079008
0.05168984654425442
0.051703344528253745
0.051696983396605875
0.05156492366286997
0.05153108084920036
0.051448970485928926
0.05146534690975422
0.05146294822043021
0.05145315378468194
0.05146904239637501
0.05147404802193829
0.051480782221430155
0.05145471568799829
0.05101374757477806
0.05036784220509438
0.050344707098639634
0.05035656210506287
0.05034157826091444
0.05031885514828168
0.05029755546175301
0.05027789529277235
0.05027026968800212
0.05026916744773831
0.05017081551424505
0.050196394795041545
0.05014629828822003
0.05016153486031315
0.050155060212476316
0.0501512319308175
0.05016923994219884
0.05017226469577923
0.05018289982334435
0.05017891671996178
0.049814224755395396
0.04921806259853637
0.04920652191002217
0.049219381391762185
0.049208672509806345
0.049184788533929095
0.0491577020650647
0.04912937962652327
0.04911311662311708
0.04911340389702347
0.049031559184573664
0.049069409090219944
0.049034711725387876
0.04904684160454844
0.04903658989366171
0.049035992316273556
0.04905244355300216
0.04905242554120458
0.04906709411276634
0.04907952849247857
0.04877765453835984
0.04825693260953541
0.048255727225236154
0.0482691021464232
0.048261701038535894
0.048239541115323546
0.04821289438576049
0.04818417592192261
0.0481668463428887
0.04816723428446629
0.04808737126218425
0.04811386057206898
0.04808538735353881
0.04809487126371926
0.048082508116492596
0.04808403479165128
0.04809804203355239
0.04809602346567728
0.04811367216152164
0.048135533875777445
0.047885280884155244
0.04744271824877799
0.047449982396962374
0.04746356704054089
0.047458604325241405
0.047438841034701446
0.04741462818626051
0.04738834411800745
0.04737267422837026
0.047372772415801116
0.0472896827890452
0.04729655919566434
0.04727080430116092
0.04727827012411499
0.047265118330481255
0.04726810756444823
0.04727934327120436
0.0472762248713423
0.04729531920610447
0.04732082696232705
0.047112611139056175
0.04674053845356097
0.04675414443404108
0.046767621579306064
0.04676448810357727
0.046747141430901744
0.04672584366795838
0.04670275850246086
0.046689502437423036
0.04668921180810881
0.04660219633772874
0.046587540944359275
0.04656336016097463
0.04656912493663572
0.04655602263482167
0.046559971475074007
0.04656833055442366
0.04656472085092242
0.046583863385022066
0.04660911193483576
0.04643474910093215
0.0461226733278942
0.04614078811909357
0.046153873297848265
0.046152111004134286
0.0461369880224537
0.04611855630848151
0.046098704975780495
0.04608792392247516
0.04608726329754237
0.045997070211077726
0.04596123968521884
0.0459383279005607
0.04594253281080564
0.045930027188296856
0.04593455637902089
0.04594012016488148
0.04593644090801905
0.04595456605163739
0.04597728549536064
0.045830053293644486
0.04556776893580029
0.045588991769942785
0.04560148195611524
0.04560072946167755
0.04558755558695483
0.04557173816482764
0.0455548847033135
0.045546397484667836
0.04554543650953751
0.04545310833551795
0.04539728933775885
0.04537564522848089
0.04537836720453888
0.04536683700689846
0.04537166447026379
0.0453746623446511
0.04537120653894455
0.04538758286225204
0.04540667808663327
0.045281190218368246
0.045059785195606473
0.045083086451385625
0.045094863716046714
0.045094837328632356
0.04508332278829354
0.04506980180784057
0.04505561605149048
0.045049160768439844
0.04504798810325974
0.044954508912287645
0.04488021778559281
0.04485996094377412
0.04486126003716563
0.044850973686057276
0.044855870990049757
0.04485664357810364
0.04485360318399784
0.04486777414634627
0.04488290786549587
0.044774855303544706
0.044586835033877364
0.04461145807105164
0.04462246943204671
0.044622951019007616
0.044612826106901635
0.04460128020830046
0.044589410912396696
0.04458470395361891
0.044583410637994675
0.04448961653410279
0.04439849226248195
0.0443797874156452
0.04437972759067957
0.04437087181215486
0.04437561435819662
0.04437458770761216
0.04437207074488561
0.04438378441990615
0.04439506894091594
0.04430091842754762
0.04413998485102019
0.04416536370221715
0.04417559586915499
0.044176420817319345
0.04416744929767861
0.04415757892340927
0.044147680973889394
0.04414443515510905
0.04414310554914193
0.04404966882964188
0.04394335424786555
0.04392637033075598
0.04392503178690726
0.04391772788888673
0.0439220554884045
0.04391971696508329
0.04391776040071308
0.04392690999070252
0.04393470288897495
0.04385141688838826
0.04371215171233941
0.04373785623892499
0.04374731434929493
0.043748360142406524
0.0437403389023159
0.04373187168647652
0.04372361159272561
0.04372153745469991
0.04372024426434118
0.04362767895860534
0.04350774269802917
0.0434926319766761
0.043490117455875596
0.04348443328681756
0.04348804534076335
0.04348490394224585
0.0434834853488256
0.04349007236335571
0.04349485171501484
0.043419687469879176
0.04329728444787121
0.0433229923532169
0.04333168676314391
0.04333286351814406
0.04332561561751876
0.04331830269721439
0.04331135651830501
0.04331015995327577
0.04330896143946669
0.04321764601209759
0.04308555346221216
0.043072449614707825
0.043068881360668214
0.04306484287311809
0.04306745947078743
0.043063972497654826
0.0430630237399437
0.04306715069094192
0.043069443180451326
0.04299989808759157
0.04289005726766392
0.04291554785954802
0.04292349174898278
0.04292473545656056
0.04291810272056111
0.0429117139808824
0.042905768640283656
0.042905155483190606
0.042904093806640516
0.04281432030985894
0.04267148349673562
0.04266051455629161
0.042656018470539965
0.0426536213074921
0.04265511902617477
0.042651578692477
0.04265100437284918
0.04265289414633909
0.04265323129807261
0.04258719445086322
0.042486261060489486
0.04251142138486714
0.04251864136883542
0.04251990985595914
0.04251375046063862
0.04250807520297129
0.04250284222494883
0.04250253918331209
0.04250163956277103
0.042413690097070994
0.04226161307739238
0.04225291363033741
0.04224759220393034
0.04224680980125567
0.042247353974566235
0.04224377554350319
0.04224347597840437
0.042243491160942205
0.04224237300659592
0.042178444402716946
0.04208375810486854
0.042108584927292844
0.04211514160867921
0.04211641217540383
0.042110606765558424
0.04210546378657779
0.042100708412283805
0.04210050242916992
0.04209977356238878
0.042013991926109016
0.04185444913936323
0.04184814638467067
0.04184205457795264
0.04184283722638957
0.04184287234310703
0.04183898760841637
0.04183888144727821
0.04183749756192667
0.04183535487716016
0.04177310966619597
0.04168332387880086
0.041707900751603647
0.041713904782706604
0.041715171204406834
0.041709635411273184
0.041704890090632524
0.041700465196603156
0.041700246147316156
0.04169968280083841
0.04161648175481278
0.04145157294157036
0.04144773649424865
0.0414408853940888
0.04144314905570063
0.041443239203306226
0.041438645194142865
0.041438683245080425
0.04143640383927835
0.041433567467825255
0.041373525280300694
0.04128861058257033
0.041313053441361616
0.041318660441883516
0.041319927502311324
0.04131462214067552
0.04131020029992416
0.04130606432890688
0.04130584451902548
0.04130543253149703
0.041225219957986996
0.041057212912357095
0.04105579685871037
0.04104819293622796
0.04105180547149756
0.04105244862549047
0.04104681305115265
0.04104697705118204
0.04104423432993841
0.041040924188385904
0.04098422302078898
0.040905103077066435
0.04092949435186154
0.04093487860235159
0.04093615501642823
0.040931085814388535
0.040926973923549104
0.040923179565224635
0.040923075884349076
0.04092279835477475
0.04084587709455106
0.04067693188279773
0.04067774600852064
0.04066944155389637
0.04067421664872222
0.04067568836778696
0.04066890580262034
0.04066919456733929
0.04066627533845069
0.04066261144353077
0.04061052773741218
0.04053848536496769
0.04056282380415499
0.04056814306679867
0.04056943504701446
0.040564640497275865
0.04056087008439398
0.040557526447504315
0.0405577113372973
0.040557554080001106
0.04048404587476367
0.0403159443193197
0.04031866497250475
0.04030979339805808
0.04031549748825764
0.04031775764719344
0.04031002559430402
0.0403104370852793
0.040307450964417894
0.040303483039971284
0.04025693051137668
0.04019295757610576
0.04021713956958254
0.04022250213675916
0.04022380912978643
0.04021933986999799
0.040215960951226835
0.04021318137506767
0.040213818525130715
0.04021377327791626
0.04014358889178279
0.03997754403956528
0.039981763649091714
0.039972547837396746
0.039978920622183924
0.03998167363536186
0.039973444501502794
0.039973961776272604
0.03997087196526015
0.03996662012515311
0.039925826720097195
0.039870162391962075
0.03989400232270526
0.039899449199022594
0.03990076301973753
0.039896659243269884
0.039893711201048565
0.03989156500140277
0.039892752887385835
0.03989281746447307
0.03982569959551999
0.03966234390577004
0.039667649215193834
0.03965837374298553
0.03966515763641062
0.03966803734750355
