NaN
NaN
NaN
NaN
NaN
NaN
NaN
NaN
NaN
NaN
NaN
NaN
NaN
NaN
NaN
NaN
NaN
NaN
NaN
NaN
NaN
NaN
NaN
NaN
NaN
NaN
NaN
NaN
NaN
NaN
NaN
NaN
NaN
NaN
NaN
NaN
NaN
NaN
NaN
NaN
NaN
NaN
NaN
NaN
NaN
NaN
NaN
NaN
NaN
NaN
NaN
NaN
NaN
NaN
NaN
NaN
NaN
NaN
NaN
NaN
NaN
NaN
NaN
NaN
NaN
NaN
NaN
NaN
NaN
NaN
NaN
NaN
NaN
NaN
NaN
NaN
NaN
NaN
NaN
NaN
NaN
NaN
NaN
NaN
NaN
NaN
NaN
NaN
NaN
NaN
NaN
NaN
NaN
NaN
NaN
NaN
NaN
NaN
NaN
NaN
NaN
0.15943252011315728
0.1604338537487724
0.1634349028419389
0.17052599727828702
0.14727530223283689
0.12085360206793316
0.10118173850018776
0.0863947840326872
0.07527866010243844
0.06706311979987231
0.0612319033698695
0.057416004116516046
0.05534441947691677
0.05480001177745107
0.05807808332026935
0.0562096989549033
0.054505020553073796
0.053289675846445325
0.05274786545293024
0.05303817854712377
0.05435593333880093
0.05698826453726614
0.061372872246859306
0.06814708275728901
0.0682472860687908
0.06552086388347231
0.06323537146557608
0.061332277786678206
0.059650023956164346
0.057978478320387626
0.05612606795810433
0.054011809648095405
0.051765934698800274
0.04983104053394436
0.050945013571825216
0.05056202111415033
0.04918709637506826
0.04758340953707835
0.04606700634245357
0.04470136290467213
0.043519401318993095
0.04263320035677494
0.04232037914793479
0.04313315142566041
0.042369695880797795
0.041605090477692244
0.040817867042730306
0.04021400364407453
0.039714641532670104
0.03917968637681959
0.038505656775234806
0.03764623136233287
0.036655646730194315
0.03579959862797473
0.03663279555576021
0.03663526976273318
0.03602741643323508
0.03526808944863269
0.03453052117506281
0.03384992394395475
0.03324810336093305
0.032789715012791536
0.032646163451950726
0.03320861560257854
0.03286314231141903
0.03250426866937262
0.03207303527782454
0.03172715309991987
0.03143104127196652
0.031118368784050828
0.030737686245910025
0.03025248673240958
0.029672906466299012
0.029169373306277353
0.02979779071336315
0.029865409178807884
0.029504671221626023
0.02904282428636659
0.02859197179500868
0.028170048988524096
0.0277903409866693
0.0274943268322681
0.027400359659236876
0.02781352326814702
0.027623488366274578
0.02742199535664005
0.027145195104816458
0.026920367372334646
0.02672342183955314
0.026516129427060085
0.026269020976782558
0.025953592317024276
0.02556426359916949
0.025222162405298724
0.02571701318059269
0.025796859400422978
0.02555184680380108
0.02523248058327024
0.024920863011259592
0.023918241517159128
0.02266105643672556
0.021450038090244764
0.02032759054208333
0.01944550447530706
0.019145086827655883
0.019178367392228033
0.01919169519916932
0.019245705250004696
0.019279071698754268
0.01921978586169747
0.018992761309797504
0.01850598954702225
0.017667031483087153
0.016499571548066326
0.01599578187882031
0.01619324398931604
0.01609999711132535
0.015896913771514396
0.015611487017357635
0.015199354475094238
0.014605630975499268
0.013772775246804094
0.012664280943225428
0.011369779434705159
0.010819411789919253
0.010942912686574324
0.010944529705029269
0.010934340243400292
0.010916947919569478
0.010906818727084188
0.010925577907579895
0.010961896103429292
0.010950303266404806
0.01083732674709797
0.010752417474551457
0.010750520022429424
0.01075762192872626
0.010769731618162198
0.010773259223680281
0.010768001639065095
0.01075901243482793
0.010730865773758664
0.01064225136709831
0.010500538411639688
0.010432065828264813
0.010434305651979659
0.010421027321028946
0.010393613370814722
0.010345021001590217
0.010305068363780616
0.010301363946533575
0.010327392286497396
0.010327536357391014
0.010247122648419194
0.010170449996594142
0.010153608897039843
0.010152409602493655
0.010158642442139489
0.010163566424254871
0.010162807670057249
0.0101561710624525
0.010131844714268168
0.010058378237283297
0.00994345381359579
0.009885000359786796
0.00988170480197728
0.009872286232495808
0.009860259960105845
0.009835201727605946
0.009814147556478647
0.009816277802577234
0.00983951019619317
0.009843918944282102
0.009781732811116453
0.009717276646205336
0.009704371844046367
0.009706148567604248
0.009710391812068713
0.009713954860408965
0.009714015326439306
0.009708814384808763
0.009689439640244723
0.009630480222802117
0.00953570942889166
0.009485655478692253
0.009481210906197841
0.009472757883047172
0.009464604930945857
0.00944798888612858
0.009433763626657475
0.009436517674237213
0.009456482421193147
0.009463456491978139
0.009414065158563552
0.009361008354752932
0.009354288269251866
0.00935945166627774
0.009363314354391868
0.009365738924363896
0.009366062577847391
0.009362016757176576
0.009346824048659934
0.009299281299360697
0.009219290584129231
0.009175654124754094
0.009171231275817057
0.009163574634941937
0.009156451167152378
0.009143864567492001
0.009132932807982176
0.009135344218021474
0.009152569840939656
0.009160919287758904
0.00912077061959973
0.009076754679045904
0.009074587075464213
0.009081738845200587
0.009085671129006887
0.009087296127363082
0.00908777369643869
0.009084632477856656
0.00907263322444064
0.009033787285825816
0.00896497467209623
0.008926139560318984
0.008921691272634797
0.008914796842934062
0.008907843188625827
0.008897613053634588
0.008888687727770109
0.008890738557658167
0.00890588571362668
0.00891494581851388
0.00888172387723464
0.00884445632941324
0.008844898092261563
0.008852985814630294
0.008857133738874012
0.008858241770110941
0.008858841019525845
0.008856417294360184
0.008846840274680329
0.008814608251264719
0.00875424879885356
0.008718772614850314
0.008713887785557636
0.008707570839384586
0.00870049738460688
0.008691817137194158
0.0086843104531281
0.008686202827461447
0.008699918074862896
0.00870937463153381
0.008681471741093218
0.008648841447072939
0.008650001208912053
0.008658258845809218
0.008662665738021113
0.008663510281136702
0.008664245683031523
0.008662425610746686
0.00865471647802715
0.008627503793987757
0.008573317768031443
0.008539790311927361
0.008533883960865185
0.008527853291183256
0.008520539889800888
0.008512953144184805
0.008506593363374613
0.00850863570421257
0.00852157973355442
0.008531364115040001
0.008507613861013475
0.008477510959646786
0.008477292977358185
0.008484967995556652
0.008489637550244478
0.008490475311775084
0.00849142230652512
0.008490172988922767
0.008483946683778436
0.008460474946517802
0.008410315474171724
0.008377209382508025
0.00836954464741319
0.008363436774828087
0.008355759393977235
0.008348979451089377
0.008343731561674882
0.008346391009475892
0.0083593398329089
0.0083696006733644
0.00834912240605074
0.008319156951607998
0.008314831440758319
0.008320900673390563
0.008325807330832664
0.008326946643053107
0.008328288507845415
0.008327689819883709
0.00832269437646526
0.008301822334705854
0.008253299027550403
0.008218760212368172
0.008208438650690337
0.008201815408409925
0.008193561478923033
0.008187433413162054
0.008183579201729654
0.00818766022988409
0.008201706158961583
0.008212867988870547
0.008194950561943718
0.008162075728860914
0.008149707296440066
0.008152542519369367
0.00815760964788133
0.008159500092522896
0.008161643624466326
0.008161986550310463
0.008158095027238639
0.008138592881188953
0.008088485584559409
0.008050005547829486
0.00803597657959406
0.008028309217652085
0.008019163499651897
0.00801374651262724
0.008012141576328081
0.008019148796395153
0.0080360684462817
0.00804901624782608
0.00803299071663662
0.007993084490103422
0.007966929302791139
0.007963896754939095
0.00796894420755966
0.007972342577284965
0.007976197665646986
0.007978262270544201
0.00797553869899635
0.007955798489114426
0.007899265343555846
0.007853245473437132
0.00783432751377775
0.007825016711761317
0.007814653395719571
0.007810400520976308
0.007812837590485676
0.007825398548293368
0.007848019052466433
0.007864348697711772
0.00784935613452261
0.007797482769972966
0.007750627718387867
0.007738067134052971
0.00774272206705673
0.007748840434561395
0.007756284841149591
0.007761899414375765
0.007760787383698522
0.007738687319115906
0.0076693932936867815
0.007611208802121541
0.007585886961233911
0.007574424854817
0.007562702212662289
0.0075602508048937585
0.0075686562619666975
0.007589144188848282
0.00761968438681909
0.007640867928389354
0.007625720148317598
0.007560020549243387
0.007490524935374079
0.007466082047230521
0.007469778284011146
0.007479552503857796
0.007492724432260342
0.00750419289869629
0.00750510084017136
0.0074787562336002585
0.007393338837951119
0.007319902691307067
0.00728560995268679
0.0072719752270976054
0.007258995696606276
0.00725764656905504
0.007270232671497636
0.007295695533740285
0.007330631238559382
0.007354747972665325
0.007339262686651066
0.007266914201595045
0.007184423888682119
0.007150811100728267
0.007153318516747096
0.007165924956615094
0.007184201514677207
0.0072007691923917086
0.007202335117760362
0.0071713292590599885
0.007073566068251199
0.0069863900668540035
0.006940559924511529
0.006925536875390137
0.006911798984589673
0.006909807998499377
0.006922090424882054
0.006946416477708599
0.006979201611553175
0.007002153431536134
0.006987365425872815
0.006919087399154738
0.0068369393132414295
0.006799714372975273
0.006801444611087062
0.006815371714388563
0.00683635301315745
0.006855073849578702
0.006855323900052845
0.006820944017020572
0.00671760256495335
0.006621380137910908
0.006564260039095605
0.006549116364324811
0.00653554481712017
0.006532121660845036
0.006541242869445405
0.006560418527953673
0.0065866834078421276
0.006605682299218563
0.006592343146035722
0.006535889213903341
0.006464976555336149
0.006429382293812417
0.006430862126863121
0.006444817638020664
0.006466407837638274
0.006484841434899819
0.006482839303030168
0.006447628945379786
0.006346588016603516
0.006247995500203654
0.006182352284861233
0.006168361071264728
0.006155813185510003
0.006150552948750829
0.006154381128789189
0.006165317383856558
0.00618175303710576
0.00619481089709138
0.006183485412410438
0.006144420440287394
0.006093654725999339
0.006064572542200091
0.006066303763233329
0.006078893702448967
0.00609882517166599
0.006114554611688434
0.006109854841826472
0.006076939726562238
0.0059869743911195785
0.0058940435793150385
0.005824000271622435
0.00581217265484834
0.005801189894452724
0.005793692067366809
0.005790450253492488
0.005790873994061969
0.00579535379893165
0.005801084556509854
0.0057926230691968976
0.005772828765342367
0.005745116893422807
0.00572556237684901
0.005728028358735942
0.0057381045596172076
0.005753978446068668
0.005764383291919414
0.005756734417753709
0.005728797075618805
0.005655479515951035
0.0055746355514167565
0.005505607965917508
0.005496416402003112
0.0054872733247358285
0.005478336970510628
0.005469662485364576
0.005462230425590642
0.005457955076591833
0.005458075364488774
0.005452274765378659
0.005445241353452631
0.0054326973351680775
0.005420972470481187
0.005424293056167322
0.0054321071852765366
0.005443742704244124
0.005448807492644898
0.005439479090815464
0.005417726796861076
0.005359894013477168
0.005292856829529335
0.005230127275174404
0.0052234041630983994
0.005216062709473736
0.005207365498165809
0.005197163951337597
0.005187172117218006
0.0051798067585315756
0.005177818926169658
0.005173181429749211
0.0051697908086791285
0.005162780787231523
0.005155299693376415
0.005159182501611007
0.005165532047911064
0.0051742553782104074
0.0051759755121155585
0.005166840555453115
0.005151016612725847
0.005105387717469525
0.005051108819683382
0.004997015668096938
0.004992288600046321
0.004986388234420716
0.004978623132165948
0.004968865975188554
0.0049590178102049375
0.004951507621435685
0.004949361709793796
0.00494489356108273
0.0049402612852422825
0.004933727458394245
0.004928281542807329
0.004932471227665753
0.004937807479876373
0.004944493392002727
0.00494428635614844
0.004936262696995853
0.004925282878146668
0.004889014310457165
0.004845555146113199
0.004800015265643255
0.004796832817654516
0.004792039152042746
0.004785273405766633
0.004776513534940486
0.004767643489955445
0.0047609441303113524
0.004759280552139665
0.0047546431604177635
0.004747204202958431
0.004739325708162643
0.004734977791797033
0.004739343676510999
0.004743893385734593
0.004748961903058307
0.0047475417691776834
0.004740832315514632
0.0047334718414456965
0.00470427044044695
0.004669543379498823
0.004631541301353314
0.004629546482174393
0.004625630316976967
0.00461978712973463
0.004612120569956132
0.004604412646393175
0.004598748222957944
0.0045976993115175
0.004592845807586514
0.004582380991259293
0.004572670672441525
0.004569048721708842
0.004573522252764793
0.00457743800280964
0.004581139639649816
0.004578901954163375
0.004573431774809724
0.004568648241814146
0.004544742731344388
0.004516883306797853
0.0044852184163320765
0.004484134054884597
0.004480926644225705
0.004475894436544548
0.004469268563004596
0.0044626917281027625
0.004458044485475525
0.004457580592215175
0.004452557217675487
0.00443927242832514
0.004427705628774864
0.004424648706223476
0.0044291878135746445
0.004432593780064817
0.004435127073795868
0.004432338353081593
0.004427954558400418
0.004424953423946891
0.004405027482926942
0.004382512146875277
0.0043560699208657835
0.004355679881074495
0.004353047075270884
0.004348706209275172
0.0043430151178085515
0.004337464204893915
0.004333737057456329
0.004333782584861694
0.00432865542522094
0.0043128669931268146
0.004299577453111157
0.0042970066208312205
0.004301581245258475
0.00430457621038371
0.0043061216538707175
0.0043029885392936625
0.004299531252923563
0.0042977367491470195
0.004280830168773428
0.004262463383197937
0.004240291026446805
0.004240426755618154
0.004238259894245737
0.004234496531132546
0.0042296199814167755
0.004224968191202094
0.004222041523211966
0.004222512184385499
0.004217344258606863
0.004199383183333465
0.004184561921138158
0.004182434728702489
0.004187020707098997
0.004189669120563347
0.004190398965417979
0.004187095335530129
0.004184420346159441
0.004183425649728407
0.0041688346441204035
0.004153689731006895
0.004134996086051891
0.004135526450790002
0.0041337379458902986
0.004130451288583494
0.004126272337035214
0.00412239232014319
0.004120144437209518
0.004120958557255513
0.004115803568307975
0.004095985572579927
0.004079840627094927
0.0040781320807922634
0.004082709035980461
0.004085031166537546
0.004085113424306275
0.004081793661845619
0.004079777977896456
0.004079298983431409
0.004066490531977201
0.004053842767258338
0.004037970503941903
0.004038793784432358
0.00403731335985899
0.004034417571887497
0.004030829289994005
0.004027600543027389
0.0040259138791475975
0.004026994695301499
0.0040218956977073304
0.004000509273543349
0.0039832431388321645
0.003981935581607763
0.003986487163595992
0.003988454924314549
0.003988053736694042
0.003984858211464469
0.003983399073549949
0.003983237935966542
0.00397178335031394
0.003961051328017016
0.003947442958521777
0.003948480769858028
0.003947251724760329
0.003944674356935323
0.00394158064345982
0.00393889055193436
0.003937652096305686
0.003938926942024727
0.003933916571847857
0.00391121764323211
0.003893013299669794
0.003892090955131172
0.0038966060605996693
0.0038981532708201095
0.003897423585067974
0.0038944753975621443
0.003893486248472685
0.003893505141377484
0.0038830363873502203
0.0038737395276007515
0.0038619095910644315
0.00386310254731692
0.0038620782475867555
0.003859757086522514
0.003857070860957509
0.0038548135762063785
0.003853914006753878
0.0038553130691676473
0.0038504148540538614
0.003826628521694866
0.003807645914419241
0.0038070935163584613
0.00381156681751297
0.0038126260372923926
0.00381170015632048
0.003809090625674212
0.0038084952114506186
0.0038085993108949757
0.003798793465604544
0.0037905314208017482
0.003780054193424073
0.003781358814496412
0.0037804997696854453
0.003778379918422821
0.003776021237212974
0.0037740974867775667
0.00377343237164102
0.0037748889694021793
0.0037701200400330364
0.003745453306179214
0.0037258411506319966
0.003725646439755798
0.0037300762872734005
0.0037306458799029833
0.0037296111808291965
0.003727374707892122
0.003727100273631914
0.0037272284641430503
0.0037178249877761887
0.0037102821401360214
0.003700801192358044
0.0037021871931998164
0.0037014591512231983
0.0036994920533217034
0.003697388262523042
0.003695708519096956
0.0036951842690883803
0.0036966384012634933
0.0036920135376225568
0.0036666800366722983
0.0036466042314616427
0.0036467627262344853
0.003651145025207247
0.003651350823653362
0.0036502264476213947
0.00364831815196566
0.003648290540904859
0.0036484107987238158
0.003639252540841106
0.0036322198093588732
0.0036234752989043706
0.0036249223277853198
0.003624295812258832
0.0036224413060828298
0.0036205304718972004
0.0036190221949363582
0.003618567060955098
0.003619972720821853
0.0036155080683690417
0.0035897537015717046
0.003569429281199159
0.0035699470560405008
0.0035742664612870593
0.0035743503772351537
0.0035730853815774655
0.0035713881009955387
0.003571533109637219
0.0035716375995180605
0.0035627018263569414
0.0035560909435965802
0.0035479431773148638
0.003549436716291462
0.003548887945244498
0.003547118431483894
0.003545355013415937
0.003543971069597973
0.003543546457971653
0.0035448798385323667
0.003540593393084756
0.0035146999218096564
0.003494398471918578
0.0034952879287740756
0.0034995118415949173
0.003499745404288881
0.003498253463401546
0.0034966221742890615
0.003496873273473181
0.0034969701591838604
0.0034883568855905308
0.003482184688296499
0.0034746098719319286
0.0034761370889203414
0.0034756492496679408
0.00347395282519776
0.003472311926892426
0.003471034625415116
0.003470639088576637
0.0034719022275592998
0.003467810441836061
0.003442067716467464
0.00342208630837791
0.003423355377521077
0.0034274358381140607
0.003428031512598799
0.003426241262946282
0.0034245568990230323
0.003424863354055288
0.003424967158239289
0.0034168483017684888
0.0034111945443339744
0.003404249830751724
0.0034057965648365074
0.003405360107456382
0.0034037399559748932
0.003402216744282573
0.0034010540661456646
0.0034007164409783353
0.003401933247868536
0.0033980465688954998
0.003372711485498656
0.003353321924912357
0.0033549630660972764
0.00335884563465669
0.0033598961817950307
0.0033577885872865467
0.0033559958036792283
0.0033563268628033433
0.003356450076864664
0.003349002090234116
0.0033439568369561822
0.0033377279898999033
0.0033392775731889467
0.0033388890098756054
0.0033373588493184063
0.0033359627988247586
0.0033349378944373424
0.003334702141645417
0.003335908273037022
0.003332227998578434
0.0033074896429058933
0.0032888916576322624
0.0032908755890705566
0.0032945110604598736
0.0032959605106021757
0.003293585897515359
0.0032917081583340225
0.0032920527383944014
0.003292200055244296
0.003285539003895406
0.0032811532323692143
0.003275700401936642
0.0032772344275260957
0.0032768939351889496
0.0032754709237157627
0.0032742168210064372
0.003273354301381743
0.003273261130052134
0.0032744911799810054
0.003271008554675994
0.003246969045121882
0.003229260897278658
0.0032315368635720074
0.0032348921417243953
0.0032365735338230855
0.003234042655082701
0.0032321659080493505
0.0032325269847074977
0.0032326941049610107
0.003226838521562561
0.0032230967600386314
0.003218418162086264
0.003219918738132062
0.003219627242529779
0.0032183245818391093
0.0032172231694852383
0.00321653684181057
0.003216608524142602
0.003217884874990357
0.003214583576232127
0.0031912655890698072
0.003174446874689611
0.0031769503753261825
0.0031800141479460895
0.003181741789223738
