0.22257623343617933
0.3148907362855351
0.38554045814419075
0.4450705301933752
0.49738838299105553
0.544636441974106
0.5880982639133665
0.6283434206890094
0.666172043515336
0.7016979821457953
0.7012141249875534
0.700150922326014
0.6994330312805888
0.6980484073702712
0.6973466834560967
0.6955507819476437
0.6945053121596438
0.6921682916447287
0.6911544432134328
0.688170515619212
0.6866574463211222
0.682833457057347
0.6813814809946813
0.6766430793439364
0.6744745770286055
0.6685661087507013
0.6665145078568715
0.6595085976617469
0.6564430730057421
0.6480355918452249
0.6451911887945351
0.6357779260112584
0.6315249937727516
0.6207358476753723
0.6168938118608239
0.6056082319880945
0.5998560301629895
0.5875173770771499
0.5825060710350732
0.5705346707057151
0.563007790949814
0.5504290095453916
0.5441769748557483
0.5329115729156183
0.5234500030986887
0.5118694503209374
0.5044694750244351
0.4949475048497034
0.4835724695094321
0.4737169499132578
0.4654483772689776
0.458087519787037
0.4450164342556649
0.4370365110660522
0.4283247196057701
0.423030637302028
0.4086337194741246
0.402309259508897
0.3936397959787061
0.39006529197427686
0.37479191451500726
0.3697689704873831
0.3615961938020146
0.35934647068247627
0.3436568591262978
0.33959337916174687
0.332274960046119
0.3310056727937194
0.31532633128830384
0.3119480181042403
0.3057147031342742
0.30515619130713156
0.289858412935509
0.286964738341278
0.28191918927798504
0.28186885516634286
0.2672613655538957
0.2647129051851464
0.26084684722023416
0.2611540878489047
0.2474816026283719
0.24518406477090715
0.24240458898000258
0.24295765040826975
0.2304010615212446
0.2282915120205374
0.2264502126175867
0.22716676095028993
0.2158440557624483
0.2138804668271109
0.21280118946015023
0.21362176243829517
0.20359048482840703
0.2017442620613062
0.20124660838697134
0.20212975815020764
0.1933920392593469
0.191642886854352
0.1915597503929479
0.1924780807793287
0.18498860982100926
0.18332115994424603
0.18350970393254615
0.184446451401933
0.17812285274691436
0.1765245974974982
0.1768711512352174
0.17781723276870032
0.17255163977460902
0.1710117855052846
0.17143192127873003
0.17238347362503528
0.16805387236038313
0.16656279753932454
0.16699821033309056
0.16795464267168211
0.16443477884464486
0.1629838398808145
0.16339759740767676
0.16436013955295803
0.1615272564749105
0.1601087562026318
0.16048015471951244
0.1614508439964325
0.15919103254263603
0.1577982347731019
0.15811806238146978
0.15909908920133742
0.15731043099857434
0.15593756103385037
0.15620417218722443
0.15719749835015162
0.15579141365444127
0.15443362358921792
0.15464993573402722
0.1556571060237975
0.15455839340157054
0.15321169317414077
0.15338303977679252
0.15440512079412602
0.15355114591143154
0.15221231062515328
0.15234500239261747
0.1533825980855187
0.15272200533138608
0.15138847121909363
0.1514888973307978
0.15254220526309875
0.1520334273715953
0.15070318684238657
0.1507773022107499
0.15184618672536015
0.15145593681576963
0.15012743984681537
0.15018051285274464
0.15126458049784897
0.15096643798465473
0.1496385040514104
0.1496750300170463
0.150773699118939
0.15054684759731496
0.1492185899244108
0.14924230296026642
0.15035486354032992
0.15018300275310792
0.14885376501736758
0.148867702735785
0.14999336563594842
0.1498637972184922
0.14853310184219962
0.14853969368932265
0.14967762928673145
0.1495805033735283
0.14824801004379504
0.1482491714737772
0.14939853912536233
0.1493262428874459
0.14799171576538928
0.14798893821795972
0.1491489078674238
0.14909557519632421
0.14775885730867788
0.14775328895182072
0.14892305635347233
0.14888417848612337
0.1475451719291016
0.14753768721491592
0.14871648410986196
0.14868860284128954
0.14734725361069248
0.14733851149122335
0.14852561189137886
0.14850607941295213
0.14716236586817752
0.147152857481906
0.1483475810224042
0.14833437291387785
0.14698829706590621
0.1469783841487426
0.14818009728442233
0.14817166753604538
0.1468232485106352
0.14681319391827444
0.148021309576537
0.1480164786067407
0.14666574777069322
0.14665573945887478
0.14786971562316745
0.1478675840473605
0.14651458139820783
0.14650475107976746
0.14772408866489806
0.1477239710644909
0.1463687425746285
0.14635918010928253
0.14758342039926464
0.1475847945623382
0.1462273902405289
0.1462181546450311
0.14744687649298444
0.14744934458367492
0.14608981707316596
0.14608094488180065
0.14731376181627587
0.14731702071575173
0.14595542429191266
0.145946935857659
0.14718349319754442
0.14718731188029646
0.14582370174428153
0.14581560595178808
0.1470555780000324
0.1470597802961861
0.1456942120868
0.1456865098491511
0.14692959721166055
0.14693404868578364
0.14556657815125312
0.14555926498157573
0.14680519204000483
0.14680979001163014
0.1454404727977615
0.1454335406816351
0.14668205323592803
0.1466867191948823
0.14531561071722876
0.14530904946012427
0.1465599125474331
0.1465645863926663
0.1451917417687043
0.145185539951948
0.1464385358420601
0.14644317150763916
0.1450686455312305
0.1450627911781826
0.1463177175411424
0.14632227967657851
0.1449461268216877
0.14494060785115623
0.14619727608983535
0.14620173754114918
0.144824011985281
0.14481881651017955
0.1460770502487297
0.14608139014721797
0.14470214580764118
0.14469726232232513
0.14595689604043569
0.1459610983523292
0.1445803889300804
0.14457580641868317
0.14583668422113025
0.14584073664658037
0.1444586156746653
0.14445432366432534
0.14571629817526588
0.14572019131194613
0.1443367122052058
0.14433270078170765
0.1455956321534194
0.1455993588604626
0.14421457496534087
0.14421083476391242
0.14547458979010472
0.1454781447036386
0.1440921093466489
0.14408863152708193
0.14535308285144477
0.1453564620147988
0.14396922854889543
0.1439660047615008
0.14523103017275987
0.14523423075338673
0.14384585260173838
0.14384287494868597
0.14510835675406336
0.14511137682602612
0.14372190752289835
0.14371916851805394
0.14498499298766504
0.1449878313637034
0.1435973245923035
0.14359481712162767
0.14486087399696387
0.14486353009806688
0.14347203972530523
0.14346975700912795
0.1447359390693648
0.14473841282273914
0.1433459929309297
0.1433439284888776
0.1446101311693077
0.14461242292787435
0.14321912784344024
0.1432172754624186
0.14448339651983028
0.14448550699807536
0.14309139131735307
0.1430897450227275
0.14435568424303202
0.14435761446531872
0.1429627330775679
0.14296128710751824
0.14422694605137473
0.14422869730978752
0.14283310541751906
0.14283185420042857
0.14409713598302
0.14409870980254047
0.1427024629392761
0.14270140107395235
0.1439662101754381
0.1439676082847977
0.14257076233036894
0.14256988456885822
0.1438341266723632
0.14383535097933048
0.1424379621728184
0.14243726340556062
0.14370084525986626
0.14370189783003248
0.14230402278044138
0.1423034980235135
0.14356632732788913
0.1435672103662488
0.14216890606099705
0.14216855044520257
0.14343053575406428
0.14343125158885822
0.14203257540016065
0.1420323841617373
0.14329343480704362
0.1432939858754608
0.1418949955646678
0.14189496403740445
0.14315499006689864
0.1431553789023296
0.14175613262227837
0.14175625623085158
0.1430151683604399
0.1430153975810448
0.14161595387647075
0.1416162281308309
0.14287393770954884
0.1428740100079563
0.14147442781400438
0.14147484830466087
0.14273126729082364
0.14273118542481578
0.14133152406368601
0.14133208645775838
0.14258712740502386
0.14258689418909182
0.14118721336484574
0.14118791340276504
0.14244148945495375
0.14244110775262958
0.1410414675441814
0.1410423010369402
0.14229432593056393
0.1422937986474507
0.14089425949976156
0.14089522232662582
0.14214561040017157
0.14214494047760548
0.14074556319109743
0.14074665129770414
0.14199531750680602
0.14199450791609344
0.1405953536342969
0.14059656303107332
0.14184342296878472
0.14184247670596406
0.1404436069014118
0.14044493366226077
0.1416899035837083
0.1416888236647917
0.14029030012317287
0.14029174038437714
0.141534737235144
0.1415335266917984
0.14013541149438483
0.14013696145369
0.14137790290133442
0.1413765647769645
0.13997892028132572
0.13998057619716844
0.14121938066533662
0.14121791801153613
0.13982080683055836
0.1398225650214106
0.14105915172605474
0.1410575675993935
0.13966105257862393
0.13966290942242932
0.14089719840968387
0.14089549586880173
0.13949964006214022
0.1395015919958224
0.14073350418113634
0.1407316862841161
0.13933655292788177
0.13933859644690744
0.1405680536550674
0.14056612345706118
0.13917177594246521
0.13917390760044782
0.14040083260616362
0.14039879315724904
0.13900529500130862
0.13900751140964102
0.14023182797839764
0.140229682321641
0.1388370971365771
0.13883939496408326
0.14006102789299485
0.14005877906270134
0.1386671705238643
0.138669546496462
0.139888421654892
0.13988607267502315
0.13849550448739834
0.13849795538776605
0.13971399975750395
0.1397115536402454
0.13832208950359476
0.13832461217083764
0.1395377538856477
0.13953521363011034
0.13814691720281158
0.13814950853212168
0.13935967691650267
0.13935704550754294
0.13796998036919209
0.13797263731149959
0.1391797629185149
0.13917704332566017
0.1377912729385098
0.1377939925001221
0.1389980071481803
0.1389952023246473
0.13761078999395493
0.13761356923618148
0.1388144060446657
0.13881151892646046
0.1374285277598284
0.1374313637985895
0.13862895722224966
0.13862599072733978
0.13724448359312877
0.13724737359854688
0.13844165946058679
0.1384386164881357
0.13705865597304082
0.1370615971690135
0.1382525126928163
0.13824939612247308
0.13687104448835113
0.13687403415210486
0.13806151799155567
0.13805833068279183
0.1366816498228335
0.1366846852844579
0.13786867755283266
0.137865422344321
0.1364904737386611
0.13649355238062333
0.13767399467802413
0.13767067438705347
0.13629751905791673
0.13630063831455602
0.13747747375388322
0.13747409117580459
0.13610278964228262
0.13610594699928488
0.13727912023074434
0.1372756781384448
0.13590629037100202
0.13590948336485512
0.13707894059900552
0.13707544174240618
0.13570802711721144
0.13571125333464087
0.1368769423639945
0.13687338946957003
0.13550800672274985
0.1355112638001357
0.13667313401933034
0.1366695297896475
0.13530623697155736
0.13530952259433282
0.1364675250188977
0.13646387213217157
0.1351027265617774
0.13510603846380945
0.13626012574755214
0.13625642685721848
0.13489748507668056
0.13490082103963322
0.13605094749067775
0.1360472052249804
0.13469052295452857
0.13469388080720981
0.1358400024027192
0.13583621936431206
0.1344818514574982
0.1344852290751906
0.13562730347480834
0.13562348224037146
0.13427148263978278
0.13427487794355913
0.13541286450160642
0.13540900762147642
0.1340594293149884
0.13406284027101276
0.13519670004747833
0.13519281004529277
0.1338457050229379
0.13384912964175288
0.1349788254121137
0.1349749047844699
0.1336303239959944
0.1336337603317953
0.13475925659570612
0.13475530781183526
0.13341330112501068
0.13341674727490768
0.13453801026379644
0.1345340357652528
0.1331946519250075
0.13319810602827606
0.134315103711883
0.13431110591224954
0.13297439250067736
0.13297785273799806
0.13409055482989335
0.13408653611450427
0.13275253951180685
0.13275600410449526
0.13386438206661144
0.13386034479229217
0.13252911013870453
0.13253257734793183
0.13363660439414343
0.13363255088896944
0.13230412204771486
0.13230759017371999
0.13340724127250264
0.13340317383557732
0.13207759335689329
0.13208106073818726
0.1331763126143862
0.133172233515639
0.13184954260191192
0.1318530076144751
0.1329438387502119
0.13293975023021753
0.131619988702259
0.1316234497587319
0.13270984039347483
0.13270574466329407
0.13138895092778813
0.13139240647665656
0.13247433860647922
0.13247023784752252
0.13115644886566927
0.1311598973904441
0.1322373547664943
0.13223325113040837
0.13092250238778627
0.1309259424061788
0.1319989105323772
0.1319948061409557
0.13068713161861994
0.130690561681713
0.13175902781169888
0.13175492475681772
0.13045035690365034
0.13045377559506602
0.13151772872840478
0.1315136290719823
0.1302121987783063
0.13021560471337057
0.1312750355910361
0.13127094136501927
0.1299726779374855
0.1299760697623902
0.13103097086153115
0.13102688406790747
0.1297318152056622
0.1297351915966248
0.13078555712462261
0.13078147973545878
0.1294896315075961
0.1294929911700176
0.13053881705784062
0.13053475101534778
0.12924614783965044
0.12924948950727183
0.13029077340212714
0.13028672061875332
0.12900138524172328
0.12900470767578054
0.13004144893306266
0.1300374112916124
0.1287553647697915
0.12875866675817
0.12979086643270205
0.12978684578648333
0.12850810746906413
0.12851138782545188
0.1295390486620122
0.12953504683501116
0.1282596343477362
0.1282628919107768
0.12928601833390038
0.1292820371209829
0.1280099663513326
0.1280131999837777
0.1290317980868182
0.12902783925395975
0.1277591243376267
0.1277623329254881
0.12877641045892396
0.1287724757434661
0.12750712905211764
0.12751031150381928
0.1285198778627815
0.128515968973716
0.12725400110404386
0.12725715634957355
0.12826222256057063
0.12825834117885065
0.12699976094291202
0.12700288793297315
0.12800346663978332
0.12799961441866126
0.12674442883551398
0.12674752654067706
0.12774363198937416
0.12773981055476613
0.12648802484340582
0.1264910922532599
0.12748274027633413
0.12747895122721078
0.126230568800818
0.1262336049231219
0.12722081292265197
0.12721705783145518
0.1259720802929658
0.12597508415279926
0.12695787108262618
0.1269541514957111
0.12571257863472524
0.1257155492736396
0.12669393562048845
0.12669025305859105
0.1254520828496409
0.12545501932480946
0.12642902708829773
0.12642538304702683
0.1251906116492279
0.12519351303259588
0.1261631657040613
0.1261595616544147
0.12492818341252955
0.1249310487899636
0.12589637133003753
0.1258928087189421
0.12466481616589198
0.12466764463632868
0.12562866345117407
0.12562514370204889
0.12440052756291421
0.12440331823750819
0.1253600611536331
0.12535658566697525
0.1241353348645322
0.1241380868658032
0.12509058310335253
0.12508715325734512
0.12386925491919311
0.12387196738017218
0.12482024752459261
0.12481686467573415
0.12360230414307605
0.12360497620645067
0.12454907217841388
0.12454573766216846
0.12333449850031403
0.12333712931757221
0.12427707434103204
0.1242737894725
0.12306585348317113
0.12306844221374431
0.12400427078199375
0.12400103685660162
0.12279638409212776
0.12279892990253256
0.12373067774211545
0.12372749603632495
0.12252610481582608
0.12252860687880496
0.1234563109111267
0.12345318268316191
0.1222550296108276
0.12225748710448821
0.12318118540495757
0.12317811189554947
0.1219831718811328
0.12198558398808637
0.12290531574260893
0.12290229817575674
0.12171054445741336
0.12171291036391203
0.12262871582254274
0.12262575540629103
0.12143715957590591
0.12143947847097922
0.12235139889852899
0.12234849682576009
0.12116302885691663
0.12116529993150722
0.12207337755488458
0.12207053500412501
0.12088816328288411
0.12089038572898307
0.12179466368103774
0.12179188181727839
0.12061257317594853
0.12061474618573036
0.12151526844535236
0.12151254842088081
0.12033626817497424
0.120338390939932
0.12123520226814408
0.1212325452233888
0.12005925721197298
0.12006132892205397
0.12095447479382107
0.12095188185820617
0.11978154848787395
0.11978356833061618
0.12067309486208044
0.12067056715489001
0.11950314944758729
0.11950511660725736
0.12039107047809247
0.12038860910934346
0.11922406675430787
0.11922598041104096
0.12010840878160317
0.12010601485292598
0.11894430626300485
0.11894616559194718
0.1198251160148878
0.11982279062041314
0.11866387299304491
0.11866567716349952
0.11954119748948654
0.11953894171673746
0.11838277109989516
0.11838451927447191
0.11925665755165649
0.11925447248244454
0.11810100384585451
0.11810269517962504
0.1189714995464728
0.11896938625779688
0.11781857356976115
0.11782020720941956
0.11868572578051645
0.11868368534546303
0.117535481655626
0.11753705673865676
0.11839933748308491
0.11839737097172837
0.11725172850014311
0.11725324415399685
0.11811233476586752
0.11811044324616889
0.1169673134790292
0.11696876882030781
0.1178247165810289
0.11782290111973193
0.11668223491214717
0.11668362904579954
0.11753648067764806
0.11753474234117053
0.11639649002737035
0.11639782204589995
0.11724762355646508
0.11724596341178417
0.11611007492314637
0.11611134390583235
0.11695814042289338
0.11695655953842299
0.11582298452972449
0.11582418954185772
0.11666802513826051
0.11666652458471904
0.11553521256901216
0.11553635266114791
0.11637727016924868
0.11637585102051526
0.11524675151303168
0.11524782572026088
0.11608586653551325
0.11608452986947038
0.1149575925409526
0.11495859988219304
0.11579380375546709
0.11579255065482777
0.11466772549468107
0.11466866497199106
0.11550106979022853
0.1154999013433458
0.11437713883299301
0.1143780094309092
0.1152076509857428
0.11520656828739924
0.1140858195842058
0.11408662026910721
0.11491353201309747
0.11491253616527261
0.11379375329738964
0.11379448301689031
0.11461869580706947
0.11461778791968245
0.11350092399212965
0.11350158167450197
0.11432312350295344
0.11432230469457859
0.11320731410685848
0.11320789866048979
0.11402679437174004
0.11402606577029267
0.11291290444578908
0.11291341475867366
0.1137296857537295
0.11372904849711916
0.11261767412448961
0.11261810906375878
0.11343177299068652
0.11343122822743502
0.11232160051415459
0.11232195892564739
0.11313302935666308
0.11313257824648415
0.1120246591846391
0.11202493989251609
0.11283342598763822
0.11283306970197586
0.11172682384633871
0.1117270256527417
0.11253293181014803
0.11253267153267044
0.11142806629101207
0.11142818797577217
0.11223151346910487
0.11223135039615055
0.11112835633166109
0.11112839665205819
0.11192913525503075
0.11192907059600347
0.11082766174160069
0.11082761943217687
0.11162575903095784
0.11162579400866693
0.11052594819287004
0.11052582196529977
0.11132134415927918
0.11132148001022146
0.11022317919415697
0.11022296773717674
0.11101584742886109
0.1110160854034408
0.10991931602842872
0.1099190180078293
0.11070922298276034
0.11070956434544305
0.10961431769048531
0.10961393174916896
0.11040142224691989
0.11040186827631658
0.10930814082467388
0.10930766558277956
0.11009239386024867
0.11009294584912571
0.10900073966302887
0.10900017371812822
0.10978208360652145
0.10978274286173234
0.10869206596412645
0.10869140789149333
0.10947043434856729
0.10947120219090177
0.10838206895296923
0.10838131730592535
0.10915738596524274
0.10915826372918888
0.10807069526224207
0.10806984857258171
0.10884287529171625
0.10884386432513092
0.10775788887530899
0.10775694565380538
0.10852683606361793
0.10852793772730093
0.10744359107134739
0.10744254980834336
0.10820919886563218
0.10821041453279943
0.107127740373044
0.10712659953912952
0.10788989108513511
0.10789122214078578
0.10681027249730238
0.10680903054408183
0.10756883687149524
0.10757028471166805
0.1064911203094408
0.10648977567039221
0.10724595710167478
0.10724752313258856
0.10617021378138371
0.10616876487281275
0.10692116935277822
0.10692285498985124
0.10584747995437468
0.10584592517646592
0.10659438788220238
0.10659619454894564
0.10552284290676292
0.1055211806447307
0.10626552361604416
0.10626745274282338
0.10519622372743541
0.10519445235277722
0.10593448414641872
0.10593653716907965
0.10486754049548631
0.1048656583673407
0.10560117373832968
0.10560335209668162
0.10453670826673161
0.10453471373334361
0.10526549334671965
0.10526779848287196
0.10420363906768947
0.10420153046798587
0.10492734064430494
0.10492977400085134
0.10386824189765607
0.10386601756293311
0.10458661006076912
0.10458917307881453
0.10353042273951157
0.10352808099523779
0.10424319283385629
0.10424588695088136
0.10319008457989216
0.10318762374762884
0.10389697707286094
0.10389980372041921
0.10284712743935866
0.1028445458388009
0.10354784783496221
0.10355080843620523
0.10250144841318203
0.10249874436432281
0.10319568721479569
0.10319878318182159
0.10215294172335113
0.10215011354877154
0.10284037444759496
0.1028436071786159
0.10180149878238452
0.10179854480967254
0.10248178602616825
0.10248515690249332
0.10144700826950104
0.10144392683380214
0.1021197958319039
0.10212330621473323
0.10108935621966608
0.10108614566636834
0.10175427527992488
0.10175792650695217
0.10072842612599071
0.10072508481354717
0.10138509347843266
0.10138888686025324
0.10036409905590919
0.10036062535880057
0.10101211740220216
0.10101605421852466
0.0999962537815062
0.09999264609334653
0.10063521208010762
0.10063929357576747
0.09962476692430057
0.0996210236610883
0.10025424079647795
0.1002584681772521
0.09924951311472383
0.09924563271824126
0.09986906530600015
0.09987343973422319
0.09887036516645643
0.09886634610781922
0.09947954606181236
0.09948406865179489
0.09848719426570374
0.09848303504906286
0.099085542456353
0.09909021426960418
0.09809987017540885
0.0980955693418064
0.09868691307446324
0.09869173511472104
0.09770826145430908
0.09770381758568904
0.09828351595817472
0.09828848916624768
0.09731223569065107
0.09730764741402571
0.09787520888255591
0.09788033413098272
0.09691165975028496
0.09690692574205678
0.09746184964194142
0.09746712772947505
0.09650640003876408
0.09650151902920248
0.0970432963458214
0.09704872799174681
0.09609632277698098
0.0960912935548518
0.09661940772363459
0.09662499356193033
0.095681294289777
0.09567611570712255
0.09619004343767942
0.09619578401103535
0.0952611813068748
0.0952558522839402
0.09575506440333847
0.09576096015704384
0.0948358512753966
0.09483037080569763
0.09531433311579973
0.09532038439151777
0.09440517268315075
0.09439953983867666
0.09486771398245356
0.09487392101190066
0.09396901539179589
0.09396322932833928
0.09441507366014677
0.09442143655869698
0.09352725097892742
0.09352131094153163
0.09395628139648537
0.09396280015672252
0.09307975308807336
0.09307365841658603
0.09349120937439144
0.09349788385963437
0.09262639778553969
0.09262014792025952
0.09301973305913817
0.09302656299696595
0.0921670639230077
0.09216065841040919
0.09254173154711058
0.09254871652291805
0.09170163350475877
0.09169507200327788
0.09205708791556336
0.09206422736617857
0.09122999205838576
0.09122327434424742
0.09156568957267362
0.09157298278007227
0.09075202900784339
0.09074515498090928
0.09106742860721129
0.09107487469236471
0.09026763804769251
0.09026060773730579
0.090562202137175
0.0905698000540711
0.08977671751740654
0.08976953108820758
0.09004991265676293
0.09005766118664142
0.08927917077462809
0.08927182853231336
0.08953046838106685
0.08953836612691227
0.08877490656629118
0.088767408963285
0.08900378358789172
0.08901182896922964
0.08826383939655665
0.08825618703756372
0.08846977895611269
0.08847797020415629
0.08774588989054717
0.08773808353795132
0.08792838189998427
0.08793671705317986
0.08722098515290576
0.08721302573197892
0.0873795268988149
0.08738800379883654
0.08668905912024304
0.08668094772412621
0.08682315582140834
0.08683177210965212
0.08615005290657798
0.0861417908009947
0.08625921824466053
0.0862679713592904
0.0856039151409136
0.08559550376857476
0.08568767176567524
0.08569655893927194
0.08505060229612244
0.08504204328078052
0.0851084823067338
0.08511750056459878
0.08449007900834266
0.08448137415845199
0.08452162441241852
0.0845307705715836
0.0839223183861082
0.08391346969804797
0.08392708153814873
0.08393635220714186
0.0833473023084478
0.08333831196926386
0.083324846329343
0.08333423790875814
0.08276502171119383
0.08275589210081552
0.08271492089036987
0.08272442957428745
0.08217547686073468
0.08216621055362391
0.0820973170423981
0.08210693882069926
0.08157867761443463
0.08156927738062492
0.08147205656920088
0.08148178723081566
0.08097464366692042
0.08096511247240533
0.0808391714499138
0.08084900658703922
0.08036340478140375
0.08035374578783638
0.08019870407768927
0.08020863909100837
0.07974500100517296
0.07973521756884024
0.07955070746313701
0.07956073756806505
0.07911948286834045
0.07910957853837922
0.07889524542138933
0.07890536565536642
0.07848691156488746
0.0784768900807132
0.07823239274158156
0.07824259797242507
0.07784735911499446
0.07783722440291695
0.07756223533750048
0.07757252027282253
0.07720090850759512
0.07719066467660102
0.07688487037811634
0.0768952295758036
0.07654765382204044
0.07653730515872711
0.07620040639669123
0.076210834276436
0.07588770032771476
0.07587725129036603
0.07550896337714195
0.07551945423300366
0.07522116456040448
0.07521061977220522
0.07481067281633107
0.07482122083029764
0.0745481743741902
0.07453753861558322
0.07410567776096882
0.07411627701747758
0.07386886896761195
0.07385814716780807
0.07339413281783348
0.07340477731919992
0.07318339888285312
0.07317259611051286
0.07267620413605227
0.07268688781874524
0.07249192597669626
0.0724810474298094
0.07195206936024132
0.07196278611193131
0.07179462336203372
0.07178367435703105
0.07122191755337169
0.07123266123066886
0.07109167531876319
0.07108066127890315
0.07048594908831565
0.07049671353510308
0.0703832771729657
0.07037220361604674
0.0697443755071317
0.06975515457338939
0.06966963514335554
0.06965850766881304
0.06899741934726944
0.06900820690827461
0.06895096615410673
0.06893979042956187
0.06824531393401506
0.06825610390979528
0.06822749761329534
0.06821627936063006
0.06748830313865403
0.06749908951356155
0.06749946715635796
0.06748821213739807
0.06672664110200083
0.06673741794426925
0.06676712235415007
0.06675583635604466
0.06596059192313632
0.06597135340427483
0.06603072038539022
0.06601940920578146
0.06519042931339397
0.0652011697272699
0.06529052767349994
0.06527919710558236
0.0644164362158541
0.06442714999731174
0.06454681948808792
0.0645354753056599
0.06363890439083193
0.06364958613369384
0.0637998795115856
0.06378852745419868
0.06285813396808138
0.06286877844237981
0.06304999937180347
0.06303864513011688
0.06207443296667931
0.06208503513496706
0.0622974781414563
0.06228612734290361
0.06128811678380046
0.061298671816395506
0.061542621805982134
0.06153128000085647
0.060499507653840656
0.06051001094286566
0.06078574270126291
0.06077441534932371
0.059708934079592824
0.05971938125167874
0.06002715892312871
0.06001585138082945
0.05891673023741632
0.05892711716495054
0.05926719371079759
0.05925591121922773
0.05812323535857156
0.05813355816938346
0.05850617480665826
0.05849492248028579
0.057328793089111
0.05733904817450228
0.05774443379504421
0.05773321661133647
0.05653375083091712
0.05654393485196064
0.05698230542286548
0.05697112821285617
0.05573845906666071
0.05574856895870918
0.056220126905159144
0.05620899434501842
0.054943270671614274
0.054953303646979326
0.05545823721878738
0.05544715382243993
0.054148540215386974
0.054158493764169
0.05469697638764663
0.05468594650046956
0.053354623256756765
0.05336449514582692
0.05393668476285191
0.05392571255647133
0.05256187563484895
0.052571663905005776
0.05317770230142838
0.05316679176961905
0.05177065275995424
0.051780355721298785
0.05242036784706905
0.052409522802748146
0.050981308907291654
0.05099092513288592
0.051665018416508515
0.05165424248980027
0.050194196516997865
0.05020372483489176
0.05091198849501642
0.05090128513235127
0.04940966550356292
0.049419104987294495
0.05016160934442677
0.05015098180862567
0.04862806257784847
0.04863741253554004
0.0494142083269997
0.04940365969828268
0.04784973058469427
0.04785899054688372
0.048670108248259326
0.048659641426106404
0.04707500785897057
0.04708417756533126
0.04792962672175858
0.04791924442754211
0.0463042276027477
0.04631330698786298
0.04719307555851368
0.047182780338813395
0.04553771728605092
0.04554670646441863
0.04646076018360706
0.046450554414113006
0.04477579807343902
0.04478469732388875
0.045732979082198554
0.04572286497210323
0.04401878427839834
0.04402759402810828
0.04501002327690975
0.045000002873688195
0.043266982847284995
0.04327570365558692
0.044292175838256
0.04428225103273269
0.042520692874279196
0.04252932541643832
0.04357971142950901
0.043569883961111805
0.04178020514854121
0.04178875019969367
0.04287289588707458
0.04286316734917976
0.04104580173448416
0.04105426015390759
0.04217198583717747
0.042162357682455034
0.040317755585810015
0.04032612830169305
0.041477228349354266
0.04146770189502974
0.0395963301936883
0.03960461818855285
0.040788860626984697
0.04077943705994218
0.03888177926921138
0.03888998356612701
0.04010710973482224
0.040097790116482755
0.03817434646002116
0.03818246810973506
0.039432192363247194
0.03942297763416739
0.03747426510078375
0.0374823051698719
0.03876431462873357
0.03875520561288081
0.036781757996992015
0.03678971755711821
0.03810367190982408
0.03809466931849586
0.03609703724139783
0.0361049173597478
0.037450448717723156
0.037441553153090695
0.035420304062226744
0.03542810579316411
0.036804818600467026
0.03679603055873464
0.034751748702192414
0.034759473080163285
0.036166944079495375
0.036158263953678584
0.03409155032722892
0.03409919836092172
0.035536976617343695
0.035528404699679814
0.03343987696377186
0.03344744963152005
0.034915056615094586
0.03490659309910943
0.03279688546336205
0.03280438370975893
0.03430131343816079
0.03429295842042389
0.03216272149330539
0.03217014622698329
0.033695865468937186
0.03368761895054548
0.031537519552101524
0.03154487164461228
0.033098820184834205
0.03309068207267045
0.03092140300835426
0.03092868329407438
0.032510274260201324
0.03250224436801804
0.030314484161882836
0.03032169343885496
0.03193031369065965
0.03192239174004287
0.029716864325783885
0.029724003357396778
0.03135901393838152
0.031351199559650135
0.029128633928223503
0.029135703445625456
0.030796440096891885
0.030788732829988764
0.02854987263278453
0.028556873337919796
0.03024264707399679
0.030235046369426536
0.02798064947623786
0.027987582045392975
0.029697679791498077
0.029690185011363765
0.02742102302266081
0.027427888110406785
0.02916157340039052
0.029154183819578097
0.02687104153287445
0.026877839776292167
0.028634353510296078
0.028627068317850224
0.02633074314822425
0.026337475171303432
0.028116036431931845
0.0281088547326614
0.025800156087779302
0.02580682250588651
0.027606629431460732
0.027599550247805384
0.025279298858067033
0.02528590028238448
0.027106130995614857
0.027099153269797914
0.024768180474504874
0.02477471751634966
0.02661453110652759
0.02660765370301224
0.024266800693728052
0.024273273968670357
0.02613181152524699
0.026125033233506196
0.023775150256040056
0.023781560387748514
0.02565794608293816
0.025651265620540768
0.023293211137242403
0.02329955876099528
0.02519290097881188
0.025186316994820514
0.022820956809117734
0.02282724257492925
0.0247366350838478
0.024730146162517178
0.022358352507857268
0.022364577083179342
0.0242891002493973
0.024282704914155243
0.02190535550973414
0.021911519581704526
0.023850241619779528
0.0238439383374674
0.02146191541333041
0.021468019690548915
0.023419997947995073
0.023413785133339134
0.021027974427627563
0.021034019641452004
0.02299830191370337
0.022992177933984517
0.02060346766527303
0.02060945457063604
0.022585080442620108
0.02257904362250595
0.020188323440331873
0.02019425281608848
0.022180255026511584
0.02217430365301232
0.01978246356982963
0.019788336218653307
0.02178374204296953
0.021777874370477398
0.01938580367839145
0.019391620426243268
0.021395453074173426
0.021389667329544646
0.01899825350527666
0.019004015200478112
0.021015295223858057
0.02100958961149623
0.018619717213109278
0.018625424725054126
0.020643171431725837
0.020637544138626444
0.018250093697602346
0.01825574791514678
0.020278980784562306
0.02027342998527941
0.017889276897575843
0.01789487872714892
0.01992261882333824
0.01991714268483659
0.017537156104573966
0.017542706468052123
0.019573977845605644
0.019568574531963985
0.017193616271393684
0.017199116103784006
0.019232947202527512
0.019227614879461914
0.01685853831884521
0.01686398856582196
0.01889941358990796
0.018894150429087465
0.01653179944008031
0.016537201055418508
0.018573261332630164
0.018568065515760776
0.016213273401840395
0.016218627344788555
0.018254372661942356
0.018249242384599153
0.01590283084199523
0.015908138074627223
0.017942627985076166
0.017937561460267395
0.015600339562766062
0.01560560104734928
0.017637906146721408
0.017632901608172397
0.015305664819053618
0.015310881515467535
0.017340084681928603
0.01733514038707709
0.015018669601317756
0.015023842464553438
0.017049040060055
0.01704415429275352
0.014739214912488264
0.014744344890255673
0.01676464791942057
0.016759818992344803
0.014467160038418962
0.014472248068885052
0.016486783292383674
0.01648200954914934
0.014202362811428726
0.014207409821105453
0.016215320820602844
0.01621060063759647
0.01394467986651373
0.013949686768311109
0.01595013496029231
0.015945466748224266
0.013693966889850974
0.013698934581306698
0.015691100177334275
0.015686482382524576
0.013450078859247504
0.013455008220940812
0.01543809113215539
0.015433522237565075
0.013212870276235867
0.013217762170390121
0.015190982854321047
0.015186461380343535
0.012982195389546503
0.012987050658821617
0.014949650906851021
0.014945175411879261
0.01275790840973323
0.012762727876206302
0.01471397154029552
0.01470954062108173
0.012539863714763658
0.012544648179093553
0.014483821836662143
0.014479434128487697
0.012327916046421535
0.01233266628719095
0.014259079843312776
0.014254734019986127
0.012121920697411654
0.012126637470638229
0.014039624696994145
0.014035319470694798
0.011921733689086136
0.011926417727892673
0.013825336738193575
0.013821070859180017
0.011727211939749963
0.011731863954182499
0.013616097616045184
0.013611869872244253
0.011538213423536801
0.011542834100518392
0.013411790384037791
0.013407599600532356
0.011354597319876666
0.01135918732328409
0.01321229958680195
0.013208144625233148
0.01117622415360773
0.011180784124457919
0.0130175113382723
0.013013391096171544
0.011002955925813301
0.011007486482546267
0.012827313391542701
0.012823226801607789
0.010834656235492382
0.010839157974337469
0.012641595200744555
0.012637541230073055
0.010671190392196073
0.010675663887608716
0.012460247975293506
0.012456225624585484
0.010512425519787616
0.010516871324944261
0.012283164726856383
0.012279173029597388
0.010358230651503143
0.010362649298842596
0.012110240309400267
0.012106278331034254
0.01020847681651122
0.010212868818311484
0.01194137145268707
0.011937438289787826
0.010063037118187818
0.01006740296716827
0.011776456789581181
0.01177255156902962
0.00992178680433805
0.00992612697427772
0.011615396877535057
0.011611518755708677
0.00978460332961089
0.009788918275974518
0.01145809421461739
0.011454242376597108
0.009651366410366636
0.009655656570931223
0.011304453250442359
0.01130062690924095
0.009521958072267045
0.009526223867742408
0.011154380392353608
0.011150578788169075
0.009396262690866321
0.0094005045255043
0.011007784007207
0.01100400640670326
0.009274167025490424
0.009278385287678102
0.010864574419091128
0.010860820114707764
0.009155560246698497
0.009159755309531819
0.010724663903308507
0.010720932212600502
0.009040333957621516
0.00904450617945638
0.010587966676936343
0.01058425694194422
0.008928382209480178
0.008932531934458907
0.010454398886265986
0.010450710472916099
0.008819601511583843
0.008823729070135584
0.010323878591415292
0.010320210888949731
0.008713890836111354
0.008717996545425622
0.010196325748387906
0.010192678168822923
0.00861115161797655
0.008615235782449602
0.010071662188845181
0.010068034166456843
0.008511287750076188
0.008515350661730484
0.00994981159783999
0.009946202588675436
0.008414205574217288
0.008418247513094643
0.009830699489748265
0.009827108971160802
0.008319813868014576
0.00832383510254396
0.00971425318262087
0.009710680652826998
0.008228023828044181
0.008232024615385445
0.00960040177116242
0.009596846748818732
0.008138749049533598
0.00814272963589854
0.009489076098533496
0.009485538122331456
0.008051905502861669
0.008055866123814166
0.00938020872715516
0.009376687355431623
0.007967411507133466
0.007971352387870312
0.009273733908685956
0.009270228719047487
0.00788518770108801
0.007889109056702363
0.00916958755332419
0.009166098142283098
0.007805157011587325
0.007809059047316553
0.009067707198580199
0.009064233181200457
0.007727244619925583
0.0077311275313854105
0.00896803197764811
0.008964572987199345
0.007651377926189356
0.007655241899596049
0.00887050258749738
0.00886705827511522
0.007577486511887781
0.00758133172427017
0.008775061256793585
0.008771631291144819
0.007505502101064456
0.007509328720467429
0.008681651713745188
0.008678235780696313
0.007435358520088844
0.00743916670576989
0.008590219153967103
0.008586816956254968
0.00736699165631726
0.007370781558937498
0.008500710208438554
0.008497321465341948
0.007300339415803808
0.007304111177614851
0.0084130729116289
0.008409697358640058
0.007235341680229195
0.007239095435257029
0.008327256669851391
0.008323894058346623
0.007171940263205437
0.007175676137432409
0.008243212229903122
0.008239862326811748
0.007110078866106292
0.007113796977652162
0.008160891648036888
0.008157554235507961
0.00704970303356202
0.007053403492864856
0.008080248259310252
0.00807692313437655
0.006990760108746944
0.006994443018744572
0.008001236647345046
0.007997923621583998
0.006933199188580489
0.0069368646448930696
0.007923812614529851
0.007920511513721185
0.0068769710789509785
0.006880619170065163
0.00784793315269049
0.007844643816470421
0.006822028250065355
0.006825659057520366
0.007773556414249485
0.007770278695761455
0.006768324792017132
0.006771938390592999
0.007700641683892616
0.007697375449434602
0.006715816370657748
0.0067194128285659
0.007629149350754638
0.00762589447942315
0.0066644601838497675
0.006668039562926004
0.007559040881135456
0.007555797264466461
0.006614214918169741
0.0066177772740695865
0.007490278791752979
0.007487046333359947
0.006565040706125643
0.006568586088522053
0.007422826623537715
0.007419605238747153
0.006516899083944026
0.006520427536727265
0.007356648915970614
0.007353438531455418
0.006469752949976021
0.006473264511455556
0.007291711181964881
0.007288511735375893
0.006423566523767375
0.006427061226875552
0.0072279798832891136
0.0072247913228853195
0.006378305305830404
0.006381783178327665
0.0071654224065296306
0.007162244690807451
0.00633393603814952
0.0063373971028308496
0.007104007039586087
0.00710084013690822
0.0062904266654505775
0.006293870940352853
0.007043702948695499
0.00704054683691979
0.006247746297256461
0.006251173795866432
0.006984480155977229
0.006981334822086065
0.00620586517074733
0.0062092759022098305
0.006926309517492425
0.006923174957223154
0.006164754614443747
0.006168148583769816
0.006869162701808251
0.006866038919285076
0.006124387012722101
0.0061277642209966315
0.006813012169059165
0.00680989917642704
0.006084735771170377
0.006088096215759
0.00675783115049596
0.006754728967556929
0.006045775282793204
0.006049118957548001
0.006703593628512892
0.006700502282365378
0.006007480895066302
0.006010807790530031
0.006650274317144181
0.00664719384182561
0.005969828877839841
0.00597313898144837
0.006597848643018048
0.006594779079151299
0.005932796392091503
0.005936089688374073
0.0065462927267606365
0.006543234121204703
0.005896361459522976
0.005899637930300068
0.006495583364839319
0.006492535770344577
0.005860502932995028
0.0058637625575734716
0.006445698011834595
0.0064426614867030725
0.0058252004677927975
0.005828443223157911
0.0063966147631325495
0.006393589370883506
0.005790434493712917
0.005793660354717381
0.006348312338026765
0.006345298147067965
0.005756186187962765
0.005759395127512017
0.006300770063222059
0.006297767146526991
0.005722437448858115
0.005725629438092026
0.0062539678567283645
0.006250976291519724
0.005689170870309288
0.005692345878779974
0.0062078862121380295
0.006204906079577704
0.0056563697170810565
0.005659527712926566
0.0061625061832767695
0.0061595375681625835
0.0056240179008127545
0.005627158850926538
0.006117809369219433
0.006114852359688801
0.005592099956783669
0.005595223826979646
0.006073777899662758
0.006070832586903527
0.005560601021408904
0.0055637077765820315
0.006030394420646326
0.00602746089861488
0.005529506810449502
0.005532596414731705
0.005987642080614904
0.005984720445761737
0.005498803597921913
0.00550187601483332
0.00594550451681242
0.005942594867815256
0.005468478195689396
0.005471533388284775
0.005903965842002996
0.0059010682795075774
0.005438517933719669
0.005441555864730034
0.005863010631508973
0.005860125257877585
0.005408910640993586
0.005411931272962904
0.005822623910561086
0.005819750829628879
0.005379644627045379
0.005382647922462342
0.005782791141952507
0.005779930458791652
0.0053507086641205355
0.005353694585545422
0.005743498213990625
