0.049540179690636586
0.10436147806936757
0.15374317289159833
0.19323221571171478
0.22407990542298997
0.2472338284206536
0.26345203910008236
0.27317653722114116
0.27691080699116677
0.2749534390568732
0.28807743891460186
0.2873991970857675
0.2866486819411743
0.2857263794111468
0.28484671209437945
0.2837341462902275
0.2825293374004095
0.28108312408115205
0.2796662553022303
0.2779261485873084
0.2760135977042388
0.2737915032768011
0.2715603116717254
0.2689337999514725
0.2659973439898694
0.2627500411168503
0.2593951442010777
0.25568385709385355
0.2514214088451146
0.24703778705834173
0.24233586415725297
0.23755995346390413
0.2318353557781104
0.2264963314869568
0.220476872777631
0.21498026386486596
0.20796605869832124
0.20216027131203665
0.19518893402144605
0.18954550451974558
0.18171225057004323
0.17603120031532743
0.1686971921301954
0.16344486671197744
0.15537113905940475
0.15023422398884922
0.1431176679775688
0.13854397511026267
0.13070698494575078
0.12625104964298467
0.11976011685165552
0.11590168951672294
0.10859965770123012
0.10477237027177448
0.09912467458823443
0.0959049874595182
0.08929542615856546
0.08599838499441777
0.08127505783528269
0.07861623060741316
0.07277582377185751
0.06993621486760862
0.06613207742169246
0.0639828546062264
0.058941707141843845
0.05651381781365374
0.05356639755117025
0.05188503204173326
0.047639790710128554
0.045584704950363125
0.04339290323200989
0.042129467285413516
0.038649819098538006
0.036922709960149326
0.03536328135928792
0.03445609628014148
0.031691152619204584
0.03024046063977619
0.029183287645266676
0.028565137788728052
0.026450133240715767
0.025222904004306913
0.02454349255987867
0.024149917385709773
0.02261220356388497
0.021560026296494682
0.021148109398475078
0.020923245627610512
0.019887031757536276
0.018969884262634535
0.018734067071829563
0.01863297509070671
0.01802284416546119
0.01721037408157906
0.017079456351880982
0.017067750056572812
0.016811212792264642
0.016082047040573248
0.0160039457931311
0.01605604014133217
0.016085378932757532
0.015425327079004219
0.015364533434880756
0.015461573315702363
0.01571513865959919
0.015115050135190763
0.015049415950504953
0.015177477807842163
0.01560052284251641
0.01505432022093047
0.01497176815232496
0.015120523996595834
0.01566562562129466
0.015168788408936637
0.015064328740561045
0.015226129198067434
0.015853239757331255
0.015401811806774435
0.015275065394429074
0.015444316460391665
0.01612050165168491
0.015710562949277675
0.015563849845685753
0.01573656564585781
0.0164354978211182
0.016062978086476592
0.015899939874448772
0.016073393815008646
0.016774676940144603
0.016435378796315857
0.016260053647116166
0.016432488737932092
0.017120889452236256
0.016810611044078015
0.016626863299742577
0.01679724689807601
0.017461896721552954
0.017176577711736758
0.016987786824294734
0.017155606081277495
0.017789225905163155
0.01752507344122651
0.01733400069530859
0.01749909756848812
0.01809728029089895
0.017850856480314408
0.017659625235694434
0.017822068803045696
0.01838264173673298
0.018150910133122807
0.017961052235904537
0.018121044187897877
0.018643521065263107
0.018423858089211532
0.018236393588363826
0.018394201511714326
0.018879325059586363
0.018669505450051905
0.01848503415622184
0.01864094685099
0.019090316911990944
0.018888482373545443
0.018707274210424625
0.01886157362528426
0.019277352235880865
0.019081971010456406
0.018904047986988665
0.01905699311603074
0.01944167625929983
0.019251499426857763
0.019076705953695657
0.019228524950571958
0.019584770337569044
0.01939878879596139
0.01922684950430313
0.019377737161020304
0.019708237889128684
0.019525642427086477
0.019356208059484264
0.01950632657448835
0.019813721497690694
0.019633867220990725
0.01946654989076666
0.019616031479591987
0.0199028443391894
0.019725219909984097
0.019559619317046757
0.019708569699627015
0.01997717032656152
0.019801371963494997
0.019637094183846588
0.01978559633415617
0.020038178436020047
0.019863888325295672
0.019700558676577738
0.019848676467371158
0.0200872475944494
0.019914216214581178
0.019751487516256206
0.019899269058896683
0.020125649278302137
0.01995368109209729
0.01979123843280268
0.019938719020910194
0.02015454561195858
0.019983487589971833
0.019821050513041512
0.01996825514614848
0.02017499127232594
0.02000472375577162
0.01984204659092198
0.01998899209361375
0.020187937922170305
0.020018367392303758
0.01985523830303532
0.020001935075764074
0.020194240223031838
0.020025293607193708
0.0198615327908195
0.02000798623749549
0.02019466273446476
0.020026282939839143
0.019861740308827182
0.020007951988061372
0.02018988720321861
0.02002202962450409
0.019856582211340103
0.020002550755934198
0.020180519895560953
0.020013149690772954
0.01984669895066737
0.019992420795616153
0.02016709873816252
0.02000018870744494
0.01983265784077896
0.019978127794907513
0.020150100116044904
0.01998362905209147
0.01981496042862923
0.01996017211976651
0.02012994523670273
0.019963896642923216
0.019794049379974882
0.01993899559866871
0.020107006012995175
0.01994136710777015
0.019770314832529653
0.019914987794931997
0.02008161044796209
0.019916371391069283
0.01974410020150287
0.019888491748263758
0.020054047525637397
0.01988920081699493
0.01971570744448701
0.019859809189288036
0.020024571625736773
0.019860111637683996
0.019685401807017337
0.019829205245703176
0.019993406488715275
0.019829329101733538
0.019653416078990488
0.01979691266806076
0.01996074876258738
0.019797051081138738
0.019619954397063284
0.019763135608497424
0.019926771165169298
0.019763451295603078
0.019585195630322644
0.019728052988264556
0.019891625295856624
0.01972868217242436
0.019549296386787086
0.01969182149045427
0.019855444130287305
0.0196928773784747
0.019512393677304417
0.019654578213556977
0.019818344229697304
0.019656154058530776
0.01947460727160935
0.019616443019874176
0.01978042769476572
0.01961861481164278
0.019436041779029037
0.01957752061068612
0.019741783891492382
0.019580349434544925
0.01939678848380757
0.019537902357679708
0.019702490974305147
0.019541436458430365
0.019356926962423214
0.01949766791764199
0.019662617229263872
0.01950194450282619
0.01931652650770536
0.019456886654935227
0.01962222225797964
0.019461933467856758
0.01927564738208993
0.019415618893863208
0.019581358020744837
0.019421455583907975
0.01923434192002909
0.019373917020764193
0.019540069755395746
0.019380556335613346
0.01919265549741466
0.019331826453548008
0.01949839678661536
0.019339275275178324
0.019150627383897428
0.019289386494448515
0.019456373238732692
0.019297646738337677
0.019108291492186284
0.019246631079987794
0.01941402866358129
0.019255700474694184
0.019065677036787323
0.01920358944054435
0.019371388593637507
0.0192134622028025
0.019022809113185272
0.01916028668047455
0.01932847502945788
0.019170954099129674
0.018979709207166642
0.019116744288445085
0.01928530686936446
0.019128195228928245
0.01893639564282353
0.019072980586483886
0.0192419002883756
0.019085201926087807
0.018892883976747106
0.019029011125233593
0.019198269072536273
0.019041988128172246
0.01884918734500727
0.018984849031985235
0.019154424914055692
0.018998565672092956
0.01880531676870858
0.018940505317267996
0.019110377672001484
0.018954944555200148
0.018761281423201687
0.018895989145063588
0.019066135602718505
0.018911133165986905
0.018717088875402445
0.01885130807108957
0.019021705563628925
0.0188671384880837
0.018672745293120307
0.018806468253047152
0.018977093193619617
0.018822966280766053
0.018628255629811897
0.018761474636245938
0.018932303072827367
0.018778621238799437
0.018583623787751264
0.01871633111759404
0.018887338864284824
0.0187341071340957
0.018538852762234465
0.01867104069056973
0.018842203439584343
0.018689426941346544
0.018493944769108324
0.018625605573463714
0.018796898990449465
0.018644582949531766
0.018448901357626647
0.018580027322895203
0.018751427127868783
0.01859957686096285
0.01840372351038605
0.018534306934354202
0.018705788970241027
0.01855440987931597
0.01835841173187295
0.018488444931302264
0.018659985221799756
0.01850908278792715
0.01831296612696092
0.01844244144417193
0.018614016242428345
0.01846359601946409
0.018267386470529744
0.018396296280437582
0.018567882109837612
0.018417949717950056
0.018221672269229595
0.01835000898678233
0.018521582674957463
0.01837214379399418
0.018175822816285887
0.01830357890425783
0.01847511761128845
0.01832617797397646
0.018129837240127435
0.018257005217222122
0.018428486458866886
0.01828005184384347
0.018083714547523784
0.01821028699674191
0.01838168866341643
0.018233764888089473
0.018037453661830814
0.01816342323906107
0.018334723611188805
0.018187316524427587
0.017991053456870514
0.018116412899662687
0.018287590659935363
0.01814070613459439
0.01794451278690567
0.01806925492338726
0.01824028916639767
0.018093933091677544
0.017897830513113774
0.0180219482710133
0.018192818510658893
0.018046996784309564
0.01785100552691581
0.017974491942657746
0.01814517811765759
0.017999896638030973
0.017804036770473007
0.01792688499831136
0.018097367476130582
0.017952632134090284
0.017756923254627896
0.0178791265757871
0.018049386155221264
0.017905202825918464
0.017709664074533615
0.017831215906327424
0.01800123381896284
0.01785760835348857
0.01766225842318867
0.017783152328089562
0.01795291023882437
0.01780984845574888
0.017614705603069186
0.017734935297702613
0.01790441530448657
0.017761922981297758
0.017567005036031
0.017686564400070597
0.017855749032997758
0.01771383189745112
0.01751915627163522
0.01763803935657696
0.01780691157644593
0.01766557529783926
0.01747115899403595
0.017589360031831
0.017757903228269582
0.01761715340865623
0.017423013027555313
0.01754052643908287
0.0177087244283192
0.017568566593674024
0.01737471834105847
0.01749153874442169
0.017659375766771224
0.017519815358123882
0.0173262750512324
0.01744239726986221
0.01760985798698872
0.017470900351539493
0.017277683424862716
0.017393102495415622
0.017560171987415038
0.017421822369647906
0.01722894388019492
0.01734365506023269
0.017510318822580424
0.017372582355389056
0.017180056987460137
0.017294055762900377
0.01746029970329581
0.017323181399137733
0.01713102346863931
0.017244305560967888
0.017410115996104012
0.017273620738198013
0.017081844196534388
0.017194405569771247
0.017359769222052047
0.017223901755634433
0.017032520193210804
0.0171443570606226
0.017309261054846613
0.01717402597850085
0.016983052627870344
0.017094161458424184
0.017258593318449148
0.017123995075524014
0.01693344281421095
0.017043820338764667
0.01720776798416481
0.01707381085429513
0.016883692207325225
0.016993335424550886
0.017156787167275957
0.017023475258020112
0.016833802400187222
0.016942708582225238
0.017105653123268054
0.016972990361875714
0.016783775119773286
0.016891941817615615
0.01705436824369317
0.01692235836901624
0.016733612222860492
0.016841037271462286
0.017002935051713842
0.01687158160627308
0.016683315691543247
0.016789997214662938
0.016951356197367057
0.01682066251958632
0.0166328876285062
0.016738824043274876
0.016899634452586583
0.016769603669205588
0.016582330252089095
0.016687520273310514
0.016847772706018647
0.016718407724695163
0.0165316458911771
0.01663608853536051
0.016795773957664645
0.016667077459775574
0.0164808369799478
0.016584531569076046
0.016743641313381935
0.016615615747032547
0.01642990605250396
0.016532852217539966
0.016691377979271695
0.016564025552521438
0.016378855737419158
0.01648105342155428
0.016638987255981248
0.016512309930293474
0.01632768875222105
0.016429138213869134
0.01658647253294533
0.01646047201686813
0.016276407897835736
0.01637710971337705
0.016533837282590398
0.016408515025674413
0.016225016053014366
0.01632497111929384
0.01648108505452262
0.016356442241481434
0.01617351616876145
0.016272725705345912
0.016428219469719545
0.016304257014837033
0.016121911262782472
0.016220376813981724
0.01637524421474306
0.016251962756532047
0.01607020441396735
0.016167927850624077
0.01632216303599022
0.016199562932105446
0.016018398756923995
0.01611538227797759
0.016268979733996262
0.016147061056404444
0.015966497476574967
0.016062743610404367
0.016215698157802817
0.016094460688211767
0.01591450380282864
0.01601001540837931
0.016162322199402807
0.01604176542495114
0.015862421005335296
0.015957201273035557
0.016108855788272595
0.01598897889748086
0.01581025238833695
0.015904304840808656
0.01605530288599981
0.015936104764983493
0.01575800128561834
0.015851329778186728
0.016001667481014233
0.015883146709958586
0.015705671055565328
0.015798279776573033
0.015947953583428265
0.015830108433324476
0.01565326507633639
0.01574515854726611
0.015894165219991922
0.015776993649633895
0.01560078674115109
0.015691969816561225
0.015840306429166267
0.01572380608240686
0.015548239453698686
0.01563871732097618
0.0157863812563182
0.015670549459583565
0.015495626623669332
0.015585404802603472
0.015732393749038617
0.015617227509099168
0.015442951662409204
0.015532036004589748
0.01567834795258471
0.01556384395458102
0.015390217978699836
0.01547861466674257
0.015624247905446479
0.015510402511168373
0.015337428974661857
0.015425144521264209
0.015570097635036903
0.015456906881454157
0.015284588041781877
0.015371629288610605
0.015515901153503976
0.015403360751546788
0.015231698557061182
0.015318072673473706
0.015461662453662355
0.015349767787250234
0.015178763879283661
0.015264478360884081
0.015407385505041582
0.015296131630359307
0.015125787345400574
0.015210850012430527
0.015353074250047189
0.015242455895066781
0.015072772267028309
0.015157191262592412
0.015298732600230288
0.015188744164478319
0.015019721927055784
0.015103505715180376
0.015244364432660796
0.015134999987230885
0.014966639576356777
0.015049796939880015
0.015189973586398703
0.015081226874209241
0.01491352843060248
0.014996068468892862
0.01513556385905731
0.015027428295355383
0.014860391667169182
0.01494232379366868
0.015081139003451849
0.014973607676564882
0.014807232422135492
0.014888566361722363
0.01502670272432648
0.01491976839666349
0.01475405378736289
0.014834799573528134
0.014972258675151834
0.014865913784457702
0.01470085880765359
0.014781026779484018
0.01491781045498523
0.014812047115851601
0.01464765047797888
0.014727251276938224
0.01486336160538505
0.01475817161102277
0.014594431740770904
0.014673476307269303
0.014808915607369863
0.014704290431648953
0.014541205483270559
0.014619705053011162
0.014754475878413303
0.014650406678177495
0.01448797453492406
0.014565940635014183
0.014700045769464654
0.014596523387128694
0.014434741664820038
0.014512186109632595
0.014645628561984642
0.014542643528424128
0.014381509579159037
0.014458444465928186
0.014591227464985734
0.014488770002730142
0.014328280918746586
0.014404718622880137
0.014536845612065507
0.014434905638807135
0.014275058256501258
0.014351011426590144
0.014482486058421678
0.014381053190854354
0.014221844094968428
0.014297325647471873
0.01442815177783624
0.014327215335839426
0.014168640863830151
0.014243663977413046
0.01437384565961639
0.014273394670801964
0.014115450917401236
0.014190029026898195
0.014319570505478793
0.014219593710119754
0.014062276532101663
0.01413642332207995
0.014265329026363955
0.014165814882725804
0.01400911990389431
0.0140828493017856
0.014211123839166196
0.014112060529264017
0.013955983145677347
0.014029309314446126
0.014156957463364964
0.014058332899171092
0.013902868284620127
0.013975805614933815
0.014102832317542446
0.014004634147671488
0.013849777259430682
0.013922340361294364
0.014048750715771736
0.013950966332672097
0.013796711917542948
0.013868915611358867
0.013994714863859694
0.013897331411542691
0.013743674012211124
0.013815533319220807
0.013940726855428087
0.013843731237767845
0.013690665199498473
0.013762195331562404
0.013886788667815689
0.013790167557455412
0.013637687035146982
0.01370890338381443
0.013832902157784214
0.013736642005686412
0.013584740971314374
0.013655659096133274
0.013779069057010152
0.013683156102690702
0.013531828353164419
0.013602463969178611
0.013725290967344409
0.013629711249832343
0.013478950415295825
0.01354931937967431
0.013671569355820706
0.013576308725387837
0.01342610827799455
0.0134962265757352
0.013617905549394122
0.013522949680100555
0.013373302943294335
0.013443186671941759
0.013564300729390194
0.013469635132493824
0.013320535290829527
0.013390200644145015
0.013510755925645643
0.013416365963925375
0.013267806073464056
0.01333726932398277
0.013457272010320384
0.013363142913364628
0.013215115912679853
0.01328439339308922
0.013403849691361824
0.01330996657187515
0.013162465293707773
0.013231573376978892
0.01335048950560116
0.013256837376783393
0.013109854560383938
0.013178809638586591
0.01329719181146265
0.013203755605515562
0.013057283909713894
0.01312610237144487
0.013243956781266419
0.013150721369083934
0.01300475338612717
0.013073451592480686
0.01319078439310625
0.013097734605204248
0.012952262875404347
0.013020857134413328
0.013137674422283743
0.013044795071025794
0.012899812098258912
0.012968318637736264
0.013084626432281971
0.012991902335456487
0.012847400603556325
0.012915835542266125
0.013031639765261999
0.012939055771065494
0.012795027761152999
0.012863407078243096
0.012978713532067166
0.012886254545546571
0.012742692754337818
0.012811032256967706
0.01292584660172158
0.012833497612726438
0.012690394571859975
0.012758709860960801
0.012873037590410894
0.012780783703103437
0.012638131999527116
0.012706438433634731
0.012820284849935831
0.012728111313903018
0.01258590361135882
0.012654216268465654
0.012767586455630874
0.012675478698638356
0.012533707760281704
0.012602041397659225
0.012714940193743796
0.01262288385616617
0.012481542568353394
0.012549911580304194
0.012662343548274632
0.012570324519230163
0.012429405916504816
0.01249782429001138
0.012609793687276197
0.012517798142487001
0.012377295433791725
0.012445776702038907
0.012557287448622747
0.012465301890012872
0.012325208486148915
0.012393765679907843
0.012502848985432793
0.012410860293518955
0.012271189109711691
0.012339834699042514
0.012446360410888386
0.012354355872611154
0.012215121260793714
0.012283867113282148
0.01238783741057704
0.012295804763011255
0.012158964012357693
0.01222782134381601
0.012329252376809572
0.012237179847334554
0.012102845734200837
0.012171825043029372
0.01227073365854758
0.012178610023707528
0.01204676281215114
0.01211587381982716
0.012212276569242498
0.012120091205062442
0.011990711287020967
0.012059962877198257
0.012153875974919442
0.01206161890807962
0.011934686840912598
0.01200408699673031
0.012095526278104987
0.012003188238514095
0.011878684783140277
0.011948240522871308
0.012037221401598425
0.01194479387625053
0.011822700035803217
0.011892417346996887
0.01197895477216125
0.011886430060141291
0.011766727119050637
0.011836610891350626
0.011920719304208623
0.01182809057269044
0.011710760136087439
0.011780814092932908
0.0118625073835957
0.011769768724655127
0.011654792757976993
0.011725019387423066
0.01180431085160151
0.011711457339644685
0.011598818208306067
0.011669218693228973
0.01174612098922282
0.01165167690900504
0.01154137204041588
0.011611946197219784
0.011686460859139734
0.011588314704908927
0.01148036300601536
0.01155110922399724
0.01162322217466478
0.011521345173227384
0.011415766388681383
0.01148813041719856
0.011557837145302747
0.011452201217487844
0.011349001410535652
0.01142505406653733
0.011492364002727625
0.011382941867093162
0.011282107110936575
0.01136186829124381
0.011426790039971753
0.011313555294535755
0.011215072303072043
0.011298560680134788
0.011361101987006
0.011244029210063445
0.011147885368444006
0.01123511829137352
0.011295286012878417
0.011174350868245498
0.011080534261366045
0.01117068158196547
0.011228475649982687
0.011103654984054086
0.011012162982021246
0.011100861914165573
0.011156250352671647
0.011027522247980204
0.010938397312054808
0.011025632711127923
0.011078582745119662
0.010946773608642952
0.010860050747360754
0.010945806998775159
0.010996291016192714
0.010865763021816844
0.010781434131102049
0.010865695094491892
0.010913715236126668
0.010784478386432088
0.010701414485131563
0.010784163581722562
0.010829713248373177
0.01070177797716335
0.010619624428426368
0.01070084464218066
0.010743913959816173
0.010617291150166987
0.010536077545596833
0.010615751430554916
0.010657452236729112
0.010532153259027864
0.01045189847683672
0.010530008149389765
0.010570696614820551
0.010446733316978447
0.010367453231473088
0.01044398040110155
0.01048363446965769
0.01036101917027334
0.01028273048884874
0.010357656487150214
0.010396253224392745
0.010274998711473504
0.01019771895706299
0.010271024762697454
0.010308540392147665
0.010188659919362141
0.010112407408249766
0.010184073675107548
0.010220483620268738
0.010101990900576018
0.010026784715460332
0.010096791804142049
0.010132070736355206
0.010014979932868272
0.009940839891103006
0.010009167903781407
0.010043289795949439
0.009927615509905133
0.009854562126882028
0.009921190945593879
0.009954129131759621
0.00983988638748497
0.009767940835166982
0.00983285016355956
0.009864577404271092
0.009751781631055768
0.009680965691713825
0.009744135100244494
0.009774623653586398
0.00966329066439395
0.009593626679647835
0.009655035654207745
0.00968425735232122
0.009574403319296168
0.00950591413460809
0.009565542128512097
0.009593468459369628
0.009485109886124464
0.009417818790943132
0.009475645280197943
0.009502247474341276
0.009395401165035499
0.009329331828836655
0.009385336370568783
0.009410585492462776
0.009305268517715825
0.00924044492223276
0.00929460721612713
0.009318474259727549
0.00921470391943741
0.009151150287420284
0.009203450239990267
0.009225906228072078
0.009123700011241735
0.00906144073212697
0.009111858523607127
0.009132874610351682
0.009032250152055572
0.008971309704965217
0.009019825858590545
0.009039373434886576
0.008940348470538097
0.008880751345063113
0.008927346798472575
0.008945397599348065
0.008847989916456637
0.00878976053170707
0.008834416710186239
0.00885094292375637
0.00875517031138796
0.008698332933815257
0.008741031825072682
0.008756006202364086
0.008661886398541655
0.008606465059055043
0.00864718928920996
0.008660585254204059
0.00856813589150417
0.008514154302411706
0.008552887212858178
0.008564678972086782
0.008473917521704347
0.008421398994011628
0.00845812471881479
0.008468287369839664
0.008379231084405334
0.008328198445998847
0.00836290198947456
0.008371411627589127
0.008284077483031439
0.008234552998261117
0.008267220312389375
0.008274054134895608
0.008188458771644116
0.00814046406279915
0.00817108212412554
0.008176218531561525
0.008092378195386381
0.008045934166531984
0.008074491052218866
0.008077909745942493
0.007995840228721341
0.007950966992330881
0.007977451955031186
0.007979134030602044
0.007898850611296386
0.007855567418074881
0.007879970959315967
0.00787989899516007
0.007801416381271059
0.007759741553522737
0.0077820554953050266
0.007780213636194966
0.007703545905952952
0.007663496774798803
0.0076837143291331915
0.00768008836406802
0.00760524890959223
0.007566841756293618
0.007584957592422686
0.007579535026546957
0.00750653649819152
0.0074697864997846156
0.007485796808854408
0.007478566929112425
0.0074074211811934855
0.0073723423605875195
0.007386244917558326
0.007377198851837854
0.007307916889914415
0.007274522070555287
0.00728631629316121
0.00727544706273805
0.007208038992597322
0.007176339757748446
0.0071860267623353015
0.007173329327486379
0.007107804305963155
0.007077810962607979
0.007085393616697071
0.007070864915403631
0.007007231103143543
0.006978952650470589
0.006984435621911228
0.006968074601624459
0.006906339117883439
0.00687978322027503
0.006883173022861266
0.006864980665349514
0.0068051495449069025
0.006780322509317746
0.006781627544753727
0.006761606884092894
0.006703685036343478
0.006680591793925703
0.006679822390030005
0.006657978523836065
0.006601969694118052
0.006580613785925152
0.006577782230966328
0.006554122325001471
0.00650002905821216
0.006480412624795635
0.006475533197849932
0.006450066484160831
0.0063978900907102395
0.006380013865409898
0.006373102862627491
0.006345840631396026
0.006295581155550523
0.0062794444612715
0.006270520217930059
0.006241475803233983
0.006193131993907267
0.006178732743174281
0.006167815651388872
0.006137004411082268
0.006090573695138513
0.006077908393219733
0.006065020915166534
0.006032460205098254
0.005987938663242738
0.005977002414141335
0.005962169090639848
0.005927878233432922
0.005885260578777028
0.005876047093897436
0.005859294548183367
0.005823294796800487
0.005782574356200989
0.005775075965508655
0.0057564329020171525
0.005718747398337059
0.005679916096622841
0.005674123762129459
0.0056536209600980035
0.00561427468872614
0.005577323035938091
0.005573226367358802
0.005550896669050567
0.005509916406585068
0.005474833488366651
0.005472420760810711
0.005448299054154239
0.00540571331412585
0.005372486785411283
0.005371744958981893
0.005345868154422003
0.005301707128125033
0.005270323210279064
0.005271237951471943
0.005243644952830201
0.005197940446260594
0.005168383927827479
0.005170939632630141
0.005141671301782526
0.005094456668900438
0.005066710910119564
0.005070890728723409
0.005039989843917246
0.00499129991645373
0.004965346857694829
0.004971132720740845
0.004938643928394193
0.004888514942426673
0.004864335116688566
0.004871707762973532
0.004837677522827144
0.004786147042355227
0.004763719591958223
0.004772658597532233
0.004737135121057759
0.004684241958819805
0.00466354465640298
0.0046740284649907735
0.004637061646998239
0.004582845782779979
0.0045638550566913984
0.004575861011369484
0.004537502354802526
0.00448200485150169
0.004464695815641251
0.004478200191700738
0.0044385027256585285
0.0043817656433830275
0.004366112131525677
0.004381090170446883
0.004340108361527022
0.0042821746700188925
0.004268149274609861
0.004284575219070006
0.004242364876185761
0.004183278365877898
0.004170852481252595
0.004188699611082583
0.004145317783969864
0.00408512297599695
0.004074266845936675
0.004093507514937148
0.004049012386630709
0.003987754442129561
0.003978437211620967
0.0039990428851426575
0.003953493658765949
0.003891218287812218
0.0038834080588346213
0.0039053493520234068
0.003858806132301057
0.0037955595028394814
0.0037892233939599597
0.0038124701105634413
0.003764993780528584
0.0037008224276609885
0.0036959266371742044
0.0037204478088050767
0.003672099902234215
0.0036070506382337663
0.0036035605105423233
0.0036293244362933406
0.0035801670064583803
0.0035142868318790515
0.0035121669267713417
0.003539141213078894
0.0034892366984576825
0.0034225727147044437
0.003421786879151955
0.0034499384798093715
0.0033993495674421214
0.0033319488911599943
0.0033324603332248763
0.003361755589452792
0.0033105450766709914
0.0032424547562993197
0.0032442261207169427
0.003274630801206899
0.003222861456492542
0.0031541283913147705
0.0031571218362950485
0.003188601177152779
0.003136335600909126
0.003067006462908255
0.003071183737684549
0.0031037024822118792
0.0030510029682410057
0.0029811241270467663
0.00298644664969223
0.003019969087960348
0.002966897486447901
0.0028965149376339204
0.002902943872662528
0.002937433880844496
0.0028840514636476076
0.0028132107606060786
0.002820707095879174
0.0028561281753248587
0.0028024955043454273
0.002731241693932851
0.0027397663164021257
0.0027760816324549596
0.0027222584318572418
0.0026506359939692894
0.0026601497638029875
0.002697322184373268
0.0026433672173729306
0.002571420008569042
0.0025818838312298975
0.0026198759651543885
0.0025658469160653617
0.002493618117325459
0.002504993013195937
0.002543767248426841
0.002489720610604174
0.002417252679261511
0.0024294998504435375
0.0024690183921220773
0.002415009362383544
0.0023423439882397294
0.0023554248821920504
0.002395649790671387
0.002341732170718974
0.0022689102363103795
0.0022827866060259744
0.002323679834915768
0.002269905940211435
0.00219696748516099
0.0022116014456290503
0.002253124879938354
0.0021995454564176795
0.002126529645773358
0.002141883726514251
0.002183999220971192
0.0021306633699044097
0.002057608466335495
0.002073645659842603
0.0021163150774679554
0.002063270188702236
0.0019902135283976947
0.002006897334365492
0.0020500825853726743
0.001997374279112999
0.0019243522512031631
0.0019416467164665087
0.0019853097975531075
0.0019329818747626476
0.0018600299040658105
0.0018778996582198234
0.0019220026923054447
0.001870097093731862
0.001797249626612216
0.0018156599133249962
0.001860165189776982
0.0018087219635385722
0.0017360124566506198
0.0017549291607219142
0.0017997991760952373
0.0017488564536919087
0.0016763173653793887
0.0016957070356361857
0.001740904534936108
0.0016904985154853908
0.0016181612995997813
0.0016379911677549814
0.0016834791862120624
0.0016336441286504987
0.0015615392305549426
0.001581777226186766
0.0016275191315132734
0.001578287354449133
0.0015064442089783362
0.0015270589708160749
0.001573018505891648
0.001524420394746595
0.001452867425900983
0.001473828309626813
0.0015199696355396707
0.0014720336565748845
0.001400798278738441
0.0014220753615352393
0.0014683631008838474
0.0014211158216706952
0.001350224442155505
0.0013717885242468639
0.001418187804586072
0.001371653920452614
0.0013011319431890816
0.0013229545466301722
0.001369431043926049
0.0013236334098884546
0.0012535052400978017
0.0012755586050844578
0.00132207858702357
0.001277038254695959
0.0012073273044007331
0.001229584383369025
0.0012761147523511814
0.0012318510113180528
0.001162579705566338
0.001185014155356906
0.0012315224909858794
0.0011880529141179506
0.0011192426978174097
0.0011418288701770646
0.0011882834710514514
0.0011456239632482066
0.0010772953085266075
0.0011000082392156464
0.0011463781638123385
0.0011045430136619031
0.0010367154276907456
0.0010595308244572613
0.0011057859308929224
0.0010647878647523585
9.974798979897294E-4
0.0010203741276630569
0.0010664851121149465
0.0010263353501302843
9.595646049571314E-4
9.82514679901167E-4
0.0010284531134671798
9.891614270729013E-4
9.229445668139579E-4
9.459281309679376E-4
9.91666494747403E-4
9.532412652081046E-4
8.875940235436652E-4
9.105893382634932E-4
9.561010564446712E-4
9.185493340276985E-4
8.5348652481598E-4
8.764724547131513E-4
9.217319254605047E-4
8.850594888562289E-4
8.205950163972127E-4
8.435510153557084E-4
8.885336392998848E-4
8.527450549357807E-4
7.888919247165773E-4
8.117980222503455E-4
8.564802283960478E-4
8.215789093214338E-4
7.583492392902191E-4
7.811860273857918E-4
8.255452962673268E-4
7.915335603167876E-4
7.289385927369519E-4
7.516872133072299E-4
7.957020972382052E-4
7.625812242132789E-4
7.006313381519814E-4
7.232734712085771E-4
7.669236114905911E-4
7.346938991305723E-4
6.733986236361621E-4
6.95916476269192E-4
7.391826172446134E-4
7.078434357882203E-4
6.472114638092616E-4
6.695877600450367E-4
7.124517599001945E-4
6.820016050698896E-4
6.22040808164946E-4
6.442587797541845E-4
6.867036180018586E-4
6.571401622715858E-4
5.978576061534369E-4
6.1990098432498E-4
6.619107659181413E-4
6.332309079530518E-4
5.746328689041548E-4
5.964858771026623E-4
6.380458331552761E-4
6.102457453381441E-4
5.52337727525792E-4
5.739850751356932E-4
6.150815602500008E-4
5.881567342338717E-4
5.309434879441374E-4
5.523703649872521E-4
5.929908512110059E-4
5.669361414602939E-4
5.104216822594879E-4
5.316137550396627E-4
5.717468225000576E-4
5.465564878036169E-4
4.907441166251719E-4
5.11687524280369E-4
5.513228485643708E-4
5.269905915230634E-4
4.718829156662296E-4
4.925642675769013E-4
5.316926039496001E-4
5.082116084582078E-4
4.538105634736011E-4
4.7421693746576394E-4
5.128301020394004E-4
4.901930687980776E-4
4.364999412235945E-4
4.5661888249595907E-4
4.947097304819469E-4
4.7290891058569416E-4
4.1992436148516733E-4
4.3974388218202706E-4
4.7730628337647575E-4
4.563335100426469E-4
4.0405759928892625E-4
4.2356617863418264E-4
4.605949903040851E-4
4.4044170880755623E-4
3.888739200417377E-4
4.0806050494462725E-4
4.4455154229674576E-4
4.2520883819017E-4
3.7434810437944057E-4
3.932021104189708E-4
4.2915211484642927E-4
4.1061074054916355E-4
3.604554700576202E-4
3.789667827506504E-4
4.1437338806324733E-4
3.9662378790700876E-4
3.471718909866015E-4
3.6533086724365056E-4
4.0019256409698793E-4
3.832248979192862E-4
3.3447381352216083E-4
3.5227128319555644E-4
3.865873819409742E-4
3.703915473189532E-4
3.2233827012778584E-4
3.3976553755831287E-4
3.735361297405151E-4
3.581017829581563E-4
3.1074289052765463E-4
3.2779173599871176E-4
3.610176547308271E-4
3.4633423057152477E-4
2.99665910472207E-4
3.163285914841666E-4
3.4901137093072796E-4
3.350681013854483E-4
2.8908617824008245E-4
3.053554305222379E-4
3.374972647194426E-4
3.2428319669777035E-4
2.789831590013027E-4
2.948521971842365E-4
3.264558984237689E-4
3.1395991055162433E-4
2.693369371672712E-4
2.847994550445922E-4
3.1586841204249254E-4
3.0407923062602627E-4
2.601282168531027E-4
2.7517838716816857E-4
3.057165232336408E-4
2.9462273746406407E-4
2.513383205771699E-4
2.6597079427755543E-4
2.959825256886545E-4
2.855726021575549E-4
2.429491863217858E-4
2.5715909123165805E-4
2.866492860152545E-4
2.769115826045328E-4
2.349433630774295E-4
2.4872630194563175E-4
2.777002392484112E-4
2.6862301845325954E-4
2.2730400499082945E-4
2.4065605288020614E-4
2.691193831056437E-4
2.6069082484325056E-4
2.2001486423496472E-4
2.3293256522618645E-4
2.6089127109973166E-4
2.53099485050683E-4
2.1306028271628435E-4
2.2554064590699723E-4
2.530010046182253E-4
2.458340421418736E-4
2.0642518273129994E-4
2.184656775189154E-4
2.4543422407539246E-4
2.3869685874978322E-4
1.9993570026090416E-4
2.1153419715869747E-4
2.3799692921171444E-4
2.3096848778840986E-4
1.929663561652455E-4
2.041209642552476E-4
2.2998189008093068E-4
2.2269627291536466E-4
1.855606876034678E-4
1.964234366320915E-4
2.216098621743411E-4
2.1409918779478524E-4
1.779101272937453E-4
1.890721692492884E-4
2.135960078487121E-4
2.0589051021491412E-4
1.7063120631516292E-4
1.820517143778039E-4
2.0592523013531508E-4
1.9805350874405975E-4
1.6370691906176946E-4
1.7534720850178302E-4
1.9856810439033992E-4
1.9055717311122395E-4
1.571081031244063E-4
1.6893157576148668E-4
1.9150986058223148E-4
1.8338518960595924E-4
1.50818426143766E-4
1.6279052112214785E-4
1.847391074791044E-4
1.7652466968481848E-4
1.448369422657459E-4
1.5692508583409307E-4
1.7825891518345402E-4
1.699772301573456E-4
1.3915134863466214E-4
1.5132489248360245E-4
1.720592319666069E-4
1.6373141882484305E-4
1.337473893422005E-4
1.4597755074360457E-4
1.66127596697828E-4
1.5777342430043384E-4
1.286113970041094E-4
1.4087119867884127E-4
1.6045204862597174E-4
1.5208998521257195E-4
1.2373027835408103E-4
1.3599448744286871E-4
1.5502111399584947E-4
1.466683769006407E-4
1.1909149925350701E-4
1.3133656566612694E-4
1.4982379235794607E-4
1.414963976205452E-4
1.146830692222799E-4
1.268870636230356E-4
1.4484954264821272E-4
1.3656235435151562E-4
1.1049352558954552E-4
1.2263607725967305E-4
1.4008826910901469E-4
1.3185504828960723E-4
1.0651191735717934E-4
1.1857415215748364E-4
1.3553030711706303E-4
1.2736376010782813E-4
1.0272778886248786E-4
1.1469226750220919E-4
1.3116640897868647E-4
1.230782350570441E-4
9.913116332028763E-5
1.1098182012121925E-4
1.2698772974775412E-4
1.1898866797628199E-4
9.571252631825639E-5
1.0743460864642224E-4
1.2298581311634229E-4
1.1508568827545032E-4
9.246280933330759E-5
1.0404281785424523E-4
1.1915257742347895E-4
1.113603449481066E-4
8.937337333062054E-5
1.0079900322853058E-4
1.1548030182250472E-4
1.0780409166662117E-4
8.643599250111045E-5
9.769607578691442E-5
1.1196161264317069E-4
1.0440877200700413E-4
8.364283818742436E-5
9.472728720616319E-5
1.0858946998026868E-4
1.0116660484574605E-4
8.098646304301261E-5
9.188621527705674E-5
1.0535715453655609E-4
9.807016996632697E-5
7.845978546361684E-5
8.916674971490632E-5
1.0225825474391957E-4
9.511239390859093E-5
7.605607432553037E-5
8.65630783474932E-5
9.928665418318333E-5
9.22865360900014E-5
7.376893406025315E-5
8.406967369822601E-5
9.643651931956733E-5
8.95861752237023E-5
7.15922900907079E-5
8.168127997860636E-5
9.370228756777152E-5
8.700519605469864E-5
6.952037465006082E-5
7.939290050066817E-5
9.107865569775782E-5
8.453777643190553E-5
6.754771300032052E-5
7.719978551696253E-5
8.856056858969841E-5
8.217837473059204E-5
6.566911006423748E-5
7.509742049270126E-5
8.614320834412486E-5
7.992171763676132E-5
6.387963748083325E-5
7.308151481221372E-5
8.382198375117066E-5
7.776278830227851E-5
6.217462109177913E-5
7.114799091940155E-5
8.159252012074316E-5
7.569681487695881E-5
6.054962886310381E-5
6.929297388989932E-5
7.945064947377724E-5
7.371925942164106E-5
5.9000459244250055E-5
6.751278143071025E-5
7.739240109302624E-5
7.182580720411258E-5
5.752312996424977E-5
6.580391430156459E-5
7.541399243054485E-5
7.001235637792329E-5
5.611386726271442E-5
6.416304715069706E-5
7.351182036763482E-5
6.827500804242894E-5
5.476909555167163E-5
6.258701975665608E-5
7.168245282206521E-5
6.661005668093448E-5
5.348542750261331E-5
6.107282866664446E-5
6.992262069637585E-5
6.501398097252136E-5
5.225965455185144E-5
5.961761922105903E-5
6.822921016025105E-5
6.34834349719401E-5
5.1076513816821315E-5
5.820644804573915E-5
6.658498246127089E-5
6.200097210194361E-5
4.993178139539611E-5
5.6835388853394844E-5
6.498557168501767E-5
6.056203206313315E-5
4.8823637123310886E-5
5.550289455067721E-5
6.344332216707922E-5
5.9178775656874554E-5
4.7762179338486174E-5
5.4219318084758576E-5
6.195821557378028E-5
5.7851021607482966E-5
4.674708302121636E-5
5.2984561020486184E-5
6.052772132197638E-5
5.657609249392462E-5
4.577592498212513E-5
5.179640400293663E-5
5.91494288084745E-5
5.535144512441269E-5
4.4846411360164035E-5
5.0652736577238624E-5
5.782104156414754E-5
5.417466384252446E-5
4.395637076972315E-5
4.9551551526085036E-5
5.654037168154515E-5
5.304345414299239E-5
4.31037477877914E-5
4.849093950223145E-5
5.5305334505753554E-5
5.1955636586395786E-5
4.22865967679573E-5
4.746908394279934E-5
5.411394357833425E-5
5.090914100195638E-5
4.1503075968134695E-5
4.648425625241381E-5
5.2964305824215774E-5
4.990200096759467E-5
4.075144197895563E-5
4.553481124252507E-5
5.185461697161237E-5
4.893234855651839E-5
4.00300444399941E-5
4.461918281457674E-5
5.078315719517581E-5
4.7998409339699625E-5
3.933732103118943E-5
4.373587987505847E-5
4.9748286972844385E-5
4.709849763376032E-5
3.867179272709053E-5
4.288348247081433E-5
4.874844314695633E-5
4.6231011983898816E-5
3.803205930181144E-5
4.206063813341752E-5
4.7782135180610355E-5
4.539443087182147E-5
3.7416795072953054E-5
4.126605842178899E-5
4.68479416003197E-5
4.4587308638741096E-5
3.6824744873066756E-5
4.049851565270304E-5
4.5944506616459984E-5
4.380827161387042E-5
3.625472023756304E-5
3.975683980916881E-5
4.507053691312774E-5
4.305601443902674E-5
3.5705595798408335E-5
3.9039915617176184E-5
4.422479859943288E-5
4.232929658029627E-5
3.517630587324729E-5
3.834667978164595E-5
4.340611431445013E-5
4.1626939017970596E-5
3.466584124006275E-5
3.767611837288483E-5
4.261336047838959E-5
4.094782110626897E-5
3.417324608779348E-5
3.702726435522687E-5
4.1845464682834424E-5
4.029087759468813E-5
3.3697615133782066E-5
3.639919524995707E-5
4.110140321314897E-5
3.9655095803080955E-5
3.323809089928312E-5
3.579103092500851E-5
4.0380198696483E-5
3.903951294290573E-5
3.279386113462367E-5
3.5201931504269834E-5
3.9680917869049524E-5
3.8443213577376065E-5
3.236415638603418E-5
3.46310953897658E-5
3.9002669456646196E-5
3.78653272135384E-5
3.194824769650503E-5
3.407775739028251E-5
3.834460216265509E-5
3.730502601960908E-5
3.154544443336756E-5
3.3541186950365314E-5
3.7705902758008585E-5
3.6761522661185364E-5
3.115509223570015E-5
3.302068647396617E-5
3.708579426788015E-5
3.623406825022558E-5
3.07765710749513E-5
3.2515589737303706E-5
3.6483534250093624E-5
3.5721950400987374E-5
3.040929342252757E-5
3.202526038583045E-5
3.5898413160495644E-5
3.5224491387357616E-5
3.005270251840453E-5
3.1549090510474196E-5
3.5329752800756194E-5
3.474104639630283E-5
2.9706270735139815E-5
3.108649929859977E-5
3.4776904844295154E-5
3.4271001872371505E-5
2.9369498031916037E-5
3.063693175540823E-5
3.423924943624282E-5
3.3813773948494156E-5
2.9041910493609647E-5
3.0199857491730298E-5
3.3716193863552965E-5
3.336880695849385E-5
2.8723058950056732E-5
2.977476957441351E-5
3.3207171291569066E-5
3.293557202697957E-5
2.841251767099729E-5
2.9361183435717888E-5
3.2711639563569794E-5
3.251356573254128E-5
2.8109883132455367E-5
2.8958635838379127E-5
3.2229080059957517E-5
3.210230884030916E-5
2.781477285048366E-5
2.8566683893156414E-5
3.175899661397562E-5
3.170134510020316E-5
2.752682427844548E-5
2.8184904125879795E-5
3.1300914480931716E-5
3.131024010733796E-5
2.7245693764270554E-5
2.781289159123871E-5
3.0854379358164666E-5
3.092858022128969E-5
2.697105556425495E-5
2.7450259030658098E-5
3.041895645305676E-5
3.055597154105948E-5
2.67026009102192E-5
2.7096636071802145E-5
2.9994229596561646E-5
3.0192038932738603E-5
2.6440037126978454E-5
2.6751668467391597E-5
2.9579800399881575E-5
2.982460048946894E-5
2.6172377683886657E-5
2.6404302291674267E-5
2.916354657196762E-5
2.941257583884776E-5
2.5862348939110005E-5
2.6017182073484922E-5
2.8704646481150386E-5
2.89585010743893E-5
2.5512066295718077E-5
2.5602952901481222E-5
2.8217147346343058E-5
2.847634968695125E-5
2.513407314224603E-5
2.5200180597672568E-5
2.7743272314642737E-5
2.800826229567288E-5
2.4766675683871785E-5
2.4808414147707722E-5
2.7282493798373834E-5
2.7553653624329115E-5
2.4409418242741336E-5
2.4427222401158177E-5
2.68343072720502E-5
2.711196570742868E-5
2.4061867243437873E-5
2.405619314701985E-5
2.6398230206125752E-5
2.668266655898673E-5
2.3723610089377058E-5
2.369493223554199E-5
2.5973801052695066E-5
2.626524890859178E-5
2.3394254099425816E-5
2.3343062743837527E-5
2.5560578280458938E-5
2.585922900126063E-5
2.307342550134473E-5
2.300022418286508E-5
2.5158139456432383E-5
2.5464145457726402E-5
2.276076847882098E-5
2.2666071743552013E-5
2.4766080372014585E-5
2.5079558192034866E-5
2.245594426907802E-5
2.234027557991153E-5
2.4384014211144115E-5
2.4705047383446984E-5
2.2158630308216723E-5
2.202252012718612E-5
2.4011570758407514E-5
2.4340212499816352E-5
2.1868519421591806E-5
2.1712503453114587E-5
2.3648395645063523E-5
2.398467136977856E-5
2.1585319056707016E-5
2.140993664056432E-5
