[-0.004608833019287243, -1.3604964768907605E-4]
[-2.1653980374323513E-4, 0.00384746385570562]
[0.005160637564981705, 1.5588973040658524E-4]
[-6.805486608279631E-6, -0.005552093086179273]
[-0.006949897302835611, -1.6519699701592885E-4]
[1.0300555458716849E-4, 0.007693093229221062]
[0.007722697108616717, 1.8973834428422272E-4]
[-3.8383959203012845E-4, -0.010496296736508677]
[-0.010356284573500872, -2.4755100652783593E-4]
[4.755246625797044E-4, 0.014151580820895937]
[0.011451908970532311, 2.9021770369420333E-4]
[-8.760690591168869E-4, -0.018918732368538457]
[-0.015312122922765747, -4.3627577750448426E-4]
[9.712243766205227E-4, 0.025204651195348166]
[0.016859815543528257, 5.19003566906772E-4]
[-0.0016111651709262362, -0.03323204500917282]
[-0.022478453633832732, -8.217199319903098E-4]
[0.0017281650222488107, 0.04380909523306472]
[0.02463125979058778, 9.867586994689263E-4]
[-0.002837435534675796, -0.056828136255077835]
[-0.03272507929991273, -0.0015622744994485717]
[0.0030195434720443996, 0.07383925081850354]
[0.03563974998324297, 0.0018881470790030816]
[-0.005000506030441755, -0.0936310939257681]
[-0.04713152152459718, -0.002918743430340962]
[0.005307887482092745, 0.11914335149038169]
[0.050918575481194536, 0.003527993730969091]
[-0.008733878609092513, -0.14652019566991484]
[-0.06692126644830779, -0.005252067513143735]
[0.009142614336374713, 0.18137308117619688]
[0.07155259642180424, 0.006282332701097321]
[-0.014583851308885093, -0.21488333074017058]
[-0.09329185771640439, -0.008918114057447149]
[0.014772556005606036, 0.2576423590077341]
[0.09846941601070011, 0.010445713256940964]
[-0.02250893189789023, -0.2932489351480974]
[-0.12713763105639497, -0.014064402286646308]
[0.021728306603593664, 0.3404394139874104]
[0.13216396931762253, 0.016038066315007246]
[-0.03164869052366409, -0.3729738971149488]
[-0.1687396928303787, -0.020484005900689398]
[0.028895520150363757, 0.4206276158095589]
[0.17246649224876215, 0.022741808883684128]
[-0.04069290588473376, -0.44594181294191804]
[-0.2175651837289112, -0.027667472106062255]
[0.0350642341379748, 0.49109648485628854]
[0.21848360980279552, 0.030016588314864312]
[-0.04846387392830337, -0.5072372118723318]
[-0.27229231487668926, -0.03498763987767711]
[0.03941179505068568, 0.5484267600096882]
[0.26875926855132615, 0.037271313204275736]
[-0.05422835861203454, -0.5554707282801148]
[-0.3310566708539249, -0.041865715962894595]
[0.04163530898659257, 0.5924112449732648]
[0.3215769137652432, 0.04398767101246409]
[-0.05770392666710811, -0.5916623474323327]
[-0.391797500312957, -0.0478593250821214]
[0.04184943581153355, 0.6247174277047514]
[0.3752636541349971, 0.04978033666205228]
[-0.05894251210662588, -0.6179393746701509]
[-0.4525634700776141, -0.05269105693600032]
[0.04042507600477341, 0.6477003427292763]
[0.4283957603032141, 0.05441346964564453]
[-0.05821098075458442, -0.6366335922306579]
[-0.5117043268704609, -0.056241900682409085]
[0.0378480346764446, 0.6636825385930069]
[0.47988372432459736, 0.057789042763769144]
[-0.05589744122707935, -0.6498200642955058]
[-0.5679497610300311, -0.058523246759753816]
[0.034612392509243584, 0.6746326086496888]
[0.5289680374573402, 0.05991883096310652]
[-0.052438485200484275, -0.6591541871096467]
[-0.6204114837372843, -0.059638577850546465]
[0.03114736976916016, 0.6820837595092202]
[0.5751689078823845, 0.060891079782822405]
[-0.04826227214372425, -0.665866634027359]
[-0.6685444833727152, -0.059745077473461444]
[0.027776434874657863, 0.6871666992663068]
[0.6182225875392914, 0.0608399326399488]
[-0.043747491512294456, -0.6708257118715868]
[-0.7120911405696395, -0.05902190685298658]
[0.024706012127675203, 0.6906831472077624]
[0.6580222116683792, 0.059921421494911364]
[-0.039199331672378546, -0.6746186703656348]
[-0.7510210592346107, -0.057647659505787596]
[0.022037172319034404, 0.6931840577561206]
[0.6945700800449947, 0.05829652184985282]
[-0.03484142540815732, -0.6776290193275298]
[-0.7854732247938682, -0.05578651571141202]
[0.01979069261681954, 0.6950379743177646]
[0.7279421603423308, 0.05612015339691151]
[-0.03082019341318787, -0.6801005764833348]
[-0.8157040514433275, -0.05358124970735828]
[0.0179358904722261, 0.6964853605654912]
[0.758262925287394, 0.053534610790619275]
[-0.027216782433241937, -0.6821859962417509]
[-0.8420432613946329, -0.05115098799841139]
[0.016416216959268315, 0.6976793315292975]
[0.7856879420945974, 0.0506660855670126]
[-0.024062098041761404, -0.6839810191491653]
[-0.8648584070096514, -0.048591905095791865]
[0.015168095321156927, 0.6987149310560945]
[0.8103918611993103, 0.04762326907387468]
[-0.02135164818720281, -0.6855471743092789]
[-0.8845279333153975, -0.045979499533641055]
[0.014132462335552098, 0.6996494968236328]
[0.832559994756317, 0.04449732396899295]
[-0.01905832388689932, -0.6869259805423191]
[-0.9014219956111802, -0.043371532470228624]
[0.013260258656058177, 0.7005164541806572]
[0.8523822338897504, 0.041362731506174366]
[-0.017142393145362034, -0.6881473598704251]
[-0.915889834951489, -0.040811063671395864]
[0.012513765135505839, 0.7013344540737183]
[0.870048507225276, 0.038278671528426955]
[-0.015558724603565666, -0.6892343774658813]
[-0.9282523592069671, -0.03832927355608201]
[0.011865578754770123, 0.7021133088207281]
[0.8857453051002997, 0.035290692790017064]
[-0.01426163315301232, -0.690205798631909]
[-0.9387986185038611, -0.035947928186057354]
[0.011296575395260966, 0.7028577735297106]
[0.8996529991575521, 0.03243250106454304]
[-0.013207865366295257, -0.691077429926185]
[-0.9477850251053028, -0.03368144684705138]
[0.010793706260400993, 0.7035699018726344]
[0.9119438047734973, 0.029727743409192764]
[-0.012358227843946024, -0.6918628266275346]
[-0.9554363820580091, -0.0315385888299588]
[0.010348065750823254, 0.7042504713084519]
[0.9227802931408965, 0.027191705733642713]
[-0.011678284209983958, -0.6925736923711804]
[-0.9619480044307944, -0.029523803187312903]
[0.009953392212456946, 0.7048998093512127]
[0.9323143845689352, 0.02483287098852116]
[-0.011138452157038015, -0.6932201396481824]
[-0.9674884138845503, -0.027638294405526675]
[0.009605004998485045, 0.7055182410120401]
[0.9406867616238908, 0.022654308650785382]
[-0.01071374334086539, -0.693810890763122]
[-0.972202249404883, -0.02588085615400787]
[0.009299108226818231, 0.7061063024948425]
[0.9480266408684601, 0.02065488380977709]
[-0.010383315054587672, -0.6943534522768076]
[-0.9762131622544421, -0.02424851969510672]
[0.009032370424554514, 0.7066648159004149]
[0.9544518411526195, 0.01883028687874061]
[-0.010129945321825096, -0.694854273918169]
[-0.9796265550893574, -0.022737056231515673]
[0.00880169492727445, 0.7071948859736285]
[0.9600690873723212, 0.017173893563899423]
[-0.009939500909695753, -0.6953188939393256]
[-0.9825320895904472, -0.021341365109209476]
[0.008604112398961417, 0.7076978573790644]
[0.9649744920578724, 0.015677470006927374]
[-0.009800438150259994, -0.6957520701667415]
[-0.9850059301166052, -0.020055773192307724]
[0.008436745244373989, 0.7081752560057668]
[0.9692541627493967, 0.014331740737130005]
[-0.009703356562123178, -0.6961578959177803]
[-0.9871127184005379, -0.018874265178180027]
[0.008296809848161057, 0.7086287279674963]
[0.9729848901129091, 0.013126837916209666]
[-0.00964061254552584, -0.6965399006991917]
[-0.9889072907674906, -0.017790660147419424]
[0.008181635119511976, 0.7090599836381306]
[0.9762348793477712, 0.012052649919492009]
[-0.0096059927887997, -0.6969011363935109]
[-0.9904361582999002, -0.016798746133358355]
[0.008088684779400501, 0.7094707501083248]
[0.9790644949663319, 0.011099086046898965]
[-0.00959444284124622, -0.6972442501988938]
[-0.9917387743925649, -0.01589238179100877]
[0.008015576808506508, 0.7098627330802243]
[0.98152699601529, 0.01025627245658789]
[-0.009601844367516765, -0.6975715458802924]
[-0.9928486150829385, -0.015065572183829534]
[0.007960097220302664, 0.7102375878839484]
[0.9836692449723328, 0.009514692525270319]
[-0.009624834040863228, -0.6978850349666714]
[-0.9937940966594129, -0.014312524143855032]
[0.007920207508217425, 0.7105968986258788]
[0.9855323787646231, 0.00886528293951605]
[-0.009660657268722561, -0.6981864794612873]
[-0.994599353183087, -0.013627685476587326]
[0.00789404627116741, 0.7109421642093592]
[0.9871524346054055, 0.008299495024029158]
[-0.009707050588249722, -0.6984774274827907]
[-0.9952848942420354, -0.013005771381718545]
[0.007879926036429397, 0.7112747899343672]
[0.9885609266931046, 0.007809329179454538]
[-0.009762147380116604, -0.6987592430701899]
[-0.9958681608220794, -0.012441780771523747]
[0.007876326439456016, 0.7115960834750668]
[0.9897853723667542, 0.007387348862760323]
[-0.009824402383617925, -0.6990331311946816]
[-0.9963639948175502, -0.011931004636134834]
[0.007881884860332145, 0.711907254185043]
[0.9908497681827712, 0.007026679303781425]
[-0.009892531277472916, -0.6993001588433774]
[-0.9967850355228112, -0.011469028188728914]
[0.007895385463789206, 0.7122094148489881]
[0.9917750176926549, 0.006720995103781546]
[-0.009965462282361615, -0.6995612728825336]
[-0.9971420544873912, -0.011051728194598265]
[0.007915747406849749, 0.7125035851639165]
[0.9925793135725587, 0.0064644999895706046]
[-0.010042297331704475, -0.699817315273856]
[-0.9974442383969175, -0.01067526662484447]
[0.007942012799609266, 0.7127906963812598]
[0.9932784772837413, 0.0062519012795601014]
[-0.01012228084866873, -0.7000690361062981]
[-0.9976994281515116, -0.010336081562601962]
[0.007973334846610447, 0.7130715966687946]
[0.9938862597124083, 0.006078381035033775]
[-0.010204774569191, -0.7003171048152799]
[-0.9979143210352304, -0.010030876116031706]
[0.008008966464909117, 0.7133470568575564]
[0.9944146063178336, 0.00593956540031465]
[-0.0102892371749429, -0.700562119888595]
[-0.9980946417822356, -0.009756605949539976]
[0.008048249570432708, 0.7136177763251493]
[0.9948738902644425, 0.005831493260708753]
[-0.010375207759199645, -0.7008046173003667]
[-0.9982452874241485, -0.009510465926682532]
[0.0080906051441052, 0.7138843888354802]
[0.9952731168700251, 0.005750585050434354]
[-0.010462292354056602, -0.7010450778685877]
[-0.9983704500258725, -0.009289876260335117]
[0.008135524129804117, 0.7141474682086266]
[0.9956201025015226, 0.005693612309833007]
[-0.010550152909710508, -0.7012839336955383]
[-0.9984737207630818, -0.009092468484403482]
[0.008182559173558368, 0.7144075337358908]
[0.9959216308164183, 0.005657668409841998]
[-0.010638498244198602, -0.7015215738217704]
[-0.9985581782450965, -0.008916071493788036]
[0.00823131718403447, 0.714665055286442]
[0.9961835889997391, 0.005640140721788589]
[-0.010727076582310091, -0.701758349201651]
[-0.998626463525587, -0.008758697843298802]
[0.008281452675050427, 0.714920458075347]
[0.9964110863965767, 0.005638684403684979]
[-0.010815669381100457, -0.7019945770904494]
[-0.9986808438566419, -0.008618530449860995]
[0.008332661839171696, 0.7151741270799699]
[0.9966085576966148, 0.005651197893481785]
[-0.010904086201235619, -0.7022305449185267]
[-0.9987232669170896, -0.008493909804185129]
[0.008384677295210752, 0.7154264111040565]
[0.9967798525959948, 0.005675800139600118]
[-0.010992160431981368, -0.7024665137165744]
[-0.9987554069736332, -0.008383321766808116]
[0.008437263450184251, 0.7156776264974329]
[0.9969283136463116, 0.00571080955508918]
[-0.011079745715858458, -0.7027027211464164]
[-0.998778704204751, -0.008285385997981787]
[0.008490212416683796, 0.7159280605450805]
[0.997056843802409, 0.005754724650299969]
[-0.011166712949153945, -0.702939384184185]
[-0.998794398225326, -0.008198845050355064]
[0.008543340428790569, 0.7161779745430519]
[0.9971679650004821, 0.005806206277205017]
[-0.01125294775832364, -0.7031767014962838]
[-0.9988035566886335, -0.008122554137028948]
[0.008596484702981466, 0.7164276065808455]
[0.9972638689356392, 0.00586406140417961]
[-0.01133834837126213, -0.7034148555432564]
[-0.9988070997066278, -0.008055471574622164]
[0.008649500694394963, 0.7166771740508757]
[0.9973464610628067, 0.0059272283313756]
[-0.011422823817469063, -0.7036540144421999]
[-0.9988058207152866, -0.007996649890986418]
[0.008702259703009307, 0.7169268759058745]
[0.9974173987156109, 0.005994763252387125]
[-0.011506292403190566, -0.7038943336145773]
[-0.9988004043155617, -0.007945227579562952]
[0.00875464678856297, 0.7171768946847032]
[0.9974781241234901, 0.006065828066624035]
[-0.011588680417280561, -0.7041359572430551]
[-0.998791441539431, -0.007900421476745356]
[0.008806558957170196, 0.7174273983262962]
[0.9975298930064209, 0.006139679347819005]
[-0.011669921031282948, -0.7043790195582085]
[-0.9987794429221192, -0.007861519734598033]
[0.008857903586512283, 0.7176785417904774]
[0.9975737993380249, 0.006215658376740485]
[-0.011749953363555776, -0.7046236459735311]
[-0.998764849703806, -0.007827875358586922]
[0.008908597060144352, 0.7179304685032324]
[0.9976107967901756, 0.006293182149952614]
[-0.011828721682332288, -0.704869954085108]
[-0.9987480434353313, -0.0077989002783565575]
[0.00895856358482161, 0.7181833116428333]
[0.9976417173043637, 0.00637173528096624]
[-0.011906174726802554, -0.705118054550472]
[-0.9987293542211513, -0.007774059918831511]
[0.009007734167788994, 0.7184371952819586]
[0.99766728717588, 0.0064508627150778874]
[-0.011982265128687053, -0.7053680518595755]
[-0.9987090677978454, -0.007752868238800781]
[0.00905604573373986, 0.7186922353997562]
[0.9976881409853269, 0.0065301631843502905]
[-0.01205694891958009, -0.7056200450094039]
[-0.9986874316169246, -0.007734883204588594]
[0.009103440363597781, 0.718948540776621]
[0.9977048336671603, 0.006609283334414406]
[-0.01213018511164754, -0.7058741280925157]
[-0.9986646600756008, -0.0077197026672304325]
[0.009149864639472205, 0.719206213783344]
[0.9977178509660243, 0.006687912459919398]
[-0.012201935341171088, -0.706130390808702]
[-0.998640939017935, -0.007706960612677338]
[0.009195269082064028, 0.719465351075257]
[0.9977276184978898, 0.006765777790466776]
[-0.012272163566014793, -0.7063889189079924]
[-0.9986164296107223, -0.007696323755894852]
[0.009239607668532601, 0.719726044201014]
[0.9977345096037342, 0.006842640273656442]
[-0.012340835809422246, -0.7066497945723806]
[-0.9985912716831687, -0.007687488451169455]
[0.009282837420299006, 0.719988380134768]
[0.9977388521581354, 0.006918290806421423]
[-0.012407919943640544, -0.7069130967428765]
[-0.9985655866063767, -0.007680177892501583]
[0.009324918051627717, 0.720252441739673]
[0.9977409344732286, 0.0069925468701050875]
[-0.012473385507819179, -0.7071789013978274]
[-0.9985394797775968, -0.007674139579552874]
[0.009365811670956625, 0.7205183081698916]
[0.9977410104194653, 0.00706524952873383]
[-0.012537203555383791, -0.7074472817878429]
[-0.9985130427647715, -0.0076691430262147975]
[0.009405482527954923, 0.7207860552176049]
[0.9977393038682008, 0.007136260753651202]
[-0.012599346526768085, -0.7077183086321341]
[-0.9984863551588936, -0.007664977690454378]
[0.009443896800193752, 0.7210557556109134]
[0.9977360125469399, 0.007205461041114247]
[-0.012659788143931539, -0.7079920502806032]
[-0.9984594861748473, -0.0076614511056369294]
[0.00948102241406168, 0.7213274792679395]
[0.9977313113857821, 0.007272747292617843]
[-0.012718503323561392, -0.7082685728455906]
[-0.9984324960355877, -0.007658387195013716]
[0.009516828895252072, 0.7216012935119531]
[0.9977253554230083, 0.007338030930614081]
[-0.01277546810628638, -0.7085479403068276]
[-0.9984054371695396, -0.0076556247524889875]
[0.009551287244707218, 0.7218772632518808]
[0.9977182823285874, 0.007401236224954921]
[-0.012830659599526228, -0.7088302145927902]
[-0.9983783552468657, -0.007653016074143537]
[0.009584369836452167, 0.7221554511321397]
[0.9977102145964407, 0.007462298807806134]
[-0.01288405593195674, -0.7091154556413624]
[-0.9983512900766077, -0.007650425726255405]
[0.009616050334158244, 0.7224359176553878]
[0.997701261449472, 0.007521164356994903]
[-0.012935636217770274, -0.7094037214424477]
[-0.9983242763836381, -0.00764772943677644]
[0.009646303623692787, 0.7227187212814279]
[0.9976915204954502, 0.007577787429756677]
[-0.012985380529171642, -0.7096950680649237]
[-0.9982973444816814, -0.007644813098329317]
[0.0096751057592398, 0.7230039185052173]
[0.9976810791667212, 0.007632130430667461]
[-0.013033269875706077, -0.7099895496701238]
[-0.998270520856434, -0.007641571871844666]
[0.00970243392087422, 0.7232915639166554]
[0.9976700159722917, 0.007684162699203523]
[-0.013079286189222827, -0.7102872185138327]
[-0.9982438286708186, -0.00763790938092529]
[0.009728266381728412, 0.7235817102445876]
[0.9976584015870346, 0.007733859703846546]
[-0.013123412313380878, -0.710588124938609]
[-0.9982172882028074, -0.007633736987908479]
[0.009752582483129824, 0.7238744083872285]
[0.9976462997994429, 0.007781202331021142]
[-0.013165631996755356, -0.7108923173580832]
[-0.9981909172247743, -0.007628973143442519]
[0.00977536261627232, 0.7241697074310187]
[0.9976337683365035, 0.007826176258347584]
[-0.013205929888717716, -0.7111998422347452]
[-0.9981647313321307, -0.0076235428021316776]
[0.009796588209171952, 0.7244676546597458]
[0.9976208595818141, 0.007868771402793517]
[-0.013244291537346298, -0.7115107440525907]
[-0.9981387442279535, -0.007617376897515737]
[0.009816241717809149, 0.7247682955555805]
[0.9976076212008986, 0.007908981435307105]
[-0.013280703388731774, -0.7118250652858757]
[-0.9981129679693918, -0.007610411870282441]
[0.009834306620489341, 0.7250716737935459]
[0.9975940966858584, 0.00794680335438247]
[-0.013315152787101159, -0.7121428463651253]
[-0.9980874131808884, -0.0076025892441922704]
[0.009850767414601336, 0.7253778312307819]
[0.9975803258298694, 0.007982237111817947]
[-0.013347627975286214, -0.7124641256414219]
[-0.998062089238549, -0.00759385524473094]
[0.009865609615024251, 0.725686807891847]
[0.9975663451406764, 0.008015285284643237]
[-0.013378118095090374, -0.7127889393499184]
[-0.998037004429448, -0.007584160455989419]
[0.009878819753560752, 0.7259986419511714]
[0.9975521882010125, 0.008045952787835708]
[-0.013406613187194272, -0.7131173215734107]
[-0.9980121660891452, -0.00757345951171301]
[0.009890385378848898, 0.7263133697136743]
[0.9975378859828461, 0.008074246623019476]
[-0.013433104190290979, -0.7134493042067354]
[-0.99798758072025, -0.007561710816859246]
[0.009900295056285757, 0.7266310255944481]
[0.9975234671214521, 0.008100175658867448]
[-0.013457582939179646, -0.7137849169226693]
[-0.9979632540945276, -0.007548876296374019]
[0.00990853836755956, 0.7269516420983153]
[0.9975089581545247, 0.008123750439381905]
[-0.013480042161590045, -0.714124187139926]
[-0.9979391913406872, -0.0075349211682287365]
[0.009915105909460209, 0.7272752497999746]
[0.997494383730867, 0.00814498301666039]
[-0.013500475473580908, -0.714467139993787]
[-0.9979153970197392, -0.007519813738046832]
[0.00991998929168969, 0.7276018773253743]
[0.9974797667926081, 0.008163886805108878]
[-0.013518877373345672, -0.7148137983098197]
[-0.9978918751895522, -0.007503525212943174]
[0.009923181133439929, 0.7279315513348597]
[0.9974651287343903, 0.008180476454418661]
[-0.01353524323333688, -0.7151641825810788]
[-0.9978686294600466, -0.007486029532422778]
[0.009924675058562649, 0.7282642965085704]
[0.9974504895425136, 0.008194767738909703]
[-0.013549569290629893, -0.7155183109491271]
[-0.9978456630402607, -0.007467303214429233]
[0.009924465689186479, 0.7286001355345044]
[0.9974358679166593, 0.008206777461117087]
[-0.013561852635470606, -0.7158761991891467]
[-0.9978229787783857, -0.007447325214812561]
[0.009922548637687822, 0.7289390890995797]
[0.9974212813764497, 0.008216523367741035]
[-0.013572091197999847, -0.7162378606993577]
[-0.997800579195717, -0.007426076798695336]
[0.009918920496934103, 0.7292811758839792]
[0.9974067463548494, 0.008224024076292968]
[-0.013580283733146237, -0.7166033064949214]
[-0.9977784665153595, -0.007403541422353999]
[0.009913578828771419, 0.7296264125589994]
[0.997392278280108, 0.008229299010960811]
[-0.01358642980372149, -0.7169725452064301]
[-0.9977566426864017, -0.007379704624398631]
[0.009906522150746278, 0.7299748137885693]
[0.9973778916477766, 0.008232368346400676]
[-0.013590529761755898, -0.7173455830830724]
[-0.9977351094042041, -0.007354553925163765]
[0.009897749921062182, 0.7303263922345596]
[0.9973636000840944, 0.008233252958300685]
[-0.013592584728126134, -0.7177224240004938]
[-0.9977138681273603, -0.007328078733339516]
[0.009887262521813933, 0.7306811585659533]
[0.9973494164019036, 0.008231974379718565]
[-0.013592596570564108, -0.718103069473343]
[-0.9976929200918067, -0.007300270258991881]
[0.009875061240549488, 0.7310391214719034]
[0.9973353526500797, 0.008228554762305107]
[-0.013590567880119309, -0.7184875186724649]
[-0.9976722663225086, -0.007271121432205263]
[0.009861148250219665, 0.7314002876786769]
[0.9973214201573516, 0.008223016841639286]
[-0.01358650194617883, -0.7188757684466556]
[-0.9976519076430996, -0.007240626826682139]
[0.009845526587602627, 0.7317646619704286]
[0.9973076295712805, 0.008215383906008733]
[-0.013580402730140773, -0.7192678133488691]
[-0.9976318446837922, -0.007208782587707685]
[0.009828200130289289, 0.7321322472137353]
[0.9972939908930383, 0.008205679768046703]
[-0.01357227483786344, -0.7196636456667502]
[-0.9976120778878361, -0.0071755863639582085]
[0.009809173572330576, 0.7325030443857885]
[0.9972805135085757, 0.008193928738717715]
[-0.013562123490991174, -0.7200632554573203]
[-0.9975926075167885, -0.00714103724269971]
[0.009788452398650449, 0.7328770526061077]
[0.9972672062166756, 0.008180155603219719]
[-0.013549954497293293, -0.7204666305856513]
[-0.9975734336547799, -0.007105135687979491]
[0.009766042858337487, 0.7332542691716273]
[0.9972540772543246, 0.00816438559842747]
[-0.013535774220113428, -0.720873756767318]
[-0.9975545562119925, -0.007067883481462589]
[0.009741951936935722, 0.7336346895949906]
[0.99724113431978, 0.008146644391561098]
[-0.01351958954708149, -0.7212846176144211]
[-0.9975359749274828, -0.007029283665616892]
[0.009716187327832082, 0.7340183076458597]
[0.9972283845936651, 0.008126958059811895]
[-0.013501407858171277, -0.7216991946849634]
[-0.9975176893715085, -0.006989340488984863]
[0.009688757402883663, 0.7344051153950507]
[0.9972158347583665, 0.008105353070695709]
[-0.01348123699325482, -0.7221174675353373]
[-0.9974996989474618, -0.006948059353320879]
[0.00965967118237443, 0.7347951032612826]
[0.9972034910159883, 0.008081856262954767]
[-0.013459085219250877, -0.7225394137756853]
[-0.9974820028935201, -0.006905446762405842]
[0.009628938304439116, 0.7351882600603256]
[0.9971913591050636, 0.008056494827853644]
[-0.013434961196980677, -0.7229650091278939]
[-0.9974646002840932, -0.006861510272378357]
[0.009596568994043708, 0.7355845730563368]
[0.9971794443162166, 0.008029296290743615]
[-0.013408873947841515, -0.7233942274859699]
[-0.9974474900311504, -0.006816258443443912]
[0.009562574031649729, 0.7359840280151535]
[0.9971677515069226, 0.008000288492803598]
[-0.013380832820401034, -0.7238270409785547]
[-0.997430670885474, -0.006769700792854438]
[0.009526964721647824, 0.7363866092593285]
[0.9971562851155029, 0.007969499572880734]
[-0.013350847456996107, -0.7242634200333307]
[-0.9974141414379063, -0.006721847749060594]
[0.009489752860668998, 0.7367922997246888]
[0.9971450491744729, 0.007936957949382206]
[-0.013318927760444521, -0.7247033334430808]
[-0.9973979001206208, -0.006672710606965115]
[0.00945095070586277, 0.7372010810181927]
[0.9971340473233286, 0.007902692302175773]
[-0.013285083860931468, -0.7251467484331617]
[-0.9973819452084541, -0.006622301484211501]
[0.009410570943226781, 0.7376129334768877]
[0.9971232828208703, 0.007866731554478201]
[-0.013249326083164092, -0.7255936307301678]
[-0.9973662748203347, -0.006570633278462912]
[0.009368626656064583, 0.7380278362277535]
[0.9971127585571172, 0.007829104854724434]
[-0.013211664913847287, -0.7260439446315567]
[-0.9973508869208163, -0.006517719625635132]
[0.009325131293653977, 0.7384457672482321]
[0.9971024770648829, 0.007789841558416666]
[-0.01317211096955856, -0.7264976530760285]
[-0.9973357793217454, -0.006463574859049803]
[0.00928009864017909, 0.7388667034272646]
[0.9970924405310562, 0.007748971209959488]
[-0.01313067496505732, -0.7269547177144569]
[-0.9973209496840694, -0.006408213969496868]
[0.00923354278399302, 0.7392906206266425]
[0.9970826508076223, 0.007706523524502351]
[-0.013087367682092788, -0.7274150989811727]
[-0.9973063955197894, -0.00635165256618575]
[0.009185478087261778, 0.7397174937425166]
[0.9970731094224656, 0.007662528369805799]
[-0.013042199938742005, -0.7278787561654321]
[-0.9972921141940743, -0.006293906838578667]
[0.009135919156034344, 0.7401472967668876]
[0.9970638175899829, 0.007617015748162037]
[-0.01299518255930876, -0.7283456474828822]
[-0.9972781029275289, -0.006234993519108001]
[0.009084880810775187, 0.7405800028489427]
[0.9970547762215131, 0.007570015778398276]
[-0.012946326344820736, -0.7288157301468847]
[-0.99726435879862, -0.006174929846769206]
[0.009032378057397206, 0.7410155843560948]
[0.9970459859356217, 0.0075215586779889265]
[-0.012895642044133071, -0.7292889604395401]
[-0.9972508787462566, -0.00611373353159772]
[0.008978426058811495, 0.7414540129345986]
[0.997037447068235, 0.007471674745320289]
[-0.012843140325664248, -0.729765293782282]
[-0.9972376595725281, -0.0060514227200318405]
[0.008923040107024383, 0.7418952595696229]
[0.9970291596826545, 0.00742039434213132]
[-0.012788831749762974, -0.7302446848059274]
[-0.9972246979455885, -0.0059880159611694905]
[0.008866235595785088, 0.7423392946446844]
[0.9970211235794364, 0.00736774787617156]
[-0.012732726741716993, -0.7307270874200675]
[-0.9972119904026846, -0.0059235321739218305]
[0.00880802799379804, 0.7427860880003423]
[0.9970133383061622, 0.0073137657841063075]
[-0.012674835565401499, -0.7312124548817089]
[-0.9971995333533188, -0.005857990615073583]
[0.008748432818503571, 0.7432356089920725]
[0.99700580316709, 0.007258478514704569]
[-0.012615168297561541, -0.7317007398630777]
[-0.9971873230825445, -0.005791410848257572]
[0.008687465610421163, 0.7436878265472511]
[0.9969985172326972, 0.00720191651233526]
[-0.012553734802710548, -0.7321918945185193]
[-0.9971753557543899, -0.005723812713843479]
[0.008625141908045642, 0.7441427092211876]
[0.9969914793491172, 0.007144110200809517]
[-0.012490544708647189, -0.7326858705504304]
[-0.997163627415389, -0.005655216299754906]
[0.00856147722329681, 0.7446002252521512]
[0.9969846881474601, 0.007085089967593161]
[-0.01242560738256343, -0.7331826192741799]
[-0.9971521339982299, -0.005585641913215811]
[0.00849648701749306, 0.7450603426153506]
[0.9969781420530311, 0.0070248861484125125]
[-0.012358931907722026, -0.7336820916819744]
[-0.9971408713255028, -0.005515110053424699]
[0.008430186677838125, 0.7455230290758379]
[0.9969718392944358, 0.006963529012282255]
[-0.01229052706068906, -0.7341842385056496]
[-0.9971298351135418, -0.005443641385170062]
[0.008362591494399996, 0.7459882522403047]
[0.9969657779125751, 0.006901048746974003]
[-0.012220401289097182, -0.7346890102783643]
[-0.9971190209763564, -0.005371256713377015]
[0.008293716637546356, 0.7464559796077608]
[0.996959955769531, 0.0068374754449446185]
[-0.01214856268990594, -0.7351963573951976]
[-0.9971084244296458, -0.005297976958592909]
[0.008223577135821392, 0.746926178619082]
[0.9969543705573367, 0.006772839089741467]
[-0.012075018988140784, -0.7357062301726455]
[-0.997098040894884, -0.005223823133404304]
[0.00815218785422378, 0.7473988167054275]
[0.9969490198066363, 0.006707169542897629]
[-0.0119997775160815, -0.7362185789070357]
[-0.9970878657034812, -0.005148816319787419]
[0.008079563472855544, 0.7478738613355358]
[0.9969439008952232, 0.006640496531330531]
[-0.011922845192869735, -0.7367333539318792]
[-0.9970778941010011, -0.005072977647383015]
[0.00800571846590542, 0.748351280061897]
[0.9969390110564705, 0.006572849635249789]
[-0.011844228504506171, -0.7372505056741854]
[-0.9970681212514445, -0.00499632827269203]
[0.00793066708093182, 0.7488310405658376]
[0.9969343473876373, 0.006504258276585073]
[-0.011763933484216005, -0.7377699847097903]
[-0.9970585422415793, -0.004918889359182166]
[0.007854423318405634, 0.7493131107015214]
[0.996929906858061, 0.006434751707933062]
[-0.011681965693150553, -0.7382917418177251]
[-0.997049152085329, -0.004840682058301182]
[0.007777000911470655, 0.7497974585389049]
[0.9969256863172302, 0.006364359002031195]
[-0.011598330201398166, -0.7388157280336969]
[-0.9970399457281961, -0.0047617274913820395]
[0.007698413305885998, 0.7502840524056729]
[0.996921682502737, 0.00629310904175584]
[-0.011513031569285459, -0.7393418947027313]
[-0.997030918051736, -0.00468204673242989]
[0.007618673640104379, 0.7507728609281906]
[0.9969178920481123, 0.006221030510639047]
[-0.011426073828935568, -0.7398701935310477]
[-0.9970220638780666, -0.004601660791779705]
[0.007537794725443803, 0.7512638530715081]
[0.996914311490539, 0.006148151883906439]
[-0.011337460466074478, -0.7404005766372412]
[-0.9970133779744133, -0.004520590600611996]
[0.007455789026310944, 0.7517569981784646]
[0.9969109372784498, 0.006074501420024914]
[-0.011247194402058958, -0.7409329966028555]
[-0.9970048550576891, -0.004438856996304974]
[0.007372668640436897, 0.7522522660079263]
[0.9969077657790022, 0.006000107152755008]
[-0.011155277976109768, -0.7414674065224228]
[-0.9969964897991055, -0.004356480708620547]
[0.0072884452790719645, 0.7527496267722134]
[0.9969047932854347, 0.005924996883696576]
[-0.011061712927739498, -0.742003760053082]
[-0.996988276828815, -0.004273482346693724]
[0.007203130247104894, 0.7532490511737608]
[0.9969020160243091, 0.00584919817531715]
[-0.010966500379367194, -0.7425420114638586]
[-0.9969802107405799, -0.004189882386818333]
[0.007116734423063431, 0.7537505104410605]
[0.9968994301626297, 0.005772738344453465]
[-0.010869640819107351, -0.7430821156847177]
[-0.9969722860964698, -0.004105701161005781]
[0.007029268238946396, 0.7542539763639402]
[0.9968970318148473, 0.005695644456265692]
[-0.010771134083735756, -0.743624028355502]
[-0.9969644974315885, -0.004020958846306266]
[0.006940741659854144, 0.7547594213282303]
[0.9968948170497496, 0.005617943318637797]
[-0.010670979341834697, -0.7441677058748715]
[-0.9969568392588217, -0.003935675454859011]
[0.006851164163371448, 0.7552668183498712]
[0.9968927818972277, 0.00553966147699797]
[-0.01056917507712013, -0.7447131054493636]
[-0.9969493060736117, -0.003849870824672197]
[0.006760544718666384, 0.7557761411085168]
[0.9968909223549343, 0.005460825209551323]
[-0.010465719071967805, -0.7452601851427055]
[-0.9969418923587614, -0.003763564611092396]
[0.006668891765259033, 0.7562873639806866]
[0.996889234394825, 0.005381460522898729]
[-0.01036060839114833, -0.7458089039255082]
[-0.9969345925892578, -0.0036767762789616243]
[0.006576213191437252, 0.7568004620725275]
[0.9968877139695815, 0.005301593148029138]
[-0.010253839365798156, -0.7463592217254855]
[-0.9969274012371243, -0.0035895250954303126]
[0.006482516312266484, 0.757315411252232]
[0.9968863570189259, 0.00522124853666095]
[-0.010145407577657806, -0.7469110994783359]
[-0.9969203127762968, -0.003501830123411487]
[0.006387807847180127, 0.7578321881821769]
[0.996885159475814, 0.00514045185791312]
[-0.010035307843607011, -0.7474644991794428]
[-0.996913321687521, -0.003413710215654342]
[0.006292093897102946, 0.7583507703508316]
[0.9968841172725198, 0.005059227995285298]
[-0.009923534200536321, -0.748019383936541]
[-0.996906422463284, -0.0033251840094151164]
[0.00619537992108804, 0.7588711361044953]
[0.9968832263466, 0.004977601543927568]
[-0.009810079890612111, -0.7485757180235151]
[-0.9968996096127549, -0.0032362699217124424]
[0.00609767071244427, 0.7593932646789161]
[0.9968824826467475, 0.0048955968081726975]
[-0.009694937346985344, -0.7491334669354901]
[-0.9968928776667698, -0.0031469861451381975]
[0.005998970374325785, 0.7599171362308477]
[0.996881882138525, 0.004813237799313974]
[-0.009578098180005046, -0.749692597445384]
[-0.9968862211828229, -0.0030573506442109766]
[0.00589928229477088, 0.7604427318695977]
[0.9968814208099834, 0.004730548233604692]
[-0.00945955316401803, -0.7502530776620996]
[-0.9968796347500929, -0.002967381152248705]
[0.005798609121180687, 0.7609700336886227]
[0.9968810946771578, 0.004647551530453764]
[-0.009339292224826157, -0.7508148770905312]
[-0.9968731129944864, -0.0028770951687450697]
[0.005696952734219107, 0.7614990247972222]
[0.9968808997894447, 0.0045642708107992425]
[-0.009217304427892759, -0.75137796669357]
[-0.9968666505837072, -0.002786509957227512]
[0.005594314221136543, 0.7620296893523864]
[0.9968808322348548, 0.004480728895636277]
[-0.009093577967401234, -0.7519423189562962]
[-0.996860242232342, -0.0026956425435814557]
[0.005490693848528461, 0.7625620125908465]
[0.996880888145137, 0.0043969483046744084]
[-0.008968100156271253, -0.7525079079525472]
[-0.9968538827069705, -0.0026045097148226226]
[0.005386091034516927, 0.7630959808613904]
[0.99688106370078, 0.004312951255107944]
[-0.00884085741724372, -0.7530747094140615]
[-0.9968475668312906, -0.0025131280182999483]
[0.005280504320392787, 0.7636315816574808]
[0.9968813551358702, 0.0042287596604704825]
[-0.008711835275178492, -0.7536427008023842]
[-0.9968412894912579, -0.0024215137613116666]
[0.005173931341733051, 0.7641688036502443]
[0.9968817587428206, 0.00414439512956033]
[-0.008581018350689196, -0.7542118613837479]
[-0.9968350456402387, -0.002329683011122796]
[0.005066368799025056, 0.764707636721869]
[0.9968822708769506, 0.004059878965411379]
[-0.008448390355270952, -0.754782172307118]
[-0.9968288303041694, -0.0022376515953667075]
[0.004957812427841879, 0.7652480719994734]
[0.9968828879609222, 0.003975232164290299]
[-0.008313934088082675, -0.755353616685612]
[-0.9968226385867283, -0.0021454351028155627]
[0.004848256968620679, 0.7657901018894925]
[0.9968836064890241, 0.003890475414704775]
[-0.008177631434548582, -0.755926179681488]
[-0.9968164656745003, -0.0020530488845099115]
[0.004737696136108027, 0.7663337201126355]
[0.9968844230312874, 0.003805629096398422]
[-0.008039463366974087, -0.7564998485949126]
[-0.9968103068421408, -0.001960508055234067]
[0.004626122588546888, 0.7668789217394711]
[0.9968853342374449, 0.0037207132793253272]
[-0.007899409947355385, -0.7570746129566945]
[-0.996804157457533, -0.001867827495328045]
[0.0045135278966937364, 0.7674257032266874]
[0.9968863368407056, 0.003635747722578353]
[-0.00775745033259978, -0.7576504646251903]
[-0.996798012986921, -0.0017750218528227446]
[0.004399902512767562, 0.767974062454087]
[0.9968874276613527, 0.0035507518732649235]
[-0.0076135627823634144, -0.7582273978875607]
[-0.9967918690000321, -0.0016821055458954848]
[0.004285235739448945, 0.7685239987623731]
[0.9968886036101479, 0.0034657448653173106]
[-0.007467724669740938, -0.7588054095655727]
[-0.9967857211751557, -0.001589092765635458]
[0.004169515699064541, 0.7690755129917765]
[0.9968898616915319, 0.003380745518220374]
[-0.007319912495039438, -0.759384499126107]
[-0.9967795653041941, -0.0014959974791156072]
[0.0040527293031038525, 0.7696286075215958]
[0.9968911990066172, 0.003295772335658531]
[-0.0071701019028833635, -0.7599646687965476]
[-0.9967733972976534, -0.0014028334327671477]
[0.003934862222242597, 0.7701832863106988]
[0.9968926127559529, 0.0032108435040678063]
[-0.007018267702909087, -0.7605459236851928]
[-0.9967672131895873, -0.0013096141560519636]
[0.003815898857055411, 0.7707395549390559]
[0.9968941002420634, 0.0031259768910933405]
[-0.006864383894313875, -0.7611282719068282]
[-0.9967610091424615, -0.001216352965440426]
[0.003695822309636554, 0.7712974206503742]
[0.9968956588717386, 0.003041190043946651]
[-0.006708423694527066, -0.7617117247135718]
[-0.9967547814519433, -0.0011230629686858062]
[0.003574614356350425, 0.7718568923958952]
[0.9968972861580634, 0.0029565001876711294]
[-0.006550359572288611, -0.762296296631091]
[-0.99674852655159, -0.0010297570694073332]
[0.00345225542197225, 0.7724179808794358]
[0.9968989797221832, 0.002871924223314115]
[-0.006390163285410311, -0.7628820056002549]
[-0.9967422410174358, -9.364479719861651E-4]
[0.0033287245554940448, 0.7729806986037489]
[0.9969007372947836, 0.002787478726015924]
[-0.006227805923515295, -0.7634688731242633]
[-0.9967359215724539, -8.431481867806068E-4]
[0.0032039994078995604, 0.7735450599182828]
[0.9969025567172747, 0.0027031799430274894]
[-0.006063257956038515, -0.7640569244212643]
[-0.9967295650908746, -7.498700356721177E-4]
[0.0030780562122378896, 0.7741110810684326]
[0.9969044359426615, 0.002619043791670217]
[-0.005896489285776907, -0.7646461885824272]
[-0.9967231686023622, -6.566256579560448E-4]
[0.0029508697663425676, 0.7746787802463706]
[0.9969063730361009, 0.0025350858572586454]
[-0.005727469308279998, -0.7652366987354027]
[-0.996716729296009, -5.634270165924549E-4]
[0.0028224134185874106, 0.7752481776435561]
[0.9969083661751096, 0.002451321391008121]
[-0.005556166977355059, -0.765828492213062]
[-0.9967102445241491, -4.7028590483499944E-4]
[0.002692659057079272, 0.7758192955050303]
[0.9969104136494279, 0.00236776530795213]
[-0.00538255087696593, -0.7664216107273416]
[-0.9967037118059654, -3.7721395325751583E-4]
[0.0025615771027185374, 0.7763921581856048]
[0.9969125138605214, 0.002284432184906482]
[-0.005206589299782072, -0.7670161005479874]
[-0.9966971288308681, -2.842226372075096E-4]
[0.0024291365065999826, 0.7769667922080608]
[0.9969146653206934, 0.0022013362585120433]
[-0.005028250332633488, -0.7676120126859076]
[-0.9966904934616332, -1.9132328470516935E-4]
[0.002295304752225724, 0.7775432263234836]
[0.9969168666518213, 0.002118491423399038]
[-0.004847501949094946, -0.7682094030808058]
[-0.9966838037372815, -9.852708482627204E-5]
[0.002160047863050518, 0.7781214915738603]
[0.9969191165836807, 0.0020359112305180505]
[-0.004664312109414981, -0.7688083327926736]
[-0.9966770578756678, -5.845096592516086E-6]
[0.0020233304158877585, 0.7787016213570774]
[0.9969214139518582, 0.0019536088856901834]
[-0.004478648867966728, -0.7694088681966631]
[-0.9966702542757819, 8.671174158608741E-5]
[0.0018851155607341186, 0.7792836514944608]
[0.9969237576952406, 0.001871597248427448]
[-0.0042904804883920344, -0.7700110811807721]
[-0.9966633915197178, 1.7913260188850977E-4]
[0.0017453650475877658, 0.7798676203009984]
[0.9969261468530711, 0.0017898888310904915]
[-0.0040997755665382885, -0.7706150493456955]
[-0.9966564683743159, 2.714067564301148E-4]
[0.0016040392608437926, 0.7804535686584049]
[0.9969285805615622, 0.001708495798445453]
[-0.003906503161287933, -0.7712208562061074]
[-0.9966494837924464, 3.635235659430469E-4]
[0.0014610972618726015, 0.7810415400911689]
[0.996931058050067, 0.0016274299676860005]
[-0.0037106329333230215, -0.7718285913925468]
[-0.996642436913919, 4.55472467741469E-4]
[0.0013164968403898691, 0.7816315808457444]
[0.9969335786367921, 0.0015467028090030976]
[-0.003512135291803886, -0.772438350852985]
[-0.9966353270660111, 5.472429629220787E-4]
[0.00117019457522749, 0.7822237399730306]
[0.9969361417240659, 0.0014663254467752185]
[-0.0033109815489230088, -0.7730502370530554]
[-0.996628153763597, 6.388246027575484E-4]
[0.0010221459051097392, 0.7828180694142939]
[0.996938746793151, 0.0013863086614562259]
[-0.0031071440822094676, -0.773664359173831]
[-0.9966209167088604, 7.30206974222658E-4]
[8.7230521003967E-4, 0.7834146240906587]
[0.9969413933986095, 0.0013066628922605017]
[-0.002900596504417985, -0.7742808333059255]
[-0.9966136157905945, 8.213796846079369E-4]
[7.206259038685658E-4, 0.7840134619963078]
[0.9969440811622278, 0.0012273982407160489]
[-0.00269131384075888, -0.7748997826386088]
[-0.9966062510830729, 9.123323451643572E-4]
[5.670605385983962E-4, 0.7846146442954947]
[0.9969468097665096, 0.001148524475184931]
[-0.0024792727131706105, -0.775521337642517]
[-0.9965988228444895, 0.0010030545537311752]
[4.115609209538462E-4, 0.7852182354234556]
[0.9969495789477545, 0.0010700510364402005]
[-0.002264451531255207, -0.7761456362444527]
[-0.9965913315149777, 0.0010935358762875769]
[2.540782416681764E-4, 0.7858243031912965]
[0.9969523884887339, 9.919870443858558E-4]
[-0.0020468306894293464, -0.7767728239926721]
[-0.996583777714199, 0.0011837658273867735]
[9.45632179313316E-5, 0.7864329188948673]
[0.9969552382109963, 9.143413060144212E-4]
[-0.0018263927697632076, -0.7774030542109819]
[-0.9965761622385224, 0.0012737338494171468]
[-6.703375066957618E-5, 0.7870441574276252]
[0.9969581279668163, 8.37122324684858E-4]
[-0.0016031227499116452, -0.778036488139885]
[-0.996568486057801, 0.0013634292906458678]
[-2.3076241243258355E-4, 0.7876580973974181]
[0.9969610576308344, 7.603383108146233E-4]
[-0.0013770082154435093, -0.7786732950629565]
[-0.9965607503117725, 0.0014528413820085184]
[-3.966724798669663E-4, 0.7882748212470775]
[0.9969640270914174, 6.839971940493794E-4]
[-0.0011480395758290407, -0.7793136524165728]
[-0.9965529563061029, 0.0015419592126008075]
[-5.648134319806153E-4, 0.7888944153786255]
[0.9969670362417783, 6.081066370071664E-4]
[-9.162102832400709E-4, -0.7799577458810765]
[-0.9965451055081062, 0.0016307717038452352]
[-7.352343025638919E-4, 0.789516970280844]
[0.9969700849709184, 5.326740506470529E-4]
[-6.815170532573633E-4, -0.7806057694514479]
[-0.9965371995421832, 0.0017192675823117787]
[-9.07983454630723E-4, 0.7901425806598499]
[0.9969731731544385, 4.577066113290451E-4]
[-4.4396008650954277E-4, -0.7812579254855329]
[-0.9965292401850219, 0.001807435351166009]
[-0.0010831083413184728, 0.7907713455722349]
[0.9969763006452843, 3.832112796148257E-4]
[-2.0354329019883766E-4, -0.7819144247279093]
[-0.9965212293606105, 0.0018952632602525221]
[-0.0012606552536998383, 0.7914033685602142]
[0.9969794672644952, 3.091948208430173E-4]
[3.972550158876098E-5, -0.7825754863074952]
[-0.9965131691351229, 0.0019827392748053008]
[-0.0014406690561143964, 0.7920387577881065]
[0.9969826727920336, 2.356638275088363E-4]
[2.8583430994766346E-4, -0.7832413377070779]
[-0.9965050617117511, 0.0020698510428042716]
[-0.0016231929098108333, 0.7926776261793553]
[0.9969859169577854, 1.6262474345690725E-4]
[5.34766796794095E-4, -0.7839122147030162]
[-0.9964969094255554, 0.0021565858610130273]
[-0.0018082679858595352, 0.7933200915531389]
[0.9969891994328063, 9.00838898805767E-5]
[7.865020553147195E-4, -0.7845883612734842]
[-0.9964887147384134, 0.0022429306397262483]
[-0.0019959331684719084, 0.7939662767594935]
[0.9969925198209351, 1.8047493103967582E-5]
[0.001041014406491625, -0.7852700294737656]
[-0.9964804802341687, 0.002328871866295601]
[-0.0021862247500768484, 0.794616309811714]
[0.996995877650861, -5.3478285879482446E-5]
[0.0012982732029773736, -0.7859574792772623]
[-0.9964722086140625, 0.002414395567499228]
[-0.002379176119664095, 0.7952703240146205]
[0.9969992723687697, -1.244873201889929E-4]
[0.0015582426415999828, -0.7866509783810759]
[-0.9964639026925719, 0.002499487270851475]
[-0.0025748174461057705, 0.7959284580871542]
[0.9970027033316833, -1.9497348422564675E-4]
[0.0018208815857593263, -0.7873508019752373]
[-0.9964555653937535, 0.002584131964955716]
[-0.0027731753583567498, 0.7965908562775751]
[0.9970061698016279, -2.6493061932902906E-4]
[0.0020861433989641243, -0.7880572324748903]
[-0.9964471997482152, 0.0026683140590276766]
[-0.0029742726245928774, 0.7972576684693797]
[0.997009670940755, -3.343524980387036E-4]
[0.002353975790711116, -0.7887705592149982]
[-0.9964388088908356, 0.0027520173417330818]
[-0.0031781278325179185, 0.7979290502759204]
[0.9970132058075601, -4.0323278710319155E-4]
[0.0026243206758555515, -0.7894910781074204]
[-0.9964303960593639, 0.0028352249395093287]
[-0.003384755073221335, 0.7986051631215465]
[0.9970167733543454, -4.7156500938966284E-4]
[0.002897114048568905, -0.7902190912604954]
[-0.996421964594019, 0.002917919274548375]
[-0.003594163631093439, 0.7992861743069711]
[0.9970203724260723, -5.393425048795253E-4]
[0.0031722858718830627, -0.7909549065615714]
[-0.9964135179382256, 0.003000082022649231]
[-0.0038063576824011736, 0.7999722570564409]
[0.997024001760757, -6.06558390935874E-4]
[0.0034497599837415294, -0.7916988372232368]
[-0.9964050596406138, 0.003081694071158214]
[-0.0040213360052321345, 0.8006635905442175]
[0.9970276599915667, -6.7320552206801E-4]
[0.0037294540203691717, -0.792451201294305]
[-0.9963965933584018, 0.0031627354772439387]
[-0.004239091703537645, 0.8013603598977939]
[0.9970313456507648, -7.392764494191795E-4]
[0.004011279357659714, -0.7932123211369343]
[-0.9963881228622928, 0.003243185426763384]
[-0.00445961194803679, 0.8020627561752528]
[0.9970350571756709, -8.047633802146792E-4]
[0.004295141071155029, -0.7939825228715313]
[-0.9963796520429965, 0.003323022193991887]
[-0.004682877736737423, 0.8027709763141648]
[0.9970387929167741, -8.696581374401102E-4]
[0.004580937915057426, -0.7947621357913981]
[-0.9963711849194776, 0.0034022231025228056]
[-0.004908863677742625, 0.8034852230494732]
[0.9970425511481609, -9.339521200023015E-4]
[0.004868562320574477, -0.7955514917493156]
[-0.996362725649027, 0.003480764487622745]
[-0.005137537796958469, 0.8042057047978806]
[0.997046330080388, -9.976362636570646E-4]
[0.00515790041376446, -0.7963509245185079]
[-0.9963542785392379, 0.0035586216603845644]
[-0.005368861373149236, 0.8049326355063973]
[0.9970501278759393, -0.0010607010029740627]
[0.005448832052881769, -0.7971607691306172]
[-0.996345848061944, 0.0036357688739955263]
[-0.00560278880264764, 0.8056662344628559]
[0.9970539426673855, -0.001123136234624511]
[0.005741230885100035, -0.7979813611934892]
[-0.9963374388691668, 0.003712179292458706]
[-0.00583926749578495, 0.806406726066436]
[0.9970577725783502, -0.0011849312822725944]
[0.006034964422319933, -0.7988130361916845]
[-0.9963290558110858, 0.0037878249621309257]
[-0.006078237806884934, 0.8071543395564869]
[0.9970616157473813, -0.0012460748633388308]
[0.006329894135644665, -0.7996561287727022]
[-0.9963207039560371, 0.0038626767864047284]
[-0.006319632999375047, 0.8079093086982487]
[0.9970654703547883, -0.0013065550579179352]
[0.006625875567955353, -0.800510972021939]
[-0.9963123886124937, 0.003936704503906374]
[-0.006563379247244039, 0.8086718714244265]
[0.9970693346524988, -0.0013663592801037572]
[0.006922758463885459, -0.8013778967293765]
[-0.9963041153529811, 0.004009876670551971]
[-0.0068093956737593775, 0.8094422694319341]
[0.9970732069969572, -0.0014254742519799746]
[0.0072203869163849355, -0.8022572306509254]
[-0.9962958900398213, 0.004082160645817123]
[-0.007057594427977876, 0.8102207477335643]
[0.9970770858850615, -0.0014838859805052507]
[0.007518599528935743, -0.8031492977672277]
[-0.9962877188525875, 0.004153522583555058]
[-0.007307880799218958, 0.8110075541647679]
[0.9970809699930935, -0.0015415797375224471]
[0.007817229592379349, -0.8040544175425711]
[-0.9962796083170932, 0.0042239274277013905]
[-0.007560153369276124, 0.8118029388461931]
[0.9970848582185801, -0.0015985400430973407]
[0.008116105275249252, -0.8049729041863591]
[-0.9962715653357357, 0.004293338913191724]
[-0.007814304201758882, 0.8126071536031026]
[0.9970887497249751, -0.0016547506523656441]
[0.008415049826390797, -0.8059050659193363]
[-0.9962635972189345, 0.00436171957239051]
[-0.00807021906756733, 0.8134204513432604]
[0.9970926439890172, -0.0017101945460639145]
[0.00871388178863819, -0.8068512042465095]
[-0.9962557117174115, 0.004429030747332585]
[-0.008327777705129269, 0.814243085395348]
[0.9970965408505764, -0.0017648539248855677]
[0.009012415222224845, -0.8078116132384124]
[-0.9962479170549874, 0.004495232608042743]
[-0.008586854113668385, 0.8150753088104118]
[0.997100440564768, -0.0018187102077883432]
[0.009310459936625437, -0.8087865788220557]
[-0.9962402219615634, 0.004560284177192009]
[-0.008847316877433953, 0.815917373629274]
[0.9971043438560503, -0.0018717440343574143]
[0.009607821729474775, -0.8097763780825897]
[-0.996232635705885, 0.004624143361309341]
[-0.00910902951852266, 0.8167695301192106]
[0.9971082519740113, -0.0019239352713058544]
[0.009904302631249695, -0.8107812785764036]
[-0.9962251681277037, 0.004686766988755697]
[-0.009371850875650012, 0.8176320259835612]
[0.9971121667504699, -0.0019752630231684165]
[0.010199701154407825, -0.8118015376560849]
[-0.9962178296688656, 0.004748110854639664]
[-0.009635635505976015, 0.8185051055482102]
[0.9971160906575057, -0.0020257056472430257]
[0.010493812545715409, -0.8128374018073832]
[-0.9962106314028831, 0.004808129772814862]
[-0.009900234106928196, 0.8193890089291179]
[0.9971200268659677, -0.00207524077278165]
[0.010786429040566092, -0.8138891059980748]
[-0.9962035850624872, 0.004866777635074593]
[-0.010165493954799598, 0.8202839711852579]
[0.9971239793039917, -0.0021238453244486477]
[0.01107734011815592, -0.8149568730384023]
[-0.9961967030646528, 0.004924007477639103]
[-0.010431259356788847, 0.821190221461406]
[0.9971279527149994, -0.0021714955500189426]
[0.011366332756468422, -0.816040912952593]
[-0.9961899985325853, 0.004979771554972756]
[-0.010697372113120884, 0.8221079821252872]
[0.9971319527146392, -0.0022181670522911645]
[0.011653191686129605, -0.8171414223608358]
[-0.9961834853141337, 0.005034021420970869]
[-0.010963671985853962, 0.8230374679035368]
[0.9971359858460821, -0.0022638348251626805]
[0.011937699642306954, -0.8182585838709986]
[-0.996177177996115, 0.005086708017480346]
[-0.011229997171032624, 0.8239788850208569]
[0.9971400596330768, -0.0023084732938014607]
[0.012219637613948175, -0.8193925654793613]
[-0.9961710919140242, 0.005137781770125804]
[-0.011496184770901308, 0.8249324303465906]
[0.9971441826301304, -0.0023520563588416143]
[0.012498785089795073, -0.8205435199796526]
[-0.9961652431566179, 0.005187192691348486]
[-0.01176207126304274, 0.825898290552727]
[0.997148364469186, -0.0023945574445184414]
[0.01277492030075561, -0.8217115843797613]
[-0.9961596485649, 0.00523489049054382]
[-0.012027492963414266, 0.8268766412871067]
[0.9971526159021454, -0.0024359495506331985]
[0.01304782045836178, -0.8228968793256182]
[-0.9961543257250418, 0.0052808246911529855]
[-0.012292286480482473, 0.827867646365289]
[0.9971569488385914, -0.0024762053082453273]
[0.01331726198919847, -0.8240995085319267]
[-0.9961492929548074, 0.005324944754503069]
[-0.012556289157802991, 0.8288714569842334]
[0.997161376378064, -0.002515297038974351]
[0.013583020765359222, -0.8253195582196339]
[-0.9961445692831163, 0.005367200210196765]
[-0.012819339502685212, 0.829888210960605]
[0.9971659128362695, -0.0025531968177823217]
[0.013844872331119251, -0.8265570965602931]
[-0.9961401744223981, 0.005407540792782939]
[-0.013081277598749608, 0.8309180319961479]
[0.9971705737646008, -0.0025898765391063616]
[0.014102592126190416, -0.8278121731277481]
[-0.9961361287334658, 0.005445916584413291]
[-0.013341945500481123, 0.831961028972247]
[0.9971753759623949, -0.0026253079862020856]
[0.014355955706085166, -0.8290848183578954]
[-0.9961324531827007, 0.005482278163158161]
[-0.013601187608108023, 0.8330172952754356]
[0.9971803374813712, -0.0026594629035472384]
[0.0146047389602188, -0.8303750430175896]
[-0.9961291692913874, 0.005516576756622649]
[-0.013858851021381957, 0.8340869081553128]
[0.9971854776217495, -0.002692313072164665]
[0.014848718328571708, -0.8316828376841083]
[-0.996126299077138, 0.005548764400450268]
[-0.014114785871081004, 0.835169928116031]
[0.9971908169195842, -0.0027238303877044068]
[0.015087671017815107, -0.8330081722369109]
[-0.9961238649874135, 0.005578794101286699]
[-0.014368845627282634, 0.8362663983422814]
[0.9971963771249095, -0.002753986941125053]
[0.015321375217923483, -0.8343509953637703]
[-0.9961218898252192, 0.005606620003711482]
[-0.014620887383666292, 0.8373763441604902]
[0.9972021811703562, -0.0027827551018145824]
[0.015549610320404084, -0.8357112340836692]
[-0.9961203966671641, 0.005632197560638708]
[-0.01487077211731802, 0.8384997725357893]
[0.9972082531299606, -0.002810107602984613]
[0.01577215713932928, -0.8370887932891268]
[-0.9961194087741422, 0.0056554837066175034]
[-0.015118364923665861, 0.8396366716052169]
[0.9972146181679649, -0.002836017629163079]
[0.01598879813641446, -0.838483555310919]
[-0.9961189494949882, 0.005676437033442894]
[-0.015363535226362801, 0.8407870102475552]
[0.9972213024774765, -0.0028604589056182572]
[0.01619931765142618, -0.8398953795083618]
[-0.9961190421635631, 0.005695017967446314]
[-0.015606156962059081, 0.8419507376902098]
[0.9972283332089483, -0.002883405789535498]
[0.016403502139191395, -0.8413241018885399]
[-0.9961197099897982, 0.00571118894777245]
[-0.0158461087401367, 0.8431277831535751]
[0.9972357383885144, -0.0029048333627575973]
[0.016601140414475746, -0.8427695347580217]
[-0.9961209759453198, 0.005724914604944953]
[-0.016083273977576973, 0.8443180555334451]
[0.9972435468263015, -0.00292471752591672]
[0.01679202390593343, -0.8442314664106991]
[-0.9961228626443777, 0.005736161938951323]
[-0.01631754100922389, 0.8455214431221312]
[0.9972517880149413, -0.002943035093759483]
[0.01697594692028026, -0.8457096608554824]
[-0.9961253922208555, 0.005744900496041927]
[-0.016548803173783544, 0.8467378133691388]
[0.9972604920185759, -0.0029597638914588]
[0.017152706917711202, -0.8472038575875831]
[-0.996128586202244, 0.005751102543409825]
[-0.016776958875941994, 0.8479670126824256]
[0.9972696893527562, -0.002974882851733973]
[0.017322104799478155, -0.848713771407116]
[-0.9961324653814976, 0.005754743240872662]
[-0.0170019116250536, 0.8492088662714801]
[0.9972794108557027, -0.002988372112539217]
[0.017483945208371043, -0.8502390922886618]
[-0.996137049687798, 0.005755800808642242]
[-0.017223570050887038, 0.8504631780336509]
[0.9972896875515141, -0.0030002131151203315]
[0.017638036842672733, -0.8517794853053344]
[-0.9961423580572555, 0.005754256690222559]
[-0.0174418478969382, 0.8517297304853841]
[0.9973005505059531, -0.003010388702195721]
[0.017784192783943942, -0.8533345906107367]
[-0.9961484083046586, 0.005750095709470271]
[-0.01765666399189475, 0.8530082847401914]
[0.9973120306755558, -0.0030188832160217283]
[0.01792223083877037, -0.8549040234819896]
[-0.9961552169973907, 0.005743306220800104]
[-0.017867942199821796, 0.85429858053535]
[0.9973241587508597, -0.0030256825960777167]
[0.01805197389435781, -0.8564873744267847]
[-0.9961627993326704, 0.00573388025151822]
[-0.018075611349736675, 0.8556003363094664]
[0.997336964994639, -0.00303077447610256]
[0.0181732502875927, -0.8580842093571479]
[-0.9961711690192626, 0.005721813635232831]
[-0.018279605145233746, 0.8569132493331173]
[0.997350479076071, -0.0030341482801702346]
[0.018285894186907292, -0.8596940698322795]
[-0.9961803381648124, 0.005707106135297679]
[-0.018479862054921525, 0.8582369958948186]
[0.997364729901842, -0.0030357953175086383]
[0.01838974598601506, -0.8613164733725173]
[-0.9961903171699341, 0.005689761557242434]
[-0.018676325184464992, 0.8595712315445669]
[0.9973797454452394, -0.003035708875699039]
[0.018484652708270433, -0.8629509138461106]
[-0.9962011146301439, 0.005669787849143626]
[-0.018868942131118116, 0.8609155913970974]
[0.9973955525743121, -0.003033884311907431]
[0.018570468420145037, -0.8645968619300866]
[-0.9962127372466925, 0.005647197188919928]
[-0.01905766482170851, 0.8622696904968772]
[0.9974121768802249, -0.003030319141739346]
[0.01864705465199995, -0.8662537656461007]
[-0.9962251897472598, 0.005622006057564688]
[-0.019242449335116985, 0.8636331242466202]
[0.9974296425069473, -0.0030250131253054535]
[0.018714280824087992, -0.8679210509717349]
[-0.9962384748174445, 0.005594235297357586]
[-0.019423255710428966, 0.865005468900848]
[0.9974479719834336, -0.0030179683500386467]
[0.01877202467544281, -0.8695981225272662]
[-0.9962525930438404, 0.0055639101541707925]
[-0.01960004774199886, 0.8663862821256619]
[0.9974671860594693, -0.0030091893097802247]
[0.018820172693085835, -0.8712843643374655]
[-0.9962675428694282, 0.005531060303027857]
[-0.01977279276280952, 0.8677751036254807]
[0.9974873035463255, -0.002998682979616474]
[0.018858620538776127, -0.8729791406675379]
[-0.9962833205618729, 0.005495719856172587]
[-0.01994146141761638, 0.8691714558370525]
[0.9975083411633718, -0.0029864588859234154]
[0.01888727347034347, -0.8746817969318417]
[-0.996299920195203, 0.005457927352980674]
[-0.020106027427469975, 0.8705748446904938]
[0.997530313391772, -0.0029725291710362978]
[0.018906046754511796, -0.8763916606735446]
[-0.996317333645215, 0.005417725731149958]
[-0.020266467347331008, 0.8719847604365938]
[0.997553232336335, -0.002956908651949419]
[0.01891486606801318, -0.878108042612911]
[-0.996335550598805, 0.0053751622787424624]
[-0.020422760318584088, 0.873400678538975]
[0.9975771075965768, -0.002939614872407015]
[0.018913667883746765, -0.8798302377614425]
[-0.9963545585772883, 0.005330288566730568]
[-0.02057488781835487, 0.8748220606291285]
[0.997601946147981, -0.002920668147741945]
[0.01890239983870773, -0.8815575265986333]
[-0.9963743429736146, 0.005283160361901462]
[-0.02072283340759934, 0.8762483555216727]
[0.9976277522343842, -0.0029000916018048217]
[0.018881021080464244, -0.8832891763076427]
[-0.996394887103245, 0.005233837520045581]
[-0.020866582479999507, 0.8776790002865689]
[0.9976545272723673, -0.0028779111952955683]
[0.01884950258903667, -0.8850244420657684]
[-0.9964161722683172, 0.005182383859576256]
[-0.021006122013743633, 0.8791134213743814]
[0.9976822697684378, -0.0028541557448342747]
[0.018807827471164107, -0.886762568385161]
[-0.9964381778345691, 0.0051288670158329275]
[-0.0211414403282707, 0.8805510357900938]
[0.9977109752497182, -0.0028288569321065493]
[0.01875599122411581, -0.8885027904988546]
[-0.996460881320369, 0.005073358276526996]
[-0.02127252684804659, 0.8819912523103943]
[0.9977406362087854, -0.0028020493024188964]
[0.018694001966442386, -0.8902443357867992]
[-0.9964842584970752, 0.005015932398909406]
[-0.02139937187543195, 0.8834334727388232]
[0.9977712420631893, -0.0027737702520520546]
[0.018621880633289845, -0.8919864252362606]
[-0.9965082834998242, 0.00495666740945766]
[-0.021521966374598356, 0.8848770931927139]
[0.9978027791301198, -0.002744060003816551]
[0.018539661134224006, -0.8937282749306641]
[-0.9965329289477474, 0.004895644386983866]
[-0.021640301768390602, 0.8863215054154289]
[0.9978352306165637, -0.0027129615702751186]
[0.018447390471805603, -0.8954690975606892]
[-0.9965581660725337, 0.0048329472302767185]
[-0.021754369749902525, 0.88776609810707]
[0.9978685766252285, -0.002680520704146483]
[0.01834512881952477, -0.897208103951223]
[-0.9965839648541728, 0.00476866241150542]
[-0.02186416211040454, 0.8892102582665797]
[0.997902794176384, -0.0026467858354941587]
[0.018232949558030342, -0.898944504597637]
[-0.9966102941626641, 0.004702878716767778]
[-0.02196967058509547, 0.8906533725379553]
[0.9979378572456887, -0.002611807995366422]
[0.01811093926899321, -0.9006775112047287]
[-0.9966371219044294, 0.004635686975293263]
[-0.02207088671795554, 0.8920948285532326]
[0.9979737368179643, -0.0025756407256648517]
[0.017979197686263826, -0.9024063382216374]
[-0.9966644151721576, 0.004567179778926955]
[-0.022167801746821758, 0.8935340162648868]
[0.998010400956777, -0.002538339975123205]
[0.017837837604389783, -0.9041302043660532]
[-0.9966921403967909, 0.004497451193613666]
[-0.022260406509548747, 0.894970329260359]
[0.9980478148895933, -0.00249996398138419]
[0.017686984744851253, -0.9058483341311114]
[-0.9967202635003785, 0.00442659646469612]
[-0.022348691371932072, 0.8964031660516353]
[0.9980859411081642, -0.0024605731392968178]
[0.017526777580744834, -0.9075599592684798]
[-0.9967487500485586, 0.004354711717887261]
[-0.02243264617783336, 0.8978319313330305]
[0.9981247394837198, -0.002420229855686795]
[0.01735736712090713, -0.90926432024138]
[-0.9967775654014713, 0.004281893657824054]
[-0.022512260221739355, 0.8992560372006686]
[0.9981641673964254, -0.0023789983909778822]
[0.017178916654754406, -0.9109606676414699]
[-0.9968066748619461, 0.004208239266146774]
[-0.02258752224372873, 0.9006749043275797]
[0.9982041798784924, -0.0023369446882041123]
[0.016991601459339478, -0.9126482635638675]
[-0.9968360438199078, 0.004133845501020805]
[-0.022658420446654337, 0.9020879630887861]
[0.9982447297702233, -0.0022941361900647994]
[0.016795608470322798, -0.9143263829349209]
[-0.9968656378919953, 0.004058809000012986]
[-0.0227249425350875, 0.9034946546313098]
[0.9982857678881825, -0.0022506416448445643]
[0.01659113591871847, -0.9159943147877256]
[-0.9968954230555044, 0.003983225788197431]
[-0.022787075775424714, 0.9048944318845815]
[0.9983272432046244, -0.0022065309021302992]
[0.01637839293538268, -0.9176513634808312]
[-0.9969253657758343, 0.003907190993279408]
[-0.02284480707633274, 0.9062867605073756]
[0.9983691030371964, -0.0021618746994063187]
[0.01615759912531145, -0.9192968498560485]
[-0.9969554331267461, 0.0038307985694661095]
[-0.022898123088557543, 0.9076711197680376]
[0.9984112932478798, -0.0021167444407170777]
[0.01592898411385052, -0.9209301123317364]
[-0.9969855929028223, 0.00375414103170868]
[-0.0229470103229813, 0.9090470033554156]
[0.9984537584500635, -0.002071211968725284]
[0.015692787066951652, -0.9225505079284937]
[-0.9970158137236405, 0.0036773092018076436]
[-0.022991455285646722, 0.9104139201186046]
[0.9984964422225645, -0.002025349331541637]
[0.015449256187593685, -0.9241574132246708]
[-0.9970460651292604, 0.00360039196776496]
[-0.023031444628376696, 0.9117713947342441]
[0.9985392873293697, -0.0019792285458536396]
[0.015198648190464736, -0.9257502252396406]
[-0.9970763176667451, 0.0035234760576077218]
[-0.02306696531350061, 0.9131189683007876]
[0.9985822359438146, -0.0019329213578865856]
[0.014941227756958664, -0.9273283622433195]
[-0.9971065429675208, 0.0034466458287586432]
[-0.023098004791104798, 0.9144561988597608]
[0.9986252298758673, -0.0018864990038340856]
[0.014677266972472458, -0.9288912644908791]
[-0.99713671381547, 0.0033699830738807]
[-0.023124551187174047, 0.9157826618446608]
[0.9986682108011702, -0.001840031971386935]
[0.014407044747952902, -0.930438394882126]
[-0.997166804205759, 0.00329356684393467]
[-0.023146593500909973, 0.9170979504586421]
[0.9987111204904482, -0.0017935897640264375]
[0.014130846227556448, -0.93196923954547]
[-0.9971967893944573, 0.0032174732890426494]
[-0.023164121809494453, 0.918401675982707]
[0.9987539010378972, -0.0017472406697408571]
[0.013848962184237645, -0.9334833083468286]
[-0.9972266459390964, 0.0031417755175722206]
[-0.02317712747849532, 0.9196934680165179]
[0.9987964950871541, -0.00170105153577782]
[0.013561688405041794, -0.9349801353242425]
[-0.9972563517303695, 0.003066543473692729]
[-0.023185603376147723, 0.9209729746544051]
[0.9988388460534571, -0.0016550875510307206]
[0.013269325067813809, -0.9364592790493115]
[-0.9972858860152368, 0.0029918438334872732]
[-0.023189544089676217, 0.9222398625994257]
[0.9988808983406398, -0.0016094120375541587]
[0.012972176111029743, -0.9379203229169228]
[-0.9973152294117491, 0.00291773991956068]
[-0.023188946141876388, 0.9234938172186699]
[0.998922597551619, -0.0015640862526704602]
[0.012670548598432863, -0.9393628753649903]
[-0.9973443639159391, 0.0028442916339276314]
[-0.023183808206161838, 0.9247345425431986]
[0.9989638906910923, -0.0015191692029715709]
[0.012364752080155472, -0.9407865700262221]
[-0.9973732729011737, 0.002771555408823345]
[-0.023174131318297708, 0.9259617612161662]
[0.9990047263592139, -0.0014747174714572209]
[0.012055097952026694, -0.9421910658140976]
[-0.9974019411103822, 0.0026995841749661853]
[-0.023159919083114877, 0.9271752143928083]
[0.9990450549350938, -0.0014307850588998194]
[0.011741898814791374, -0.9435760469454305]
[-0.9974303546415948, 0.00262842734666624]
[-0.023141177874493657, 0.9283746615959964]
[0.9990848287490237, -0.0013874232403805475]
[0.011425467834990488, -0.9449412229020369]
[-0.9974585009272471, 0.002558130823086535]
[-0.023117917027000945, 0.9295598805311014]
[0.9991240022424572, -0.0013446804378207666]
[0.01110611810931883, -0.9462863283341023]
[-0.9974863687077183, 0.002488737004867625]
[-0.023090149017610195, 0.9307306668638268]
[0.999162532114835, -0.0013026021091440132]
[0.010784162034291833, -0.9476111229079509]
[-0.9975139479995714, 0.002420284825241037]
[-0.023057889636019624, 0.9318868339646202]
[0.9992003774564896, -0.0012612306545772833]
[0.010459910683135898, -0.9489153911009298]
[-0.9975412300589711, 0.002352809794711308]
[-0.02302115814216288, 0.9330282126231456]
[0.9992374998669432, -0.0012206053404176798]
[0.010133673191828896, -0.9501989419461745]
[-0.9975682073407561, 0.0022863440583088535]
[-0.0229799774096201, 0.9341546507361258]
[0.9992738635580741, -0.0011807622404333973]
[0.009805756156278711, -0.9514616087300014]
[-0.9975948734536341, 0.0022209164644038104]
[-0.022934374053736883, 0.9352660129717406]
[0.999309435441714, -0.0011417341949157]
[0.009476463042645544, -0.9527032486446757]
[-0.9976212231119695, 0.002156552644035359]
[-0.022884378543374884, 0.9363621804135057]
[0.9993441852014029, -0.0011035507872364514]
[0.009146093612831196, -0.953923742399264]
[-0.9976472520846265, 0.0020932750996803806]
[-0.022830025295371592, 0.9374430501864485]
[0.9993780853481368, -0.0010662383376224271]
[0.008814943367152994, -0.9551229937912542]
[-0.9976729571413073, 0.002031103302413073]
[-0.02277135275089326, 0.9385085350680651]
[0.9994111112600859, -0.0010298199136988817]
[0.008483303006210141, -0.956300929241571]
[-0.9976983359968412, 0.0019700537963800446]
[-0.022708403433036817, 0.9395585630864562]
[0.9994432412063801, -9.943153572556929E-4]
[0.008151457913895599, -0.9574574972955894]
[-0.9977233872538391, 0.001910140309565822]
[-0.022641223985183978, 0.9405930771077133]
[0.9994744563552052, -9.597413265342025E-4]
[0.00781968766346619, -0.9585926680926589]
[-0.9977481103441408, 0.0018513738698090476]
[-0.02256986518976034, 0.9416120344144849]
[0.9995047407665533, -9.261113532400556E-4]
[0.0074882655484717064, -0.9597064328066464]
[-0.9977725054694578, 0.0017937629250974751]
[-0.022494381967228638, 0.9426154062774469]
[0.9995340813701012, -8.934359133880854E-4]
[0.007157458140268913, -0.9607988030599274]
[-0.9977965735415882, 0.0017373134671840873]
[-0.022414833355293262, 0.9436031775211747]
[0.9995624679287912, -8.617225110024718E-4]
[0.006827524873698587, -0.9618698103132022]
[-0.9978203161225945, 0.0016820291576118418]
[-0.022331282468465052, 0.944575346085777]
[0.9995898929887943, -8.309757736189027E-4]
[0.006498717662363762, -0.9629195052334933]
[-0.9978437353652814, 0.001627911455293618]
[-0.022243796438286112, 0.9455319225854797]
[0.9996163518166283, -8.011975584846232E-4]
[0.006171280544784774, -0.9639479570426193]
[-0.9978668339543288, 0.001574959744835791]
[-0.022152446334693043, 0.9464729298651855]
[0.9996418423242711, -7.723870683119527E-4]
[0.005845449362523236, -0.9649552528483899]
[-0.9978896150483842, 0.0015231714648521466]
[-0.02205730706909237, 0.9473984025559414]
[0.9996663649831967, -7.44540975406105E-4]
[0.0055214514711702245, -0.9659414969607552]
[-0.9979120822234261, 0.0014725422355590378]
[-0.02195845727993595, 0.9483083866300902]
[0.9996899227283065, -7.176535529767047E-4]
[0.005199505484893119, -0.9669068101950831]
[-0.9979342394176673, 0.0014230659850211769]
[-0.0218559792016364, 0.9492029389568277]
[0.999712520852778, -6.917168124354056E-4]
[0.004879821055018607, -0.9678513291647068]
[-0.9979560908782638, 0.001374735073458755]
[-0.021749958517852552, 0.9500821268587765]
[0.9997341668948874, -6.667206455092112E-4]
[0.004562598682909591, -0.9687752055648439]
[-0.9979776411100503, 0.001327540415087869]
[-0.02164048420021558, 0.9509460276701482]
[0.9997548705178897, -6.426529699836703E-4]
[0.004248029567179734, -0.9696786054499761]
[-0.9979988948265266, 0.0012814715970287383]
[-0.02152764833370724, 0.9517947282969743]
[0.9997746433840389, -6.194998779700533E-4]
[0.0039362954850686305, -0.9705617085066955]
[-0.9980198569032719, 0.0012365169948654886]
[-0.021411545929954867, 0.9526283247798994]
[0.9997934990238397, -5.972457855873969E-4]
[0.0036275687075800755, -0.9714247073240192]
[-0.9980405323339465, 0.0011926638845054516]
[-0.021292274729771354, 0.9534469218599491]
[0.9998114527016181, -5.758735830291295E-4]
[0.003322011947794079, -0.9722678066631247]
[-0.998060926189029, 0.0011498985500313363]
[-0.021169934996318918, 0.9542506325476996]
[0.9998285212784495, -5.553647840186304E-4]
[0.0030197783415497614, -0.9730912227283746]
[-0.9980810435773785, 0.0011082063872899228]
[-0.02104462930030726, 0.9550395776962441]
[0.9998447230734855, -5.356996737475583E-4]
[0.0027210114595293544, -0.973895182441507]
[-0.9981008896107276, 0.0010675720030232094]
[-0.020916462298646965, 0.9558138855783567]
[0.999860077724661, -5.168574544340832E-4]
[0.0024258453495871746, -0.9746799227207497]
[-0.9981204693711566, 0.001027979309376037]
[-0.02078554050798409, 0.9565736914682323]
[0.9998746060497183, -4.988163877051033E-4]
[0.0021344046080249424, -0.9754456897665835]
[-0.9981397878815766, 9.89411613666058E-4]
[-0.020651972074521074, 0.9573191372282199]
[0.9998883299084349, -4.815539331263219E-4]
[0.0018468044783689908, -0.9761927383558242]
[-0.9981588500792489, 9.518517033548779E-4]
[-0.02051586654153137, 0.9580503709009164]
[0.999901272066896, -4.650468822178233E-4]
[0.0015631509760973272, -0.9769213311455713]
[-0.9981776607923125, 9.152819261692979E-4]
[-0.020377334615883647, 0.9587675463070364]
[0.9999134560645551, -4.4927148741336076E-4]
[0.0012835410376477174, -0.9776317379885455]
[-0.9981962247192993, 8.796842653840953E-4]
[-0.02023648793489874, 0.9594708226494586]
[0.9999249060847928, -4.3420358548273974E-4]
[0.0010080626919667934, -0.9783242352612183]
[-0.9982145464115658, 8.450404102841036E-4]
[-0.020093438834763444, 0.9601603641238459]
[0.9999356468296055, -4.1981871501484136E-4]
[7.367952528052335E-4, -0.9789991052060492]
[-0.9982326302585859, 8.113318218863075E-4]
[-0.019948300121681806, 0.9608363395362421]
[0.9999457033989668, -4.060922276312162E-4]
[4.6980952989295055E-4, -0.9796566352890832]
[-0.9982504804759911, 7.78539793983235E-4]
[-0.019801184846853337, 0.9614989219280602]
[0.9999551011753584, -3.929993926760078E-4]
[2.071680571327783E-4, -0.9802971175740116]
[-0.9982681010962648, 7.466455096299951E-4]
[-0.01965220608629281, 0.9621482882088312]
[0.999963865713879, -3.8051549518325345E-4]
[-5.1074664071559805E-5, -0.9809208481137508]
[-0.9982854959619655, 7.156300931961956E-4]
[-0.019501476726433764, 0.9627846187971345]
[0.9999720226382716, -3.6861592701897816E-4]
[-3.0487190824080024E-4, -0.9815281263604646]
[-0.9983026687213289, 6.854746581302917E-4]
[-0.019349109256337482, 0.9634080972700527]
[0.999979597543148, -3.572762711007149E-4]
[-5.541844578379473E-4, -0.9821192545948438]
[-0.9983196228261244, 6.561603505903513E-4]
[-0.019195215567278545, 0.9640189100215348]
[0.9999866159026121, -3.464723787300894E-4]
[-7.989803257077988E-4, -0.9826945373753856]
[-0.9983363615315896, 6.276683891104362E-4]
[-0.019039906760360492, 0.9646172459299922]
[0.9999931029854275, -3.3618044004435355E-4]
[-0.001039234469697281, -0.9832542810082726]
[-0.9983528878982999, 5.99980100489006E-4]
[-0.018883292962724618, 0.9652032960354759]
[0.9999990837768128, -3.2637704771265597E-4]
[-0.001274928501174999, -0.983798793038367]
[-0.9983692047957857, 5.730769520734258E-4]
[-0.018725483152844835, 0.965777253226692]
[1.000004582906887, -3.1703925398696153E-4]
[-0.0015060503890739207, -0.9843283817617436]
[-0.9983853149077474, 5.469405806382E-4]
[-0.01856658499529429, 0.9663393119381627]
[1.000009624585741, -3.081446212993555E-4]
[-0.0017325941610399909, -0.9848433557600595]
[-0.9984012207386777, 5.215528180524398E-4]
[-0.018406704685286823, 0.9668896678577548]
[1.0000142325450578, -2.9967126660779275E-4]
[-0.0019545596031346757, -0.9853440234569752]
[-0.9984169246217384, 4.968957139177554E-4]
[-0.018245946803242208, 0.9674285176447811]
[1.0000184299861674, -2.915978997134472E-4]
[-0.0021719519594999848, -0.9858306926967526]
[-0.9984324287277062, 4.7295155538873423E-4]
[-0.018084414179496355, 0.9679560586588819]
[1.0000222395343756, -2.8390385583221267E-4]
[-0.002384781633266997, -0.9863036703450623]
[-0.9984477350748323, 4.497028843515327E-4]
[-0.017922207769260345, 0.9684724886997782]
[1.0000256831993677, -2.7656912267093325E-4]
[-0.0025930638899082092, -0.9867632619119375]
[-0.9984628455394473, 4.271325121553149E-4]
[-0.01775942653782714, 0.9689780057580687]
[1.000028782341476, -2.6957436232621923E-4]
[-0.0027968185641175647, -0.9872097711967358]
[-0.9984777618671603, 4.0522353208294337E-4]
[-0.017596167355975134, 0.9694728077770928]
[1.0000315576435572, -2.629009282911765E-4]
[-0.0029960697712253515, -0.9876434999549158]
[-0.998492485684503, 3.8395932973311897E-4]
[-0.017432524905475755, 0.9699570924259298]
[1.000034029088209, -2.565308778978981E-4]
[-0.003190845624049532, -0.9880647475863253]
[-0.9985070185108744, 3.633235914923816E-4]
[-0.017268591594517324, 0.9704310568835235]
[1.0000362159400404, -2.5044698050147307E-4]
[-0.003381177955971648, -0.988473810844672]
[-0.9985213617706553, 3.433003112571775E-4]
[-0.01710445748287559, 0.970894897633924]
[1.0000381367326998, -2.446327217271449E-4]
[-0.003567102050948845, -0.9888709835677605]
[-0.9985355168053694, 3.238737955654214E-4]
[-0.01694021021655867, 0.9713488102725569]
[1.0000398092603453, -2.3907230409536684E-4]
[-0.003748656381078408, -0.989256556428047]
[-0.9985494848857759, 3.050286672944269E-4]
[-0.016775934971656747, 0.9717929893234561]
[1.0000412505732543, -2.3375064434416615E-4]
[-0.003925882352230292, -0.9896308167029988]
[-0.9985632672237865, 2.8674986805077296E-4]
[-0.01661171440708742, 0.9722276280673169]
[1.0000424769772387, -2.2865336774091638E-4]
[-0.004098824058198947, -0.9899940480647138]
[-0.9985768649841176, 2.6902265940420556E-4]
[-0.016447628625890442, 0.9726529183802315]
[1.0000435040365647, -2.237667996939363E-4]
[-0.0042675280437172725, -0.9903465303882248]
[-0.9985902792955869, 2.518326230834811E-4]
[-0.01628375514472813, 0.9730690505829234]
[1.0000443465800557, -2.19077954945468E-4]
[-0.004432043076627645, -0.9906885395778497]
[-0.9986035112619833, 2.3516566024450736E-4]
[-0.016120168871199603, 0.9734762133002804]
[1.0000450187100696, -2.1457452462703142E-4]
[-0.0045924199294143375, -0.9910203474109831]
[-0.9986165619724436, 2.1900798993557125E-4]
[-0.015956942088605874, 0.9738745933309638]
[1.0000455338140508, -2.102448614356156E-4]
[-0.004748711170240338, -0.9913422213986339]
[-0.9986294325112818, 2.0334614683603647E-4]
[-0.015794144447736858, 0.9742643755268411]
[1.00004590457837, -2.0607796318616867E-4]
[-0.004900970963573503, -0.9916544246620518]
[-0.9986421239672223, 1.8816697839274532E-4]
[-0.0156318429653175, 0.9746457426819957]
[1.0000461430041612, -2.0206345498363643E-4]
[-0.005049254880431231, -0.9919572158247512]
[-0.998654637442004, 1.7345764141041276E-4]
[-0.015470102028676824, 0.9750188754310143]
[1.0000462604248936, -1.9819157022604728E-4]
[-0.005193619718208753, -0.9922508489192214]
[-0.9986669740583214, 1.592055981828322E-4]
[-0.015308983406259968, 0.9753839521562762]
[1.000046267525424, -1.9445313065602488E-4]
[-0.005334123330027585, -0.9925355733076494]
[-0.9986791349670879, 1.4539861225459916E-4]
[-0.015148546263566431, 0.9757411489039335]
[1.0000461743622817, -1.9083952565812634E-4]
[-0.005470824463490842, -0.9928116336159261]
[-0.9986911213540044, 1.3202474383899876E-4]
[-0.014988847184136622, 0.9760906393082645]
[1.0000459903849617, -1.8734269097187006E-4]
[-0.005603782608691044, -0.9930792696802588]
[-0.9987029344454232, 1.190723449846498E-4]
[-0.01482994019517958, 0.9764325945240846]
[1.0000457244580154, -1.839550869959794E-4]
[-0.005733057855284329, -0.9933387165056935]
[-0.9987145755135208, 1.0653005452343489E-4]
[-0.014671876797488825, 0.9767671831668893]
[1.0000453848837396, -1.8066967683205704E-4]
[-0.005858710758433028, -0.993590204235864]
[-0.9987260458807659, 9.43867928518971E-5]
[-0.014514705999247424, 0.9770945712603896]
[1.0000449794252737, -1.7747990420058368E-4]
[-0.005980802213365888, -0.9938339581332951]
[-0.9987373469237164, 8.263175658163036E-5]
[-0.014358474353404205, 0.9774149221911115]
[1.0000445153299546, -1.7437967136335608E-4]
[-0.006099393338310388, -0.9940701985696112]
[-0.9987484800761385, 7.125441310551484E-5]
[-0.01420322599823487, 0.9777283966697361]
[1.00004399935276, -1.71363317160389E-4]
[-0.006214545365517188, -0.9942991410249962]
[-0.9987594468314891, 6.0244495095562733E-5]
[-0.014049002700796676, 0.9780351526988198]
[1.0000434377797083, -1.6842559525620526E-4]
[-0.006326319540098657, -0.9945209960962931]
[-0.9987702487447696, 4.9591994975228815E-5]
[-0.013895843902930749, 0.9783353455465988]
[1.000042836451096, -1.6556165269010492E-4]
[-0.006434777026375127, -0.9947359695131328]
[-0.9987808874337885, 3.928715937606686E-5]
[-0.013743786769530586, 0.9786291277265252]
[1.000042200784448, -1.6276700880624162E-4]
[-0.0065399788214350885, -0.9949442621614928]
[-0.9987913645798518, 2.9320483611372516E-5]
[-0.01359286623877809, 0.9789166489822263]
[1.0000415357970995, -1.6003753462923154E-4]
[-0.006641985675584494, -0.9951460701141408]
[-0.9988016819279262, 1.968270617602741E-5]
[-0.013443115074076806, 0.9791980562775678]
[1.0000408461283115, -1.5736943274347048E-4]
[-0.006740858019390672, -0.9953415846673996]
[-0.998811841286295, 1.0364803286755375E-5]
[-0.013294563917429447, 0.9794734937915031]
[1.00004013606085, -1.5475921772412082E-4]
[-0.006836655896994337, -0.9955309923837197]
[-0.9988218445257482, 1.3579834816646041E-6]
[-0.013147241344015126, 0.9797431029174264]
[1.00003940954197, -1.522036971609575E-4]
[-0.006929438905377339, -0.9957144751395519]
[-0.9988316935783438, -7.34631771603933E-6]
[-0.013001173917731368, 0.9800070222667101]
[1.000038670203746, -1.4969995330715857E-4]
[-0.007019266139288383, -0.9958922101780392]
[-0.9988413904357663, -1.5756443063841274E-5]
[-0.012856386247500962, 0.9802653876761696]
[1.0000379213827066, -1.4724532537679913E-4]
[-0.0071061961415077035, -0.9960643701660842]
[-0.998850937147334, -2.3880518780772242E-5]
[-0.01271290104413414, 0.9805183322191524]
[1.000037166138747, -1.448373925172497E-4]
[-0.007190286858159423, -0.9962311232553296]
[-0.9988603358176689, -3.172645964910625E-5]
[-0.01257073917756013, 0.9807659862200074]
[1.0000364072732781, -1.4247395745692337E-4]
[-0.007271595598775715, -0.9963926331466695]
[-0.9988695886040877, -3.930197402546298E-5]
[-0.012429919734265882, 0.9810084772716611]
[1.0000356473466123, -1.401530308486887E-4]
[-0.007350179000821133, -0.9965490591578692]
[-0.998878697713731, -4.661456875854064E-5]
[-0.01229046007477319, 0.9812459302560688]
[1.000034888694558, -1.378728163093923E-4]
[-0.007426092998418177, -0.9967005562939586]
[-0.998887665400473, -5.3671554017697964E-5]
[-0.012152375891007927, 0.9814784673672932]
[1.0000341334442273, -1.3563169614871917E-4]
[-0.007499392794976967, -0.996847275320009]
[-0.9988964939616389, -6.048004802550189E-5]
[-0.012015681263433664, 0.9817062081369925]
[1.0000333835290518, -1.334282177917201E-4]
[-0.007570132839496202, -0.9969893628359958]
[-0.9989051857345678, -6.7046981699459E-5]
[-0.011880388717819157, 0.9819292694621014]
[1.0000326407030151, -1.3126108087968547E-4]
[-0.007638366806270891, -0.997126961353432]
[-0.9989137430930434, -7.337910319293872E-5]
[-0.011746509281531425, 0.9821477656344881]
[1.0000319065541077, -1.2912912504570162E-4]
[-0.0077041475777723245, -0.9972602093734709]
[-0.9989221684436276, -7.948298234961015E-5]
[-0.011614052539251074, 0.9823618083724217]
[1.0000311825170183, -1.2703131834690407E-4]
[-0.007767527230470195, -0.9973892414662149]
[-0.998930464221917, -8.536501506417604E-5]
[-0.011483026688011932, 0.9825715068536267]
[1.0000304698850764, -1.2496674633966087E-4]
[-0.007828557023378924, -0.9975141883509853]
[-0.9989386328887571, -9.103142754729454E-5]
[-0.011353438591497511, 0.9827769677497842]
[1.0000297698214706, -1.2293460178536275E-4]
[-0.00788728738911848, -0.9976351769773061]
[-0.998946676926426, -9.648828050723424E-5]
[-0.011225293833502126, 0.982978295262287]
[1.000029083369755, -1.2093417495429026E-4]
[-0.007943767927291512, -0.9977523306063845]
[-0.9989545988348216, -1.0174147324126803E-4]
[-0.011098596770504288, 0.9831755911591245]
[1.0000284114636746, -1.1896484453799427E-4]
[-0.007998047399992991, -0.9978657688928971]
[-0.9989624011276637, -1.0679674763447444E-4]
[-0.010973350583282748, 0.9833689548127086]
[1.0000277549363301, -1.1702606910601876E-4]
[-0.00805017372926603, -0.9979756079668765]
[-0.9989700863287314, -1.1165969208282167E-4]
[-0.010849557327538562, 0.9835584832385507]
[1.0000271145287076, -1.151173791360538E-4]
[-0.008100193996346372, -0.9980819605155451]
[-0.9989776569681585, -1.1633574532776692E-4]
[-0.010727217983468429, 0.9837442711346192]
[1.0000264908976062, -1.1323836954735267E-4]
[-0.008148154442530031, -0.9981849358649214]
[-0.9989851155787975, -1.2083020021258495E-4]
[-0.010606332504255023, 0.9839264109212853]
[1.000025884622984, -1.1138869275584273E-4]
[-0.008194100471515475, -0.9982846400610625]
[-0.998992464692664, -1.2514820735232135E-4]
[-0.01048689986344542, 0.9841049927817336]
[1.0000252962147482, -1.095680522064102E-4]
[-0.008238076653087179, -0.9983811759508054]
[-0.9989997068374792, -1.29294778735356E-4]
[-0.010368918101184565, 0.9842801047027245]
[1.000024726119032, -1.0777619636304081E-4]
[-0.008280126728000381, -0.9984746432618924]
[-0.999006844533317, -1.3327479123770303E-4]
[-0.010252384369295764, 0.9844518325156367]
[1.000024174723967, -1.0601291314671357E-4]
[-0.008320293613953589, -0.9985651386823582]
[-0.9990138802893721, -1.370929900715856E-4]
[-0.010137294975179234, 0.9846202599376667]
[1.000023642364992, -1.0427802478163439E-4]
[-0.008358619412526802, -0.998652755939101]
[-0.9990208166008427, -1.4075399215451867E-4]
[-0.010023645424521832, 0.9847854686131259]
[1.0000231293297164, -1.0257138304436975E-4]
[-0.00839514541698666, -0.9987375858755198]
[-0.9990276559459541, -1.4426228940800367E-4]
[-0.009911430462815396, 0.9849475381547519]
[1.00002263586238, -1.0089286488801363E-4]
[-0.00842991212084987, -0.9988197165281639]
[-0.9990344007831156, -1.4762225198716727E-4]
[-0.009800644115671497, 0.9851065461849542]
[1.0000221621679146, -9.924236841907241E-5]
[-0.008462959227125366, -0.9988992332023132]
[-0.9990410535482144, -1.5083813143834668E-4]
[-0.00969127972794026, 0.9852625683769406]
[1.000021708415646, -9.76198092157432E-5]
[-0.008494325658138124, -0.9989762185464187]
[-0.9990476166520594, -1.5391406378462147E-4]
[-0.009583330001624257, 0.9854156784956613]
[1.0000212747426604, -9.602511695672167E-5]
[-0.008524049565863445, -0.9990507526253625]
[-0.999054092477972, -1.5685407255483508E-4]
[-0.009476787032611234, 0.9855659484385069]
[1.0000208612568557, -9.44582323526566E-5]
[-0.008552168342697786, -0.9991229129924857]
[-0.999060483379522, -1.5966207173545577E-4]
[-0.009371642346211684, 0.9857134482757247]
[1.0000204680396996, -9.291910435371697E-5]
[-0.008578718632598126, -0.9991927747603249]
[-0.9990667916784157, -1.623418686635958E-4]
[-0.009267886931532687, 0.9858582462905021]
[1.000020095148717, -9.140768762561091E-5]
[-0.00860373634252859, -0.9992604106700621]
[-0.9990730196625315, -1.648971668511967E-4]
[-0.009165511274681015, 0.9860004090186647]
[1.0000197426197346, -8.992394026385853E-5]
[-0.008627256654157534, -0.9993258911596083]
[-0.9990791695841086, -1.6733156875170518E-4]
[-0.009064505390831257, 0.9861400012879756]
[1.00001941046889, -8.846782174742884E-5]
[-0.00864931403575836, -0.9993892844303474]
[-0.9990852436580746, -1.6964857845758186E-4]
[-0.008964858855146973, 0.9862770862569843]
[1.0000190986944266, -8.70392911008766E-5]
[-0.008669942254258156, -0.9994506565124761]
[-0.9990912440605259, -1.7185160434352031E-4]
[-0.008866560832606729, 0.9864117254533943]
[1.0000188072783116, -8.56383052577625E-5]
[-0.00868917438740291, -0.9995100713289666]
[-0.9990971729273457, -1.739439616426086E-4]
[-0.008769600106717346, 0.9865439788119412]
[1.0000185361876566, -8.426481761314442E-5]
[-0.008707042835987167, -0.9995675907581048]
[-0.9991030323529673, -1.759288749663135E-4]
[-0.008673965107165227, 0.986673904711748]
[1.0000182853759987, -8.291877675004056E-5]
[-0.008723579336127718, -0.9996232746946281]
[-0.9991088243892648, -1.7780948076429048E-4]
[-0.008579643936409087, 0.9868015600131179]
[1.0000180547844177, -8.160012531965855E-5]
[-0.008738814971535724, -0.9996771811094476]
[-0.9991145510445854, -1.7958882972635148E-4]
[-0.008486624395234177, 0.9869270000937869]
[1.0000178443425365, -8.03087990816076E-5]
[-0.008752780185770914, -0.9997293661079463]
[-0.9991202142829032, -1.812698891255904E-4]
[-0.00839489400730753, 0.9870502788845893]
[1.0000176539693928, -7.904472607100921E-5]
[-0.008765504794441603, -0.9997798839868757]
[-0.9991258160231009, -1.8285554510877322E-4]
[-0.008304440042736116, 0.9871714489045342]
[1.0000174835742093, -7.78078259002779E-5]
[-0.008777017997336045, -0.9998287872898479]
[-0.9991313581383718, -1.843486049268872E-4]
[-0.008215249540666991, 0.9872905612952858]
[1.0000173330570665, -7.659800917325654E-5]
[-0.008787348390464023, -0.9998761268614271]
[-0.9991368424557303, -1.8575179910940154E-4]
[-0.00812730933093897, 0.9874076658550257]
[1.0000172023094889, -7.541517701048495E-5]
[-0.008796523977982806, -0.9999219518998439]
[-0.9991422707556429, -1.8706778359200982E-4]
[-0.0080406060548317, 0.9875228110717181]
[1.0000170912149604, -7.425922066872648E-5]
[-0.008804572184002213, -0.9999663100083309]
[-0.9991476447717529, -1.882991417808677E-4]
[-0.007955126184907568, 0.9876360441557305]
[1.0000169996493677, -7.313002125441947E-5]
[-0.008811519864247441, -1.0000092472451094]
[-0.9991529661907153, -1.894483865735319E-4]
[-0.007870856043997065, 0.9877474110718503]
[1.0000169274813886, -7.202744951462225E-5]
[-0.008817393317578248, -1.0000508081720334]
[-0.9991582366521203, -1.9051796232050222E-4]
[-0.007787781823334616, 0.9878569565706654]
[1.000016874572825, -7.095136570844929E-5]
[-0.008822218297332707, -1.000091035901915]
[-0.9991634577485118, -1.9151024674135542E-4]
[-0.007705889599879501, 0.987964724219323]
[1.0000168407788972, -6.990161954500973E-5]
[-0.008826020022516756, -1.000129972144542]
[-0.9991686310254824, -1.9242755278681134E-4]
[-0.00762516535283464, 0.9880707564316529]
[1.0000168259484918, -6.887805017452564E-5]
[-0.008828823188808232, -1.0001676572514222]
[-0.9991737579818616, -1.932721304532814E-4]
[-0.0075455949794059896, 0.9881750944976797]
[1.0000168299243866, -6.788048624961629E-5]
[-0.008830651979376047, -1.0002041302592568]
[-0.9991788400699677, -1.9404616855189794E-4]
[-0.007467164309801988, 0.9882777786124981]
[1.0000168525434394, -6.690874602210961E-5]
[-0.008831530075520122, -1.0002394289321883]
[-0.9991838786959366, -1.9475179642169937E-4]
[-0.007389859121525233, 0.9883788479045397]
[1.0000168936367586, -6.596263749325537E-5]
[-0.00883148066710876, -1.0002735898028172]
[-0.9991888752201132, -1.953910856066221E-4]
[-0.007313665152944959, 0.9884783404632206]
[1.0000169530298497, -6.504195859946549E-5]
[-0.008830526462831112, -1.0003066482120435]
[-0.9991938309575054, -1.9596605147731427E-4]
[-0.007238568116213151, 0.9885762933659739]
[1.000017030542756, -6.414649743247125E-5]
[-0.00882868970024836, -1.0003386383477229]
[-0.999198747178293, -1.9647865481686733E-4]
[-0.007164553709509192, 0.9886727427046944]
[1.0000171259901727, -6.327603249300928E-5]
[-0.008825992155646833, -1.0003695932821963]
[-0.9992036251083913, -1.9693080335281277E-4]
[-0.0070916076286642316, 0.9887677236115628]
[1.0000172391815654, -6.243033297148592E-5]
[-0.008822455153696451, -1.0003995450086836]
[-0.9992084659300575, -1.9732435325414688E-4]
[-0.007019715578172159, 0.9888612702842929]
[1.000017369921275, -6.160915904662723E-5]
[-0.008818099576906269, -1.000428524476591]
[-0.9992132707825467, -1.9766111058494573E-4]
[-0.0069488632816104845, 0.9889534160107957]
[1.0000175180086175, -6.081226220910896E-5]
[-0.008812945874888123, -1.0004565616257506]
[-0.9992180407628055, -1.979428327092414E-4]
[-0.0068790364915002344, 0.9890441931932568]
[1.0000176832379846, -6.003938560106281E-5]
[-0.008807014073419328, -1.0004836854196106]
[-0.9992227769261969, -1.981712296666993E-4]
[-0.006810220998609617, 0.9891336333716522]
