[1.0000178653989416, -5.929026436912732E-5]
[-0.008800626950101476, -1.0005083446834342]
[-0.9991822341825505, -3.0611122008639136E-4]
[-0.011460345400773897, 1.0007177806843157]
[1.0000178653989416, -5.929026436912732E-5]
[-0.008800626950101476, -1.0005083446834342]
[-0.9991822341825505, -3.0611122008639136E-4]
[-0.011460345400773897, 1.0007177806843157]
[1.0000178653989416, -5.929026436912732E-5]
[-0.008800626950101476, -1.0005083446834342]
[-0.9991822341825505, -3.0611122008639136E-4]
[-0.011460345400773897, 1.0007177806843157]
[1.0000178653989416, -5.929026436912732E-5]
[-0.008800626950101476, -1.0005083446834342]
[-0.9991822341825505, -3.0611122008639136E-4]
[-0.011460345400773897, 1.0007177806843157]
[1.0000178653989416, -5.929026436912732E-5]
[-0.008800626950101476, -1.0005083446834342]
[-0.9991822341825505, -3.0611122008639136E-4]
[-0.011460345400773897, 1.0007177806843157]
[1.0000178653989416, -5.929026436912732E-5]
[-0.008800626950101476, -1.0005083446834342]
[-0.9991822341825505, -3.0611122008639136E-4]
[-0.011460345400773897, 1.0007177806843157]
[1.0000178653989416, -5.929026436912732E-5]
[-0.008800626950101476, -1.0005083446834342]
[-0.9991822341825505, -3.0611122008639136E-4]
[-0.011460345400773897, 1.0007177806843157]
[1.0000178653989416, -5.929026436912732E-5]
[-0.008800626950101476, -1.0005083446834342]
[-0.9991822341825505, -3.0611122008639136E-4]
[-0.011460345400773897, 1.0007177806843157]
[1.0000178653989416, -5.929026436912732E-5]
[-0.008800626950101476, -1.0005083446834342]
[-0.9991822341825505, -3.0611122008639136E-4]
[-0.011460345400773897, 1.0007177806843157]
[1.0000178653989416, -5.929026436912732E-5]
[-0.008800626950101476, -1.0005083446834342]
[-0.9991822341825505, -3.0611122008639136E-4]
[-0.011460345400773897, 1.0007177806843157]
[1.0000178653989416, -5.929026436912732E-5]
[-0.008800626950101476, -1.0005083446834342]
[-0.9991822341825505, -3.0611122008639136E-4]
[-0.011460345400773897, 1.0007177806843157]
[1.0000178653989416, -5.929026436912732E-5]
[-0.008800626950101476, -1.0005083446834342]
[-0.9991822341825505, -3.0611122008639136E-4]
[-0.011460345400773897, 1.0007177806843157]
[1.0000178653989416, -5.929026436912732E-5]
[-0.008800626950101476, -1.0005083446834342]
[-0.9991822341825505, -3.0611122008639136E-4]
[-0.011460345400773897, 1.0007177806843157]
[1.0000178653989416, -5.929026436912732E-5]
[-0.008800626950101476, -1.0005083446834342]
[-0.9991822341825505, -3.0611122008639136E-4]
[-0.011460345400773897, 1.0007177806843157]
[1.0000178653989416, -5.929026436912732E-5]
[-0.008800626950101476, -1.0005083446834342]
[-0.9991822341825505, -3.0611122008639136E-4]
[-0.011460345400773897, 1.0007177806843157]
[1.0000178653989416, -5.929026436912732E-5]
[-0.008800626950101476, -1.0005083446834342]
[-0.9991822341825505, -3.0611122008639136E-4]
[-0.011460345400773897, 1.0007177806843157]
[1.0000178653989416, -5.929026436912732E-5]
[-0.008800626950101476, -1.0005083446834342]
[-0.9991822341825505, -3.0611122008639136E-4]
[-0.011460345400773897, 1.0007177806843157]
[1.0000178653989416, -5.929026436912732E-5]
[-0.008800626950101476, -1.0005083446834342]
[-0.9991822341825505, -3.0611122008639136E-4]
[-0.011460345400773897, 1.0007177806843157]
[1.0000178653989416, -5.929026436912732E-5]
[-0.008800626950101476, -1.0005083446834342]
[-0.9991822341825505, -3.0611122008639136E-4]
[-0.011460345400773897, 1.0007177806843157]
[1.0000178653989416, -5.929026436912732E-5]
[-0.008800626950101476, -1.0005083446834342]
[-0.9991822341825505, -3.0611122008639136E-4]
[-0.011460345400773897, 1.0007177806843157]
[1.0000178653989416, -5.929026436912732E-5]
[-0.008800626950101476, -1.0005083446834342]
[-0.9991822341825505, -3.0611122008639136E-4]
[-0.011460345400773897, 1.0007177806843157]
[1.0000178653989416, -5.929026436912732E-5]
[-0.008800626950101476, -1.0005083446834342]
[-0.9991822341825505, -3.0611122008639136E-4]
[-0.011460345400773897, 1.0007177806843157]
[1.0000178653989416, -5.929026436912732E-5]
[-0.008800626950101476, -1.0005083446834342]
[-0.9991822341825505, -3.0611122008639136E-4]
[-0.011460345400773897, 1.0007177806843157]
[1.0000178653989416, -5.929026436912732E-5]
[-0.008800626950101476, -1.0005083446834342]
[-0.9991822341825505, -3.0611122008639136E-4]
[-0.011460345400773897, 1.0007177806843157]
[1.0000178653989416, -5.929026436912732E-5]
[-0.008800626950101476, -1.0005083446834342]
[-0.9991822341825505, -3.0611122008639136E-4]
[-0.011460345400773897, 1.0007177806843157]
