0.0707097737693974
0.09987315928677576
0.12234327315311871
0.141200952145246
0.15785829165440052
0.1728588692295933
0.1866919338365902
0.1995193839120331
0.2115854729709741
0.22295621194964793
0.23379415109463889
0.24411272989110258
0.25401659323048187
0.26350828003241883
0.27268305460959774
0.281521301615171
0.2900876895448442
0.2983640987629941
0.3064281582466978
0.3142426618319984
0.32185974325815386
0.32924690263013817
0.3364838930675066
0.3435154592573879
0.3503941677650197
0.3570711719379782
0.36364161229071224
0.3700264249650901
0.37628822601445283
0.3823561276864086
0.38835352858339245
0.39416817107049706
0.3998826910292641
0.40539538059249414
0.4108727686599141
0.41615646360584535
0.42136116997560835
0.42634248127052327
0.4313277450852131
0.43609614411087155
0.44080914002252247
0.4452650880160784
0.4497719213711016
0.45402800845680913
0.45825804661596775
0.46218756444899806
0.4662243373918565
0.46996824886908517
0.4737229888461435
0.4771276529796836
0.48070444878884894
0.4839419073948246
0.4872340213426929
0.49012565837798905
0.49325894469473114
0.4960070804201218
0.4988575986686978
0.5012623752432429
0.5039769535365053
0.5062665210862621
0.5087053605880177
0.5106637958967928
0.5129922794011387
0.5148662699844306
0.5169305747886392
0.5184941696847831
0.5204747665864553
0.5219844481523056
0.5237157429925129
0.5249417980675193
0.5266153720131665
0.5278153181822877
0.5292564455012819
0.5302027651879176
0.531610014992648
0.532553544813773
0.5337460645366859
0.5344667481652491
0.5356460321589986
0.536381909519577
0.537364279554705
0.5379070886107505
0.5388930776535427
0.5394636850654275
0.5402702456233938
0.5406754643321198
0.5414985538756399
0.5419393212838169
0.5425999343351684
0.5429003469066715
0.5435866308445454
0.5439263240826332
0.5444664620405056
0.5446880129986286
0.5452595997342533
0.54552108231982
0.5459621766068743
0.5461249541074913
0.546600443448362
0.5468016195267723
0.5425733730844697
0.5380907465345298
0.5338360499631752
0.5293209141132148
0.5249007158330288
0.5202456393355189
0.5157917514452766
0.5110945441100839
0.5064778465219695
0.501646140219232
0.4969873748162782
0.49210335177021514
0.48728491900022636
0.4822714446815569
0.4774019671515612
0.472326004441065
0.46730080497243004
0.46210106352259633
0.45701593569180177
0.45174425361172643
0.4465089185072929
0.44112127735920814
0.43581809720610537
0.43035068008016625
0.42490564025618116
0.41933438730119005
0.4138155995115475
0.4081594577384429
0.4025117703354566
0.3967710538732114
0.3910468398472948
0.38522004442745716
0.3793866568519983
0.373505013880942
0.3675963440368832
0.3616323172114869
0.35564310042455116
0.3496676679164256
0.34360868665096
0.33755960856433753
0.3314590884231351
0.32545792205709784
0.31929658928264626
0.3132342908940533
0.30708097077834834
0.3011416572865389
0.2949378182636272
0.2889506878443977
0.2828134651579998
0.2770369445554656
0.2708578063451583
0.26504333260215174
0.25899557318686567
0.2534857632996703
0.2473997163860649
0.24185394428955906
0.23596665419843457
0.23081825162710207
0.22488853092328098
0.219695020906447
0.21403074175771894
0.20931840098318488
0.20359800777367107
0.1988191376841769
0.19342773150909406
0.18919925707552362
0.18372802936813276
0.1794005673405217
0.1743173293081018
0.17059195995339962
0.16539598107560852
0.1615313039351291
0.1567771897322736
0.15354837520272643
0.14864130587318986
0.14522923262521495
0.14081258490174955
0.1380536067091007
0.13343918052257459
0.13045370691677746
0.12637274775609422
0.12404334894052362
0.11971823098379125
0.11712354290137617
0.11336900745362262
0.11142162148271542
0.10737801883232602
0.10513369709133842
0.10169120417673903
0.10007599992401413
0.0963036928838006
0.09436862194713347
0.09122059995946187
0.08988909739304421
0.0863768111725457
0.08471175240415853
0.08183889848108644
0.08074625178110839
0.07748245069961324
0.07605148830010032
0.07343382249076293
0.07254002823260094
0.06951328547786902
0.068284440705579
0.06590204284393332
0.06517236857330767
0.0623714701287304
0.0613167696721543
0.059150280710192925
0.05855518032819133
0.05596909288867236
0.055064322641405344
0.053095274625234626
0.05261000157530719
0.05022779470631589
0.04945210444754296
0.047663125552574195
0.047267196146537856
0.04507797220809303
0.04441343748897088
0.042788364931764106
0.04246497334303478
0.040457830465629334
0.03988903219343592
0.038412956787198554
0.0381484039129691
0.036312438429363415
0.0358260889198507
0.034485349361095666
0.034268519663608846
0.03259286345414015
0.032177487910718866
0.030959629212317038
0.030781530906041937
0.029255414001175532
0.028901085414773414
0.027794793231958635
0.02764816550620552
0.02626099300644899
0.025959113438045057
0.024954133806454948
0.02483311807709986
0.023574551398113472
0.023317671169339405
0.022404723157507377
0.022304591956098855
0.021164626437649044
0.02094629323873592
0.02011698016979245
0.020033915969080954
0.019002949244874234
0.0188175804842342
0.018064303737695735
0.017995219921416124
0.017064107681631302
0.01690688090756707
0.01622275891650528
0.016165155661394627
0.015325253318208708
0.015192010912340428
0.014570804848313457
0.014522653541921343
0.013765843744359471
0.013653009186892365
0.01308905597235906
0.013048706729774871
0.01236741367238125
0.012271917491843427
0.011760070172981807
0.011726177922454397
0.011113370006945527
0.011032584086963806
0.010568159201129423
0.010539624625413753
0.009988807341496604
0.009920486619925534
0.009499217958541339
0.009475140283946321
0.008980341254046497
0.008922572071354154
0.008540570128972816
0.008520209345786718
0.008075957400537483
0.008027111882484948
0.007680828259064514
0.007663574843864079
0.007264874820658949
0.007223570751504522
0.006909766807132785
0.006895117412450028
0.0065374221443604014
0.006502487826791842
0.0062182069526629195
0.0062057448467154434
0.005884925566989488
0.005855369190473799
0.005597912139743285
0.005587291431908255
0.005299607582507732
0.005274590642704973
0.005041493448233933
0.005032426336673713
0.004774495551580919
0.0047533098851143644
0.004542323970665025
0.00453457040725804
0.004303339249817725
0.004285387273174965
0.004094461436169799
0.004087820729195433
0.0038805366002127983
0.003865314369191597
0.0036925783747991203
0.003686882348627559
0.003501066848002946
0.0034881495842732273
0.0033318991619617554
0.0033270065709046933
0.0031604304881303015
0.0031494602511233077
0.003008143326481836
0.0030039352814249126
0.0028545953062456345
0.0028452705206075263
0.0027174745482347476
0.0027138507632226434
0.002579947943768867
0.0025720145240557732
0.0024564548129417077
0.002453330517296703
0.0023332504456542533
0.002326494290027895
0.00222200323240466
0.0022193066244052258
0.0021116012957660742
0.002105841948622506
0.002011359077961785
0.002009029220293623
0.0019124004887580168
0.0019074857981399168
0.0018220486129025084
0.001820033689352864
0.001733318228756334
0.0017291198478866599
0.0016518553456941949
0.0016501112139335435
0.0015722668837728137
0.0015686764870641752
0.0014987933599102394
0.0014972823475090779
0.0014273758605258453
0.0014243019630249105
0.0013610834085627296
0.001359773309263956
0.0012969690972244458
0.0012943343827707704
0.0012371314900657309
0.0012359947252763611
0.0011795449019421584
0.0011772839795258522
0.001125509650288298
0.0011245225671618804
0.0010737578915985756
0.0010718154116828818
0.0010249387801544276
0.0010240810628180251
9.784028114341295E-4
9.767318845677899E-4
9.342732011043013E-4
9.335273757863944E-4
8.924000373880328E-4
8.909609064653767E-4
8.524868515677174E-4
8.518378697998278E-4
8.147825841557337E-4
8.135415093783388E-4
7.786609065512213E-4
7.780957934005272E-4
7.446844600987872E-4
7.436127822257148E-4
7.119726796468153E-4
7.114802362119075E-4
6.813302267843718E-4
6.804035797872864E-4
6.516856723707E-4
6.512562236356108E-4
6.240256359113009E-4
6.232232848183104E-4
5.971406498703774E-4
5.967658305411602E-4
5.721492298873573E-4
5.714535135307E-4
5.477476348201271E-4
5.474202070260128E-4
5.251448044945946E-4
5.245406661823419E-4
5.029787228730036E-4
5.026924206506792E-4
4.8251464303770064E-4
4.8198923494360065E-4
4.6236163345214913E-4
4.621110297874419E-4
4.4381344122071837E-4
4.433557906113632E-4
4.254739190380349E-4
4.252543119466327E-4
4.086428508349447E-4
4.082435781998907E-4
3.919377645211774E-4
3.917450792355295E-4
3.766465782484092E-4
3.7629765902679363E-4
3.6141531571847596E-4
3.6124602053291366E-4
3.475059807422275E-4
3.472005436995958E-4
3.3360448286276994E-4
3.334555165907279E-4
3.209361100105564E-4
3.2066826645543294E-4
3.082351708370952E-4
3.08103880167388E-4
2.966821576970957E-4
2.9644685667462004E-4
2.8506589319942375E-4
2.849499785145997E-4
2.7451626274521923E-4
2.7430916813580365E-4
2.638807316944643E-4
2.6377820014306303E-4
2.542346446552354E-4
2.5405203076552386E-4
2.4448660703651196E-4
2.443957318407219E-4
2.3565503053106564E-4
2.3549369331434694E-4
2.2671083033303635E-4
2.266301154705192E-4
2.1861434712082718E-4
2.1847152862260698E-4
2.1039890766054743E-4
2.1032705718967282E-4
2.0296665196757529E-4
2.0283997597473705E-4
1.9541257305906153E-4
1.9534846446525776E-4
1.885812803431095E-4
1.884686975345782E-4
1.8162802763166503E-4
1.815706886628405E-4
1.753411868879681E-4
1.752409280518333E-4
1.6893436456874887E-4
1.6888295310317554E-4
1.6314146287046865E-4
1.630519989759839E-4
1.572321618075339E-4
1.571859483607708E-4
1.5188801174718174E-4
1.518080198472458E-4
1.4643222572191132E-4
1.4639057825258415E-4
1.4149636728981888E-4
1.4142470138668188E-4
1.364544707497715E-4
1.36416841469092E-4
1.3189063996927586E-4
1.3182630610824304E-4
1.2722692123019058E-4
1.2719283515844277E-4
1.2300257857977183E-4
1.229447135469201E-4
1.1868482296392287E-4
1.186538680100162E-4
1.1477073526434464E-4
1.1471858835803727E-4
1.1076985314467076E-4
1.1074167151313704E-4
1.0713972318199011E-4
1.0709264060728354E-4
1.0342941834910601E-4
1.0340369910341158E-4
1.000595570489894E-4
1.0001696855110901E-4
9.661603123166477E-5
9.659250386404222E-5
9.348506770106785E-5
9.344647511100638E-5
9.028675745285823E-5
9.02651863294652E-5
8.737538266599772E-5
8.734035007959385E-5
8.440272518461479E-5
8.43829047511465E-5
8.16934655138244E-5
8.166161086670409E-5
7.892869028686769E-5
7.891044093409992E-5
7.640570746792163E-5
7.63766953036162E-5
7.38326509407866E-5
7.381581544213554E-5
7.148156541872089E-5
7.14551006769984E-5
6.908550615881402E-5
6.906994660310367E-5
6.689324108593366E-5
6.686906376373796E-5
6.466075317316557E-5
6.464634832559438E-5
6.2615396627575E-5
6.259327718653818E-5
6.0534219235601746E-5
6.0520862268515836E-5
5.8624902497873614E-5
5.860463791082541E-5
5.6683823844567475E-5
5.66714203872226E-5
5.490061381385229E-5
5.488202415843115E-5
5.308936785449043E-5
5.307783431766123E-5
5.14231719051488E-5
5.1406097426071526E-5
4.973234631867081E-5
4.9721608455807576E-5
4.817482809594251E-5
4.8159126668896323E-5
4.659578227452575E-5
4.658577394628818E-5
4.513928710467164E-5
4.5124832044581485E-5
4.366407900110106E-5
4.365474111457058E-5
4.230156774945136E-5
4.2288245914203266E-5
4.092288856641606E-5
4.091416816421891E-5
3.96478789172758E-5
3.963558906509151E-5
3.8358994738749E-5
3.8350844216708175E-5
3.71655089962217E-5
3.715416036094007E-5
3.596020856493683E-5
3.595258499986001E-5
3.484272718401996E-5
3.483223823773485E-5
3.371527512167606E-5
3.370813969344043E-5
3.266869527688254E-5
3.265899265379142E-5
3.161379012587635E-5
3.1607107620220235E-5
3.063338871067394E-5
3.0624406269770074E-5
2.9646125249339644E-5
2.9639863629686664E-5
2.8727525775350125E-5
2.8719203782814134E-5
2.7803361123417578E-5
2.7797491161738978E-5
2.6942504055074068E-5
2.6934788469952533E-5
2.607722714314834E-5
2.607172210129317E-5
2.5270343261502966E-5
2.5263185110625093E-5
2.446004728911822E-5
2.445488264328794E-5
2.3703633729819554E-5
2.3696988559889572E-5
2.294469128105694E-5
2.29398444831736E-5
2.223548993595324E-5
2.2229317332473314E-5
2.152453046096165E-5
2.151998073156536E-5
2.0859508471802648E-5
2.0853771635942427E-5
2.019339787700829E-5
2.0189126025135134E-5
1.956972998384488E-5
1.9564395359618193E-5
1.8945552104125776E-5
1.8941540370265546E-5
1.836060464042437E-5
1.8355641585606538E-5
1.7775644393160697E-5
1.7771876311980296E-5
1.7226960745695105E-5
1.722234124081393E-5
1.6678688789988437E-5
1.6675149069994472E-5
1.6163976163953114E-5
1.6159674554485646E-5
1.5650034909074E-5
1.5646709326805923E-5
1.5167152258446037E-5
1.5163145026011955E-5
1.4685343083442985E-5
1.4682218390144244E-5
1.4232290083735999E-5
1.4228555642647778E-5
1.378056164601276E-5
1.3777625485035504E-5
1.3355468601412041E-5
1.3351987117446627E-5
1.2931906126156217E-5
1.2929146959617416E-5
1.253302471582693E-5
1.2529777944488244E-5
1.2135840170243732E-5
1.2133247213657687E-5
1.1761534950017434E-5
1.1758506091939716E-5
1.1389058017030454E-5
1.1386621180853067E-5
1.1037798602388491E-5
1.1034972173826863E-5
1.0688468378058387E-5
1.0686178215210214E-5
1.035882224291323E-5
1.0356183959538819E-5
1.0031179589972724E-5
1.0029027248572075E-5
9.721805423200331E-6
9.719342095658345E-6
9.414485920421095E-6
9.412463101049839E-6
9.124127488629418E-6
9.12182692850278E-6
8.835854922217772E-6
8.833953839154733E-6
8.563335392865003E-6
8.561186327864906E-6
8.2929157417113E-6
8.291129087644383E-6
8.037132425770102E-6
8.035124423126494E-6
7.783448297327882E-6
7.781769211131074E-6
7.54336777496112E-6
7.541491172103648E-6
7.30537325299896E-6
7.303795290213609E-6
7.080026849594762E-6
7.078272691336301E-6
6.856742718962291E-6
6.8552598246810376E-6
6.645222302247231E-6
6.64358228377166E-6
6.435731619204438E-6
6.4343381030882534E-6
6.237185691004286E-6
6.235652106054085E-6
6.040629670784793E-6
6.039320183989641E-6
5.854259729823964E-6
5.852825423531216E-6
5.669833925731966E-6
5.6686034395497825E-6
5.494891079909048E-6
5.493549405810278E-6
5.321841830814417E-6
5.3206856168551645E-6
5.157623639652308E-6
5.156368420458602E-6
4.99524476476855E-6
4.994158376539546E-6
4.841092294386307E-6
4.8399177861313434E-6
4.68872201614619E-6
4.687701271894989E-6
4.544017090783827E-6
4.542917950025405E-6
4.40103516846401E-6
4.400076135174873E-6
4.265197804019037E-6
4.264169057797436E-6
4.131022862179372E-6
4.1301218406266605E-6
4.003508868445343E-6
4.002545886728322E-6
3.877595905653781E-6
3.876749416419798E-6
3.7578946451206946E-6
3.7569931155181964E-6
3.6397327097392302E-6
3.6389374801212485E-6
3.527365001847702E-6
3.52652090636832E-6
3.4164750226785925E-6
3.4157279744214914E-6
3.3109911833013663E-6
3.3102007769764553E-6
3.2069239439721786E-6
3.2062221817507005E-6
3.1079019507213074E-6
3.1071617419250816E-6
3.0102361975458423E-6
3.0095769981606785E-6
2.917279972353939E-6
2.916586704665662E-6
2.8256206462573157E-6
2.8250014484809163E-6
2.73835844711767E-6
2.737709082594066E-6
2.65233503094499E-6
2.65175342597816E-6
2.5704179456196814E-6
2.569809649357545E-6
2.489682918825883E-6
2.48913664132572E-6
2.4127834536155367E-6
2.412213579486957E-6
2.337010846967624E-6
2.3364977666019445E-6
2.2648216042721855E-6
2.2642876817416385E-6
2.193705647721245E-6
2.1932237612247074E-6
2.125938086583652E-6
2.1254378085124443E-6
2.059191943985256E-6
2.058739367681685E-6
1.995575218165471E-6
1.995106429521683E-6
1.9329298030404077E-6
1.9325047657999256E-6
1.8732096716181942E-6
1.8727703590197704E-6
1.8144125384905004E-6
1.8140133751014934E-6
1.75835034431895E-6
1.757938626341703E-6
1.7031646506351192E-6
1.7027897955607834E-6
1.6505363622627876E-6
1.6501504804524075E-6
1.5987398962237443E-6
1.5983878777192379E-6
1.5493352092643914E-6
1.5489735197974725E-6
1.500719479224062E-6
1.500388913801639E-6
1.4543409734048765E-6
1.4540019393494006E-6
1.4087103548187594E-6
1.4083999420264778E-6
1.3651727031277724E-6
1.3648548872513799E-6
1.322343639291635E-6
1.3220521568041982E-6
1.2814728660217763E-6
1.281174924110512E-6
1.241273119109196E-6
1.2409994180957804E-6
1.2029059036294157E-6
1.2026265782799552E-6
1.1651738527937458E-6
1.1649168535622625E-6
1.129156876252977E-6
1.1288949910930799E-6
1.0937408597548494E-6
1.0934995476446587E-6
1.0599301920310017E-6
1.0596846463490201E-6
1.02668789054403E-6
1.0264613120615415E-6
9.949484148702394E-7
9.947181786101037E-7
9.637462733656821E-7
9.63533532542713E-7
9.339511463628942E-7
9.337352554704196E-7
9.046638320833927E-7
9.044640870489227E-7
8.76693976950908E-7
8.764915290349749E-7
8.492038712318377E-7
8.490163309866145E-7
8.229475020574728E-7
8.227576523489011E-7
7.971442237440521E-7
7.969681451189001E-7
7.724963990035819E-7
7.723183565886886E-7
7.48276357578625E-7
7.481110423766801E-7
7.251385610423373E-7
7.249715853529878E-7
7.024045375236124E-7
7.022493298269986E-7
6.806842848587075E-7
6.805276823971407E-7
6.593450386985294E-7
6.591993223339054E-7
6.389555081567769E-7
6.388086294420256E-7
6.189254085902341E-7
6.187886047467938E-7
5.997850943514534E-7
5.996473310669836E-7
5.80983774561654E-7
5.808553395450544E-7
5.630161613327675E-7
5.628869436711166E-7
5.453681940759672E-7
5.452476171961678E-7
5.285014515643428E-7
5.283802457417268E-7
5.119360448496574E-7
5.118228464366117E-7
4.961027410154065E-7
4.95989046954666E-7
4.805534526584878E-7
4.804471821937314E-7
4.656902844592906E-7
4.6558363362412676E-7
4.5109475424166637E-7
4.509949886009837E-7
4.371422949070479E-7
4.370422482811793E-7
4.234419933406032E-7
4.2334833513844927E-7
4.1034445508735876E-7
4.102506012851341E-7
3.9748444766435755E-7
3.9739652370175307E-7
3.8518945897003565E-7
3.851014124717138E-7
3.7311818498390116E-7
3.730356447856403E-7
3.615765814442767E-7
3.6149398094356683E-7
3.502456464722119E-7
3.5016816091227917E-7
3.394112744899273E-7
3.39333781354517E-7
3.2877525564418084E-7
3.2870251565307266E-7
3.1860478814863783E-7
3.185320849777668E-7
3.086210513889847E-7
3.085527667392728E-7
2.99073814767378E-7
2.990056040413927E-7
2.8970234343849713E-7
2.8963824160345885E-7
2.807401551280456E-7
2.806761579488384E-7
2.7194338907018536E-7
2.7188321414837093E-7
2.6353040505181953E-7
2.6347035996509467E-7
2.552730896458314E-7
2.552166013524984E-7
2.473756612695539E-7
2.47319323157636E-7
2.3962470574994613E-7
2.39571678467946E-7
2.3221124534361371E-7
2.3215838439605728E-7
2.2493558984532317E-7
2.2488581173572535E-7
2.179764445210933E-7
2.1792684526853722E-7
2.1114693532102663E-7
2.1110020748264442E-7
2.0461426853146339E-7
2.0456772894080355E-7
1.982035409753558E-7
1.9815967665974712E-7
1.92071221279137E-7
1.9202755190596181E-7
1.8605358988112478E-7
1.8601241375284476E-7
1.8029708655124283E-7
1.8025610975103322E-7
1.7464844187902088E-7
1.7460978931928396E-7
1.692447268818265E-7
1.6920627606621416E-7
1.639424387689951E-7
1.6390615522425136E-7
1.5886989476505006E-7
1.5883381370805127E-7
1.538927215013743E-7
1.5385866186937698E-7
1.4913105543853111E-7
1.4909719762552878E-7
1.4445905849252354E-7
1.4442708654574878E-7
1.3998922051969958E-7
1.3995744854131138E-7
1.3560368457525331E-7
1.3557367242036286E-7
1.314077919027025E-7
1.3137797688210728E-7
1.2729114973806339E-7
1.2726297730628223E-7
1.233524151782828E-7
1.233244362392351E-7
1.194881772138626E-7
1.194617317845452E-7
1.1579084205832881E-7
1.1576458582371056E-7
1.1216353021344436E-7
1.1213870596501413E-7
1.0869280125509912E-7
1.0866816137884063E-7
1.0528788685157198E-7
1.052645844400945E-7
1.0202987724635835E-7
1.0200675397471322E-7
9.883372276694178E-8
9.881184893113166E-8
9.577539652934938E-8
9.575369628810443E-8
9.277520092838896E-8
9.275466811689065E-8
8.990432079512794E-8
8.988395580624839E-8
8.708806814524276E-8
8.706879416805419E-8
8.439314666327587E-8
8.437403458315899E-8
8.174955801039857E-8
8.173146571124175E-8
7.921981161579717E-8
7.920187519652624E-8
7.673829975453816E-8
7.672131670247632E-8
7.436360563371238E-8
7.434677240672487E-8
7.203423265740676E-8
7.201829085970453E-8
6.980508828619722E-8
6.97892902641842E-8
6.761852575286646E-8
6.7603561381118E-8
6.552601087612175E-8
6.551118427435335E-8
6.347350243455421E-8
6.34594555708146E-8
6.150924342084506E-8
6.149532839774267E-8
5.958256968703818E-8
5.956938408490723E-8
5.773870602791117E-8
5.7725646437549225E-8
5.5930151678440585E-8
5.591777453876142E-8
5.4199304557456224E-8
5.418704772341136E-8
5.250162737627637E-8
5.249000913423299E-8
5.087687015724334E-8
5.0865366654330275E-8
4.9283272047973014E-8
4.92723661780295E-8
4.7758102553758075E-8
4.7747306007020714E-8
4.626220227865422E-8
4.625196510510969E-8
4.483051680484175E-8
4.4820383702289125E-8
4.342632442522853E-8
4.341671494973072E-8
4.208239332405791E-8
4.207288283850592E-8
4.076428617825797E-8
4.0755265915054204E-8
3.950273093090554E-8
3.9493804753829445E-8
3.8265431139202116E-8
3.8256963961944634E-8
3.708120285375406E-8
3.707282503715151E-8
3.591975616387986E-8
3.591180816131069E-8
3.4808115348931434E-8
3.4800252162307734E-8
3.3717871290094186E-8
3.3710410629439375E-8
3.267436893782112E-8
3.266698872931387E-8
3.165096216285933E-8
3.1643958961895845E-8
3.0671421912851155E-8
3.066449498165357E-8
2.971075475308605E-8
2.9704180962893065E-8
2.8791256216301783E-8
2.8784754691192726E-8
2.7889482235446784E-8
2.788331152608677E-8
2.7026345276894287E-8
2.7020243003227385E-8
2.6179853882014087E-8
2.6174061537176013E-8
2.5369623923272997E-8
2.5363896357019184E-8
2.4575025904179714E-8
2.456958872425169E-8
2.381446009849146E-8
2.3809084208011074E-8
2.306857402527257E-8
2.3063470231881004E-8
2.2354628261087756E-8
2.2349582431856804E-8
2.1654467775177537E-8
2.1649676926586303E-8
2.0984284524438913E-8
2.097954847307072E-8
2.0327046375516E-8
2.0322549282431597E-8
1.9697943243961034E-8
1.9693497935618273E-8
1.9080996025354895E-8
1.9076774674080906E-8
1.8490455029064465E-8
1.848628259897576E-8
1.791132868305915E-8
1.7907366167464343E-8
1.735698615805257E-8
1.735306984220035E-8
1.6813362060102456E-8
1.680964250733546E-8
1.6292999217218465E-8
1.628932328068348E-8
1.5782700894515917E-8
1.5779209407778495E-8
1.5294234941007054E-8
1.5290784618121484E-8
1.4815219357907693E-8
1.4811941951616256E-8
1.4356695159446453E-8
1.435345659405292E-8
1.3907044536449743E-8
1.3903968084027829E-8
1.3476626792073187E-8
1.3473586977948119E-8
1.3054540923970345E-8
1.3051653103840739E-8
1.2650506822641758E-8
1.264765355356858E-8
1.2254295874288391E-8
1.2251585119318763E-8
1.1875028206035544E-8
1.1872350027350889E-8
1.1503105926502603E-8
1.1500561378587282E-8
1.1147086592481178E-8
1.1144572752750644E-8
1.0797964000920991E-8
1.0795575469739685E-8
1.0463767962603195E-8
1.0461408371529512E-8
1.013604735419004E-8
1.0133805271829042E-8
9.822336919564107E-9
9.820122108107489E-9
9.514706270939253E-9
9.512601657921757E-9
9.220225737734287E-9
9.218146816200694E-9
8.931453466934024E-9
8.929477894990394E-9
8.655024099876757E-9
8.653072726123197E-9
8.383954130111754E-9
8.382099686127245E-9
8.124469451043289E-9
8.122637796393386E-9
7.870016570811412E-9
7.868275827692657E-9
7.626437906561702E-9
7.624718621548844E-9
7.3875834438233945E-9
7.385949429825463E-9
7.15893580585098E-9
7.157321993777284E-9
6.93472351905055E-9
6.933189690852842E-9
6.720091670055075E-9
6.718576857325014E-9
6.509623967168572E-9
6.5081841806559416E-9
6.3081487800889334E-9
6.306726890857061E-9
6.11058307110609E-9
6.109231559581995E-9
5.921458061621843E-9
5.920123394290582E-9
5.736003427282611E-9
5.7347347785926886E-9
5.558471563336804E-9
5.557218764246812E-9
5.384385572103064E-9
5.38319470591195E-9
5.217736212009569E-9
5.216560257389349E-9
5.0543219388300104E-9
5.053204085979153E-9
4.8978880111660475E-9
4.8967841866294425E-9
4.7444912421632326E-9
4.743441925023585E-9
4.597646555490645E-9
4.596610434850551E-9
4.45365321479163E-9
4.452668231682446E-9
4.315809971726672E-9
4.314837400801267E-9
4.1806435971988695E-9
4.179719003095079E-9
4.051250020032104E-9
4.050337099291579E-9
3.924369510474897E-9
3.92350160348544E-9
3.80290764782963E-9
3.802050717429511E-9
3.6838050541915314E-9
3.682990358337889E-9
3.569788710594467E-9
3.568984335649458E-9
3.457987240196805E-9
3.457222492789562E-9
3.350960010855832E-9
3.3502049687180606E-9
3.2460120820963654E-9
3.2452942201808133E-9
3.145545551653573E-9
3.1448368149539464E-9
3.047031037398522E-9
3.0463571864866723E-9
2.952723033618358E-9
2.952057760766593E-9
2.8602475611349458E-9
2.8596150232588677E-9
2.7717205773948246E-9
2.7710961033183385E-9
2.6849139290681714E-9
2.684320170234711E-9
2.6018136026555794E-9
2.6012274239834316E-9
2.520328278540149E-9
2.5197709224585717E-9
2.4423219541124207E-9
2.441771722278351E-9
2.365831757414642E-9
2.365308572032499E-9
2.2926071814407926E-9
2.2920906912846132E-9
2.2208058926804717E-9
2.2203147828328226E-9
2.1520699461872255E-9
2.151585127690184E-9
2.0846701346691884E-9
2.0842091338247887E-9
2.0201476773959725E-9
2.019692588483936E-9
1.956879523822826E-9
1.9564467853635184E-9
1.8963122585625398E-9
1.895885075413249E-9
1.8369224852585677E-9
1.8365162766232955E-9
1.7800679786464167E-9
1.7796669903901655E-9
1.7243188391826931E-9
1.7239375344633064E-9
1.670949490859782E-9
1.6705730901621806E-9
1.6186178120977082E-9
1.6182598838264236E-9
1.5685199848715596E-9
1.5681666646286452E-9
1.5193962783304736E-9
1.519060293136835E-9
1.47236943299703E-9
1.4720377779206733E-9
1.4262570366373694E-9
1.4259416497036388E-9
1.3821129225832413E-9
1.3818016034970829E-9
1.338827247227778E-9
1.3385311956155028E-9
1.2973891556723565E-9
1.2970969247150839E-9
1.2567569141431105E-9
1.256479012535187E-9
1.2178589683640842E-9
1.21758465581514E-9
1.1797175046211816E-9
1.17945663984857E-9
1.1432039952225807E-9
1.1429465014234453E-9
1.1074006293135642E-9
1.1071557578847475E-9
1.0731253871075855E-9
1.0728836809326926E-9
1.0395167871679084E-9
1.039286927696509E-9
1.0073426055592234E-9
1.00711571928511E-9
9.757942329164033E-10
9.755784649242445E-10
9.45592327601242E-10
9.45379352793058E-10
9.15977883480354E-10
9.15775343020546E-10
8.876273432357338E-10
8.874274254434151E-10
8.598282815375953E-10
8.59638157752932E-10
8.332156321750846E-10
8.33027973028429E-10
8.071206649475347E-10
8.069421964752925E-10
7.821393661871712E-10
7.819632131133376E-10
7.576440360724794E-10
7.574765080591432E-10
7.341940853282523E-10
7.340287324908164E-10
7.11200325622218E-10
7.110430675224707E-10
6.891878528544849E-10
6.890326377723421E-10
6.676036297029909E-10
6.674560120049587E-10
6.469405103980979E-10
6.467948114501556E-10
6.266794076265856E-10
6.265408399578216E-10
6.072829434218955E-10
6.071461772068597E-10
5.882638551474168E-10
5.881337827718088E-10
5.700563877042359E-10
5.699280064548214E-10
5.522031859821425E-10
5.520810871848821E-10
5.351118300927014E-10
5.34991320526603E-10
5.183530361049816E-10
5.182384227323743E-10
5.02309379034408E-10
5.021962570714154E-10
4.865779080451769E-10
4.86470320820539E-10
4.715177256320138E-10
4.714115390102118E-10
4.567505987422732E-10
4.5664960725504683E-10
4.426136110223416E-10
4.425139338539968E-10
4.2875170724780773E-10
4.2865690671048203E-10
4.1548131687218814E-10
4.153877508845741E-10
4.0246915643533565E-10
4.0238016742044144E-10
3.9001223525517205E-10
3.8992440610960294E-10
3.777977279020923E-10
3.777141945058647E-10
3.661044161294978E-10
3.660219714418665E-10
3.546386646208228E-10
3.545602509150519E-10
3.436621520398144E-10
3.4358476209649425E-10
3.328992507416107E-10
3.3282564485692434E-10
3.22595600735052E-10
3.2252295500993136E-10
3.1249246484027043E-10
3.1242337104214517E-10
3.0282043062186797E-10
3.0275223828754336E-10
2.933366237168814E-10
2.932717659548964E-10
2.842574864048603E-10
2.8419347448097115E-10
2.7535503713643353E-10
2.7529415509797426E-10
2.6683245497379024E-10
2.6677236819774763E-10
2.5847573168611E-10
2.584185811782387E-10
2.504755812468823E-10
2.5041917873991345E-10
2.426311211830434E-10
2.4257747441648873E-10
2.351213813899094E-10
2.350684365624633E-10
2.2775779124496222E-10
2.2770743218749113E-10
2.2070840000864012E-10
2.206587017183416E-10
2.1379619821000075E-10
2.1374892643811745E-10
2.0717893610424214E-10
2.0713228399480095E-10
2.0069045664303024E-10
2.0064608253872055E-10
1.9447883828903032E-10
1.9443504674099783E-10
1.883880963501634E-10
1.8834644270220567E-10
1.8255725377171469E-10
1.8251614648575617E-10
1.768398769172257E-10
1.7680077685006649E-10
1.7136646085762184E-10
1.7132787333549484E-10
1.6599956277586663E-10
1.659628600069197E-10
1.6086166664709455E-10
1.6082544444718494E-10
1.5582376308700192E-10
1.5578930988583495E-10
1.510008192424652E-10
1.50966817636541E-10
1.4627174177564162E-10
1.4623940090496973E-10
1.4174444473832107E-10
1.4171252787869136E-10
1.3730525987589183E-10
1.372749016787217E-10
1.3305548786782112E-10
1.3302552747949981E-10
1.28888421489445E-10
1.288599240625459E-10
1.248991653826483E-10
1.2487104185583746E-10
1.2098754448589038E-10
1.2096079452355205E-10
1.17242824545343E-10
1.1721642465009563E-10
1.1357098679305916E-10
1.135458765355461E-10
1.1005581923129959E-10
1.1003103802887575E-10
1.0660906561157781E-10
1.0658549444002303E-10
1.0330937856351246E-10
1.0328611607208253E-10
1.0007391785507299E-10
1.0005179250059791E-10
9.697649941611354E-11
9.695466270450983E-11
9.393937257335508E-11
9.391860297843744E-11
9.103182256779366E-11
9.101132494893992E-11
8.818087066958142E-11
8.816137437896902E-11
8.545155764292667E-11
8.54323162466591E-11
8.277537378995238E-11
8.275707265538379E-11
8.021336429929345E-11
8.019530243129618E-11
7.770123266592917E-11
7.768405309107176E-11
7.52962765452845E-11
7.527932193592854E-11
7.293812882545533E-11
7.292200266478933E-11
7.068060739455669E-11
7.066469226648382E-11
6.846700948878702E-11
6.845187140725633E-11
6.634787176995988E-11
6.633293174831766E-11
6.426997324384609E-11
6.425576394530802E-11
6.22807368627934E-11
6.226671272022409E-11
6.033021022472428E-11
6.031687166495921E-11
5.846291725412437E-11
5.844975375497021E-11
5.6631955224895655E-11
5.6619433960144774E-11
5.4879128482736075E-11
5.486677219997129E-11
5.316040145697806E-11
5.314864716539327E-11
5.1515029933302205E-11
5.150343157718721E-11
4.99016607903941E-11
4.98906267613203E-11
4.8357146498062755E-11
4.8346259111673724E-11
4.684268279628885E-11
4.683232519067252E-11
4.539284461973481E-11
4.5382624229802004E-11
4.397122001472729E-11
4.3961497857426615E-11
4.261025698949915E-11
4.260066296853472E-11
4.1275772801066276E-11
4.126664732572174E-11
3.9998241082653564E-11
3.998923507705075E-11
3.87455595119287E-11
3.873699307622025E-11
3.7546342228507685E-11
3.753788838953277E-11
3.63704469614234E-11
3.6362405844380635E-11
3.524474009021856E-11
3.523680482347161E-11
3.4140934694278926E-11
3.4133386016139075E-11
3.3084235325075446E-11
3.3076786844214016E-11
3.2048088542548704E-11
3.204100266615657E-11
3.105616805795577E-11
3.10491759350301E-11
3.0083536900477617E-11
3.007688514864497E-11
2.915242610740969E-11
2.914586299839631E-11
2.8239415953161188E-11
2.8233171900406916E-11
2.7365379171404696E-11
2.735921826127309E-11
2.6508331259552604E-11
2.6502469814292272E-11
2.568786679391235E-11
2.5682083878078654E-11
2.4883364130624855E-11
2.487786202049458E-11
2.4113196781935353E-11
2.4107768359963918E-11
2.3358011127986257E-11
2.3352846103621972E-11
2.2635054978924143E-11
2.2629958879371026E-11
2.1926162737416698E-11
2.1921314534455316E-11
2.1247524134689127E-11
2.124274098632334E-11
2.0582082964565032E-11
2.0577531554675364E-11
1.994504701049813E-11
1.9940556810881457E-11
1.932039783964682E-11
1.9316125651566443E-11
1.8722413323613578E-11
1.8718199200656977E-11
1.8136056036822035E-11
1.8132044766315768E-11
1.7574727593401104E-11
1.7570771562750028E-11
1.702430794360436E-11
1.7020543126952284E-11
1.649739242693402E-11
1.6493678923428324E-11
1.5980716484535803E-11
1.597718269368823E-11
1.5486094649239678E-11
1.5482608538893323E-11
1.5001097223548617E-11
1.4997780148866478E-11
1.4536795834689547E-11
1.4533523240158758E-11
1.4081530948643117E-11
1.407841761262416E-11
1.3645694760394656E-11
1.3642622646563398E-11
1.3218332218498963E-11
1.3215409306962323E-11
1.2809209572482916E-11
1.280632593329448E-11
1.2408045262510514E-11
1.240530137601142E-11
1.2024000583180011E-11
1.2021293949647522E-11
1.164743026636469E-11
1.1644854926435885E-11
1.1286925678914147E-11
1.128438437221224E-11
1.0933441917810586E-11
1.0931024185515523E-11
1.0595027708648908E-11
1.0592642169994926E-11
1.026321553008662E-11
1.0260946093264235E-11
9.945552245007958E-12
9.943313054522928E-12
9.634076123254854E-12
9.6319460566087E-12
9.335891617943792E-12
9.333789353282022E-12
9.043503518233903E-12
9.041504132354479E-12
8.763601725867436E-12
8.761628282882687E-12
8.489138750653581E-12
8.48726218905555E-12
8.226389860014957E-12
8.224537136274573E-12
7.968752749265399E-12
7.966991076231963E-12
7.722114815285866E-12
7.720375995379796E-12
7.480269144767036E-12
7.47861505749219E-12
7.2487459608132385E-12
7.247113882686162E-12
7.021724443356862E-12
7.02017183779268E-12
6.804391637644635E-12
6.802859511139424E-12
6.591290989473113E-12
6.589834098361928E-12
6.387283298725301E-12
6.385844640456902E-12
6.1872448509262785E-12
6.185877497331746E-12
5.9957344006936185E-12
5.994383916631872E-12
5.8079646416366726E-12
5.8066806422747E-12
5.628193278130099E-12
5.6269261773532274E-12
5.4519323856901974E-12
5.450726715337525E-12
5.283188599630489E-12
5.281998916032352E-12
5.117728615163206E-12
5.116597725995234E-12
4.959325597870086E-12
4.9582082877720454E-12
4.804011230577908E-12
4.802949910335378E-12
4.655317528228371E-12
4.6542691592279466E-12
4.509523889695475E-12
4.508527449024691E-12
4.36994640114409E-12
4.368961960206997E-12
4.233091173940227E-12
4.232155614500191E-12
4.1020691970622475E-12
4.1011455163871034E-12
3.973606241175475E-12
3.972727357176715E-12
3.8506081471765616E-12
3.8497411764729574E-12
3.730019832277061E-12
3.729195083323784E-12
3.614567673189058E-12
3.613753864204354E-12
3.5013701517243223E-12
3.500595766352044E-12
3.3929954514835767E-12
3.3922313361675344E-12
3.286732220074549E-12
3.2860053722815563E-12
3.1850000802458453E-12
3.18428316085334E-12
3.085255084125665E-12
3.084572826228546E-12
2.989760775972979E-12
2.989088315762972E-12
2.896125902629215E-12
2.8954845211493655E-12
2.8064870943839607E-12
2.8058561721900623E-12
2.718593358360581E-12
2.7179916445602E-12
2.634450145128208E-12
2.6338574063609696E-12
2.5519480316676783E-12
2.5513832707636557E-12
2.472958370324643E-12
2.4724021728330565E-12
2.3955142244926262E-12
2.394984038770025E-12
2.3213642009562157E-12
2.320842050434267E-12
2.2486686854804046E-12
2.248171437555779E-12
2.1790668483152194E-12
2.1785762126003486E-12
2.110820350704909E-12
2.1103546297883842E-12
2.045488842083955E-12
2.0450277759928572E-12
1.9814254171044154E-12
1.980988121151632E-12
1.9200906241616473E-12
1.9196576643731604E-12
1.8599575734799255E-12
1.85954707529502E-12
1.8023789042512455E-12
1.801972760040247E-12
1.745929803785501E-12
1.7455438951789378E-12
1.6918810881594325E-12
1.691500205317097E-12
1.6388993900075916E-12
1.6385373333030068E-12
1.5881659916993354E-12
1.587808471034026E-12
1.5384347331281803E-12
1.5380947369395723E-12
1.490816818844333E-12
1.490480849739316E-12
1.4441350618492408E-12
1.4438164033994313E-12
1.3994375277101807E-12
1.3991219181093174E-12
1.3556143284761706E-12
1.355314951324378E-12
1.313658320921362E-12
1.313362598330779E-12
1.2725189598390195E-12
1.2722372048464185E-12
1.2331307403993392E-12
1.2328530110412733E-12
1.1945152138554153E-12
1.194250642870361E-12
1.1575393574971654E-12
1.157278657657595E-12
1.1212920803329499E-12
1.1210437493457458E-12
1.086580793429023E-12
1.0863364168264775E-12
1.0525558697255016E-12
1.052322376534517E-12
1.0199713709177501E-12
1.0197426632266658E-12
9.880341991703394E-13
9.87814605163263E-13
9.574474376385544E-13
9.572328465549811E-13
9.274618075489912E-13
9.272553721916869E-13
8.987520680857831E-13
8.985512630833364E-13
8.705980334490867E-13
8.704040801367907E-13
8.436547392770331E-13
8.43465827052332E-13
8.172223653622979E-13
8.170411114607053E-13
7.919306232821819E-13
7.917521731393751E-13
7.671226529092722E-13
7.669535468333358E-13
7.433729561106952E-13
7.432052041686681E-13
7.20088176852556E-13
7.199298061495439E-13
6.978019090131165E-13
6.976443363633781E-13
6.759399323931762E-13
6.757916076775952E-13
6.550245674523867E-13
6.548768260604916E-13
6.344980458772961E-13
6.343586959978073E-13
6.148598840941313E-13
6.147205922794113E-13
5.955934308008099E-13
5.954625788164762E-13
5.771514667566397E-13
5.770202325762549E-13
5.59080694053618E-13
5.589572713212922E-13
5.417646881929133E-13
5.416416354354062E-13
5.248077005277338E-13
5.24692184101529E-13
5.085536051436817E-13
5.084379628940757E-13
4.92635831707658E-13
4.925281512061336E-13
4.773929859807578E-13
4.77284591861268E-13
4.624408963945879E-13
4.623406786746692E-13
4.481278676901272E-13
4.4802616079114347E-13
4.3410535750529515E-13
4.340107390858659E-13
4.2065993709552874E-13
4.205646833280731E-13
4.0750183962883355E-13
4.0741285831538453E-13
3.948815348586029E-13
3.9479199790815254E-13
3.8252365653808363E-13
3.8243950303484736E-13
3.7067913281042084E-13
3.705953444118251E-13
3.590798235360604E-13
3.590003464570227E-13
3.479559090522201E-13
3.478774655519425E-13
3.3707321956269747E-13
3.369976235147598E-13
3.266212655163882E-13
3.265484256656312E-13
3.164107938541069E-13
3.1633929380737605E-13
3.066001171002302E-13
3.0653323284013634E-13
2.970070775943555E-13
2.9694059624807604E-13
2.8781076116584077E-13
2.877472316703856E-13
2.787989833537877E-13
2.787374607124508E-13
2.7017431752729197E-13
2.7011383812476556E-13
2.617130003251976E-13
2.616559416125121E-13
2.5361642498152727E-13
2.535598722566353E-13
2.456777294390362E-13
2.4562353234144264E-13
2.380784723107737E-13
2.3802549098133215E-13
2.3061853809544276E-13
2.305668847124427E-13
2.23490096981868E-13
2.2344091289606364E-13
2.1648612983154424E-13
2.1643767014684075E-13
2.0979096865815775E-13
2.0974427412740545E-13
2.032185070770881E-13
2.0317282236348317E-13
1.9692516625643533E-13
1.9688108943870096E-13
1.9076894630526242E-13
1.9072586452102942E-13
1.848507864698497E-13
1.848093072557206E-13
1.790764839311693E-13
1.7903582467729952E-13
1.7351882019422989E-13
1.7347971090400562E-13
1.6809343019386957E-13
1.6805522159061712E-13
1.6288059388259767E-13
1.6284334773375638E-13
1.5778389301052258E-13
1.5774925025604977E-13
1.5289587458387184E-13
1.5286145795220409E-13
1.4810633603597609E-13
1.4807340222828408E-13
1.4351969832239465E-13
1.4348752190541076E-13
1.3901988388763818E-13
1.3898913843921674E-13
1.3471707956550402E-13
1.3468662384704947E-13
1.3049090862158707E-13
1.3046226089631502E-13
1.2645592456701176E-13
1.2642676963393046E-13
1.2248738246387984E-13
1.224610017983601E-13
1.1869427690214003E-13
1.186659044293246E-13
1.149737955410943E-13
1.1494949405946616E-13
1.1141131209875749E-13
1.1138417379347406E-13
1.0791889656302346E-13
1.0789596318720805E-13
1.0458316414460698E-13
1.0455820482679287E-13
1.0129808989505191E-13
1.0127604736866556E-13
9.817942860791148E-14
9.815751772259757E-14
9.509028196680832E-14
9.50702847086974E-14
9.217559000712754E-14
9.21557492353984E-14
8.927506659515668E-14
8.925726150764721E-14
8.65372252705348E-14
8.651807659897931E-14
8.381626111115065E-14
8.379951256136249E-14
8.1241463137597E-14
8.122282020997764E-14
7.868651412047368E-14
7.867099543479819E-14
7.626850758759606E-14
7.625109526062721E-14
7.386676735496469E-14
7.3851694077386E-14
7.158845608763871E-14
7.157223443033943E-14
6.934444131885133E-14
6.93300840018706E-14
6.719576068694252E-14
6.718112967867518E-14
6.509763369961284E-14
6.508416935070717E-14
6.307219742601125E-14
6.305866867414592E-14
6.110771634156867E-14
6.109476066255061E-14
5.920157310500024E-14
5.918986455870871E-14
5.73541422267462E-14
5.734187190972106E-14
5.556541534220385E-14
5.555391735699676E-14
5.383030104984117E-14
5.381848928626748E-14
5.21531740232211E-14
5.2142409705627163E-14
5.052038072597277E-14
5.05091880857195E-14
4.8948209003415247E-14
4.893807237603357E-14
4.7414828431859396E-14
4.7404766664877396E-14
4.59353457929517E-14
4.592567433909321E-14
4.4493238030043634E-14
4.448427748710092E-14
4.310440270939882E-14
4.30958366507656E-14
4.1750590602641844E-14
4.174237916522204E-14
4.0446091139390615E-14
4.043802308382074E-14
3.918189781764729E-14
3.91741142542167E-14
3.7953603353262995E-14
3.7945307294923466E-14
3.6772190545206707E-14
3.676495104221984E-14
3.562747736737829E-14
3.561879456746075E-14
3.4515378388001703E-14
3.450875066133131E-14
3.344205917837577E-14
3.343402658348051E-14
3.2396347629564747E-14
3.238979276055595E-14
3.138605092775352E-14
3.1378455876921374E-14
3.040217690615558E-14
3.03963344928359E-14
2.945370513369357E-14
2.9446580716269667E-14
2.852531880617835E-14
2.852030366100085E-14
2.7635845763371667E-14
2.7629392326073418E-14
2.676261831033926E-14
2.6757725126410114E-14
2.5926825160339264E-14
2.592064917453768E-14
2.510374175689271E-14
2.5099383748512155E-14
2.431708620912589E-14
2.4311086175224785E-14
2.354429116001572E-14
2.3539595866201763E-14
2.280561745772478E-14
2.2799470097939374E-14
2.2078501467656527E-14
2.2074360899475784E-14
2.138471751729091E-14
2.1378844816801597E-14
2.0712414014329824E-14
2.07089337906517E-14
2.0065715759867842E-14
2.0060237700807787E-14
1.9432200002290376E-14
1.9428800485520115E-14
1.8831219078707876E-14
1.8825878764628992E-14
1.822924091916363E-14
1.8226419031180784E-14
1.766824595992248E-14
1.766353123929746E-14
1.710842720946282E-14
1.7105801969615644E-14
1.6575990361385454E-14
1.6571942518831277E-14
1.605149563283141E-14
1.6048881941148807E-14
1.5547178572331998E-14
1.5543196364123103E-14
1.5054818215943986E-14
1.5052828199295773E-14
1.4583191476977737E-14
1.4580284978243082E-14
1.4121076262580415E-14
1.411900971117493E-14
1.3677558273493285E-14
1.3675436917491515E-14
1.3242769495715741E-14
1.3240562836248714E-14
1.282750173088165E-14
1.2825746970586696E-14
1.2424899536504417E-14
1.2423099644927603E-14
1.2035131957038428E-14
1.2033216755064743E-14
1.1658887234394248E-14
1.1657178537560665E-14
1.1294753977034461E-14
1.1292825815687404E-14
1.0942443465551008E-14
1.094083355705918E-14
1.060337785624307E-14
1.0601263410172552E-14
1.0267625301294912E-14
1.0265881406581866E-14
9.948683066984095E-15
9.946512705297557E-15
9.63125745190431E-15
9.629706160949181E-15
9.33333343679755E-15
9.33155105383085E-15
9.030203288032885E-15
9.028738493024028E-15
8.749082318544711E-15
8.747243800960585E-15
8.462187365039131E-15
8.460728286305702E-15
8.19929988109827E-15
8.197384558765142E-15
7.925941991613275E-15
7.924558919923817E-15
7.676995301483342E-15
7.67440288381985E-15
7.429928217759722E-15
7.42858119938006E-15
7.192410728973484E-15
7.189434089234634E-15
6.9696721671645025E-15
6.968150354992888E-15
6.749167756206894E-15
6.746495682072103E-15
6.544298489309677E-15
6.54301565827052E-15
6.338214465605174E-15
6.3358122390926935E-15
6.14406943701133E-15
6.142549155991232E-15
5.953536400398681E-15
5.950546342745414E-15
5.770018647776407E-15
5.768465516717159E-15
5.592631695838507E-15
5.590040578500678E-15
5.418651904139508E-15
5.416947840418943E-15
5.250315399165107E-15
5.2471417813869216E-15
5.0850817321336564E-15
5.083806119730256E-15
4.9292093870596555E-15
4.926134046225932E-15
4.771895986643731E-15
4.7709473350313734E-15
4.626483767479913E-15
4.62349513380661E-15
4.475831588272693E-15
4.4747811676185515E-15
4.338970815012592E-15
4.3356840598265835E-15
4.196932186612771E-15
4.195520920142188E-15
4.068668466975652E-15
4.065737572369917E-15
3.935491171192387E-15
3.934515910022777E-15
3.8198434038884164E-15
3.817277471319802E-15
3.695580455610339E-15
3.6946770803308665E-15
3.588181382017933E-15
