0.00499987210651936
0.013560232629745518
0.021945732596607134
0.030013115573575493
0.037799618324932484
0.045334382868193315
0.05264376899071303
0.05974296149853771
0.06664357575726607
0.07335304185667511
0.07988864880383112
0.08625467668649568
0.09245762529861004
0.09849524485543276
0.10438606283921097
0.11012797789325399
0.11572686629070145
0.12117198083010822
0.1264877770918476
0.13166583938427912
0.13671203157921977
0.1416085013237553
0.1463885706354738
0.1510360881090233
0.15555581371704877
0.15992529833372493
0.16418647909447814
0.16831857407626938
0.172322481514202
0.17617059988844436
0.17991695156340942
0.1835355783217906
0.18702223601938975
0.19034296372116252
0.193569237276657
0.1966675984131853
0.19962822320744583
0.20240886336236738
0.20510557116706596
0.20767368976048076
0.21009826349825395
0.2123262155976917
0.21448661698681945
0.2165186000412639
0.2184034248995455
0.22007462098703537
0.22168236915692838
0.22318431342181785
0.22453944644761115
0.2256665772515112
0.22672346504223925
0.2277202904040776
0.2285665804871235
0.2291847477659294
0.22970950052481928
0.23024783961728837
0.23059570666746296
0.2307628645755701
0.2307923629872394
0.23090194703889427
0.2307988606049696
0.23059098428383415
0.23017871509118534
0.2299199171847477
0.22942736996350985
0.22893005029163105
0.22814175759255917
0.22758571933882493
0.22677373194505837
0.2260727117226194
0.22498035032827904
0.22419901458019187
0.22313994074190546
0.2223132269618599
0.22098888923440943
0.22004948186220724
0.21881252200904888
0.21792543727088107
0.21643646948163273
0.2153978263310448
0.2140450900245733
0.2131483529932915
0.21155420558688565
0.21046504763334617
0.20904937500300821
0.20817951815621508
0.20653028740298007
0.20542906207073106
0.20399335924839096
0.2031745527969291
0.20151083090299984
0.2004265609961685
0.199004204326956
0.19824280685181456
0.19659636145939122
0.1955499818376984
0.194165839228321
0.19345779546160205
0.19185267423159352
0.19085850903252186
0.19000418978166755
0.1881967108479579
0.18545865495883532
0.18329748761677436
0.18077588350925466
0.1788684486647232
0.1760717422916914
0.17382272283602074
0.17122868827151477
0.1692077908806678
0.16634698611460572
0.16400038137455972
0.1613261427826312
0.15918159080292685
0.1562520420634057
0.15380087298155354
0.15104090425854103
0.14876745701873476
0.145767242091721
0.14320911695616478
0.14036437960083697
0.13796368276370757
0.13489586635702816
0.13223513776480744
0.12931415557658751
0.1267969925629751
0.12367533344791466
0.12092545518247111
0.11794379446757809
0.11533239930524258
0.1121778495201314
0.10936368406084236
0.10634804347194127
0.10367792427063235
0.10052213810598447
0.09768131247488712
0.09467027248936091
0.09199046945972328
0.08887609335232416
0.08605838099348188
0.08310097267650333
0.0804716215709399
0.07744961948949419
0.07471344182968759
0.07186498445890285
0.06935159980390355
0.06648912500485002
0.06389485952558561
0.06121024133617347
0.05887517872914741
0.05623036866073949
0.05383235852337507
0.05136348787765535
0.04925722544823882
0.046875976798320756
0.04471508260428452
0.04251374759677649
0.04066813408953429
0.03857792120635529
0.03669291401597385
0.03477856707097633
0.03320439193780274
0.031411923484685564
0.029810165124921184
0.028182517012518213
0.02687170109349537
0.025365169379478632
0.024034071454948056
0.022676562979325875
0.021607030175556683
0.02036110897644749
0.019275083833193315
0.018160278938380882
0.017301771667821347
0.016283572001121863
0.0154099717779732
0.014505126240071798
0.013824458685281758
0.012998844973905894
0.012303136203066677
0.011574715310994722
0.011039638870378812
0.010373038662043477
0.00982245418848373
0.009239127225794884
0.008820654958168367
0.008283232446889093
0.007848831094890369
0.007383041425014016
0.007056487261184736
0.006622993269957426
0.0062804502825333985
0.005908930247850421
0.005655380626594471
0.005305113188569538
0.005034627322149659
0.00473823897478508
0.0045428569400639
0.00425918536982554
0.0040449864473348085
0.0038082656620281397
0.0036572490285041374
0.003426990431837493
0.0032567749448830026
0.003067402526444954
0.0029501663048662856
0.0027629084732808864
0.002627155548667471
0.0024753776227667158
0.0023838847288912184
0.002231391037112852
0.002122753349573241
0.0020008684620914986
0.0019290514890648858
0.0018047743464943205
0.0017175742479864809
0.0016195046206477278
0.001562793878620464
0.001461493801727821
0.001391325336303325
0.001312270160595344
0.001267222533597477
0.0011846772858651667
0.0011281009914801204
0.0010642092009899402
0.001028225473540502
9.610109153686803E-4
9.153263030055126E-4
8.635296746605523E-4
8.346400114853669E-4
7.799645451620194E-4
7.430384622811901E-4
7.009824505867365E-4
6.77682730784603E-4
6.332611221863294E-4
6.033949850254873E-4
5.691998956812442E-4
5.503338199805788E-4
5.142909161601746E-4
4.901253177390445E-4
4.6228659991228273E-4
4.4695871862354876E-4
4.177542045267285E-4
3.9819684238522486E-4
3.7550716245587684E-4
3.6301875797572304E-4
3.3938735541517393E-4
3.2355795324274866E-4
3.0504614151701854E-4
2.94847884757009E-4
2.757510840707522E-4
2.629387771264073E-4
2.478218590345579E-4
2.3947872944831086E-4
2.240653345941096E-4
2.1369530435212113E-4
2.0134069925171628E-4
1.945058589701103E-4
1.820794390870765E-4
1.7368651599270206E-4
1.635821572999099E-4
1.5797736800959565E-4
1.4796925029571974E-4
1.41176852514271E-4
1.3290749655275167E-4
1.283083294828763E-4
1.2025512548670129E-4
1.1475834825671721E-4
1.0798673243551609E-4
1.0421130444356523E-4
9.773619794408793E-5
9.328817563449906E-5
8.773998797694676E-5
8.46403063358924E-5
7.943749000458021E-5
7.58383666862099E-5
7.12902202419957E-5
6.87454708810931E-5
6.456723010747511E-5
6.165522573353353E-5
5.792500961793231E-5
5.583630496813607E-5
5.2482329094027145E-5
5.0126498156425894E-5
4.706561443452508E-5
4.535184739538199E-5
4.266041237132029E-5
4.075477378039471E-5
3.824187567691457E-5
3.6836419941586175E-5
3.4677138625510485E-5
3.313591829360153E-5
3.1071847513994586E-5
2.9919911972864535E-5
2.81877925901284E-5
2.6941569377551887E-5
2.5245254215392433E-5
2.430174789464351E-5
2.2912339554680424E-5
2.190492447194786E-5
2.051005009560671E-5
1.9737849437625542E-5
1.862328713134939E-5
1.7809197373360624E-5
1.6661498486313613E-5
1.6030034570886458E-5
1.5135825373345847E-5
1.4478240530170011E-5
1.3533296980494879E-5
1.3017399243602922E-5
1.2299816933502908E-5
1.1768925757498771E-5
1.0990365547586333E-5
1.0569312613368873E-5
9.993289934198842E-6
9.564953232497236E-6
8.922986217291069E-6
8.579724991425555E-6
8.11715163864189E-6
7.771820899053027E-6
7.2420413851768655E-6
6.96254353825013E-6
6.590893983436285E-6
6.312736791598615E-6
5.878869180736482E-6
5.651433002273961E-6
5.352657035288386E-6
5.128674401935238E-6
4.77839053437186E-6
4.593202743154732E-6
4.352838039257646E-6
4.172297967158619E-6
3.889392161531573E-6
3.738488975700954E-6
3.5449565864918638E-6
3.3992691613319273E-6
3.1706841178120266E-6
3.047605520737443E-6
2.891635140439257E-6
2.7739241569850966E-6
2.5891397452077717E-6
2.4886475652492766E-6
2.36281686287291E-6
2.267577015429949E-6
2.1181174576605847E-6
2.0359345345834363E-6
1.934300153615173E-6
1.8571242175842103E-6
1.736160859128653E-6
1.668811685133037E-6
1.5866137491827298E-6
1.5239731843932368E-6
1.4260042418874856E-6
1.3707272047354271E-6
1.3041527358395552E-6
1.2532192187558585E-6
1.1738115601531953E-6
1.128366465266185E-6
1.0743601418485353E-6
1.0328656758173705E-6
9.684468953263337E-7
9.310164154441776E-7
8.871291751945227E-7
8.532541853290101E-7
8.009450873036306E-7
7.700546797807171E-7
7.343226184540335E-7
7.066064403787461E-7
6.640861018641984E-7
6.385389860701256E-7
6.093864997049544E-7
5.866557858261408E-7
5.520528792104604E-7
5.308772828041188E-7
5.07039604081364E-7
4.883510638947803E-7
4.6015634194278057E-7
4.425627319567786E-7
4.2302397770093995E-7
4.07618583796701E-7
3.8461441516357114E-7
3.6996084689562094E-7
3.5390446894538075E-7
3.411708330853541E-7
3.223744723642815E-7
3.101385317142141E-7
2.969076848157516E-7
2.863527670576356E-7
2.7097068596642E-7
2.6072678205735515E-7
2.497926202263903E-7
2.410183012564389E-7
2.284094261688759E-7
2.198104215941962E-7
2.1074673291766057E-7
2.034310737291036E-7
1.930771932177868E-7
1.8583954796823081E-7
1.7830245671600777E-7
1.7218470511263174E-7
1.636666487355677E-7
1.5755840816162925E-7
1.5124572980812142E-7
1.4611528766781104E-7
1.390937736257979E-7
1.339258009130253E-7
1.2860930401503944E-7
1.2429517895256158E-7
1.1849534879862967E-7
1.1411256400524781E-7
1.0961942912334126E-7
1.0598204672089195E-7
1.0118102273934229E-7
9.745556412827999E-8
9.36450250358097E-8
9.057021154234095E-8
8.658709038883659E-8
8.341331458156963E-8
8.017047667574706E-8
7.756462416803055E-8
7.425241579958186E-8
7.154284227639706E-8
6.877371726405614E-8
6.655951766618175E-8
6.379864993963803E-8
6.148068375890095E-8
5.9108199076021197E-8
5.722141825014426E-8
5.491450122472158E-8
5.2927775776902345E-8
5.0888565187796896E-8
4.9277279065979405E-8
4.734488179935418E-8
4.563903354992341E-8
4.3880853463118464E-8
4.250201926456909E-8
4.087926391273056E-8
3.941216768698274E-8
3.7891816530888534E-8
3.6709655025382615E-8
3.534346789036666E-8
3.4079797914234916E-8
3.276143870675559E-8
3.174612458777539E-8
3.059301618668013E-8
2.9506750260112298E-8
2.8360555682899802E-8
2.7487028246805868E-8
2.6511297384151276E-8
2.5581787577099553E-8
2.4582846283070142E-8
2.3829931872642717E-8
2.3002215217313498E-8
2.220545793025649E-8
2.1332892253777505E-8
2.068285793352418E-8
1.9978960570668917E-8
1.9294905148697687E-8
1.8531154039792667E-8
1.7969102387607498E-8
1.7369046534061337E-8
1.6780898271055702E-8
1.6111135599971123E-8
1.5624512650380397E-8
1.511176665672851E-8
1.4605419538135275E-8
1.401708140168957E-8
1.3595275685509803E-8
1.3156128543672096E-8
1.271970262803695E-8
1.220210249759336E-8
1.1836117538960174E-8
1.145917089404784E-8
1.1082634215947061E-8
1.062664893989038E-8
1.0308835088786475E-8
9.984590204534971E-9
9.659449059158176E-9
9.257262077285029E-9
8.98109635828816E-9
8.701617868026051E-9
8.420662514661836E-9
8.065553323106803E-9
7.82545821586859E-9
7.584100015677927E-9
7.341195376362139E-9
7.027366431648358E-9
6.818560282096017E-9
6.609741758153589E-9
6.399654718443896E-9
6.122088693755595E-9
5.940461879595992E-9
5.759484943168394E-9
5.577741487539765E-9
5.332083177781177E-9
5.174095291070862E-9
5.016994530979932E-9
4.859761247775871E-9
4.642219530161429E-9
4.504813751662105E-9
4.368233492600903E-9
4.232219028202096E-9
4.04338247417062E-9
3.923790802383091E-9
3.804882651120802E-9
3.6871304230527465E-9
3.5248093464588354E-9
3.420602820371844E-9
3.3169437704732527E-9
3.2148753176404683E-9
3.075154508611028E-9
2.984259008174179E-9
2.8937834659940787E-9
2.8052080090552804E-9
2.684782505137013E-9
2.6054226090549306E-9
2.526365371823505E-9
2.449417411751921E-9
2.3454921755055143E-9
2.276144625704779E-9
2.206993625689757E-9
2.1400812592802405E-9
2.050288163962139E-9
1.9897087009218834E-9
1.9291657271017966E-9
1.8709256021051363E-9
1.793254601578795E-9
1.7404662600538097E-9
1.687414239989678E-9
1.6366731413925133E-9
1.569415101713666E-9
1.5233731412493722E-9
1.476848921729089E-9
1.432601366513401E-9
1.3743005619089607E-9
1.3341082695571422E-9
1.2932797599450767E-9
1.2546624235874752E-9
1.204076894096198E-9
1.1689631879969702E-9
1.1331101773228027E-9
1.0993804887218144E-9
1.0554489332502523E-9
1.024749598735201E-9
9.9324761298031E-10
9.637657950049751E-10
9.255798702377269E-10
8.98721799458269E-10
8.710284807442036E-10
8.45242445616892E-10
8.120235443784134E-10
7.88511465606462E-10
7.641550485070916E-10
7.415876641258175E-10
7.126674122166934E-10
6.920726880740632E-10
6.706422242682677E-10
6.508805543007749E-10
6.256843997238207E-10
6.076355490394633E-10
5.887725933292237E-10
5.714587843763838E-10
5.494921630049821E-10
5.336668222662016E-10
5.170583433411174E-10
5.018818898368075E-10
4.827185416240754E-10
4.688366318066197E-10
4.542089522192382E-10
4.409001165295201E-10
4.241722000943625E-10
4.119901052888768E-10
3.9910370866994257E-10
3.874279120925366E-10
3.728176259818809E-10
3.621232234159297E-10
3.5076829444003566E-10
3.4052132612792507E-10
3.2775379470881855E-10
3.183622029333344E-10
3.083547880729769E-10
2.993587045963355E-10
2.881959273824017E-10
2.799458616896689E-10
2.711245573137816E-10
2.6322416671160294E-10
2.534598635727144E-10
2.4621050604423037E-10
2.384335956612349E-10
2.3149343724580058E-10
2.2294864972581798E-10
2.1657695642374365E-10
2.0971993144388253E-10
2.0362167700546898E-10
1.961410089241982E-10
1.9053938922838286E-10
1.8449279803250877E-10
1.7913301199740765E-10
1.7258141151947424E-10
1.6765572495177147E-10
1.6232330367359945E-10
1.5761150964769573E-10
1.518715107663824E-10
1.475393352322014E-10
1.4283638083312975E-10
1.3869339017302477E-10
1.3366274465413067E-10
1.2985187717643304E-10
1.2570382937076732E-10
1.2206029427455967E-10
1.1764993600763427E-10
1.1429709298811736E-10
1.1063829656708755E-10
1.0743345589445704E-10
1.0356574868960782E-10
1.006154377161176E-10
9.738806100271315E-11
9.456865181963924E-11
9.117587928159354E-11
8.857941868144535E-11
8.573250736685396E-11
8.325181923544534E-11
8.02748817002093E-11
7.798954754745226E-11
7.547819611849398E-11
7.329524852710566E-11
7.06825373750054E-11
6.867082061851549E-11
6.64554460902535E-11
6.453427227278955E-11
6.224069640429128E-11
6.046965527960407E-11
5.851536006784841E-11
5.682438286894037E-11
5.481052589428582E-11
5.3251220894851583E-11
5.1527233464883615E-11
5.003872094739176E-11
4.827011081371859E-11
4.68971112890356E-11
4.5376294751703176E-11
4.4065884973059476E-11
4.251236043129151E-11
4.130331340333171E-11
3.996173354118773E-11
3.880801939960458E-11
3.7443179979310335E-11
3.63784330644358E-11
3.5194978393750794E-11
3.417914469743658E-11
3.2979872776806046E-11
3.204214420938643E-11
3.099819164746876E-11
3.0103697634061605E-11
2.904974282154901E-11
2.822383252117497E-11
2.7302953058404196E-11
2.6515254506265964E-11
2.5588871936058144E-11
2.4861408374236995E-11
2.4049107865319486E-11
2.3355413725753848E-11
2.25410490469913E-11
2.190026736318723E-11
2.1183758171431553E-11
2.0572817324747448E-11
1.9856832171652504E-11
1.9292379591205922E-11
1.866037935416659E-11
1.81222936733663E-11
1.74927262610944E-11
1.6995491381062874E-11
1.6438045631207023E-11
1.5964106036649E-11
1.541046226300467E-11
1.4972425219894087E-11
1.4480750998118147E-11
1.406329361859081E-11
1.3576364681344917E-11
1.3190465598312685E-11
1.2756813549695771E-11
1.2389093477624514E-11
1.1960796556500967E-11
1.1620820002209594E-11
1.1238352749474599E-11
1.09144332006681E-11
1.0537672217461355E-11
1.0238145696307328E-11
9.900830555340502E-12
9.615485523905639E-12
9.284029392863219E-12
9.020134138571942E-12
8.722648473699011E-12
8.471277214276302E-12
8.179653338397014E-12
7.947145899319955E-12
7.684793621111917E-12
7.463345502174537E-12
7.206746567042452E-12
7.001889861918492E-12
6.77052775017572E-12
6.575436204594278E-12
6.349638578023698E-12
6.169141265629658E-12
5.965113957264244E-12
5.7932384161300425E-12
5.5945306814668746E-12
5.435493831258529E-12
5.255576451366573E-12
5.104151285834971E-12
4.929271629129426E-12
4.789141805390925E-12
4.630489340945628E-12
4.497078958122316E-12
4.3431602942671E-12
4.219688276001051E-12
4.0797908989213226E-12
3.962250243332869E-12
3.826772109683615E-12
3.717976563732886E-12
3.594620203160399E-12
3.4910600076069345E-12
3.3718063786842425E-12
3.275941887734751E-12
3.1671734347897876E-12
3.0759296451458368E-12
2.970951929227013E-12
2.8864808490659226E-12
2.7905774497250256E-12
2.7101843190812615E-12
2.617768892191386E-12
2.543336576929002E-12
2.4587785328661856E-12
2.3879449415391424E-12
2.3065846553935956E-12
2.2409976453823597E-12
2.166444499141152E-12
2.104033111685261E-12
2.032402283688151E-12
1.9746091001895303E-12
1.9088785308625713E-12
1.8538874483911337E-12
1.7908199034962077E-12
1.7398941370551823E-12
1.6819433365567818E-12
1.6334899440271783E-12
1.5779597320646444E-12
1.533085149575094E-12
1.4819943883403896E-12
1.4393011332555563E-12
1.3904055927372325E-12
1.3508630214186604E-12
1.3058211464885E-12
1.2682030168411722E-12
1.225147897025537E-12
1.1903036725601932E-12
1.1505953112524855E-12
1.1174488091762944E-12
1.0795351979899537E-12
1.0488309895782847E-12
1.0138252584695883E-12
9.84618690138374E-13
9.512315271325539E-13
9.241753751836569E-13
8.933159176592901E-13
8.675808419486474E-13
8.381788225183564E-13
8.143372438253513E-13
7.87133440163256E-13
7.644571372770837E-13
7.385638383788442E-13
7.175548715031408E-13
6.93574083768691E-13
6.735929219596045E-13
6.507890006096269E-13
6.322760791908229E-13
6.11136809317885E-13
5.935304022675558E-13
5.734467362468623E-13
5.571332916005942E-13
5.384991454330952E-13
5.229852058943121E-13
5.052968621591959E-13
4.909215680832839E-13
4.744959304842852E-13
4.608257370301171E-13
4.4524666738551483E-13
4.325792507395663E-13
4.1810058833756903E-13
4.0605499203086396E-13
3.923333679084157E-13
3.8117091751854517E-13
3.684086351167581E-13
3.5779454170137385E-13
3.4570865061995337E-13
3.3587236521632937E-13
3.2462315081551126E-13
3.1527042171876815E-13
3.0462505744977177E-13
2.959573802529106E-13
2.86041981174444E-13
2.778007033662314E-13
2.684239901909282E-13
2.607860842748007E-13
2.5204646359663944E-13
2.4478454439594096E-13
2.365251429788517E-13
2.297946667247176E-13
2.2209149529501023E-13
2.1569254336674852E-13
2.0841719218838429E-13
2.024863391898323E-13
1.9569678366065119E-13
1.9005824210331917E-13
1.8364959405505243E-13
1.7842336603036627E-13
1.7243913806156913E-13
1.67470639606316E-13
1.6182535811268265E-13
1.5722004305387424E-13
1.5194567886724302E-13
1.475675967025602E-13
1.4259468016769617E-13
1.3853651138587952E-13
1.3388785456273355E-13
1.30030025544091E-13
1.2564933263583574E-13
1.2207330713845824E-13
1.1797617066312777E-13
1.1457677032974653E-13
1.107177219692167E-13
1.0756655926443641E-13
1.0395554567526334E-13
1.0096009705752835E-13
9.756053384471083E-14
9.478375846328865E-14
9.16012194654691E-14
8.896171975441032E-14
8.596689619513559E-14
8.352002922324075E-14
8.071514828664566E-14
7.838929931625027E-14
7.575099841552552E-14
7.359484508478163E-14
7.112282855101359E-14
6.907335878885562E-14
6.674911256477392E-14
6.484913449817639E-14
6.267049832711102E-14
6.08645654501722E-14
5.88169686753839E-14
5.714273069681113E-14
5.522267160792329E-14
5.363133610986526E-14
5.1827442102696896E-14
5.035212478365455E-14
4.865996578547423E-14
4.725772714467277E-14
4.5668515770257733E-14
4.4368485880114334E-14
4.287718742937793E-14
4.164157541831674E-14
4.024148466259941E-14
3.909591665138311E-14
3.7781645653182545E-14
3.669286021041458E-14
3.5459373711596985E-14
3.444991616132879E-14
3.329166600261886E-14
3.233225992342431E-14
3.1245543770795745E-14
3.035602547703061E-14
2.9335281040827675E-14
2.848988037158127E-14
2.7532463254471037E-14
2.6748634214550902E-14
2.5849076567007067E-14
2.5104134230758156E-14
2.4260625781634482E-14
2.35699289539157E-14
2.277717499806627E-14
2.2120753704244426E-14
2.1377596452018002E-14
2.0768966639866818E-14
2.0070339612886638E-14
1.9491920558749342E-14
1.8837171488632467E-14
1.830085810833445E-14
1.768518526192045E-14
1.7175499574702696E-14
1.6598637733010815E-14
1.6126048635885205E-14
1.5583482890564746E-14
1.5134363098553363E-14
1.4626120158239674E-14
1.4209684006720246E-14
1.373154674514865E-14
1.3335795898495457E-14
1.2888006924346797E-14
1.2521051918844005E-14
1.209969439782098E-14
1.1750970742463085E-14
1.1356442758001347E-14
1.1033089769389433E-14
1.0661770967706717E-14
1.035448632549363E-14
1.000688253861146E-14
9.721950936806992E-15
9.39472987846576E-15
9.123960099628585E-15
8.817697936046942E-15
8.566622605518761E-15
8.27826344845088E-15
8.039669507998366E-15
7.769830797706284E-15
7.548589010502867E-15
7.294477391979575E-15
7.084235860540131E-15
6.8464877245098154E-15
6.651534704561838E-15
6.427604000418305E-15
6.242345777793081E-15
6.032870941063844E-15
5.861083076375476E-15
5.6637494071097855E-15
5.500505736585303E-15
5.315941145439943E-15
5.1645659538082175E-15
4.990670901417419E-15
4.8468257958934495E-15
4.6842085475564425E-15
4.550820582453047E-15
4.397580698045156E-15
4.270829025241829E-15
4.127548734963271E-15
4.0100107303562264E-15
3.874973033065541E-15
3.763283573383527E-15
3.6370404182807064E-15
3.5334690510319196E-15
3.4144718043665034E-15
3.3160547062988436E-15
3.204822460894107E-15
3.1135581781483525E-15
3.008696323386618E-15
2.9219744212873244E-15
2.8239679001260485E-15
2.7435483333490286E-15
2.651143018253557E-15
2.5747265583350903E-15
2.4883729316761647E-15
2.417509470337517E-15
2.3360811992610496E-15
2.268745571378056E-15
2.1926590953205207E-15
2.130216239620208E-15
2.058461206201956E-15
1.9991273204697275E-15
1.9320870783330374E-15
1.8770642494939763E-15
1.813833479267328E-15
1.7615504725470606E-15
1.702480762215815E-15
1.6539962711630191E-15
1.5982772388820103E-15
1.552207240508716E-15
1.5001602984270779E-15
1.4574372187363215E-15
1.4083376485646855E-15
1.3677423518536251E-15
1.3218831332360815E-15
1.2842368548662947E-15
1.2409704412152736E-15
1.2051992720995137E-15
1.164792041123951E-15
1.1316193016094003E-15
1.0934931273398567E-15
1.0619728206295432E-15
1.0263693372878908E-15
9.971385560872796E-16
9.635420037992522E-16
9.357674158280792E-16
9.043965275901687E-16
8.786392879536506E-16
8.490342659218599E-16
8.24560280314616E-16
7.969187546486222E-16
7.742223000552134E-16
7.481346296673922E-16
7.265690232714119E-16
7.02213467600355E-16
6.822140869732047E-16
6.592259131765699E-16
6.402230716711931E-16
6.187628171057474E-16
6.011400182421873E-16
5.808831199827534E-16
5.641384991231089E-16
5.452293296061497E-16
5.29700702508458E-16
5.118505986500603E-16
4.970958443129885E-16
4.804344718188201E-16
4.667511650936046E-16
4.51021919285333E-16
4.3802056623147445E-16
4.2333976440431416E-16
4.1128249672115738E-16
3.974221384397977E-16
3.8596582121171924E-16
3.7303013583945903E-16
3.6240568255137195E-16
3.5019217474351576E-16
3.4009728874607057E-16
3.2869926014460435E-16
3.193373572945802E-16
3.0857503957145223E-16
2.9967979870507946E-16
2.8963663273142233E-16
2.8138724870894933E-16
2.719037044509915E-16
2.640655483362851E-16
2.552161833775406E-16
2.479471146655401E-16
2.3959041034881417E-16
2.326837192450906E-16
2.2488624195533166E-16
2.1848099468033265E-16
2.1111724693036435E-16
2.0503132942410973E-16
1.9816069786795053E-16
1.925166215867667E-16
1.860278526558583E-16
1.8066517094556997E-16
1.7461120893415718E-16
1.6963785087244441E-16
1.639200994782881E-16
1.5919470695018628E-16
1.5386033603405868E-16
1.494779919481525E-16
1.4443964823854386E-16
1.402758115291827E-16
1.3557549419751275E-16
1.317139315876705E-16
1.2727426940208491E-16
1.2360525489621696E-16
1.1946362231323312E-16
1.160609543239194E-16
1.1214883890490134E-16
1.0891584363573294E-16
1.0526648645206599E-16
1.0226818043816706E-16
9.882092840114748E-17
9.597213701855474E-17
9.275654028761674E-17
9.011454374788797E-17
8.707691942629168E-17
8.456667414875365E-17
8.173327893736107E-17
7.940524969056766E-17
7.672858032254686E-17
7.45166493018522E-17
7.202002563537492E-17
6.996865317453736E-17
6.761004882612343E-17
6.566098093032898E-17
6.346109901556453E-17
6.165350660346778E-17
5.957517357244504E-17
5.78577307728534E-17
5.591931928737384E-17
5.4326537092974995E-17
5.24951722072383E-17
5.0981828727888095E-17
4.927380898366216E-17
4.7870309667492603E-17
4.625656674950982E-17
4.492306772934755E-17
4.341805515078854E-17
4.218134498465533E-17
4.075936489141481E-17
3.9584337948641605E-17
3.825820329777931E-17
3.71684616643693E-17
3.591545755869264E-17
3.4880070020683636E-17
3.3711552022016846E-17
3.275131354973801E-17
3.16472065413174E-17
3.073486397000736E-17
2.9705228699049905E-17
2.8859103623309657E-17
2.788620037483026E-17
2.7082280234830296E-17
2.6175020341219308E-17
2.5429447637586308E-17
2.457215736522089E-17
2.3863774862412075E-17
2.3064345277685155E-17
2.240737558941265E-17
2.1651960096927447E-17
2.1027761688354264E-17
2.0323346052774905E-17
1.974444996322574E-17
1.9078803433819723E-17
1.8528784721605017E-17
1.7908090134499225E-17
1.7397989561546315E-17
1.681144460099481E-17
1.6326790084302502E-17
1.5779865896257924E-17
1.5330385288198692E-17
1.481354220129597E-17
1.4386484120632038E-17
1.3904562412790832E-17
1.3508497774556937E-17
1.305307372062805E-17
1.26767673090515E-17
1.2252122291685407E-17
1.1903125802192281E-17
1.1501822222709981E-17
1.1170236176507823E-17
1.0796060299454046E-17
1.048853843314304E-17
1.0134924030859204E-17
9.842743778588989E-18
9.513038656058896E-18
9.242062615674907E-18
8.930470335687378E-18
8.673012919200216E-18
8.382493089283122E-18
8.143719782297184E-18
7.869155964478801E-18
7.64229489691491E-18
7.386303138612762E-18
7.175905657607007E-18
6.933970039630475E-18
6.734069277313201E-18
6.50850188424312E-18
6.323108067883196E-18
6.1099233252982555E-18
5.933778919029181E-18
5.735019901766424E-18
5.5716583015136326E-18
5.383807800909346E-18
5.228596516378581E-18
5.0534596849304455E-18
4.9095120433318925E-18
4.743985196337304E-18
4.607219343847968E-18
4.4528971936185386E-18
4.326056310872019E-18
4.180200298014933E-18
4.059687826898238E-18
3.923706543230068E-18
3.811939492032223E-18
3.683416676895884E-18
3.577226010320041E-18
3.457405782811005E-18
3.3589211787604915E-18
3.245671747436167E-18
3.1521008840976687E-18
3.0465209867809158E-18
2.9597403618141432E-18
2.859949295552704E-18
2.777498484775224E-18
2.6844664442713204E-18
2.607998891533931E-18
2.5200668338904795E-18
2.4474145724874237E-18
2.3654391313330013E-18
2.2980590450312062E-18
2.220576709421939E-18
2.1565585013754718E-18
2.084325572450269E-18
2.0249530035734716E-18
1.95667857246191E-18
1.9002683729893585E-18
1.8366200843394777E-18
1.7843033963928295E-18
1.7241426330595374E-18
1.674436302810616E-18
1.618352388269073E-18
1.5722530536728316E-18
1.5192417370460633E-18
1.4754425714708971E-18
1.4260240223610083E-18
1.3854031760465551E-18
1.3386916880086236E-18
1.3000976754722563E-18
1.2565523247556866E-18
1.220758911334778E-18
1.1795985900218052E-18
1.145591133792001E-18
1.1072209743233786E-18
1.0756813025813103E-18
1.0394124485805044E-18
1.0094464882096584E-18
9.75636457402039E-19
9.478450048645268E-19
9.158863417685235E-19
8.894815713118338E-19
8.596897142842358E-19
8.352010346702608E-19
8.07040332288756E-19
7.837735488260071E-19
7.575223209637348E-19
7.359439003475077E-19
7.111298147774311E-19
6.90628094022159E-19
6.674967149285956E-19
6.484827099321219E-19
6.266175194113569E-19
6.085522510645919E-19
5.881699258523451E-19
5.714155723395238E-19
5.521488463503997E-19
5.362304892797953E-19
5.182705080135709E-19
5.035072624622913E-19
4.865302023766331E-19
4.725036073471187E-19
4.566780793031071E-19
4.436693174877051E-19
4.2870982146342703E-19
4.163501725420323E-19
4.0240542546826373E-19
3.909426460473616E-19
3.777609407263406E-19
3.668701316312783E-19
3.545826466295574E-19
3.4448212423538645E-19
3.3286694724977844E-19
3.232704293305442E-19
3.1244323804503166E-19
3.0354307146500603E-19
2.933082473249468E-19
2.8485219327332684E-19
2.7531176284867853E-19
2.674693100933272E-19
2.5845080177051827E-19
2.50999683045858E-19
2.425930754670975E-19
2.3568262867159716E-19
2.277358934738861E-19
2.2117028403714384E-19
2.1376275379328846E-19
2.076735534136014E-19
2.0067121470055673E-19
1.948858727275123E-19
1.8835868384070647E-19
1.829931370139327E-19
1.768229675208955E-19
1.7172517007687853E-19
1.659736972613302E-19
1.6124579979618904E-19
1.558089000668174E-19
1.5131693300983558E-19
1.4624899041410692E-19
1.420829704757089E-19
1.372921949819133E-19
1.333340592677258E-19
1.28868415626023E-19
1.2519749136548575E-19
1.2097606011749652E-19
1.1748832075658835E-19
1.135533874970033E-19
1.1031871841382287E-19
1.0659896806869418E-19
1.0352571766750173E-19
1.000584293752205E-19
9.72081763121305E-20
9.39304848833529E-20
9.122246913603221E-20
8.816725021120158E-20
8.565572623534044E-20
8.276755594237717E-20
8.038136182397903E-20
7.768923756742105E-20
7.547618876290915E-20
7.293125250330815E-20
7.082863932567415E-20
6.845645836016165E-20
6.650641411885653E-20
6.426392174908424E-20
6.241118683342706E-20
6.032092640926924E-20
5.860263253821292E-20
5.662663945656484E-20
5.499408633866657E-20
5.315224282554054E-20
5.163815508937823E-20
4.989699153465293E-20
4.8458454311607157E-20
4.6835501965547693E-20
4.55013500133853E-20
4.3967107693173874E-20
4.269952817201861E-20
4.1269452913110106E-20
4.0093853849093E-20
3.8741946133997835E-20
3.762501063822049E-20
3.6364889863677736E-20
3.5329000115907576E-20
3.413775496906478E-20
3.3153559153419315E-20
3.204319542512213E-20
3.113041356879243E-20
3.008073886345787E-20
2.921350897090959E-20
2.823510556089095E-20
2.7430800242379314E-20
2.6505869248304307E-20
2.574170073763045E-20
2.4879575091452114E-20
2.4170856499153645E-20
2.33558456927187E-20
2.2682492727688468E-20
2.1922823756658546E-20
2.1298331051596627E-20
2.0580178630569612E-20
1.9986848266468948E-20
1.9317460786949503E-20
1.8767184865159517E-20
1.8134379040490433E-20
1.7611561475036482E-20
1.7021727204991785E-20
1.653684697698286E-20
1.5979245282910492E-20
1.5518560415579583E-20
1.4998823858855285E-20
1.4571567775277183E-20
1.4080232006863992E-20
1.3674295351187132E-20
1.321632634005556E-20
1.2839846912614726E-20
1.2406901459772461E-20
1.204920698124943E-20
1.1645664352677608E-20
1.131392676185799E-20
1.0932434907034946E-20
1.0617249805186942E-20
1.026166465325273E-20
9.96935124284005E-21
9.633196564459932E-21
9.355468561970621E-21
9.042142612292011E-21
8.784568348768642E-21
8.488362847256971E-21
8.243640713371993E-21
7.967551472213766E-21
7.7405885889152E-21
7.479585000803507E-21
7.263945859051333E-21
7.02066835183577E-21
6.82067816399186E-21
6.5906924122902444E-21
6.400680406394593E-21
6.1863145447228325E-21
6.0100917816994966E-21
5.807437585765121E-21
5.640006527323673E-21
5.4511171605509976E-21
5.295837568340166E-21
5.117267407671169E-21
4.96973470706541E-21
4.803293558583023E-21
4.666467704057515E-21
4.5091195989300936E-21
4.379120253707382E-21
4.232459121749468E-21
4.111893703545814E-21
3.973244678736398E-21
3.8586944104213254E-21
3.7294635453989486E-21
3.623226674423309E-21
3.501054974449459E-21
3.400118293050845E-21
3.2862454053044356E-21
3.192634047032895E-21
3.0849816108474837E-21
2.996040159284619E-21
2.8956999568186665E-21
2.813213403162616E-21
2.718354796827702E-21
2.639983276361881E-21
2.5515676796202084E-21
2.4788840014832877E-21
2.3952984182913438E-21
2.3262409099485605E-21
2.248332747028877E-21
2.184286529091948E-21
2.11063454589265E-21
2.049784126975176E-21
1.98113489006717E-21
1.9247001037566255E-21
1.8598012159132933E-21
1.8061824938212464E-21
1.7456917034223263E-21
1.695963975075742E-21
1.638777711058693E-21
1.5915312972588053E-21
1.5382295624430649E-21
1.494411479144307E-21
1.444021404418047E-21
1.4023897927894725E-21
1.3554226398313192E-21
1.3168119596251126E-21
1.2724101417839848E-21
1.2357258294210114E-21
1.1943403052236974E-21
1.160318243334481E-21
1.1211933338252E-21
1.088868758564093E-21
1.0524018067235035E-21
1.0224231243767437E-21
9.879477755397847E-22
9.594645927308471E-22
9.27331387478533E-22
9.009153848675208E-22
8.705373912966896E-22
8.454395013908427E-22
8.171251575212551E-22
7.938483840746275E-22
7.670804724127764E-22
7.449653016914143E-22
7.200159146109786E-22
6.995054388926815E-22
6.7591866160605E-22
6.564317738133987E-22
6.344474916564935E-22
6.163745182175832E-22
5.9559096732145E-22
5.784198787303339E-22
5.590481593903954E-22
5.431231148063574E-22
5.2480939077587E-22
5.096787476659136E-22
4.926091099846778E-22
4.785764483448602E-22
4.624392489992842E-22
4.491070323485677E-22
4.34066019103539E-22
4.2170105864626253E-22
4.074817853121347E-22
3.9573410002516726E-22
3.824805176514897E-22
3.7158513335347536E-22
3.5905575687711474E-22
3.487041960314052E-22
3.3702576819209428E-22
3.274250574619828E-22
3.1638454819876395E-22
3.0726315536456894E-22
2.969726060082215E-22
2.8851294004325297E-22
2.7878458718740087E-22
2.707471248949594E-22
2.61679498316218E-22
2.542250935675246E-22
2.4565300387796127E-22
2.3857096861928697E-22
2.305809323678832E-22
2.2401241651774154E-22
2.1645897283268223E-22
2.1021844603427332E-22
2.0317804766844108E-22
1.9739016377796808E-22
1.9073432474472227E-22
1.8523545654501485E-22
1.79031642634539E-22
1.7393165551956958E-22
1.6806689939117891E-22
1.6322152497229982E-22
1.577550190773815E-22
1.532612309327243E-22
1.4809342605400402E-22
1.438237954245885E-22
1.3900705009754532E-22
1.3504729022390647E-22
1.3049363671321274E-22
1.2673143072689149E-22
1.2248703005335403E-22
1.1899778460612961E-22
1.1498537411602672E-22
1.1167037123022173E-22
1.0793032147390617E-22
1.0485573862503457E-22
1.0132022909714991E-22
9.839919934028027E-23
9.510361684545412E-23
9.239451521359021E-23
8.927919359194868E-23
8.67053323355412E-23
8.380131891099274E-23
8.141408994421205E-23
7.866896137593528E-23
7.64010349703372E-23
7.384225604799269E-23
7.173867417506767E-23
6.931974806892813E-23
6.732130048886757E-23
6.506665036652156E-23
6.321309515190829E-23
6.108155619608893E-23
5.932055581648153E-23
5.733386096730354E-23
5.570065793489009E-23
5.382244182412186E-23
5.2270704463212607E-23
5.0520067165193094E-23
4.908096649474799E-23
4.742605023107452E-23
4.6058764647798006E-23
4.451620183261544E-23
4.324813203216818E-23
4.178991252648035E-23
4.0585120759391315E-23
3.9225865613377555E-23
3.810846138399452E-23
3.6823550851089326E-23
3.5761958701756725E-23
3.4564245268412225E-23
3.3579638553636074E-23
3.244743046498288E-23
3.151196422855754E-23
3.045665224402541E-23
2.9589107003666006E-23
2.859140958865093E-23
2.7767077343382085E-23
2.6837101847178624E-23
2.607261463067597E-23
2.5193533030393042E-23
2.4467201263541436E-23
2.3647733504600384E-23
2.2974053650257185E-23
2.219940914422276E-23
2.1559422798293372E-23
2.0837396837161015E-23
2.0243826590158758E-23
1.956123513175318E-23
1.8997255847274423E-23
1.8361001756985568E-23
1.7837995076943917E-23
1.7236544069248906E-23
1.673957714075865E-23
1.617892934432309E-23
1.5718060332494646E-23
1.5188073151235537E-23
1.475015723634961E-23
1.4256139722304557E-23
1.3850066989089075E-23
1.3383066994798575E-23
1.2997189287374765E-23
1.2561903173886781E-23
1.2204074430027948E-23
1.1792571607878435E-23
1.1452599016152475E-23
1.1069008644008333E-23
1.0753660731745756E-23
1.0391057415632928E-23
1.0091491421798278E-23
9.75350171939153E-24
9.475658415829453E-24
9.156133328829782E-24
8.892155212797184E-24
8.594355324728655E-24
8.34954473535212E-24
8.067973214032652E-24
7.835369385584961E-24
7.572964300815228E-24
7.357236951926311E-24
7.109139622877025E-24
6.90418565686755E-24
6.672974597643504E-24
6.482852995303906E-24
6.2642323306499006E-24
6.0836497801717564E-24
5.8799034684041884E-24
5.71238432897671E-24
5.519773275624616E-24
5.3606391723423774E-24
5.181108395142118E-24
5.033505357463613E-24
4.86381185297045E-24
4.723601439086717E-24
4.5653919207040624E-24
4.435313334365363E-24
4.2857984872670094E-24
4.162265314708059E-24
4.022868078070985E-24
3.908247223872711E-24
3.776487825071153E-24
3.6676489198560595E-24
3.5448252178370804E-24
3.4438405315217724E-24
3.327741213119112E-24
3.2318103830741365E-24
3.1235751743330496E-24
3.0345994358103504E-24
2.9323034755981825E-24
2.847779395474794E-24
2.752383244038583E-24
2.6739645362002004E-24
2.5838251592423633E-24
2.5093562274134254E-24
2.425296864724344E-24
2.356184390304292E-24
2.2767504642069736E-24
2.2111305312119736E-24
2.137051168672436E-24
2.0761502568588633E-24
2.0061774386414947E-24
1.948346591985323E-24
1.8830557699845395E-24
1.8294092385990027E-24
1.767760993974192E-24
1.7167910810366983E-24
1.6592692105120786E-24
1.6120268236254253E-24
1.5576924574989383E-24
1.5127814747651078E-24
1.4621047984667247E-24
1.420468064879689E-24
1.3725872351556615E-24
1.333026806834737E-24
1.2883778268722754E-24
1.2516709081597652E-24
1.2094824668958305E-24
1.1746299796078223E-24
1.1352806463359361E-24
1.102939055614759E-24
1.0657705759915609E-24
1.035051929306667E-24
1.0003790504347302E-24
9.718899438375602E-25
9.391340665407824E-25
9.120550188391272E-25
8.81505531057455E-25
8.56411654837601E-25
8.275434749325565E-25
8.03681444733107E-25
7.767611196999098E-25
7.546400711589333E-25
7.292046306444923E-25
7.081819788682264E-25
6.844581528152325E-25
6.649603980924148E-25
6.425487095009402E-25
6.240199325956428E-25
6.031116478267731E-25
5.859258005915021E-25
5.661770756067672E-25
5.498493000548544E-25
5.314333212732567E-25
5.1629304925345165E-25
4.988858311760299E-25
4.844935770848942E-25
4.682666801674553E-25
4.549273432198318E-25
4.395897312331649E-25
4.269122065938792E-25
4.1260967414904885E-25
4.0085631740242987E-25
3.8733854075034985E-25
3.761675128906903E-25
3.6357080720635478E-25
3.5322054837387318E-25
3.4130176147030383E-25
3.314562959840218E-25
3.203635985413548E-25
3.11245230350674E-25
3.0073741717044426E-25
2.9206302839123823E-25
2.822864453755414E-25
2.7424734496887173E-25
2.6498910770176165E-25
2.573499602615612E-25
2.4872628241486047E-25
2.4163108246171004E-25
2.334861262198981E-25
2.267666018976284E-25
2.191631264496879E-25
2.129052941624258E-25
2.0573180068446257E-25
1.998109482963315E-25
1.931146299659583E-25
1.8760159823072987E-25
1.8127738231480312E-25
1.7605544993529816E-25
1.7016814282788407E-25
1.6531959723004478E-25
1.5973981892498061E-25
1.551355427506336E-25
1.4994866214903643E-25
1.4567588928200097E-25
1.4076575129327753E-25
1.367168452529473E-25
1.3214161338186438E-25
1.283739092259243E-25
1.2405044549897005E-25
1.2048217118153499E-25
1.1644867140729936E-25
1.13129467076938E-25
1.093178235505767E-25
1.0617066093724869E-25
1.026169301098099E-25
9.969282567052923E-26
9.633299445297834E-26
9.355907849036291E-26
9.042593411160411E-26
8.784882677740861E-26
8.489036987645893E-26
8.244834597610161E-26
7.968353348113081E-26
7.740940045215379E-26
7.480422697080221E-26
7.265553002690316E-26
7.021809334143358E-26
6.821153708616686E-26
6.591469427236062E-26
6.401781850015713E-26
6.187430353290604E-26
6.011277299769891E-26
5.808589140863054E-26
5.641081241808255E-26
5.452508455050384E-26
5.297637945961008E-26
5.118888871815817E-26
4.9710888103411656E-26
4.804967856805246E-26
4.6684701338172115E-26
4.5109604867146493E-26
4.3808888546809577E-26
4.2345603527902465E-26
4.1142001680544344E-26
3.9752164977086986E-26
3.8607104056399097E-26
3.731835036183584E-26
3.6256396930335017E-26
3.5031189849792465E-26
3.402293434212552E-26
3.288641369435175E-26
3.1950177377475575E-26
3.0871274985804955E-26
2.9983910858196847E-26
2.898001923478653E-26
2.8153906374710545E-26
2.72074854558799E-26
2.642799759751023E-26
2.5540385813371964E-26
2.4809671372650003E-26
2.3978015587656905E-26
2.3291873319554198E-26
2.250927316268776E-26
2.1863831014140516E-26
2.1130226992124934E-26
2.0525174053141515E-26
1.9836735174009016E-26
1.9268657815378645E-26
1.8621897491458213E-26
1.8086721481742448E-26
1.7480357498507157E-26
1.697907958429972E-26
1.6408389512878065E-26
1.593730335604162E-26
1.5403275152637766E-26
1.496098754907992E-26
1.4457193298715207E-26
1.4041676180356038E-26
1.3571602798630406E-26
1.318222909236731E-26
1.2738367016885922E-26
1.237170401866051E-26
1.195764273602716E-26
1.161556188412949E-26
1.1224017659936733E-26
1.090037811361888E-26
1.0534761064375822E-26
1.0234427125859637E-26
9.889941783884667E-27
9.603936150143609E-27
9.281903359417834E-27
9.017674556714708E-27
8.713272684136042E-27
8.461572739533865E-27
8.179134690543946E-27
7.946882986595002E-27
7.678251387463734E-27
7.456243070057158E-27
7.20944769903932E-27
7.004976822589892E-27
6.767459491319837E-27
6.57098305161913E-27
6.355435988632182E-27
6.1756741273653686E-27
5.965905976445224E-27
5.79236643622359E-27
5.602187438255329E-27
5.443946889727009E-27
5.2598088751186486E-27
5.107016157482949E-27
4.9387274455339935E-27
4.799431337497396E-27
4.637382864499838E-27
4.502668236624194E-27
4.354007151555255E-27
4.2312054305073344E-27
4.08827128913808E-27
3.969631753188902E-27
3.838024843472688E-27
3.72961017600761E-27
3.604665199504664E-27
3.50067282521193E-27
3.3837959901309956E-27
3.2876593824793504E-27
3.1784035770606887E-27
3.0869604139848616E-27
2.983363870487079E-27
2.8980999389337347E-27
2.802401024383529E-27
2.7221742210260032E-27
2.630472803681319E-27
2.5543442879427623E-27
2.469807620917076E-27
2.398998704281563E-27
2.3182184273759343E-27
2.2512289448436293E-27
2.1767561218016386E-27
2.114512521604194E-27
2.043617921840506E-27
1.9843739984841612E-27
1.918345400881545E-27
1.8632843638872815E-27
1.800887285582035E-27
1.7485736683733206E-27
1.690276225300308E-27
1.641584014541173E-27
1.5864517573902E-27
1.5402764669229903E-27
1.488757481693173E-27
1.4455886865245674E-27
1.3969276114008756E-27
1.3562779931889114E-27
1.3107504731461312E-27
1.2725226066668493E-27
1.229755308275813E-27
1.1939523633215391E-27
1.1539461941111386E-27
1.1203492345407765E-27
1.0825899509671439E-27
1.0512029843958288E-27
1.0162225533181844E-27
9.867625457535016E-28
9.538462539707141E-28
9.266233308427115E-28
8.958082800128627E-28
8.696546442289996E-28
8.407255025944327E-28
8.16717029653588E-28
7.895896727460543E-28
7.6664344688053725E-28
7.411266161074957E-28
7.19856787568352E-28
6.958337988239662E-28
6.753854270358656E-28
6.529845424288466E-28
6.34128289861646E-28
6.128345669027206E-28
5.946355088623138E-28
5.749015906333473E-28
5.582643030662692E-28
5.393569823683079E-28
5.232492079224976E-28
5.058248505664039E-28
4.911550639331735E-28
4.743898399694266E-28
4.60162652940561E-28
4.447385577776274E-28
4.317977121050568E-28
4.17012395216878E-28
4.046225830537985E-28
3.910528779627622E-28
3.7970942810734003E-28
3.665943284770105E-28
3.5554737614722768E-28
3.4359917749871214E-28
3.3354374586690406E-28
3.2223471144079585E-28
3.1260494835961515E-28
3.021625469167606E-28
2.933255763976091E-28
2.8325229674202257E-28
2.7477694404849148E-28
2.6575126770550214E-28
2.5807358402974813E-28
2.4905383079676884E-28
2.414809399168281E-28
2.335947999080023E-28
2.267902341238317E-28
2.1891147819333344E-28
2.1237128030501767E-28
2.0531409709807414E-28
1.9920670531259676E-28
1.9221338640651145E-28
1.8645099230861746E-28
1.8016221963114839E-28
1.7476827808472584E-28
1.6863236690044252E-28
1.6354640124526856E-28
1.5800739696440518E-28
1.5320981471392084E-28
1.477934468679238E-28
1.433321932795738E-28
1.384441169557972E-28
1.3419465400722858E-28
1.2940459169835242E-28
1.2550353650363986E-28
1.21205701903391E-28
1.1746117799647945E-28
1.1336225146417156E-28
1.099715414163473E-28
1.0613496172210962E-28
1.0287360497406527E-28
9.937336420178818E-29
9.642317472515449E-29
9.310367481864454E-29
9.027492502087266E-29
8.718523380277096E-29
8.465320164901887E-29
8.174108548072677E-29
7.929755569509311E-29
7.650672795866037E-29
7.426702490085727E-29
7.172765467699945E-29
6.959471758005822E-29
6.712103803013232E-29
6.513283412510469E-29
6.290061166037493E-29
6.102409743051661E-29
5.876801388004493E-29
5.69933427219212E-29
5.504171538910467E-29
5.3379762396683E-29
5.13746310660232E-29
4.979089632774157E-29
4.804866128523042E-29
4.6612583452237403E-29
4.48138140568463E-29
4.3409407977402955E-29
4.187522720704157E-29
4.0633808259486947E-29
3.913524289000301E-29
3.7963024126967425E-29
3.6571092008129625E-29
3.5470311489027007E-29
3.424377038900098E-29
3.3282789981070754E-29
3.2074805690417757E-29
3.11255058706728E-29
3.006249237984216E-29
2.92349244107527E-29
2.817779077358407E-29
2.7349412552194045E-29
2.63967178015656E-29
2.567569578160042E-29
2.476311565562206E-29
2.4054221123837715E-29
2.320035744927234E-29
2.256749564033373E-29
2.1768509294317195E-29
2.114613415660595E-29
2.0386752705773374E-29
1.983038233109411E-29
1.9131762312606952E-29
1.8597957988695464E-29
1.789839026977109E-29
1.7389910501438645E-29
1.67849699555318E-29
1.6322817806472404E-29
1.5706809608519157E-29
1.5244186085183894E-29
1.4723941119489244E-29
1.4322996554010287E-29
1.3771583478997202E-29
1.3359008106956555E-29
1.2885191512073126E-29
1.253925496098618E-29
1.2047558402829508E-29
1.1695014940748191E-29
1.1289367677762267E-29
1.0987634947371654E-29
1.0547535147199386E-29
1.0229513385866017E-29
9.892321015453573E-30
9.633136570292992E-30
9.255893924046328E-30
8.978645993907537E-30
8.684482731851191E-30
