[-0.0010756886401359328, -1.336799044085739E-5]
[-0.0025268799862184733, 0.0015945941290352575]
[0.0011458123270528873, 6.780323171621909E-4]
[0.003022298214969229, -0.001393673033611341]
[-9.55773500302157E-4, -0.0018490304761698806]
[-0.003914352323710533, 0.0017515567013772857]
[0.0010392520702607365, 0.002635062969646068]
[0.004601026242309609, -0.001470523864400104]
[-7.88063041110552E-4, -0.003965391113666148]
[-0.005913426195923831, 0.0019745124905330494]
[8.905881828160695E-4, 0.004989580618377978]
[0.006893025541984991, -0.0015808376136504632]
[-5.512173431890877E-4, -0.006682002344579064]
[-0.008823157103917737, 0.002295201793385937]
[6.849719534983141E-4, 0.008089491975780554]
[0.01023438354053711, -0.0017386346555268945]
[-2.1906410724538156E-4, -0.010391580227774392]
[-0.013062330290021735, 0.0027562918921184188]
[4.077686743195815E-4, 0.012368499445960357]
[0.015092378183868632, -0.001961185298382609]
[2.370932189283768E-4, -0.01559728425008104]
[-0.019207431642925238, 0.0034132275813235375]
[5.10754275446423E-5, 0.01838017651618056]
[0.02210074615890517, -0.0022672288831830467]
[8.409353696566247E-4, -0.022943346671730987]
[-0.028027250340368938, 0.004333474723601068]
[-3.7216791059536177E-4, 0.026819680872786626]
[0.03208499342714538, -0.0026714532412992326]
[0.0015943322352202736, -0.0332258634839151]
[-0.04049772151634358, 0.005589815106433283]
[-8.02688591790118E-4, 0.03851660833046589]
[0.04605727573416791, -0.0031722544114967145]
[0.0024476545146570328, -0.04736265612961041]
[-0.057770122044686185, 0.007243015515679345]
[-0.0010972447650495348, 0.054377305602304936]
[0.06515235297674364, -0.003729850811311524]
[0.0032588836068112447, -0.06629980607494669]
[-0.08106122202406466, 0.009310041390052808]
[-9.87929672878727E-4, 0.07526139213690768]
[0.09047995754566499, -0.004235326312377023]
[0.003756335206936023, -0.09084869589767443]
[-0.11144906379940034, 0.011720473159671388]
[-6.380954607461149E-5, 0.10180373775793304]
[0.122896719161061, -0.004480694405904371]
[0.003536268769443549, -0.12148508276272288]
[-0.1496014843465781, 0.014277716109838474]
[0.0021888079307055266, 0.13423281526981634]
[0.16275022698075498, -0.004153468304708287]
[0.002128875651826347, -0.1581814262334975]
[-0.19552004638499237, 0.016655916282072577]
[0.006266864620575064, 0.1722592821989634]
[0.20968853360150402, -0.00288367630570862]
[-8.644546512181746E-4, -0.2003478150568839]
[-0.24840626961365203, 0.01845951735677068]
[0.012479350228249792, 0.21508639329006016]
[0.2626213055717884, -3.494424246984597E-4]
[-0.005612522018325015, -0.2469100424797502]
[-0.3067186102379284, 0.019337311323203592]
[0.020800001341766444, 0.26153704748850554]
[0.31985942885918905, 0.003597062445931812]
[-0.011954327585873458, -0.2964889498439541]
[-0.3684075835442071, 0.019097885295144303]
[0.030820655774856515, 0.31024399656940277]
[0.37938649139602915, 0.008849940068735086]
[-0.019411639592649924, -0.3476106799044133]
[-0.43124573862819043, 0.01776398973629102]
[0.04182923162248099, 0.35983904632945274]
[0.4391707280332198, 0.015060532313742657]
[-0.02730534175574367, -0.3988864604934082]
[-0.49314620054105424, 0.015543680584425484]
[0.05297183722001829, 0.4090975368957609]
[0.4974266947998463, 0.021727548434101414]
[-0.03491731679253662, -0.44913179403383924]
[-0.5523897555569334, 0.012747184871978526]
[0.06342802086105606, 0.45702297315307544]
[0.5527727352299366, 0.02831579581519021]
[-0.04163274684627098, -0.4974232622504361]
[-0.6077313999752159, 0.009697557513763146]
[0.07254131079542715, 0.5028771450670264]
[0.6042779347499354, 0.03435499253324385]
[-0.04702450002681982, -0.5431062347841349]
[-0.6584023650947621, 0.006668065423220803]
[0.07988200221264347, 0.546170187443405]
[0.6514261766478109, 0.039496353836134784]
[-0.05087498289829959, -0.5857707199709254]
[-0.7040455628792485, 0.003854362041981637]
[0.08524961920437188, 0.5866264084914253]
[0.6940358461720163, 0.043528811186469105]
[-0.05315232776416312, -0.6252107426216498]
[-0.7446224371420472, 0.0013735209513447248]
[0.08863686308613788, 0.6241393625155839]
[0.7321676188051894, 0.04636782297928476]
[-0.05396351871975674, -0.6613786923134819]
[-0.780318135105985, -7.223118753796817E-4]
[0.0901772683950949, 0.6587259461113639]
[0.7660403640283221, 0.048030400185176236]
[-0.05350283461715653, -0.6943419350425897]
[-0.8114594215599373, -0.0024275502545688527]
[0.09009243655589032, 0.6904855275068348]
[0.795963970802297, 0.04860624054864376]
[-0.05200663908553204, -0.724245501529878]
[-0.838450469471726, -0.0037659304621886387]
[0.0886474159912852, 0.7195669590488748]
[0.8222905365803364, 0.04823071909980549]
[-0.04971914157967408, -0.7512821853982836]
[-0.8617262867896228, -0.004776904015986468]
[0.08611725408534898, 0.7461440595852927]
[0.8453816240879357, 0.047062397413855275]
[-0.04686958880788488, -0.7756698761309638]
[-0.8817211192340233, -0.00550610081594341]
[0.08276444824621192, 0.770398780673346]
[0.8655879955400891, 0.04526581671240172]
[-0.04365922648993595, -0.7976351992948214]
[-0.8988485088093714, -0.00599930916048106]
[0.07882549109704393, 0.7925106170002535]
[0.8832382650744874, 0.04299932382207456]
[-0.04025564030882804, -0.8174022803523346]
[-0.9134898932726226, -0.006299098210676715]
[0.07450427612413497, 0.8126506645092311]
[0.8986335078544507, 0.040407214973666505]
[-0.036792127996118876, -0.8351854697733349]
[-0.9259891665261011, -0.0064432359034509515]
[0.06997027431673764, 0.8309788656903301]
[0.9120456004650458, 0.03761533217281889]
[-0.03337014497937402, -0.8511850154718543]
[-0.9366512094468342, -0.006464222256675312]
[0.06535976890707305, 0.8476432547560775]
[0.9237177385492229, 0.03472926211381235]
[-0.030063353088921194, -0.8655848550890214]
[-0.9457429268963788, -0.006389450803024395]
[0.060778856876357104, 0.8627803224696196]
[0.9338661108517992, 0.031834382531216135]
[-0.02692225814074269, -0.8785518806468527]
[-0.9534957527687957, -0.006241678320430127]
[0.056307304773588876, 0.8765159016263736]
[0.9426820968502122, 0.028997127510967842]
[-0.023978795530585167, -0.8902361836007715]
[-0.9601089112273656, -0.006039609257942689]
[0.05200265173190061, 0.888966202138059]
[0.9503346192004688, 0.02626697522322482]
[-0.021250502110019154, -0.9007719152528005]
[-0.9657529630461353, -0.005798487698913571]
[0.04790418212464128, 0.9002387927417588]
[0.9569724516805873, 0.023678784603943223]
[-0.01874410630823954, -0.9102784979036622]
[-0.9705733386578848, -0.005530644374221995]
[0.04403655406973771, 0.9104334397976398]
[0.9627263860012335, 0.021255214598968473]
[-0.016458493169855468, -0.9188620000412755]
[-0.9746936802666711, -0.005245978244878539]
[0.04041298153397784, 0.9196427830365601]
[0.9677112193353787, 0.019009047895323202]
[-0.01438707431985331, -0.9266165484165304]
[-0.9782188976442716, -0.004952369328267772]
[0.03703794019049286, 0.9279528652565386]
[0.9720275553149788, 0.016945310482897588]
[-0.012519630487288451, -0.9336256946476358]
[-0.9812378965833843, -0.004656027571957863]
[0.03390941146858886, 0.9354435485058137]
[0.9757634259385322, 0.015063130427950357]
[-0.010843708619655576, -0.9399636870043977]
[-0.9838259735102054, -0.0043617856345320935]
[0.031020704042807525, 0.9421888517522398]
[0.9789957476508852, 0.013357316294262823]
[-0.009345656057718916, -0.9456966217054125]
[-0.9860468905021481, -0.004073343892005123]
[0.028361903795675367, 0.9482572406121174]
[0.9817916262213567, 0.011819660461386546]
[-0.008011367143276323, -0.9508834644476725]
[-0.9879546563394265, -0.003793475292878455]
[0.025921006723786305, 0.9537118925025212]
[0.984209524458638, 0.01043998788026054]
[-0.006826807190879101, -0.955576943675661]
[-0.9895950444302881, -0.003524196606923099]
[0.023684787620157174, 0.9586109530521634]
[0.9863003055610419, 0.009206979035527176]
[-0.005778367516989073, -0.9598243236955155]
[-0.9910068797426538, -0.0032669115229832686]
[0.021639452901369947, 0.963007793039656]
[0.9881081636086343, 0.008108799135590337]
[-0.004853094599817976, -0.9636680693040393]
[-0.9922231258099389, -0.0030225300974678453]
[0.01977112014550214, 0.9669512700330831]
[0.9896714515815335, 0.007133565497070983]
[-0.0040388271151419195, -0.9671464150563582]
[-0.9932718005097531, -0.002791568273292619]
[0.018066160718164272, 0.9704859953299246]
[0.9910234163748519, 0.0062696830055471026]
[-0.0033242667819646876, -0.9702938523582753]
[-0.9941767463322464, -0.002574230565208873]
[0.01651143586540509, 0.9736526045532699]
[0.9921928495393577, 0.005506074348313669]
[-0.002699002627732228, -0.9731415467795459]
[-0.9949582776965502, -0.0023704785118003023]
[0.015094451164103127, 0.9764880290676106]
[0.9932046618533188, 0.004832328071325897]
[-0.0021535032904298626, -0.975717696732386]
[-0.9956337248004051, -0.0021800870965716507]
[0.013803449393027191, 0.9790257649454697]
[0.9940803892766372, 0.004238783832920208]
[-0.0016790881106154738, -0.9780478432149731]
[-0.996217890643915, -0.0020026910153152465]
[0.012627457763215473, 0.9812961362895385]
[0.9948386373189109, 0.0037165707671207304]
[-0.001267884822210491, -0.9801551388584135]
[-0.9967234353212899, -0.0018378223955910003]
[0.011556302001438992, 0.9833265500901354]
[0.9954954703485677, 0.0032576117672133455]
[-9.127794367626675E-4, -0.9820605831438988]
[-0.9971611994447841, -0.0016849413437355146]
[0.010580596956114846, 0.9851417403238318]
[0.9960647518719037, 0.002854603813504504]
[-6.073622693397529E-4, -0.9837832294312393]
[-0.9975404766447736, -0.0015434604965082407]
[0.009691721115273517, 0.9867639995721009]
[0.9965584413177315, 0.0025009822039783955]
[-3.4587284180730496E-4, -0.9853403683835827]
[-0.9978692434557506, -0.0014127645824791937]
[0.008881780610961013, 0.988213396992443]
[0.9969868523785462, 0.0021908746783890487]
[-1.2314551472884187E-4, -0.986747691487115]
[-0.9981543535192805, -0.0012922258485560702]
[0.008143566856635783, 0.9895079819706237]
[0.9973588774878261, 0.001919049914399458]
[6.544294032080622E-5, -0.9880194376375114]
[-0.9984017018792067, -0.00118121607683035]
[0.007470510853611733, 0.9906639732033271]
[0.9976821825607347, 0.0016808636711189776]
[2.240230741085824E-4, -0.989168525178677]
[-0.9986163641798378, -0.0010791158038816057]
[0.006856636348121633, 0.9916959333008724]
[0.9979633756968099, 0.0014722049126506057]
[3.5627936912696915E-4, -0.9902066713134243]
[-0.9988027147753589, -9.85321257056384E-4]
[0.006296513369983946, 0.9926169292630099]
[0.9982081531418616, 0.0012894435167718037]
[4.6549352209911826E-4, -0.9911445004396662]
[-0.9989645270923743, -8.9924943826147E-4]
[0.005785213193853603, 0.9934386793750456]
[0.9984214254346222, 0.0011293806210764465]
[5.545843525265807E-4, -0.9919916426806435]
[-0.9991050590347405, -8.203417140075463E-4]
[0.005318265399162768, 0.9941716872065222]
[0.99860742632293, 9.892022457162232E-4]
[6.261443949126138E-4, -0.9927568236570193]
[-0.9992271257615009, -7.480662093504904E-4]
[0.0048916174366241925, 0.9948253634807537]
[0.9987698067244243, 8.664365286918975E-4]
[6.8247330031095E-4, -0.9934479463784093]
[-0.9993331617885473, -6.819192516662187E-4]
[0.00450159691484785, 0.9954081366303973]
[0.9989117157273735, 7.589146920219704E-4]
[7.256082148003771E-4, -0.9940721660004445]
[-0.9994252740490197, -6.214260666333772E-4]
[0.004144876682365357, 0.9959275528707814]
[0.999035870376894, 6.647357051538967E-4]
[7.573513260109737E-4, -0.9946359580915808]
[-0.9995052872852395, -5.661408922686927E-4]
[0.0038184426842295133, 0.9963903666163709]
[0.9991446157688944, 5.822345097599019E-4]
[7.792947795568681E-4, -0.9951451809741926]
[-0.999574782926717, -5.156466463496212E-4]
[0.003519564507590667, 0.9968026220428403]
[0.9992399767764746, 5.09953605027532E-4]
[7.928431691440266E-4, -0.9956051326414083]
[-0.999635132426927, -4.6955425716756205E-4]
[0.0032457684889820445, 0.9971697265627585]
[0.999323702559269, 4.4661775479679783E-4]
[7.99233800161878E-4, -0.9960206027003042]
[-0.9996875258797129, -4.275017465066207E-4]
[0.002994813231191287, 0.9974965169409588]
[0.9993973048530298, 3.911115598844439E-4]
[7.995549187601913E-4, -0.9963959197502529]
[-0.999732996609205, -3.891531363503162E-4]
[0.0027646673648148838, 0.9977873187292798]
[0.9994620909026619, 3.424596348016659E-4]
[7.947620882701417E-4, -0.9967349945700341]
[-0.9997724423207534, -3.54197236471291E-4]
[0.002553489385299565, 0.9980459996519697]
[0.9995191917847981, 2.9980913346494553E-4]
[7.85692883360434E-4, -0.9970413594570094]
[-0.9998066433110885, -3.223463583032389E-4]
[0.0023596093978622504, 0.9982760175242912]
[0.999569586764026, 2.6241438010397855E-4]
[7.730800602731768E-4, -0.9973182040349615]
[-0.9998362781608122, -2.9333499083607564E-4]
[0.0021815126081571115, 0.9984804632390646]
[0.9996141242382597, 2.296233770033504E-4]
[7.575633493353976E-4, -0.9975684078232883]
[-0.9998619372690883, -2.6691846640432976E-4]
[0.002017824404525162, 0.9986620993098514]
[0.9996535397518856, 2.0086597822745536E-4]
[7.397000040511169E-4, -0.9977945698383971]
[-0.999884134537002, -2.4287163782527044E-4]
[0.001867296887081535, 0.9988233944158009]
[0.9996884714887941, 1.7564353680227934E-4]
[7.199742296386934E-4, -0.9979990354780711]
[-0.9999033174609288, -2.2098758314937836E-4]
[0.0017287967090412735, 0.9989665543521943]
[0.9997194735998715, 1.5351985113367175E-4]
[6.988056030469195E-4, -0.9981839209208497]
[-0.9999198758590763, -2.0107635006839236E-4]
[0.0016012941060290346, 0.9990935497525718]
[0.9997470276698792, 1.3411325414898131E-4]
[6.76556586308883E-4, -0.9983511352550338]
[-0.9999341494219179, -1.829637486611968E-4]
[0.0014838529993535061, 0.9992061409131185]
[0.9997715525858138, 1.1708970538634039E-4]
[6.535392256493628E-4, -0.9985024005355166]
[-0.9999464342497754, -1.6649019842708557E-4]
[0.001375622069058034, 0.9993059000176088]
[0.9997934130319533, 1.0215676178917943E-4]
[6.300211200125456E-4, -0.9986392699513148]
[-0.9999569885173761, -1.5150963341585208E-4]
[0.0012758267019155434, 0.9993942310316413]
[0.9998129268050207, 8.905831727306496E-5]
[6.062307346296615E-4, -0.99876314427222]
[-0.9999660373853012, -1.3788846755431045E-4]
[0.0011837617282793155, 0.9994723875079553]
[0.9998303711155786, 7.757001405152286E-5]
[5.823621278928425E-4, -0.9988752867295265]
[-0.9999737772612602, -1.2550462092933423E-4]
[0.0010987848698212803, 0.999541488520152]
[0.9998459880182865, 6.749524042635666E-5]
[5.585791530575432E-4, -0.9989768364731044]
[-0.9999803794996208, -1.1424660675219203E-4]
[0.0010203108276682447, 0.9996025329199997]
[0.9998599890934455, 5.8661640142749355E-5]
[5.350191901813358E-4, -0.9990688207353302]
[-0.99998599361524, -1.0401267794880528E-4]
[9.47805947302917E-4, 0.9996564120934992]
[0.9998725594849462, 5.091806776965149E-5]
[5.117964581335933E-4, -0.999152165821351]
[-0.9999907500770467, -9.471003172074541E-5]
[8.807834028399706E-4, 0.9997039213728136]
[0.9998838613848409, 4.41319327489538E-5]
[4.890049514701795E-4, -0.9992277070349691]
[-0.9999947627377463, -8.62540699838911E-5]
[8.187988489779742E-4, 0.9997457702449325]
[0.9998940370419688, 3.818688205442511E-5]
[4.66721042392022E-4, -0.9992961976399288]
[-0.9999981309482374, -7.856771330789353E-5]
[7.614464940702841E-4, 0.9997825914832923]
[0.9999032113611386, 3.298077779182243E-5]
[4.4500578388650307E-4, -0.9993583169476423]
[-1.0000009413986746, -7.158076574811933E-5]
[7.083555524197284E-4, 0.9998149493154614]
[0.9999114941499287, 2.8423931675392727E-5]
[4.2390694640609926E-4, -0.999414677614275]
[-1.000003269722359, -6.522932788475405E-5]
[6.591870381080465E-4, 0.9998433467281618]
[0.999918982062119, 2.4437563254386258E-5]
[4.034608171057303E-4, -0.9994658322226511]
[-1.0000051818937299, -5.9455255286694486E-5]
[6.136308664604958E-4, 0.9998682320003461]
[0.9999257602798423, 2.095245301798887E-5]
[3.8369378759526207E-4, -0.9995122792176031]
[-1.0000067354474953, -5.420565964843471E-5]
[5.714032326667221E-4, 0.9998900045455341]
[0.9999319039706016, 1.790776529859983E-5]
[3.646237534770404E-4, -0.9995544682570696]
[-1.0000079805422852, -4.943244986443593E-5]
[5.322442401399794E-4, 0.9999090201361015]
[0.9999374795502204, 1.5250019123870528E-5]
[3.462613464575658E-4, -0.9995928050354892]
[-1.0000089608890832, -4.5091910374047556E-5]
[4.959157539821016E-4, 0.9999255955746038]
[0.9999425457784039, 1.2932188039025544E-5]
[3.286110176330039E-4, -0.9996276556307614]
[-1.0000097145619773, -4.1144314209030225E-5]
[4.621994573867352E-4, 0.9999400128703606]
[0.9999471547098704, 1.0912912375975192E-5]
[3.1167198857526973E-4, -0.9996593504212314]
[-1.0000102747064368, -3.75535682555668E-5]
[4.3089509105435735E-4, 0.9999525229734415]
[0.9999513525207628, 9.155809605101983E-6]
[2.954390850560926E-4, -0.9996881876147485]
[-1.000010670158312, -3.428688838053723E-5]
[4.018188577010534E-4, 0.9999633491126835]
[0.999955180227331, 7.628870282789385E-6]
[2.7990346667003526E-4, -0.9997144364278545]
[-1.0000109259850083, -3.131450217959755E-5]
[3.7480197553523605E-4, 0.9999726897794915]
[0.999958674311476, 6.3039287092094E-6]
[2.6505326417755994E-4, -0.9997383399495205]
[-1.0000110639587807, -2.860937722137455E-5]
[3.4968936621041814E-4, 0.9999807213947788]
[0.9999618672657313, 5.156198849953081E-6]
[2.5087413512015714E-4, -0.999760117720521]
[-1.0000111029707934, -2.6146972804504814E-5]
[3.263384641948477E-4, 0.9999876006924631]
[0.9999647880685105, 4.1638672747847105E-6]
[2.3734974710782003E-4, -0.9997799680565439]
[-1.0000110593934637, -2.390501336071993E-5]
[3.0461813581791463E-4, 0.999993466849434]
[0.9999674625989474, 3.307735948542695E-6]
[2.2446219715861098E-4, -0.9997980701404022]
[-1.0000109473976326, -2.186328174993979E-5]
[2.8440769742395277E-4, 0.9999984433887531]
[0.9999699139993756, 2.570908626580576E-6]
[2.1219237454994178E-4, -0.9998145859062414]
[-1.0000107792302557, -2.0003430825078078E-5]
[2.655960231113322E-4, 1.000002639880035]
[0.9999721629923772, 1.9385154008538796E-6]
[2.0052027382110775E-4, -0.9998296617363935]
[-1.0000105654575806, -1.8308811756961862E-5]
[2.480807334827406E-4, 1.0000061534584344]
[0.9999742281584001, 1.3974706586684926E-6]
[1.8942526383797188E-4, -0.9998434299895106]
[-1.0000103151781332, -1.6764317707057552E-5]
[2.3176745768310747E-4, 1.0000090701814133]
[0.9999761261790951, 9.362603060683594E-7]
[1.7888631816840661E-4, -0.9998560103767733]
[-1.0000100362092872, -1.5356241551300887E-5]
[2.1656916176476717E-4, 1.00001146624044]
[0.9999778720508594, 5.447546450945695E-7]
[1.6888221143585404E-4, -0.9998675112013016]
[-1.0000097352507047, -1.4072146459594842E-5]
[2.0240553710496913E-4, 1.0000134090429729]
[0.9999794792724254, 2.140437396908057E-7]
[1.5939168579785865E-4, -0.9998780304744221]
[-1.0000094180275318, -1.2900748211766566E-5]
[1.8920244321550756E-4, 1.0000149581784548]
[0.9999809600098593, -6.370747733519533E-8]
[1.503935912251621E-4, -0.9998876569210731]
[-1.0000090894158482, -1.1831808237425245E-5]
[1.768913998431358E-4, 1.0000161662806129]
[0.9999823252418414, -2.953867771528229E-7]
[1.4186700284531898E-4, -0.9998964708854148]
[-1.0000087535525752, -1.0856036432787403E-5]
[1.654091237541992E-4, 1.0000170797970493]
[0.9999835848877443, -4.870469920773002E-7]
[1.3379131824055573E-4, -0.999904545146615]
[-1.0000084139317562, -9.965002901499154E-6]
[1.5469710604571526E-4, 1.0000177396759584]
[0.9999847479206784, -6.440050052472501E-7]
[1.2614633725947138E-4, -0.9999119456537858]
[-1.0000080734888896, -9.151057811133262E-6]
[1.447012262355699E-4, 1.0000181819787755]
[0.999985822467391, -7.709289847751544E-7]
[1.1891232661095973E-4, -0.9999187321881443]
[-1.000007734674785, -8.407258658828937E-6]
[1.3537139972972807E-4, 1.0000184384266133]
[0.9999868158966501, -8.719152892709692E-7]
[1.1207007124373891E-4, -0.9999249589596743]
[-1.000007399520226, -7.727304263339257E-6]
[1.2666125561759407E-4, 1.000018536887546]
[0.9999877348975432, -9.505562705465487E-7]
[1.0560091427540578E-4, -0.9999306751448325]
[-1.0000070696925731, -7.105474887702384E-6]
[1.1852784201560936E-4, 1.0000185018110206]
[0.9999885855489213, -1.0100000796230135E-6]
[9.948678704297265E-5, -0.9999359253711894]
[-1.0000067465452886, -6.536577926600368E-6]
[1.1093135645995952E-4, 1.0000183546150385]
[0.9999893733810681, -1.053003418249182E-6]
[9.371023064040813E-5, -0.9999407501542988]
[-1.0000064311612498, -6.015898664415292E-6]
[1.0383489908523825E-4, 1.0000181140311504]
[0.9999901034305341, -1.0819780833053183E-6]
[8.825441016619556E-5, -0.9999451862915806]
[-1.00000612439062, -5.539155615751773E-6]
[9.720424653081837E-5, 1.000017796411757]
[0.9999907802889489, -1.0990320378385932E-6]
[8.310312274343538E-5, -0.9999492672174873]
[-1.000005826883927, -5.102460060711633E-6]
[9.100764473136307E-5, 1.0000174160037603]
[0.9999914081465335, -1.1060056549425101E-6]
[7.824080024416719E-5, -0.9999530233238252]
[-1.000005539120952, -4.70227935768161E-6]
[8.521561889917239E-5, 1.0000169851921574]
[0.9999919908309285, -1.1045037128301627E-6]
[7.365250755398582E-5, -0.9999564822487097]
[-1.0000052614359265, -4.335403695866075E-6]
[7.980079918283589E-5, 1.000016514716811]
[0.9999925318418902, -1.095923631667245E-6]
[6.932393707747295E-5, -0.9999596691372608]
[-1.0000049940395013, -3.998915978929707E-6]
[7.473776061966975E-5, 1.0000160138652676]
[0.9999930343823311, -1.0814803975273124E-6]
[6.524140013612015E-5, -0.9999626068768703]
[-1.0000047370378757, -3.6901645248423043E-6]
[7.000287612409341E-5, 1.0000154906442058]
[0.9999935013861222, -1.0622285692256372E-6]
[6.13918157888649E-5, -0.9999653163095514]
[-1.0000044904494367, -3.4067383448306565E-6]
[6.557418138714846E-5, 1.000014951931814]
[0.9999939355430291, -1.039081696734001E-6]
[5.776269756556504E-5, -0.9999678164236582]
[-1.000004254219218, -3.14644473781156E-6]
[6.1431250644253E-5, 1.0000144036131586]
[0.9999943393210942, -1.012829463232362E-6]
[5.434213852828279E-5, -0.9999701245270145]
[-1.0000040282314382, -2.9072890004623597E-6]
[5.755508238161795E-5, 1.00001385070038]
[0.9999947149867636, -9.8415281864217E-7]
[5.111879501403958E-5, -0.9999722564033007]
[-1.0000038123203676, -2.687456041875619E-6]
[5.3927994129491456E-5, 1.0000132974393643]
[0.9999950646229987, -9.536373281222865E-7]
[4.808186937815557E-5, -0.9999742264533467]
[-1.0000036062797197, -2.485293732867877E-6]
[5.053352556555479E-5, 1.0000127474043539]
[0.9999953901455909, -9.217849515526233E-7]
[4.522109200746352E-5, -0.9999760478228271]
[-1.0000034098707573, -2.2992978211296144E-6]
[4.735634922604405E-5, 1.000012203581813]
[0.9999956933178842, -8.890244360265642E-7]
[4.252670282573097E-5, -0.9999777325177007]
[-1.0000032228292672, -2.1280982648690105E-6]
[4.438218818862607E-5, 1.0000116684447224]
[0.9999959757640641, -8.557204819979736E-7]
[3.998943249612511E-5, -0.9999792915085998]
[-1.0000030448715542, -1.9704468553864707E-6]
[4.15977401378104E-5, 1.0000111440183441]
[0.9999962389811755, -8.221818208649367E-7]
[3.7600483489711855E-5, -0.999980734825255]
[-1.0000028756995678, -1.8252059964946055E-6]
[3.8990607286221775E-5, 1.0000106319384]
[0.9999964843499974, -7.886683387851867E-7]
[3.535151115186073E-5, -0.9999820716419322]
[-1.000002715005278, -1.6913385508833534E-6]
[3.654923166616182E-5, 1.000010133502489]
[0.9999967131448917, -7.553973484300536E-7]
[3.32346048993867E-5, -0.9999833103547714]
[-1.000002562474393, -1.5678986254458183E-6]
[3.426283535100773E-5, 1.0000096497154995]
[0.9999969265427411, -7.225491188526945E-7]
[3.1242269640407994E-5, -0.9999844586518065]
[-1.0000024177895046, -1.454023232181495E-6]
[3.2121365203530584E-5, 1.0000091813296696]
[0.9999971256310585, -6.902717364261346E-7]
[2.936740749888162E-5, -0.9999855235763865]
[-1.0000022806327356, -1.3489247226439183E-6]
[3.0115441784961307E-5, 1.0000087288799038]
[0.9999973114153567, -6.586853855232444E-7]
[2.7603299915692284E-5, -0.9999865115846451]
[-1.000002150687949, -1.2518839383884872E-6]
[2.8236312088205165E-5, 1.0000082927148584]
[0.9999974848258547, -6.278861089462073E-7]
[2.5943590176704442E-5, -0.9999874285975842]
[-1.0000020276425854, -1.1622439945145613E-6]
[2.647580578891192E-5, 1.000007873024285]
[0.9999976467235797, -5.979491167103224E-7]
[2.4382266415079977E-5, -0.9999882800483076]
[-1.0000019111891698, -1.0794046472507868E-6]
[2.4826294734199214E-5, 1.0000074698630421]
[0.9999977979059305, -5.689316852353077E-7]
[2.291364511589457E-5, -0.9999890709248652]
[-1.000001801026537, -1.0028171859507995E-6]
[2.328065541276148E-5, 1.000007083172152]
[0.9999979391117505, -5.408757064624681E-7]
[2.1532355150911172E-5, -0.9999898058091287]
[-1.0000016968608134, -9.319797999486623E-7]
[2.183223417413175E-5, 1.0000067127972438]
[0.9999980710259646, -5.13809917498248E-7]
[2.023332236237435E-5, -0.9999904889120922]
[-1.000001598406189, -8.664333753100051E-7]
[2.047481497550411E-5, 1.0000063585046728]
[0.9999981942838052, -4.877518534375513E-7]
[1.9011754703481334E-5, -0.9999911241059245]
[-1.0000015053855031, -8.057576845639514E-7]
[1.9202589468766615E-5, 1.0000060199955885]
[0.9999983094746876, -4.6270955723556884E-7]
[1.7863127942887094E-5, -0.9999917149530999]
[-1.0000014175306842, -7.495679219537976E-7]
[1.801012923892528E-5, 1.00000569691818]
[0.9999984171457537, -4.3868307133404505E-7]
[1.6783171934212776E-5, -0.9999922647328717]
[-1.0000013345830472, -6.975115662000153E-7]
[1.68923600335439E-5, 1.0000053888783231]
[0.9999985178051143, -4.1566574079596186E-7]
[1.5767857453233714E-5, -0.9999927764653539]
[-1.0000012562934883, -6.492655249511203E-7]
[1.584453782997727E-5, 1.0000050954487985]
[0.9999986119248268, -3.9364534439381704E-7]
[1.4813383585373773E-5, -0.9999932529334241]
[-1.0000011824225774, -6.045335482172953E-7]
[1.4862226598943637E-5, 1.0000048161772628]
[0.9999986999436248, -3.726050813758486E-7]
[1.3916165667125086E-5, -0.9999936967026675]
[-1.0000011127405706, -5.630438742534882E-7]
[1.394127764044054E-5, 1.0000045505931119]
[0.9999987822694204, -3.5252442762145897E-7]
[1.307282376450565E-5, -0.9999941101395308]
[-1.0000010470273608, -5.245470910131278E-7]
[1.3077810371115491E-5, 1.0000042982133703]
[0.9999988592816126, -3.333798741234073E-7]
[1.2280171680319196E-5, -0.9999944954278754]
[-1.0000009850723681, -4.888141945484648E-7]
[1.2268194453574511E-5, 1.000004058547729]
[0.9999989313331988, -3.151455675448611E-7]
[1.1535206469259675E-5, -0.9999948545840504]
[-1.0000009266743826, -4.556348218096029E-7]
[1.1509033172504499E-5, 1.0000038311028263]
[0.9999989987527256, -2.9779386141390307E-7]
[1.0835098456212638E-5, -0.9999951894706512]
[-1.0000008716413795, -4.248156446687301E-7]
[1.0797147964115676E-5, 1.0000036153858693]
[0.9999990618460811, -2.812957879787248E-7]
[1.0177181734483468E-5, -0.9999955018090698]
[-1.0000008197902912, -3.961789074198585E-7]
[1.0129564008516754E-5, 1.0000034109076779]
[0.9999991208981456, -2.6562146416414523E-7]
[9.55894513091993E-6, -0.9999957931909504]
[-1.0000007709467653, -3.6956109811248083E-7]
[9.503496819589924E-6, 1.0000032171852244]
[0.9999991761743149, -2.507404368232158E-7]
[8.978023620129054E-6, -0.9999960650886536]
[-1.0000007249449019, -3.4481173620537486E-7]
[8.916339746615695E-6, 1.0000030337437273]
[0.9999992279219058, -2.3662197446566724E-7]
[8.432190174149489E-6, -0.999996318864821]
[-1.0000006816269744, -3.217922707361709E-7]
[8.365652331034003E-6, 1.0000028601183635]
[0.9999992763714498, -2.232353162670564E-7]
[7.919348023706103E-6, -0.9999965557811166]
[-1.0000006408431483, -3.0037507615238157E-7]
[7.849149455493865E-6, 1.0000026958556416]
[0.9999993217378916, -2.1054987591265228E-7]
[7.437523323861571E-6, -0.9999967770062274]
[-1.0000006024511867, -2.8044253667924846E-7]
[7.3646912222805234E-6, 1.0000025405144928]
[0.9999993642216958, -1.985354173977827E-7]
[6.984858199199449E-6, -0.9999969836231821]
[-1.0000005663161569, -2.6188621110243004E-7]
[6.910273519967255E-6, 1.0000023936670999]
[0.9999994040098675, -1.871621952836966E-7]
[6.559604155142746E-6, -0.9999971766360566]
[-1.0000005323101362, -2.446060726121746E-7]
[6.484019219339405E-6, 1.000002254899517]
[0.9999994412768991, -1.7640107075750366E-7]
[6.160115840537529E-6, -0.9999973569761146]
[-1.0000005003119168, -2.2850981395983183E-7]
[6.08416996071906E-6, 1.0000021238121015]
[0.9999994761856437, -1.6622360373558243E-7]
[5.784845143365011E-6, -0.9999975255074401]
[-1.0000004702067167, -2.135122127329414E-7]
[5.709078489814917E-6, 1.0000020000197845]
[0.9999995088881272, -1.5660212972570808E-7]
[5.432335605003516E-6, -0.9999976830321015]
[-1.0000004418858952, -1.9953455523274988E-7]
[5.357201500928027E-6, 1.0000018831522097]
[0.9999995395262972, -1.475098116189566E-7]
[5.101217138244428E-6, -0.9999978302948913]
[-1.0000004152466708, -1.8650410305021126E-7]
[5.0270929574918605E-6, 1.0000017728537507]
[0.9999995682327203, -1.3892068466067609E-7]
[4.790201034305264E-6, -0.9999979679876785]
[-1.0000003901918515, -1.7435361540987793E-7]
[4.71739785263799E-6, 1.0000016687834374]
[0.9999995951312245, -1.3080968436218754E-7]
[4.498075243809796E-6, -0.9999980967534043]
[-1.000000366629565, -1.630209031100449E-7]
[4.426846379736778E-6, 1.0000015706147982]
[0.9999996203374985, -1.2315266575274597E-7]
[4.223699921135186E-6, -0.99999821718976]
[-1.000000344473006, -1.5244842664977054E-7]
[4.15424848985383E-6, 1.000001478035635]
[0.9999996439596472, -1.159264113002878E-7]
[3.966003214225106E-6, -0.9999983298525636]
[-1.0000003236401824, -1.425829250500943E-7]
[3.898488801605971E-6, 1.0000013907477459]
[0.9999996660987059, -1.091086382666584E-7]
[3.723977291859599E-6, -0.9999984352588726]
[-1.0000003040536782, -1.3337507857869024E-7]
[3.658521845603755E-6, 1.0000013084665975]
[0.9999996868491192, -1.0267798488880486E-7]
[3.496674593127854E-6, -0.9999985338898412]
[-1.0000002856404189, -1.2477919868192355E-7]
[3.433367620773401E-6, 1.0000012309209667]
[0.9999997062991844, -9.661401069796516E-8]
[3.2832042903608617E-6, -0.9999986261933639]
[-1.000000268331451, -1.1675294220303556E-7]
[3.222107435860329E-6, 1.000001157852554]
[0.9999997245314662, -9.089717354845983E-8]
[3.0827289501608214E-6, -0.9999987125864979]
[-1.0000002520617277, -1.0925705278691522E-7]
[3.023880023629924E-6, 1.0000010890155748]
[0.9999997416231804, -8.550881918506503E-8]
[2.894461386239791E-6, -0.999998793457711]
[-1.0000002367699026, -1.0225511974312762E-7]
[2.8378779055537005E-6, 1.0000010241763377]
[0.9999997576465494, -8.043115423683744E-8]
[2.717661693121473E-6, -0.9999988691689419]
[-1.0000002223981361, -9.571336208324954E-8]
[2.6633439919559847E-6, 1.0000009631128093]
[0.9999997726691363, -7.564722823497072E-8]
[2.5516344476306588E-6, -0.9999989400575123]
[-1.0000002088919056, -8.960042478800556E-8]
[2.4995683995253544E-6, 1.000000905614179]
[0.9999997867541537, -7.114090412596585E-8]
[2.395726072847767E-6, -0.9999990064378862]
[-1.0000001961998284, -8.388719362900643E-8]
[2.3458854754624357E-6, 1.0000008514804157]
[0.9999997999607515, -6.689683644187094E-8]
[2.2493223546479237E-6, -0.9999990686032955]
[-1.0000001842734905, -7.854662809406165E-8]
[2.2016710124759045E-6, 1.0000008005218333]
[0.9999998123442845, -6.29004404048561E-8]
[2.111846100437062E-6, -0.9999991268272476]
[-1.0000001730672832, -7.355360123403876E-8]
[2.066339641079804E-6, 1.0000007525586523]
[0.9999998239565616, -5.913786856742709E-8]
[1.9827549360461674E-6, -0.9999991813649143]
[-1.0000001625382506, -6.888475885188927E-8]
[1.9393423883900564E-6, 1.0000007074205717]
[0.9999998348460813, -5.5595977693084775E-8]
[1.8615392289975281E-6, -0.9999992324544191]
[-1.0000001526459419, -6.451838816673439E-8]
[1.820164396159913E-6, 1.0000006649463486]
[0.9999998450582449, -5.226230397059606E-8]
[1.7477201341826142E-6, -0.9999992803180257]
[-1.0000001433522703, -6.043429284438573E-8]
[1.7083227782928138E-6, 1.0000006249833855]
[0.9999998546355608, -4.912503418982861E-8]
[1.6408477532280953E-6, -0.9999993251632457]
[-1.0000001346213814, -5.661368309914372E-8]
[1.6033646209391052E-6, 1.0000005873873303]
[0.9999998636178318, -4.6172977601066645E-8]
[1.5404994030848197E-6, -0.9999993671838561]
[-1.0000001264195275, -5.3039071731819654E-8]
[1.5048651051834984E-6, 1.0000005520216844]
[0.9999998720423324, -4.339553938761953E-8]
[1.4462779840767291E-6, -0.9999994065608481]
[-1.0000001187149494, -4.969418062814035E-8]
[1.412425750895157E-6, 1.0000005187574257]
[0.9999998799439721, -4.078269273330437E-8]
[1.3578104461138725E-6, -0.9999994434633038]
[-1.0000001114777612, -4.6563849914749156E-8]
[1.3256727709235437E-6, 1.0000004874726396]
[0.9999998873554484, -3.832495348160547E-8]
[1.274746345446276E-6, -0.9999994780492129]
[-1.0000001046798448, -4.363395880377374E-8]
[1.2442555302285586E-6, 1.0000004580521726]
[0.9999998943073883, -3.6013354434011324E-8]
[1.196756484370988E-6, -0.9999995104662255]
[-1.0000000982947475, -4.089135106563613E-8]
[1.1678451018273285E-6, 1.0000004303872865]
[0.9999999008284848, -3.38394203595882E-8]
[1.1235316360893276E-6, -0.999999540852356]
[-1.0000000922975871, -3.832376529316894E-8]
[1.096132913092334E-6, 1.0000004043753314]
[0.9999999069456184, -3.1795142237805996E-8]
[1.0547813382565802E-6, -0.9999995693366321]
[-1.0000000866649605, -3.5919771237263864E-8]
[1.0288294795763112E-6, 1.0000003799194384]
[0.9999999126839747, -2.9872959227822404E-8]
[9.90232766266523E-7, -0.9999995960397039]
[-1.000000081374858, -3.366870935869737E-8]
[9.656632157118566E-7, 1.0000003569282112]
[0.9999999180671528, -2.806573023636516E-8]
[9.29629666850118E-7, -0.999999621074401]
[-1.0000000764065826, -3.1560639750932706E-8]
[9.06379322065682E-7, 1.0000003353154434]
[0.9999999231172687, -2.6366715668441065E-8]
[8.727313596202865E-7, -0.9999996445462614]
[-1.0000000717406745, -2.9586287354083085E-8]
[8.507387421414006E-7, 1.0000003149998427]
[0.9999999278550458, -2.476955745719933E-8]
[8.193117953725002E-7, -0.9999996665540132]
[-1.0000000673588372, -2.7736998586824768E-8]
[7.985171843810299E-7, 1.0000002959047656]
[0.9999999322999079, -2.3268256970493395E-8]
[7.691586732306611E-7, -0.9999996871900289]
[-1.0000000632438686, -2.6004697260134657E-8]
[7.495042061793876E-7, 1.0000002779579689]
[0.9999999364700604, -2.185715623423401E-8]
[7.220726076641142E-7, -0.9999997065407461]
[-1.0000000593796001, -2.4381843183318708E-8]
[7.035023525626613E-7, 1.0000002610913716]
[0.9999999403825676, -2.053092281600888E-8]
[6.778663482203025E-7, -0.9999997246870628]
[-1.0000000557508328, -2.2861394926437795E-8]
[6.603263538657901E-7, 1.000000245240827]
[0.999999944053424, -1.928452878288689E-8]
[6.363640431693469E-7, -0.9999997417046952]
[-1.0000000523432802, -2.1436778446098925E-8]
[6.198023685243664E-7, 1.0000002303459044]
[0.9999999474976251, -1.8113235845246267E-8]
[5.974005510855397E-7, -0.9999997576645258]
[-1.0000000491435164, -2.0101851749138033E-8]
[5.817672756704487E-7, 1.0000002163496862]
[0.9999999507292281, -1.7012579272418504E-8]
[5.608207892687268E-7, -0.9999997726329123]
[-1.0000000461389231, -1.8850876859488608E-8]
[5.4606800983098E-7, 1.0000002031985713]
[0.9999999537614124, -1.5978354420825847E-8]
[5.264791260195002E-7, -0.9999997866719924]
[-1.0000000433176433, -1.767849167402802E-8]
[5.125609416367118E-7, 1.0000001908420895]
[0.999999956606534, -1.5006600202066567E-8]
[4.942388058294667E-7, -0.9999997998399495]
[-1.0000000406685343, -1.6579685492568164E-8]
[4.811112913655387E-7, 1.0000001792327256]
[0.9999999592761796, -1.40935857255442E-8]
[4.6397140949583707E-7, -0.9999998121912754]
[-1.0000000381811271, -1.5549772549444674E-8]
[4.515925826550915E-7, 1.0000001683257547]
[0.9999999617812126, -1.323580020584636E-8]
[4.355563510867466E-7, -0.9999998237770096]
[-1.000000035845585, -1.45843744407681E-8]
[4.2388612883159996E-7, 1.00000015807908]
[0.9999999641318207, -1.242993659389402E-8]
[4.088803984281242E-7, -0.9999998346449596]
[-1.0000000336526653, -1.3679395366450464E-8]
[3.9788055275838397E-7, 1.0000001484530874]
[0.9999999663375565, -1.1672882445357136E-8]
[3.8383722793721917E-7, -0.9999998448399113]
[-1.0000000315936854, -1.2831005782171223E-8]
[3.734713342295852E-7, 1.0000001394105005]
[0.9999999684073789, -1.0961709501905448E-8]
[3.6032700513957683E-7, -0.9999998544038248]
[-1.000000029660488, -1.2035623195988387E-8]
[3.505603862904126E-7, 1.000000130916249]
[0.9999999703496899, -1.0293661405896826E-8]
[3.38255987785991E-7, -0.9999998633760142]
[-1.0000000278454098, -1.128989697563032E-8]
[3.290556587778014E-7, 1.000000122937339]
[0.9999999721723685, -9.666145443093521E-9]
[3.1753615659145876E-7, -0.999999871793318]
[-1.0000000261412527, -1.059069136208346E-8]
[3.0887076615066997E-7, 1.000000115442736]
[0.9999999738828049, -9.076721017159395E-9]
[2.980848679045092E-7, -0.9999998796902576]
[-1.0000000245412546, -9.935073010808315E-9]
[2.8992463674748156E-7, 1.0000001084032508]
[0.9999999754879314, -8.523093838336271E-9]
[2.7982452371769564E-7, -0.9999998870991863]
[-1.0000000230390647, -9.320295618620023E-9]
[2.7214118566640244E-7, 1.0000001017914302]
[0.9999999769942491, -8.003105796128285E-9]
[2.626822665267002E-7, -0.9999998940504277]
[-1.000000021628717, -8.743789647186473E-9]
[2.554490082292554E-7, 1.0000000955814585]
[0.999999978407857, -7.51472684773491E-9]
[2.4658968951355234E-7, -0.9999999005724024]
[-1.000000020304608, -8.203148965657547E-9]
[2.3978109003203185E-7, 1.0000000897490608]
[0.9999999797344751, -7.0560468336255955E-9]
[2.3148256577884552E-7, -0.999999906691752]
[-1.000000019061475, -7.696122190925525E-9]
[2.2507453763687818E-7, 1.0000000842714143]
[0.9999999809794693, -6.625272358506962E-9]
[2.1730059216905004E-7, -0.9999999124334503]
[-1.0000000178943758, -7.220600468232918E-9]
[2.1127032337302232E-7, 1.0000000791270596]
[0.9999999821478738, -6.220714238863723E-9]
[2.0398715292911304E-7, -0.9999999178209104]
[-1.0000000167986678, -6.774609671855725E-9]
[1.9831304794333537E-7, 1.0000000742958248]
[0.9999999832444102, -5.8407867951915104E-9]
[1.914890915728773E-7, -0.9999999228760835]
[-1.0000000157699913, -6.35630055534353E-9]
[1.861507175804529E-7, 1.000000069758746]
[0.9999999842735092, -5.483997273653118E-9]
[1.797565019933181E-7, -0.9999999276195486]
[-1.0000000148042527, -5.963941545478191E-9]
[1.7473453265510683E-7, 1.000000065497999]
[0.9999999852393262, -5.148944305644054E-9]
[1.6874252903005885E-7, -0.9999999320706044]
[-1.0000000138976066, -5.595909798039589E-9]
[1.640186933272482E-7, 1.0000000614968316]
[0.99999998614576, -4.834310386031548E-9]
[1.5840318294026157E-7, -0.999999936247345]
[-1.000000013046443, -5.2506868124246875E-9]
[1.5396021289110218E-7, 1.0000000577394976]
[0.9999999869964687, -4.538855860602986E-9]
[1.4869716357009122E-7, -0.9999999401667372]
[-1.000000012247371, -4.9268494006771135E-9]
[1.445187456173072E-7, 1.0000000542111986]
[0.9999999877948849, -4.261416747253222E-9]
[1.3958569818582622E-7, -0.9999999438446926]
[-1.0000000114972072, -4.623063092068502E-9]
[1.3565642422580515E-7, 1.000000050898029]
[0.9999999885442288, -4.000899160583327E-9]
[1.3103238444365367E-7, -0.9999999472961341]
[-1.0000000107929614, -4.33807936447983E-9]
[1.2733770688192966E-7, 1.000000047786921]
[0.9999999892475203, -3.75627538448664E-9]
[1.230030467454582E-7, -0.9999999505350564]
[-1.0000000101318263, -4.070726249139067E-9]
[1.195292359439451E-7, 1.0000000448655963]
[0.9999999899075949, -3.5265783383808813E-9]
[1.1546560091217628E-7, -0.9999999535745854]
[-1.0000000095111654, -3.819907369584374E-9]
[1.1219970031837653E-7, 1.000000042122517]
[0.999999990527112, -3.310900956177143E-9]
[1.0838992637804412E-7, -0.999999956427031]
[-1.0000000089285046, -3.5845944441892374E-9]
[1.0531971331856349E-7, 1.000000039546843]
[0.9999999911085677, -3.1083906421036644E-9]
[1.0174774418879665E-7, -0.99999995910394]
[-1.0000000083815188, -3.3638231783372774E-9]
[9.886169138276918E-8, 1.0000000371283893]
[0.9999999916543035, -2.918245260025154E-9]
[9.551250761087246E-8, -0.9999999616161442]
[-1.000000007868026, -3.1566905513147336E-9]
[9.279974525931364E-8, 1.000000034857589]
[0.9999999921665164, -2.7397128524175862E-9]
[8.965929353815794E-8, -0.9999999639738039]
[-1.0000000073859776, -2.9623498931652392E-9]
[8.710957523274526E-8, 1.0000000327254512]
[0.9999999926472682, -2.572086467422796E-9]
[8.416470382048222E-8, -0.9999999661864483]
[-1.0000000069334491, -2.780006825436887E-9]
[8.176837205725249E-8, 1.0000000307235328]
[0.9999999930984945, -2.414700963487837E-9]
[7.900677454234992E-8, -0.9999999682630177]
[-1.000000006508635, -2.6089180607535845E-9]
[7.675472837994843E-8, 1.0000000288439013]
[0.9999999935220099, -2.2669320066948107E-9]
[7.416488379766856E-8, -0.9999999702118996]
[-1.0000000061098382, -2.448385296588418E-9]
[7.204854942906638E-8, 1.0000000270791047]
[0.9999999939195188, -2.128194561551444E-9]
[6.961967319828177E-8, -0.9999999720409626]
[-1.0000000057354672, -2.297754830155041E-9]
[6.763097446481348E-8, 1.0000000254221442]
[0.99999999429262, -1.997937412734352E-9]
[6.535297022557812E-8, -0.999999973757587]
[-1.0000000053840274, -2.1564136830354297E-9]
[6.348429986736959E-8, 1.0000000238664448]
[0.9999999946428126, -1.8756427626331895E-9]
[6.134771370677056E-8, -0.999999975368699]
[-1.0000000050541136, -2.023786055405097E-9]
[5.959190918633159E-8, 1.000000022405832]
[0.999999994971506, -1.760825436847302E-9]
[5.758788774491708E-8, -0.9999999768807958]
[-1.00000000474441, -1.8993333295025394E-9]
[5.593820501725508E-8, 1.000000021034506]
[0.9999999952800201, -1.6530293280025976E-9]
[5.405845691355479E-8, -0.9999999782999729]
[-1.0000000044536776, -1.782549420570323E-9]
[5.25085471171291E-8, 1.000000019747019]
[0.9999999955695955, -1.5518258900115711E-9]
[5.0745306708847165E-8, -0.9999999796319506]
[-1.0000000041807564, -1.6729605374632417E-9]
[4.928919427249143E-8, 1.0000000185382536]
[0.9999999958413965, -1.4568121362024122E-9]
[4.763518632105654E-8, -0.9999999808820944]
[-1.000000003924555, -1.5701213801344593E-9]
[4.6267247286440466E-8, 1.000000017403407]
[0.9999999960965142, -1.3676107780968838E-9]
[4.471565756948917E-8, -0.9999999820554408]
[-1.0000000036840493, -1.4736155316830146E-9]
[4.343059918036213E-8, 1.0000000163379656]
[0.9999999963359734, -1.2838665686132344E-9]
[4.1975042509943133E-8, -0.9999999831567137]
[-1.0000000034582788, -1.3830518917623547E-9]
[4.076788556132277E-8, 1.0000000153376916]
[0.9999999965607365, -1.2052458094047314E-9]
[3.940238037887164E-8, -0.9999999841903469]
[-1.0000000032463414, -1.2980635698267573E-9]
[3.8268439503212626E-8, 1.0000000143986059]
[0.9999999967717056, -1.1314357749314663E-9]
[3.6987379669044945E-8, -0.9999999851605008]
[-1.000000003047389, -1.2183054912129343E-9]
[3.59222481448318E-8, 1.0000000135169702]
[0.9999999969697281, -1.0621425960977149E-9]
[3.4720380084896085E-8, -0.9999999860710781]
[-1.0000000028606275, -1.143456145741295E-9]
[3.371991278387776E-8, 1.0000000126892747]
[0.9999999971555998, -9.970900424760565E-10]
[3.2592313814385626E-8, -0.9999999869257421]
[-1.0000000026853098, -1.0732111102584874E-9]
[3.165261169705072E-8, 1.0000000119122245]
[0.9999999973300651, -9.360188041318551E-10]
[3.059466718163817E-8, -0.99999998772793]
[-1.0000000025207334, -1.0072885303635815E-9]
[2.9712064147577322E-8, 1.0000000111827236]
[0.9999999974938254, -8.786862626397607E-10]
[2.8719448714152607E-8, -0.9999999884808677]
[-1.0000000023662423, -9.454202906655773E-10]
[2.7890497039922274E-8, 1.0000000104978661]
[0.9999999976475382, -8.248628585727502E-10]
[2.6959156624976888E-8, -0.9999999891875813]
[-1.000000002221218, -8.873568095590922E-10]
[2.61806148370812E-8, 1.000000009854924]
[0.9999999977918196, -7.743346658317662E-10]
[2.5306748187032407E-8, -0.9999999898509125]
[-1.000000002085081, -8.328633581411449E-10]
[2.4575567771772944E-8, 1.0000000092513348]
[0.9999999979272493, -7.269000158738326E-10]
[2.3755613629862504E-8, -0.9999999904735267]
[-1.0000000019572854, -7.817208477756132E-10]
[2.3068928528720278E-8, 1.0000000086846914]
[0.99999999805437, -6.82369369342517E-10]
[2.229954520864552E-8, -0.9999999910579258]
[-1.0000000018373223, -7.337220379877163E-10]
[2.1654661985434642E-8, 1.000000008152735]
[0.9999999981736921, -6.405655554597711E-10]
[2.0932718417139562E-8, -0.9999999916064565]
[-1.000000001724711, -6.88673694460018E-10]
[2.0327105013963342E-8, 1.0000000076533444]
[0.999999998285695, -6.013210970823302E-10]
[1.9649663611075868E-8, -0.9999999921213225]
[-1.0000000016190005, -6.463944796086807E-10]
[1.9080940031994398E-8, 1.0000000071845274]
[0.9999999983908263, -5.644803027782253E-10]
[1.8445247076254168E-8, -0.9999999926045925]
[-1.000000001519768, -6.067130409181942E-10]
[1.7911176850710087E-8, 1.0000000067444148]
[0.9999999984895085, -5.298950306320549E-10]
[1.7314649929534714E-8, -0.999999993058206]
[-1.000000001426617, -5.69470276490236E-10]
[1.6813130290348893E-8, 1.0000000063312502]
[0.9999999985821384, -4.974287683146006E-10]
[1.6253348798355577E-8, -0.9999999934839838]
[-1.0000000013391757, -5.345152723212898E-10]
[1.5782403613596313E-8, 1.0000000059433842]
[0.9999999986690861, -4.669502319532004E-10]
[1.525709584539181E-8, -0.9999999938836374]
[-1.0000000012570929, -5.017077413238535E-10]
[1.4814868396287317E-8, 1.0000000055792704]
[0.9999999987507004, -4.3833887214406175E-10]
[1.432190544414444E-8, -0.9999999942587686]
[-1.0000000011800407, -4.709163094196445E-10]
[1.3906650922403813E-8, 1.0000000052374538]
[0.9999999988273087, -4.1147936100105476E-10]
[1.3444034550544326E-8, -0.9999999946108842]
[-1.0000000011077108, -4.4201524732057074E-10]
[1.305411413818E-8, 1.0000000049165705]
[0.9999999988992183, -3.862658803921448E-10]
[1.2619970677415354E-8, -0.9999999949413956]
[-1.000000001039814, -4.1488966082137146E-10]
[1.2253843748293719E-8, 1.0000000046153388]
[0.9999999989667175, -3.6259691083007084E-10]
[1.1846416007876837E-8, -0.9999999952516309]
[-1.0000000009760788, -3.8942959620924533E-10]
[1.1502635406668293E-8, 1.0000000043325572]
[0.999999999030078, -3.403778439659E-10]
[1.1120275426618892E-8, -0.9999999955428337]
[-1.0000000009162502, -3.655330170493354E-10]
[1.0797480686462746E-8, 1.0000000040670955]
[0.9999999990895518, -3.1952007012447936E-10]
[1.0438642429611011E-8, -0.9999999958161729]
[-1.0000000008600884, -3.431034727163773E-10]
[1.0135556564611764E-8, 1.0000000038178942]
[0.9999999991453775, -2.9993995828703213E-10]
[9.798789002424257E-9, -0.9999999960727449]
[-1.0000000008073684, -3.2205152780684365E-10]
[9.514212255274518E-9, 1.0000000035839576]
[0.9999999991977802, -2.815590781357624E-10]
[9.19815542309299E-9, -0.9999999963135777]
[-1.0000000007578804, -3.0229228842326705E-10]
[8.930959728703503E-9, 1.00000000336435]
[0.9999999992469688, -2.643044984262932E-10]
[8.63433695158164E-9, -0.9999999965396379]
[-1.0000000007114247, -2.837459781024343E-10]
[8.38346407572299E-9, 1.0000000031581953]
[0.9999999992931409, -2.481066255222153E-10]
[8.105077216585127E-9, -0.9999999967518325]
[-1.0000000006678165, -2.6633824312671806E-10]
[7.869532538638813E-9, 1.0000000029646696]
[0.9999999993364815, -2.3290163894684746E-10]
[7.60825880161825E-9, -0.999999996951011]
[-1.0000000006268812, -2.499990214843706E-10]
[7.387107793521697E-9, 1.0000000027829992]
[0.999999999377164, -2.1862815377526879E-10]
[7.141892953334977E-9, -0.9999999971379738]
[-1.000000000588455, -2.346626434834853E-10]
[6.9342575076056234E-9, 1.0000000026124585]
[0.9999999994153521, -2.052291739329526E-10]
[6.704112976135129E-9, -0.9999999973134689]
[-1.0000000005523846, -2.2026764440186142E-10]
[6.509169657269165E-9, 1.0000000024523665]
[0.9999999994511983, -1.92651398306376E-10]
[6.293167286765267E-9, -0.9999999974782011]
[-1.0000000005185248, -2.0675621631438545E-10]
[6.1101406156893745E-9, 1.0000000023020825]
[0.9999999994848467, -1.808442180728509E-10]
[5.907410669577645E-9, -0.9999999976328301]
[-1.0000000004867404, -1.940732852201421E-10]
[5.735574501453122E-9, 1.0000000021610058]
[0.9999999995164315, -1.697608512096771E-10]
[5.545299261878328E-9, -0.9999999977779758]
[-1.0000000004569043, -1.8216908884149952E-10]
[5.383970540662891E-9, 1.0000000020285733]
[0.99999999954608, -1.5935676389577935E-10]
[5.205383935523444E-9, -0.9999999979142209]
[-1.0000000004288974, -1.7099498900163823E-10]
[5.053921019529395E-9, 1.0000000019042552]
[0.9999999995739104, -1.4958946581433707E-10]
[4.8863043979920084E-9, -0.9999999980421098]
[-1.0000000004026064, -1.605073955690539E-10]
[4.744104931380527E-9, 1.000000001787554]
[0.9999999996000342, -1.404211955047252E-10]
[4.586783199349992E-9, -0.9999999981621566]
[-1.0000000003779272, -1.5066293698740019E-10]
[4.4532817949742565E-9, 1.000000001678003]
[0.9999999996245557, -1.318145800843773E-10]
[4.3056216135831105E-9, -0.9999999982748408]
[-1.0000000003547609, -1.414223634033096E-10]
[4.180286875769129E-9, 1.0000000015751653]
[0.9999999996475742, -1.237356259120581E-10]
[4.041694379782607E-9, -0.9999999983806148]
[-1.0000000003330145, -1.3274919011263542E-10]
[3.9240276375474E-9, 1.0000000014786283]
[0.9999999996691807, -1.1615173753365404E-10]
[3.793944599456145E-9, -0.9999999984799028]
[-1.0000000003126008, -1.2460744241993282E-10]
[3.683477854329875E-9, 1.0000000013880077]
[0.9999999996894626, -1.0903235952985924E-10]
[3.5613816834825784E-9, -0.9999999985731028]
[-1.0000000002934386, -1.169658987720812E-10]
[3.4576744306277774E-9, 1.0000000013029404]
[0.9999999997085011, -1.0234931999142383E-10]
[3.3430741295907562E-9, -0.999999998660588]
[-1.0000000002754512, -1.0979285536283356E-10]
[3.2457130446847393E-9, 1.0000000012230852]
[0.9999999997263727, -9.607606377137756E-11]
[3.138148650660977E-9, -0.9999999987427084]
[-1.0000000002585667, -1.0305903005991546E-10]
[3.046745864713346E-9, 1.0000000011481243]
[0.9999999997431476, -9.018774269065055E-11]
[2.9457842350318064E-9, -0.9999999988197937]
[-1.0000000002427167, -9.673930059794777E-11]
[2.8599754400664146E-9, 1.0000000010777563]
[0.9999999997588953, -8.465956408132413E-11]
[2.7652113268432366E-9, -0.9999999988921516]
[-1.0000000002278386, -9.080660182125833E-11]
[2.6846548248360413E-9, 1.000000001011701]
[0.999999999773677, -7.94705586060207E-11]
[2.5957070238884217E-9, -0.9999999989600733]
[-1.000000000213873, -8.523761210743608E-11]
[2.5200817274986798E-9, 1.0000000009496939]
[0.9999999997875525, -7.460015938320907E-11]
[2.436593423121164E-9, -0.9999999990238303]
[-1.000000000200763, -8.001045312400201E-11]
[2.3655972358933852E-9, 1.0000000008914869]
[0.9999999998005769, -7.002747340334459E-11]
[2.2872325916925562E-9, -0.9999999990836785]
[-1.0000000001884564, -7.510443308933468E-11]
[2.2205835243510608E-9, 1.0000000008368468]
[0.9999999998128026, -6.573512914553881E-11]
[2.1470274971964465E-9, -0.999999999139856]
[-1.0000000001769038, -7.049908226641755E-11]
[2.08445877962829E-9, 1.0000000007855545]
[0.9999999998242788, -6.170535957195078E-11]
[2.0154166113783845E-9, -0.9999999991925894]
[-1.0000000001660592, -6.617641504225169E-11]
[1.9566792929838484E-9, 1.0000000007374066]
[0.9999999998350514, -5.792310728280903E-11]
[1.89187308570829E-9, -0.9999999992420903]
[-1.0000000001558802, -6.211839723158086E-11]
[1.8367325720254624E-9, 1.00000000069221]
[0.9999999998451643, -5.4372929769730405E-11]
[1.7759031033931505E-9, -0.9999999992885559]
[-1.0000000001463247, -5.830921509519804E-11]
[1.7241389609415347E-9, 1.0000000006497825]
[0.9999999998546562, -5.104041841952345E-11]
[1.6670415399662464E-9, -0.9999999993321725]
[-1.000000000137355, -5.473392919452813E-11]
[1.6184475547936783E-9, 1.0000000006099552]
[0.9999999998635664, -4.7911591360971784E-11]
[1.5648532144564575E-9, -0.9999999993731147]
[-1.000000000128935, -5.1377922749562543E-11]
[1.519234911484535E-9, 1.0000000005725687]
[0.9999999998719301, -4.4974943907982734E-11]
[1.4689291024869155E-9, -0.9999999994115463]
[-1.0000000001210316, -4.822747062815935E-11]
[1.4261039077076432E-9, 1.0000000005374747]
[0.9999999998797815, -4.221816646277077E-11]
[1.3788845430046104E-9, -0.9999999994476221]
[-1.0000000001136122, -4.527100222473379E-11]
[1.3386828121714212E-9, 1.0000000005045306]
[0.9999999998871517, -3.963003189499936E-11]
[1.2943598077033713E-9, -0.9999999994814864]
[-1.0000000001066478, -4.249489649055249E-11]
[1.2566202566358098E-9, 1.000000000473606]
[0.9999999998940698, -3.7201138003428724E-11]
[1.2150163353728816E-9, -0.9999999995132742]
[-1.000000000100111, -3.9889570813134156E-11]
[1.1795881966515653E-9, 1.0000000004445766]
[0.9999999999005639, -3.492033051610832E-11]
[1.1405368008539363E-9, -0.9999999995431129]
[-1.0000000000939737, -3.744385010384654E-11]
[1.1072784594605423E-9, 1.0000000004173262]
[0.9999999999066596, -3.2780167469326216E-11]
[1.0706227163495563E-9, -0.9999999995711225]
[-1.0000000000882134, -3.514739194132588E-11]
[1.0394011315702223E-9, 1.0000000003917466]
[0.9999999999123816, -3.077119115069138E-11]
[1.004993882385008E-9, -0.9999999995974147]
[-1.0000000000828058, -3.2992386600483314E-11]
[9.756850175880738E-10, 1.0000000003677343]
[0.9999999999177531, -2.8885401015532608E-11]
[9.43388537427703E-10, -0.9999999996220953]
[-1.00000000007773, -3.0969445757866865E-11]
[9.158744500650795E-10, 1.000000000345194]
[0.9999999999227959, -2.7115115708298276E-11]
[8.855592548324964E-10, -0.9999999996452628]
[-1.0000000000729659, -2.9070516827101045E-11]
[8.597308108482249E-10, 1.000000000324035]
[0.999999999927529, -2.5452275703718996E-11]
[8.312750696126692E-10, -0.9999999996670091]
[-1.0000000000684928, -2.728852213640387E-11]
[8.070286422641459E-10, 1.0000000003041731]
[0.9999999999319715, -2.3891864181502243E-11]
[7.803179916457403E-10, -0.9999999996874227]
[-1.0000000000642948, -2.561559298008831E-11]
[7.575572313553436E-10, 1.0000000002855283]
[0.9999999999361423, -2.2427254497969784E-11]
[7.324848934862904E-10, -0.9999999997065848]
[-1.0000000000603533, -2.404526230903592E-11]
[7.111186600509967E-10, 1.0000000002680258]
[0.9999999999400565, -2.1052357773720942E-11]
[6.875835148641152E-10, -0.9999999997245718]
[-1.0000000000566536, -2.2571295527074042E-11]
[6.675265687428045E-10, 1.000000000251596]
[0.9999999999437315, -1.976151534077708E-11]
[6.454350378812257E-10, -0.9999999997414556]
[-1.0000000000531806, -2.1187565590885526E-11]
[6.266067881580129E-10, 1.0000000002361735]
[0.9999999999471807, -1.8550303654274458E-11]
[6.058699969675729E-10, -0.9999999997573051]
[-1.0000000000499205, -1.9888566488157622E-11]
[5.881956328251947E-10, 1.000000000221697]
[0.9999999999504185, -1.7413310376968028E-11]
[5.68730207893553E-10, -0.9999999997721833]
[-1.00000000004686, -1.866950691264968E-11]
[5.521389604204452E-10, 1.0000000002081078]
[0.9999999999534579, -1.6345924613858642E-11]
[5.338670872566398E-10, -0.9999999997861492]
[-1.000000000043988, -1.7524603296292796E-11]
[5.18292399016157E-10, 1.0000000001953517]
[0.9999999999563111, -1.5344066295330805E-11]
[5.011412040553664E-10, -0.9999999997992591]
[-1.0000000000412912, -1.6450476397755764E-11]
[4.86520831868148E-10, 1.000000000183377]
[0.9999999999589895, -1.4403225140346976E-11]
[4.704215649832533E-10, -0.9999999998115654]
[-1.00000000003876, -1.5441634082513644E-11]
[4.566966700647601E-10, 1.000000000172137]
[0.9999999999615036, -1.352079906369319E-11]
[4.415849730148025E-10, -0.9999999998231165]
[-1.0000000000363842, -1.4495175892914602E-11]
[4.2870095624467086E-10, 1.0000000001615847]
[0.9999999999638636, -1.2691757367289114E-11]
[4.1451550785581714E-10, -0.9999999998339596]
[-1.0000000000341536, -1.3606296644930183E-11]
[4.0242172181376157E-10, 1.00000000015168]
[0.9999999999660786, -1.1914001035728816E-11]
[3.891058092050925E-10, -0.9999999998441385]
[-1.0000000000320601, -1.2771957103030473E-11]
[3.7775296562667093E-10, 1.0000000001423826]
[0.9999999999681582, -1.1183873271924938E-11]
[3.6525381027011083E-10, -0.9999999998536934]
[-1.000000000030095, -1.1988798842565984E-11]
[3.545963913123562E-10, 1.000000000133655]
[0.9999999999701099, -1.0498147490212162E-11]
[3.42863701839613E-10, -0.9999999998626629]
[-1.0000000000282496, -1.1253910997544025E-11]
[3.328594865015244E-10, 1.0000000001254628]
[0.999999999971942, -9.85460671398819E-12]
[3.218462957081669E-10, -0.9999999998710821]
[-1.0000000000265183, -1.0563876162716923E-11]
[3.124551247075946E-10, 1.0000000001177725]
[0.9999999999736624, -9.250471916244507E-12]
[3.0211730469784093E-10, -0.9999999998789851]
[-1.0000000000248928, -9.9164253197781E-12]
[2.933012947098357E-10, 1.0000000001105531]
[0.9999999999752768, -8.683720409408124E-12]
[2.835973877610143E-10, -0.9999999998864036]
[-1.0000000000233669, -9.308200044078063E-12]
[2.753218551580783E-10, 1.0000000001037768]
[0.9999999999767925, -8.15175704715898E-12]
[2.662127306790607E-10, -0.9999999998933672]
[-1.0000000000219347, -8.737531531632925E-12]
[2.584446437241261E-10, 1.000000000097415]
[0.999999999978215, -7.651719535761714E-12]
[2.498942975291685E-10, -0.9999999998999036]
[-1.0000000000205898, -8.20215770303001E-12]
[2.4260155126118454E-10, 1.0000000000914429]
[0.9999999999795504, -7.182258260352015E-12]
[2.34575743378318E-10, -0.9999999999060388]
[-1.0000000000193277, -7.699965665075581E-12]
[2.2773015027552357E-10, 1.0000000000858373]
[0.9999999999808036, -6.742006258830813E-12]
[2.2019613649809644E-10, -0.9999999999117992]
[-1.0000000000181426, -7.22730555957618E-12]
[2.1377036685948925E-10, 1.0000000000805758]
[0.9999999999819804, -6.3288575768982724E-12]
[2.0669802978587337E-10, -0.9999999999172053]
[-1.0000000000170306, -6.784472289522725E-12]
[2.0066623579798049E-10, 1.000000000075636]
[0.9999999999830856, -5.9406680963380865E-12]
[1.9402763336978657E-10, -0.9999999999222807]
[-1.0000000000159868, -6.3687215223762195E-12]
[1.8836539966704535E-10, 1.0000000000709992]
[0.9999999999841226, -5.57643514698114E-12]
[1.8213368964056786E-10, -0.9999999999270445]
[-1.000000000015007, -5.978568334841228E-12]
[1.768182453752709E-10, 1.000000000066647]
[0.9999999999850961, -5.2344482914801205E-12]
[1.7096893909288036E-10, -0.9999999999315168]
[-1.0000000000140874, -5.611892894830106E-12]
[1.6597922558939104E-10, 1.000000000062562]
[0.9999999999860099, -4.913888740354366E-12]
[1.6048860330963866E-10, -0.9999999999357158]
[-1.0000000000132239, -5.267668246045076E-12]
[1.5580458017500076E-10, 1.0000000000587275]
[0.9999999999868672, -4.612803194969928E-12]
[1.5065052373988697E-10, -0.9999999999396564]
[-1.000000000012413, -4.944503140258405E-12]
[1.4625382415561772E-10, 1.0000000000551272]
[0.9999999999876721, -4.329932246083246E-12]
[1.4141590329308507E-10, -0.9999999999433554]
[-1.0000000000116516, -4.641283884998515E-12]
[1.372883013869841E-10, 1.000000000051748]
[0.9999999999884277, -4.064526493152698E-12]
[1.3274704122392955E-10, -0.9999999999468275]
[-1.0000000000109375, -4.357084137929235E-12]
[1.288724951406528E-10, 1.0000000000485754]
[0.9999999999891371, -3.815166932374936E-12]
[1.246097157750481E-10, -0.9999999999500867]
[-1.000000000010267, -4.0900789699538365E-12]
[1.2097262688109955E-10, 1.000000000045598]
[0.9999999999898033, -3.5812255938516557E-12]
[1.1697079719749648E-10, -0.9999999999531466]
[-1.0000000000096378, -3.8393593859709085E-12]
[1.1355686529990194E-10, 1.0000000000428029]
[0.9999999999904284, -3.361370209953307E-12]
[1.0980065467958156E-10, -0.9999999999560185]
[-1.0000000000090468, -3.604401499490706E-12]
[1.0659579989524826E-10, 1.0000000000401785]
[0.999999999991015, -3.1553440416054457E-12]
[1.0307001129319926E-10, -0.9999999999587149]
[-1.0000000000084923, -3.383533037082387E-12]
[1.000611863331835E-10, 1.0000000000377158]
[0.999999999991566, -2.9617835961559535E-12]
[9.67518257351252E-11, -0.9999999999612457]
[-1.0000000000079718, -3.1761364371885037E-12]
[9.392759573595422E-11, 1.000000000035404]
[0.999999999992083, -2.780286417758404E-12]
[9.082117566686088E-11, -0.9999999999636211]
[-1.0000000000074833, -2.981413727010107E-12]
[8.816999040595075E-11, 1.0000000000332339]
[0.9999999999925686, -2.6101169836589833E-12]
[8.525356158875508E-11, -0.9999999999658515]
[-1.0000000000070246, -2.7983448891433227E-12]
[8.276506736903944E-11, 1.0000000000311966]
[0.9999999999930241, -2.450230990325153E-12]
[8.002737058102061E-11, -0.9999999999679448]
[-1.000000000006594, -2.6269333930351024E-12]
[7.76916148602369E-11, 1.0000000000292841]
[0.9999999999934515, -2.2998686288744352E-12]
[7.512168664902674E-11, -0.9999999999699098]
[-1.0000000000061897, -2.4659475850175028E-12]
[7.292896408300775E-11, 1.0000000000274893]
[0.9999999999938531, -2.158592748990884E-12]
[7.05169416782836E-11, -0.9999999999717543]
[-1.0000000000058105, -2.315141134356935E-12]
[6.845849971973128E-11, 1.0000000000258036]
[0.9999999999942297, -2.0260390587445443E-12]
[6.619402205185199E-11, -0.9999999999734853]
[-1.000000000005454, -2.1735183097781885E-12]
[6.42620522767201E-11, 1.0000000000242217]
[0.9999999999945839, -1.9015414243206408E-12]
[6.213618465242265E-11, -0.9999999999751104]
[-1.0000000000051203, -2.0402984857170736E-12]
[6.032278973208682E-11, 1.0000000000227367]
[0.9999999999949157, -1.7849784150758552E-12]
[5.832755806123302E-11, -0.999999999976636]
[-1.0000000000048062, -1.915065328539356E-12]
[5.6624882734113147E-11, 1.0000000000213427]
[0.9999999999952274, -1.6755243026356226E-12]
[5.4752044911787756E-11, -0.9999999999780684]
[-1.0000000000045113, -1.7978327160328433E-12]
[5.315405754435787E-11, 1.0000000000200346]
[0.9999999999955199, -1.5730854119322402E-12]
[5.1395431747286446E-11, -0.9999999999794131]
[-1.0000000000042348, -1.6872093999698023E-12]
[4.9895617585532515E-11, 1.0000000000188067]
[0.9999999999957945, -1.4766660116904973E-12]
[4.824485255738864E-11, -0.9999999999806752]
[-1.000000000003975, -1.5839031475284315E-12]
[4.6836825650514724E-11, 1.0000000000176539]
[0.9999999999960522, -1.3860024239420454E-12]
[4.528761523778235E-11, -0.9999999999818596]
[-1.0000000000037317, -1.4866961828285952E-12]
[4.3965834445325314E-11, 1.0000000000165719]
[0.9999999999962943, -1.3013236321857136E-12]
[4.2511542463347096E-11, -0.9999999999829721]
[-1.000000000003503, -1.3956613642562843E-12]
[4.127075374157907E-11, 1.0000000000155562]
[0.9999999999965216, -1.2212938993449995E-12]
[3.990544396662021E-11, -0.9999999999840159]
[-1.000000000003288, -1.3099764328838859E-12]
[3.874091672462221E-11, 1.0000000000146028]
[0.9999999999967346, -1.147065081807952E-12]
[3.7459159905883777E-11, -0.999999999984996]
[-1.0000000000030866, -1.2294956719394179E-12]
[3.636635784176612E-11, 1.0000000000137081]
[0.9999999999969348, -1.0769718450376331E-12]
[3.5162932461585417E-11, -0.9999999999859162]
[-1.0000000000028972, -1.15409418133261E-12]
[3.4136692604602725E-11, 1.000000000012868]
[0.9999999999971224, -1.0101537661899584E-12]
[3.3007482164171265E-11, -0.999999999986779]
[-1.0000000000027194, -1.0835984887158645E-12]
[3.2043995061570296E-11, 1.0000000000120788]
[0.9999999999972986, -9.483976104451841E-13]
[3.098435874190897E-11, -0.9999999999875894]
[-1.0000000000025526, -1.0171724573737606E-12]
[3.0079618049821955E-11, 1.000000000011338]
[0.9999999999974643, -8.903607018329041E-13]
[2.908501044174283E-11, -0.9999999999883503]
[-1.000000000002396, -9.54770984495923E-13]
[2.8235793477632276E-11, 1.0000000000106437]
[0.9999999999976197, -8.360777348226378E-13]
[2.7301976651683546E-11, -0.9999999999890646]
[-1.0000000000022493, -8.962344755225615E-13]
[2.6504886826983487E-11, 1.0000000000099907]
[0.9999999999977658, -7.846362448660216E-13]
[2.5628404346639266E-11, -0.9999999999897349]
[-1.0000000000021119, -8.410078189413639E-13]
[2.4880279260452998E-11, 1.0000000000093783]
[0.9999999999979028, -7.363831766582507E-13]
[2.405732687713047E-11, -0.9999999999903638]
[-1.0000000000019822, -7.89618370689027E-13]
[2.3355189310292346E-11, 1.0000000000088034]
[0.9999999999980312, -6.912664884950459E-13]
[2.2582409900384626E-11, -0.9999999999909546]
[-1.0000000000018603, -7.412716274135533E-13]
[2.192324100036558E-11, 1.000000000008264]
[0.9999999999981517, -6.48998216279395E-13]
[2.1198293554541836E-11, -0.9999999999915093]
[-1.0000000000017462, -6.958808529411442E-13]
[2.0579772695011878E-11, 1.0000000000077578]
[0.999999999998265, -6.094291737923641E-13]
[1.9898595791933982E-11, -0.9999999999920303]
[-1.0000000000016396, -6.529811413802378E-13]
[1.9318275711749378E-11, 1.0000000000072822]
[0.9999999999983717, -5.718515938557545E-13]
[1.8679047891767553E-11, -0.9999999999925191]
[-1.0000000000015392, -6.133149543785521E-13]
[1.8133572334683157E-11, 1.0000000000068359]
[0.9999999999984716, -5.371120215258429E-13]
[1.753400072704303E-11, -0.9999999999929771]
[-1.0000000000014444, -5.754494103449304E-13]
[1.7022225642926436E-11, 1.0000000000064169]
[0.9999999999985649, -5.041106421188601E-13]
[1.6459081927239216E-11, -0.9999999999934079]
[-1.0000000000013558, -5.400367653063398E-13]
[1.5978708807484754E-11, 1.0000000000060238]
[0.9999999999986532, -4.731388891787702E-13]
[1.545035020061869E-11, -0.9999999999938124]
[-1.000000000001273, -5.066537467346421E-13]
[1.4999122169984114E-11, 1.0000000000056546]
[0.9999999999987357, -4.443667656062189E-13]
[1.4503065415283345E-11, -0.9999999999941913]
[-1.000000000001195, -4.757895466500628E-13]
[1.4079611608541764E-11, 1.000000000005308]
[0.9999999999988134, -4.171177292455752E-13]
[1.3613921621968839E-11, -0.9999999999945474]
[-1.000000000001122, -4.4701742307751147E-13]
[1.3216998242387978E-11, 1.0000000000049825]
[0.999999999998886, -3.914958635053978E-13]
[1.2779575141175226E-11, -0.9999999999948822]
[-1.0000000000010532, -4.188246971459364E-13]
[1.24064209426622E-11, 1.0000000000046774]
[0.9999999999989544, -3.678064797174585E-13]
[1.1996477596032395E-11, -0.9999999999951965]
[-1.0000000000009888, -3.9297037845997806E-13]
[1.1645846613450583E-11, 1.0000000000043905]
[0.9999999999990183, -3.4525507452976E-13]
[1.1261147396524063E-11, -0.9999999999954903]
[-1.000000000000928, -3.69190789051288E-13]
[1.0931930274210577E-11, 1.0000000000041214]
[0.9999999999990786, -3.236473589129929E-13]
[1.0570485459160395E-11, -0.9999999999957663]
[-1.0000000000008709, -3.469897980057368E-13]
[1.026177059992861E-11, 1.0000000000038687]
[0.9999999999991351, -3.0318109134341853E-13]
[9.922604838480398E-12, -0.9999999999960254]
[-1.000000000000818, -3.2602393007508113E-13]
[9.632829690159328E-12, 1.000000000003631]
[0.9999999999991885, -2.853516034573289E-13]
[9.314327521076082E-12, -0.9999999999962697]
[-1.0000000000007678, -3.0569990983053685E-13]
[9.042161984440522E-12, 1.000000000003409]
[0.999999999999238, -2.681778410451585E-13]
[8.74336323827829E-12, -0.9999999999964991]
[-1.000000000000721, -2.8617733183189387E-13]
[8.487945589441548E-12, 1.0000000000032006]
[0.9999999999992848, -2.514412289489343E-13]
[8.207476798888225E-12, -0.999999999996714]
[-1.0000000000006768, -2.684484579074109E-13]
[7.967605308162318E-12, 1.0000000000030043]
[0.9999999999993285, -2.3564830642364143E-13]
[7.70440742453582E-12, -0.9999999999969154]
[-1.0000000000006346, -2.5261043257174265E-13]
[7.4790547019421E-12, 1.0000000000028202]
[0.9999999999993694, -2.2123275433827416E-13]
[7.232145871755025E-12, -0.9999999999971039]
[-1.0000000000005949, -2.375044605429366E-13]
[7.020665732798692E-12, 1.000000000002647]
[0.9999999999994078, -2.0792742527753205E-13]
[6.788654274142436E-12, -0.9999999999972812]
[-1.0000000000005584, -2.2310278624537716E-13]
[6.590870210709809E-12, 1.0000000000024845]
[0.9999999999994441, -1.9559354136333695E-13]
[6.372138927623894E-12, -0.9999999999974473]
[-1.0000000000005242, -2.095615347919022E-13]
[6.186951558712073E-12, 1.0000000000023324]
[0.9999999999994783, -1.8328741302475748E-13]
[5.981677826671916E-12, -0.9999999999976038]
[-1.0000000000004927, -1.9641926973790191E-13]
[5.8075337074081634E-12, 1.0000000000021898]
[0.9999999999995106, -1.7215395775593834E-13]
[5.614895701167022E-12, -0.9999999999977517]
[-1.0000000000004627, -1.838390550901181E-13]
[5.4515823279255304E-12, 1.0000000000020555]
[0.9999999999995408, -1.6175602524093335E-13]
[5.270675822871551E-12, -0.99999999999789]
[-1.0000000000004348, -1.72029057665668E-13]
[5.117122871267643E-12, 1.0000000000019293]
[0.9999999999995689, -1.517674874662589E-13]
[4.947708041880272E-12, -0.9999999999980196]
[-1.0000000000004077, -1.6149234727258488E-13]
[4.803378614998133E-12, 1.0000000000018108]
[0.9999999999995949, -1.4188303310014305E-13]
[4.644430673383937E-12, -0.9999999999981404]
[-1.0000000000003824, -1.5254117413654456E-13]
[4.508921448015402E-12, 1.0000000000016993]
[0.9999999999996199, -1.3292492107019882E-13]
[4.359766454103964E-12, -0.999999999998254]
[-1.0000000000003593, -1.4338877307729092E-13]
[4.2326428820183004E-12, 1.0000000000015954]
[0.9999999999996432, -1.249902958910809E-13]
[4.0923982952412175E-12, -0.9999999999983611]
[-1.0000000000003375, -1.343404554265959E-13]
[3.9732440428041915E-12, 1.0000000000014977]
[0.9999999999996653, -1.1790915466214358E-13]
[3.841440186780343E-12, -0.9999999999984612]
[-1.000000000000317, -1.2565989915280795E-13]
[3.7297066476926766E-12, 1.000000000001406]
[0.9999999999996863, -1.1111250808326645E-13]
[3.6060048176633774E-12, -0.9999999999985556]
[-1.000000000000298, -1.177356823145459E-13]
[3.5010601188989465E-12, 1.00000000000132]
[0.9999999999997058, -1.0399320293785763E-13]
[3.3849117085649194E-12, -0.9999999999986443]
[-1.00000000000028, -1.1060596882828122E-13]
[3.2863850529807337E-12, 1.0000000000012395]
[0.9999999999997239, -9.771003450786964E-14]
[3.177669065379529E-12, -0.9999999999987276]
[-1.0000000000002631, -1.0371217773474939E-13]
[3.0848188586896086E-12, 1.0000000000011637]
[0.9999999999997413, -9.202014150666571E-14]
[2.983141945273049E-12, -0.9999999999988054]
[-1.000000000000247, -9.793554855974662E-14]
[2.8954599134989323E-12, 1.000000000001092]
[0.9999999999997568, -8.614636781700824E-14]
[2.8003862249936784E-12, -0.9999999999988782]
[-1.0000000000002311, -9.207912210484892E-14]
[2.7180774991864E-12, 1.0000000000010247]
[0.9999999999997707, -8.064729439816176E-14]
[2.628470791715687E-12, -0.9999999999989471]
[-1.000000000000216, -8.649678195915556E-14]
[2.551796447758381E-12, 1.0000000000009623]
[0.9999999999997846, -7.54535323110872E-14]
[2.46726814326359E-12, -0.9999999999990117]
[-1.0000000000002023, -8.196915368685609E-14]
[2.395099743535134E-12, 1.0000000000009028]
[0.9999999999997976, -7.038120086733102E-14]
[2.316263066765023E-12, -0.9999999999990721]
[-1.0000000000001896, -7.688641390224404E-14]
[2.2479544267706153E-12, 1.0000000000008475]
[0.99999999999981, -6.588479761759913E-14]
[2.1744333764117663E-12, -0.9999999999991286]
[-1.0000000000001779, -7.26710358556204E-14]
[2.1105426434298025E-12, 1.0000000000007951]
[0.9999999999998213, -6.205105873569039E-14]
[2.0409880382987744E-12, -0.999999999999182]
[-1.000000000000167, -6.802891583390647E-14]
[1.981620163099551E-12, 1.0000000000007465]
[0.9999999999998317, -5.811670589217499E-14]
[1.9151659425009626E-12, -0.9999999999992328]
[-1.0000000000001572, -6.362271820492538E-14]
[1.860302276807113E-12, 1.000000000000701]
[0.9999999999998421, -5.487277299209836E-14]
[1.79786437473628E-12, -0.999999999999281]
[-1.0000000000001477, -5.892508703198018E-14]
[1.745942366376818E-12, 1.0000000000006586]
[0.9999999999998518, -5.1524756683463124E-14]
[1.6881209971564282E-12, -0.9999999999993261]
[-1.0000000000001383, -5.4817261840867104E-14]
[1.6379371817198951E-12, 1.0000000000006182]
[0.9999999999998611, -4.8128168117500536E-14]
[1.585218067923222E-12, -0.9999999999993671]
[-1.000000000000129, -5.1784965204859645E-14]
[1.537722640193584E-12, 1.0000000000005802]
[0.9999999999998697, -4.4911990793039536E-14]
[1.4873931079850689E-12, -0.999999999999406]
[-1.0000000000001212, -4.88636908713147E-14]
[1.4439521626996576E-12, 1.000000000000545]
[0.9999999999998779, -4.2570114100470846E-14]
[1.3958734342012225E-12, -0.9999999999994423]
[-1.0000000000001141, -4.53560800028896E-14]
[1.355512056766539E-12, 1.0000000000005114]
[0.9999999999998854, -4.062375436042487E-14]
[1.310338990090365E-12, -0.9999999999994756]
[-1.000000000000108, -4.166458844601095E-14]
[1.2724396189489617E-12, 1.0000000000004796]
[0.9999999999998928, -3.846228890935777E-14]
[1.2299978743857132E-12, -0.9999999999995077]
[-1.000000000000102, -3.8538616742300746E-14]
[1.1944611966185903E-12, 1.0000000000004512]
[0.9999999999998996, -3.645000967722467E-14]
[1.1545230917120453E-12, -0.9999999999995388]
[-1.0000000000000964, -3.6273067882675036E-14]
[1.1215065334746477E-12, 1.0000000000004245]
[0.9999999999999063, -3.3813229993739924E-14]
[1.0835490490967992E-12, -0.9999999999995675]
[-1.0000000000000906, -3.470140841344005E-14]
[1.0527754883138396E-12, 1.0000000000003986]
[0.9999999999999128, -3.0982161280945775E-14]
[1.0173346540187644E-12, -0.9999999999995932]
[-1.0000000000000846, -3.2661373605691324E-14]
[9.876470301317664E-13, 1.000000000000374]
[0.9999999999999178, -2.920927388849748E-14]
[9.5543625094896E-13, -0.9999999999996183]
[-1.0000000000000788, -3.061093045708674E-14]
[9.267413225710897E-13, 1.0000000000003508]
[0.9999999999999225, -2.822395095414265E-14]
[8.971759966891479E-13, -0.9999999999996423]
[-1.0000000000000735, -2.885539029939821E-14]
[8.699083120511375E-13, 1.0000000000003295]
[0.9999999999999273, -2.614922167687439E-14]
[8.421384249668318E-13, -0.9999999999996645]
[-1.0000000000000693, -2.7564756033271465E-14]
[8.165568915474708E-13, 1.000000000000309]
[0.9999999999999315, -2.369285323489123E-14]
[7.907745638857655E-13, -0.9999999999996845]
[-1.0000000000000653, -2.6458002455598262E-14]
[7.663487899822741E-13, 1.0000000000002898]
[0.9999999999999357, -2.1219137558148304E-14]
[7.422291947722925E-13, -0.9999999999997032]
[-1.000000000000061, -2.515002095471175E-14]
[7.195997270281751E-13, 1.000000000000272]
[0.9999999999999394, -1.9984014443252818E-14]
[6.965435173089674E-13, -0.9999999999997213]
[-1.0000000000000575, -2.3418766925686896E-14]
[6.758942364126774E-13, 1.0000000000002556]
[0.9999999999999432, -1.9480944635219544E-14]
[6.53191042920831E-13, -0.999999999999739]
[-1.0000000000000542, -2.187833247901949E-14]
[6.349105269309874E-13, 1.0000000000002405]
[0.9999999999999467, -1.9043794319273388E-14]
[6.130742614962603E-13, -0.9999999999997558]
[-1.000000000000051, -2.036912305491967E-14]
[5.961568044776655E-13, 1.0000000000002254]
[0.9999999999999497, -1.78537740147533E-14]
[5.756957410785191E-13, -0.9999999999997705]
[-1.000000000000048, -1.909236657660074E-14]
[5.594027845112759E-13, 1.0000000000002114]
[0.9999999999999524, -1.6566609195578508E-14]
[5.404023582789019E-13, -0.9999999999997841]
[-1.0000000000000442, -1.7950918529408E-14]
[5.250318409200094E-13, 1.000000000000198]
[0.9999999999999554, -1.469657728847551E-14]
[5.073680191258756E-13, -0.9999999999997966]
[-1.0000000000000415, -1.7371520888431746E-14]
[4.927330245207973E-13, 1.0000000000001859]
[0.9999999999999579, -1.3013895516778007E-14]
[4.763143005015458E-13, -0.9999999999998085]
[-1.0000000000000389, -1.6143336667440167E-14]
[4.624963606536525E-13, 1.000000000000174]
[0.9999999999999603, -1.1841222447017685E-14]
[4.470317345461883E-13, -0.9999999999998197]
[-1.0000000000000364, -1.501229696110329E-14]
[4.3415965267357137E-13, 1.0000000000001628]
[0.9999999999999625, -1.1754486273218845E-14]
[4.196413182222525E-13, -0.9999999999998306]
[-1.000000000000034, -1.3596762604706214E-14]
[4.0774328358139655E-13, 1.0000000000001532]
[0.9999999999999646, -1.2573275753879898E-14]
[3.9379740787715E-13, -0.9999999999998416]
[-1.000000000000032, -1.189326415129699E-14]
[3.8267045782136577E-13, 1.0000000000001443]
[0.9999999999999667, -1.2750217548429532E-14]
[3.6996274099809767E-13, -0.9999999999998521]
[-1.0000000000000302, -1.0803857808383555E-14]
[3.5863369565736214E-13, 1.0000000000001357]
[0.9999999999999691, -1.218122824830914E-14]
[3.4772705548302696E-13, -0.9999999999998616]
[-1.0000000000000286, -1.020364348569558E-14]
[3.358628479499526E-13, 1.0000000000001272]
[0.9999999999999719, -1.1008555178548818E-14]
[3.268856539617726E-13, -0.9999999999998701]
[-1.0000000000000264, -9.520162436160717E-15]
[3.1463893990224534E-13, 1.000000000000119]
[0.999999999999974, -1.0085682289329156E-14]
[3.0700919237403035E-13, -0.999999999999878]
[-1.000000000000024, -9.103828801926284E-15]
[2.955986150299239E-13, 1.0000000000001115]
[0.9999999999999751, -9.065664885454794E-15]
[2.8795715811824607E-13, -0.9999999999998853]
[-1.0000000000000224, -8.81239525796218E-15]
[2.777014729282712E-13, 1.000000000000105]
[0.9999999999999762, -8.500145032286355E-15]
[2.702217789807282E-13, -0.9999999999998921]
[-1.0000000000000209, -8.413408858487514E-15]
[2.6089807397822184E-13, 1.0000000000000984]
[0.9999999999999778, -8.142791996235133E-15]
[2.536625423599226E-13, -0.9999999999998982]
[-1.00000000000002, -7.684824998577255E-15]
[2.4534671169695876E-13, 1.0000000000000924]
[0.9999999999999793, -7.643191635153812E-15]
[2.3745068411518133E-13, -0.9999999999999043]
[-1.0000000000000189, -7.400330348517059E-15]
[2.308504949699586E-13, 1.0000000000000868]
[0.9999999999999811, -7.20951076615961E-15]
[2.2227922627515717E-13, -0.9999999999999097]
[-1.0000000000000178, -6.900729987435739E-15]
[2.1710367878458037E-13, 1.0000000000000817]
[0.9999999999999823, -6.484396353201305E-15]
[2.083355189752556E-13, -0.9999999999999154]
[-1.0000000000000169, -6.456640777585676E-15]
[2.0410799786430012E-13, 1.0000000000000766]
[0.9999999999999839, -5.5441762292218755E-15]
[1.958220911812969E-13, -0.9999999999999207]
[-1.0000000000000158, -6.463579671489583E-15]
[1.9158719749556852E-13, 1.0000000000000717]
[0.9999999999999845, -4.999473057765158E-15]
[1.8382777938752426E-13, -0.9999999999999256]
[-1.0000000000000149, -6.366435156834882E-15]
[1.796813565990707E-13, 1.0000000000000673]
[0.9999999999999852, -4.1772141301521515E-15]
[1.7275287103601933E-13, -0.99999999999993]
[-1.000000000000014, -6.175615574477433E-15]
[1.6855440654328646E-13, 1.000000000000063]
[0.999999999999986, -3.6186331708876196E-15]
[1.6217712936472672E-13, -0.9999999999999342]
[-1.0000000000000129, -5.6066262743570405E-15]
[1.5839283010188332E-13, 1.0000000000000593]
[0.9999999999999868, -3.389649672058681E-15]
[1.5227402672124413E-13, -0.9999999999999378]
[-1.0000000000000118, -5.172945405362839E-15]
[1.4874776757545227E-13, 1.0000000000000555]
[0.9999999999999881, -3.847616669716558E-15]
[1.4295986269785566E-13, -0.9999999999999416]
[-1.000000000000011, -4.399258735077183E-15]
[1.3953421751367046E-13, 1.0000000000000524]
[0.999999999999989, -4.28129753871076E-15]
[1.3407721113911641E-13, -0.9999999999999458]
[-1.0000000000000107, -3.649858193455202E-15]
[1.3098463286231876E-13, 1.0000000000000497]
[0.9999999999999896, -5.197231534026514E-15]
[1.257982433500171E-13, -0.9999999999999503]
[-1.00000000000001, -3.3341385208274232E-15]
[1.2244502287095393E-13, 1.0000000000000469]
[0.9999999999999897, -5.23192600354605E-15]
[1.181624242896362E-13, -0.9999999999999535]
[-1.0000000000000093, -3.0184188481996443E-15]
[1.1492759868780844E-13, 1.0000000000000437]
[0.9999999999999905, -5.037636974236648E-15]
[1.1099801633385198E-13, -0.9999999999999564]
[-1.0000000000000089, -3.1051550219984847E-15]
[1.0791888216399315E-13, 1.0000000000000413]
[0.9999999999999909, -4.517219931443606E-15]
[1.042872385670357E-13, -0.9999999999999589]
[-1.0000000000000082, -2.7408630920433552E-15]
[1.0124670199451735E-13, 1.0000000000000389]
[0.9999999999999912, -3.9968028886505635E-15]
[9.801014166921362E-14, -0.999999999999961]
[-1.0000000000000073, -2.7096380694757727E-15]
[9.507889267568181E-14, 1.0000000000000362]
[0.9999999999999919, -3.6463887465032485E-15]
[9.218233815166954E-14, -0.9999999999999636]
[-1.000000000000007, -2.411265631607762E-15]
[8.927884473375336E-14, 1.000000000000034]
[0.9999999999999923, -3.6186331708876196E-15]
[8.662341677290186E-14, -0.9999999999999656]
[-1.0000000000000064, -2.275957200481571E-15]
[8.38608696374088E-14, 1.000000000000032]
[0.9999999999999927, -3.434752482434078E-15]
[8.133164280943461E-14, -0.9999999999999678]
[-1.0000000000000064, -2.203098814490545E-15]
[7.86627707416443E-14, 1.00000000000003]
[0.9999999999999928, -3.2508717939805365E-15]
[7.624499989700162E-14, -0.9999999999999694]
[-1.000000000000006, -1.6826817716975029E-15]
[7.381682071150308E-14, 1.0000000000000282]
[0.999999999999993, -2.8380076066980564E-15]
[7.110935104637228E-14, -0.9999999999999717]
[-1.0000000000000053, -1.7694179454963432E-15]
[6.912092426203387E-14, 1.0000000000000262]
[0.9999999999999933, -2.3245294578089215E-15]
[6.698938279092737E-14, -0.9999999999999737]
[-1.000000000000005, -1.4849232954361469E-15]
[6.459676543668635E-14, 1.0000000000000242]
[0.9999999999999936, -1.9290125052862095E-15]
[6.320248144287E-14, -0.9999999999999751]
[-1.0000000000000044, -1.5751289161869408E-15]
[6.04720266916825E-14, 1.0000000000000226]
[0.999999999999994, -1.3981871216373065E-15]
[5.917488721252084E-14, -0.999999999999977]
[-1.000000000000004, -1.779826286352204E-15]
[5.6993906122349E-14, 1.0000000000000215]
[0.9999999999999946, -1.1726730697603216E-15]
[5.5632581874576204E-14, -0.9999999999999787]
[-1.000000000000004, -1.4363510381087963E-15]
[5.3733493349250594E-14, 1.0000000000000202]
[0.9999999999999948, -9.853229343548264E-16]
[5.214969081568377E-14, -0.9999999999999799]
[-1.0000000000000033, -1.4155343563970746E-15]
[5.046093751182035E-14, 1.0000000000000187]
[0.9999999999999956, -8.153200337090993E-16]
[4.893351349122277E-14, -0.999999999999981]
[-1.0000000000000033, -1.3010426069826053E-15]
[4.736879291589169E-14, 1.0000000000000175]
[0.9999999999999962, -8.569533971325427E-16]
[4.599098879509711E-14, -0.9999999999999821]
[-1.0000000000000033, -1.2281842209915794E-15]
[4.4401982091102354E-14, 1.0000000000000164]
[0.9999999999999966, -7.320533068622126E-16]
[4.279129134365789E-14, -0.9999999999999832]
[-1.0000000000000029, -1.2212453270876722E-15]
[4.17734423441285E-14, 1.0000000000000153]
[0.9999999999999966, -8.98586760555986E-16]
[3.99558858221738E-14, -0.9999999999999843]
[-1.0000000000000027, -1.321859288694327E-15]
[3.906640635986669E-14, 1.0000000000000144]
[0.9999999999999968, -8.291978215169138E-16]
[3.7509492040177506E-14, -0.9999999999999855]
[-1.0000000000000024, -1.259409243559162E-15]
[3.6594859087468734E-14, 1.0000000000000133]
[0.9999999999999968, -7.632783294297951E-16]
[3.54156808046735E-14, -0.9999999999999861]
[-1.0000000000000024, -1.304512053934559E-15]
[3.430545778004834E-14, 1.0000000000000127]
[0.9999999999999969, -8.187894806610529E-16]
[3.327893516313907E-14, -0.9999999999999868]
[-1.0000000000000022, -1.2455314557513475E-15]
[3.21470280950642E-14, 1.0000000000000118]
[0.9999999999999972, -8.049116928532385E-16]
[3.157630407146783E-14, -0.9999999999999877]
[-1.000000000000002, -1.3426759704060487E-15]
[3.0196765227197275E-14, 1.000000000000011]
[0.9999999999999972, -7.355227538141662E-16]
[2.964512316183665E-14, -0.9999999999999881]
[-1.000000000000002, -1.2247147740396258E-15]
[2.8346248959199016E-14, 1.0000000000000102]
[0.9999999999999972, -9.575673587391975E-16]
[2.7951599368414293E-14, -0.9999999999999887]
[-1.0000000000000018, -1.3357370765021415E-15]
[2.669522589093809E-14, 1.0000000000000095]
[0.999999999999997, -1.0026701691145945E-15]
[2.5684315785312606E-14, -0.9999999999999896]
[-1.0000000000000018, -1.1518563880486E-15]
[2.522027725548881E-14, 1.000000000000009]
[0.9999999999999969, -7.7021722333370235E-16]
[2.3525018738590475E-14, -0.9999999999999902]
[-1.0000000000000018, -1.1969591984239969E-15]
[2.353889652639829E-14, 1.0000000000000084]
[0.9999999999999971, -8.777700788442644E-16]
[2.1982849568447094E-14, -0.9999999999999911]
[-1.0000000000000016, -1.0859368959614812E-15]
[2.2111219105669377E-14, 1.0000000000000078]
[0.9999999999999973, -9.194034422677078E-16]
[2.071303198403207E-14, -0.9999999999999916]
[-1.0000000000000016, -1.2455314557513475E-15]
[2.066532708844271E-14, 1.000000000000007]
[0.9999999999999971, -8.014422459012849E-16]
[1.9518241189953045E-14, -0.9999999999999921]
[-1.0000000000000016, -1.1830814106161824E-15]
[1.9287956648517124E-14, 1.0000000000000067]
[0.9999999999999973, -7.424616477180734E-16]
[1.8372456334070364E-14, -0.9999999999999925]
[-1.0000000000000016, -1.2281842209915794E-15]
[1.8195948220389724E-14, 1.0000000000000062]
[0.9999999999999973, -7.979727989493313E-16]
[1.735547469627896E-14, -0.9999999999999929]
[-1.0000000000000013, -1.0547118733938987E-15]
[1.6952585168983347E-14, 1.000000000000006]
[0.9999999999999974, -7.840950111415168E-16]
[1.641612193403752E-14, -0.9999999999999934]
[-1.000000000000001, -9.332812300755222E-16]
[1.5883995507781634E-14, 1.0000000000000056]
[0.9999999999999976, -7.806255641895632E-16]
[1.5386563551045285E-14, -0.9999999999999933]
[-1.000000000000001, -9.8879238130678E-16]
[1.4960255256823984E-14, 1.000000000000005]
[0.9999999999999976, -8.847089727481716E-16]
[1.4463690661825623E-14, -0.9999999999999938]
[-1.000000000000001, -1.2108369862318114E-15]
[1.3962355577268326E-14, 1.0000000000000049]
[0.9999999999999978, -9.402201239794294E-16]
[1.3591992115147278E-14, -0.9999999999999941]
[-1.0000000000000009, -1.0373646386341306E-15]
[1.2888128064769688E-14, 1.0000000000000044]
[0.9999999999999979, -7.181755190543981E-16]
[1.2717257802385973E-14, -0.9999999999999946]
[-1.0000000000000009, -9.159339953157541E-16]
[1.2038980923279041E-14, 1.0000000000000042]
[0.999999999999998, -7.667477763817487E-16]
[1.1924055492995578E-14, -0.9999999999999948]
[-1.0000000000000007, -8.569533971325427E-16]
[1.1279605721670194E-14, 1.000000000000004]
[0.9999999999999981, -7.563394355258879E-16]
[1.1293049828609014E-14, -0.9999999999999949]
[-1.0000000000000007, -9.020562075079397E-16]
[1.061043614081214E-14, 1.0000000000000036]
[0.9999999999999982, -5.30825383648903E-16]
[1.0629084418178891E-14, -0.9999999999999953]
[-1.0000000000000004, -9.575673587391975E-16]
[9.973358944259658E-15, 1.0000000000000033]
[0.9999999999999982, -5.273559366969494E-16]
[9.910041537386505E-15, -0.9999999999999954]
[-1.0000000000000004, -9.575673587391975E-16]
[9.36360364245381E-15, 1.000000000000003]
[0.9999999999999982, -4.718447854656915E-16]
[9.356664748549903E-15, -0.9999999999999958]
[-1.0000000000000004, -8.465450562766819E-16]
[8.924718603031678E-15, 1.0000000000000029]
[0.9999999999999982, -4.718447854656915E-16]
[8.475425222753685E-15, -0.999999999999996]
[-1.0000000000000004, -8.257283745649602E-16]
[8.580375993050282E-15, 1.0000000000000029]
[0.9999999999999982, -5.273559366969494E-16]
[7.530000928346325E-15, -0.9999999999999967]
[-1.0000000000000004, -8.257283745649602E-16]
[8.053453737222327E-15, 1.0000000000000024]
[0.9999999999999986, -5.100087019371813E-16]
[7.067697121998506E-15, -0.9999999999999968]
[-1.0, -7.112366251504909E-16]
[7.527832524001354E-15, 1.0000000000000024]
[0.9999999999999987, -4.544975507059235E-16]
[6.6834558720696435E-15, -0.9999999999999969]
[-1.0, -7.112366251504909E-16]
[7.117136741063845E-15, 1.000000000000002]
[0.9999999999999988, -4.544975507059235E-16]
[6.269290642180181E-15, -0.9999999999999971]
[-1.0, -7.112366251504909E-16]
[6.626209997362409E-15, 1.000000000000002]
[0.9999999999999988, -4.544975507059235E-16]
[5.879845221823388E-15, -0.9999999999999972]
[-1.0, -7.112366251504909E-16]
[6.192962809237201E-15, 1.0000000000000016]
[0.9999999999999988, -5.655198531684391E-16]
[5.683387788169014E-15, -0.9999999999999974]
[-0.9999999999999998, -7.112366251504909E-16]
[5.796578494976501E-15, 1.0000000000000018]
[0.9999999999999986, -5.065392549852277E-16]
[5.36506603032727E-15, -0.9999999999999977]
[-0.9999999999999998, -7.112366251504909E-16]
[5.435756011973325E-15, 1.0000000000000013]
[0.9999999999999987, -5.065392549852277E-16]
[4.909701117883358E-15, -0.9999999999999976]
[-0.9999999999999998, -6.557254739192331E-16]
[5.1534297662581E-15, 1.0000000000000013]
[0.9999999999999988, -4.510281037539698E-16]
[4.6499262773558314E-15, -0.9999999999999978]
[-0.9999999999999998, -5.447031714567174E-16]
[4.76745379285326E-15, 1.0000000000000013]
[0.9999999999999987, -3.400058012914542E-16]
[4.4955358879938956E-15, -0.9999999999999979]
[-0.9999999999999998, -4.3368086899420177E-16]
[4.522424101871536E-15, 1.000000000000001]
[0.9999999999999987, -2.8449465006019636E-16]
[4.145989107584569E-15, -0.9999999999999979]
[-0.9999999999999998, -4.2674197509029455E-16]
[4.414871246360974E-15, 1.0000000000000009]
[0.9999999999999987, -2.8449465006019636E-16]
[3.990731356484645E-15, -0.999999999999998]
[-0.9999999999999998, -4.2674197509029455E-16]
[3.9538684826201376E-15, 1.000000000000001]
[0.9999999999999987, -2.8449465006019636E-16]
[3.6914915568786455E-15, -0.9999999999999981]
[-0.9999999999999998, -4.2674197509029455E-16]
[3.714910323804332E-15, 1.0000000000000007]
[0.999999999999999, -2.740863092043355E-16]
[3.4468955467659157E-15, -0.9999999999999978]
[-0.9999999999999997, -4.2674197509029455E-16]
[3.645955065634254E-15, 1.0000000000000007]
[0.999999999999999, -2.740863092043355E-16]
[3.234391920958757E-15, -0.9999999999999983]
[-0.9999999999999997, -4.2674197509029455E-16]
[3.376639245988855E-15, 1.0000000000000004]
[0.999999999999999, -2.185751579730777E-16]
[3.1584977688847715E-15, -0.9999999999999984]
[-0.9999999999999996, -3.642919299551295E-16]
[3.1697734714786208E-15, 1.0000000000000007]
[0.999999999999999, -2.185751579730777E-16]
[2.9416573343876706E-15, -0.9999999999999984]
[-0.9999999999999996, -3.642919299551295E-16]
[2.9910969534530096E-15, 1.0000000000000004]
[0.999999999999999, -2.185751579730777E-16]
[2.9195396100689663E-15, -0.9999999999999984]
[-0.9999999999999996, -3.642919299551295E-16]
[2.7903027111086942E-15, 1.0000000000000004]
[0.999999999999999, -2.185751579730777E-16]
[2.5864727026814194E-15, -0.9999999999999987]
[-0.9999999999999996, -3.0878077872387166E-16]
[2.7239495381525813E-15, 1.0000000000000004]
