[0.999999999999999, -1.6306400674181987E-16]
[2.5114459123454225E-15, -0.9999999999999986]
[-0.9999999999999996, -3.0878077872387166E-16]
[2.48022088977784E-15, 1.0000000000000004]
[0.999999999999999, -1.6306400674181987E-16]
[2.5114459123454225E-15, -0.9999999999999986]
[-0.9999999999999996, -3.0878077872387166E-16]
[2.48022088977784E-15, 1.0000000000000004]
[0.999999999999999, -1.6306400674181987E-16]
[2.5114459123454225E-15, -0.9999999999999986]
[-0.9999999999999996, -3.0878077872387166E-16]
[2.48022088977784E-15, 1.0000000000000004]
[0.999999999999999, -1.6306400674181987E-16]
[2.5114459123454225E-15, -0.9999999999999986]
[-0.9999999999999996, -3.0878077872387166E-16]
[2.48022088977784E-15, 1.0000000000000004]
[0.999999999999999, -1.6306400674181987E-16]
[2.5114459123454225E-15, -0.9999999999999986]
[-0.9999999999999996, -3.0878077872387166E-16]
[2.48022088977784E-15, 1.0000000000000004]
[0.999999999999999, -1.6306400674181987E-16]
[2.5114459123454225E-15, -0.9999999999999986]
[-0.9999999999999996, -3.0878077872387166E-16]
[2.48022088977784E-15, 1.0000000000000004]
[0.999999999999999, -1.6306400674181987E-16]
[2.5114459123454225E-15, -0.9999999999999986]
[-0.9999999999999996, -3.0878077872387166E-16]
[2.48022088977784E-15, 1.0000000000000004]
[0.999999999999999, -1.6306400674181987E-16]
[2.5114459123454225E-15, -0.9999999999999986]
[-0.9999999999999996, -3.0878077872387166E-16]
[2.48022088977784E-15, 1.0000000000000004]
[0.999999999999999, -1.6306400674181987E-16]
[2.5114459123454225E-15, -0.9999999999999986]
[-0.9999999999999996, -3.0878077872387166E-16]
[2.48022088977784E-15, 1.0000000000000004]
[0.999999999999999, -1.6306400674181987E-16]
[2.5114459123454225E-15, -0.9999999999999986]
[-0.9999999999999996, -3.0878077872387166E-16]
[2.48022088977784E-15, 1.0000000000000004]
[0.999999999999999, -1.6306400674181987E-16]
[2.5114459123454225E-15, -0.9999999999999986]
[-0.9999999999999996, -3.0878077872387166E-16]
[2.48022088977784E-15, 1.0000000000000004]
[0.999999999999999, -1.6306400674181987E-16]
[2.5114459123454225E-15, -0.9999999999999986]
[-0.9999999999999996, -3.0878077872387166E-16]
[2.48022088977784E-15, 1.0000000000000004]
[0.999999999999999, -1.6306400674181987E-16]
[2.5114459123454225E-15, -0.9999999999999986]
[-0.9999999999999996, -3.0878077872387166E-16]
[2.48022088977784E-15, 1.0000000000000004]
[0.999999999999999, -1.6306400674181987E-16]
[2.5114459123454225E-15, -0.9999999999999986]
[-0.9999999999999996, -3.0878077872387166E-16]
[2.48022088977784E-15, 1.0000000000000004]
[0.999999999999999, -1.6306400674181987E-16]
[2.5114459123454225E-15, -0.9999999999999986]
[-0.9999999999999996, -3.0878077872387166E-16]
[2.48022088977784E-15, 1.0000000000000004]
[0.999999999999999, -1.6306400674181987E-16]
[2.5114459123454225E-15, -0.9999999999999986]
[-0.9999999999999996, -3.0878077872387166E-16]
[2.48022088977784E-15, 1.0000000000000004]
[0.999999999999999, -1.6306400674181987E-16]
[2.5114459123454225E-15, -0.9999999999999986]
[-0.9999999999999996, -3.0878077872387166E-16]
[2.48022088977784E-15, 1.0000000000000004]
[0.999999999999999, -1.6306400674181987E-16]
[2.5114459123454225E-15, -0.9999999999999986]
[-0.9999999999999996, -3.0878077872387166E-16]
[2.48022088977784E-15, 1.0000000000000004]
[0.999999999999999, -1.6306400674181987E-16]
[2.5114459123454225E-15, -0.9999999999999986]
[-0.9999999999999996, -3.0878077872387166E-16]
[2.48022088977784E-15, 1.0000000000000004]
[0.999999999999999, -1.6306400674181987E-16]
[2.5114459123454225E-15, -0.9999999999999986]
[-0.9999999999999996, -3.0878077872387166E-16]
[2.48022088977784E-15, 1.0000000000000004]
[0.999999999999999, -1.6306400674181987E-16]
[2.5114459123454225E-15, -0.9999999999999986]
[-0.9999999999999996, -3.0878077872387166E-16]
[2.48022088977784E-15, 1.0000000000000004]
[0.999999999999999, -1.6306400674181987E-16]
[2.5114459123454225E-15, -0.9999999999999986]
[-0.9999999999999996, -3.0878077872387166E-16]
[2.48022088977784E-15, 1.0000000000000004]
[0.999999999999999, -1.6306400674181987E-16]
[2.5114459123454225E-15, -0.9999999999999986]
[-0.9999999999999996, -3.0878077872387166E-16]
[2.48022088977784E-15, 1.0000000000000004]
[0.999999999999999, -1.6306400674181987E-16]
[2.5114459123454225E-15, -0.9999999999999986]
[-0.9999999999999996, -3.0878077872387166E-16]
[2.48022088977784E-15, 1.0000000000000004]
[0.999999999999999, -1.6306400674181987E-16]
[2.5114459123454225E-15, -0.9999999999999986]
[-0.9999999999999996, -3.0878077872387166E-16]
[2.48022088977784E-15, 1.0000000000000004]
