0.042687386928292145
0.05240389437353017
0.05487772003819075
0.05493327914282589
0.05717897867807199
0.059849887489604986
0.065432440039073
0.07437346759057707
0.08687981839856469
0.10284567936957133
0.10924247203779003
0.1124836619589282
0.11352671290452752
0.11355782817042778
0.11428654588573281
0.11528027784801588
0.11769302007403333
0.12195307151898878
0.1285443089425442
0.13781966122939612
0.14109534695106898
0.1426382761552818
0.14303506550415213
0.14303773798829583
0.14374298905534996
0.1444237057694848
0.14588551093686125
0.14841769094909338
0.15249407842785115
0.15863787425401127
0.16046827139687506
0.1613636263715578
0.16165199383648243
0.16165599229144
0.16207831546428217
0.16249659050212809
0.16351326277570122
0.1653021226562187
0.16819969206965857
0.17261347917070677
0.17356729992880698
0.17399250417191345
0.17412265889071118
0.1741727947730888
0.17468261462910523
0.17501606260035782
0.17567951638951984
0.17679110561547184
0.17868191982390455
0.18183404786864577
0.1823528454125303
0.18259220380287455
0.18271319782433512
0.18274340048622392
0.1830747585703708
0.1833067842622951
0.18383387462171227
0.18471529223382957
0.18619330589164168
0.18864641435752175
0.18887805065383714
0.1890472250320884
0.18920225746197883
0.18932128164845555
0.18975294293512815
0.18995200931039588
0.19030474160891628
0.19085120020347068
0.1918288876121235
0.19366146991506328
0.19378139663619592
0.1938818783888446
0.19402097340773522
0.19409137700981996
0.19438032732303018
0.19453973725522172
0.1948609570829517
0.19535288777613696
0.19620304638185834
0.19775911339174465
0.1977956541357266
0.19796637421911217
0.19820502067977264
0.19837658723477522
0.19876496349327272
0.19890931342754747
0.1991347688807617
0.19944566668705235
0.20001891898419982
0.20122773838936175
0.20125262211564465
0.20136594771368338
0.20155848269912915
0.20166032740132714
0.20192498997734684
0.2020547569403456
0.20228409661849553
0.2025998343730636
0.2031570235030263
0.20427906029660953
0.19976998644624652
0.19766661332852356
0.1973057652488717
0.19749692857116505
0.19723252287808885
0.1965658005895049
0.19495819371825154
0.19194709953348596
0.1870423499995348
0.1797950120597213
0.17600207639398452
0.17412723683401782
0.17372771783072974
0.17385087175136588
0.1736706270302247
0.17315339372188615
0.1717469222105624
0.1690317737790049
0.16459582253984759
0.15810411614876854
0.15519302820138609
0.15411214200276946
0.15419417351091455
0.154474608221528
0.15427933260212418
0.1537967392712467
0.15261008581060617
0.1503669502802279
0.146643623170608
0.14107356853559624
0.1390311389114806
0.13826443702443197
0.13832039000241927
0.13851309506390375
0.13838452792177972
0.13806601168658053
0.1371121357375499
0.13523908611775903
0.13215112273681687
0.12763395851495804
0.1263548720173296
0.12621113286374172
0.12660557707006684
0.12688460345757727
0.12672475905518538
0.1264506112681589
0.1257512634300288
0.12440422492175315
0.12208191640702297
0.118496709780579
0.11776951486116716
0.11775504818845148
0.11805448854547206
0.11824813806787737
0.11815619462050159
0.11799937874115657
0.11745192788904381
0.11635106915871889
0.11450499194358803
0.1117847320675682
0.11143138567195036
0.1116565770315093
0.11204614531104122
0.11223043472801239
0.11209461357940018
0.11197151340936527
0.11161353437430052
0.1108936842749751
0.10958939518273236
0.10749843583566006
0.10738041906311303
0.10761106688796848
0.10790531367739742
0.10804469396442347
0.1079796077423425
0.10791913757681336
0.10762733575399826
0.10701398706404452
0.10596446637927448
0.10441152377246363
0.10439554526293984
0.10461641511131954
0.1048502092135648
0.10492277546973629
0.10480412388813441
0.10476567644689475
0.10459054096625654
0.1042051573607665
0.1034757908942286
0.10227751974297558
0.10234588062695224
0.10256556105412525
0.10276128899707955
0.10283969488087541
0.10279238965714933
0.10278208015333587
0.1026266095999759
0.1022709947484589
0.10165172684528619
0.10074416185526622
0.10080798534269969
0.10092507786628896
0.10100865422271411
0.1009987969401865
0.10089189958197106
0.10089649691825989
0.10081093631630453
0.10058702870053202
0.10015296797042152
0.09944123970918432
0.09953659116360108
0.09968199355415744
0.09978290822758983
0.0998159422253851
0.09977933901174639
0.09979517125513883
0.09970994146561082
0.09948407868353866
0.0990853273861681
0.09851548970050852
0.09858355937197961
0.09861014326387468
0.09859328476913558
0.09853452211843983
0.09843582852935776
0.09846209795813579
0.09842133242296597
0.09827592244495749
0.09799276630006785
0.09754190963857598
0.09762279902995885
0.0977006876712462
0.09773474649133854
0.09773898961733417
0.0977084584300698
0.0977387670061581
0.09769084108751624
0.09753131176367066
0.0972461643650429
0.09685173184198716
0.09691066942500268
0.09687947955526771
0.09680532067844641
0.09672137910349148
0.09662891878063333
0.09666616281730439
0.0966492264502854
0.09654405197889164
0.09634056460249457
0.09603161510053934
0.09609396004021924
0.09612403864616882
0.0961157408676078
0.09610281188313144
0.09607561684661314
0.0961144617257027
0.0960874503143018
0.09596329147865776
0.09573846571003411
0.0954360640175657
0.09548763364109493
0.09542424812851275
0.09532059608049474
0.0952256611266717
0.09513844482322037
0.09518113775257034
0.09517774902908992
0.09509458744540888
0.09493513513265454
0.09470540551046187
0.09475349278344757
0.09475215548284449
0.09471786585667369
0.09469480983144338
0.09466942387389614
0.09471352155463829
0.0946990205355048
0.09459485182034567
0.09440366233900273
0.09415061980278104
0.09419824025239314
0.09411857806547953
0.09400141245016051
0.09390331493118347
0.09382086861958526
0.09386606603194465
0.09387089365517501
0.09380061595172177
0.09366684230798261
0.09348279375935431
0.0935211704675901
0.09349941476652898
0.09344907358170738
0.09341991514092174
0.09339551617508152
0.09344290374221961
0.09343646612289512
0.09334448851047508
0.09317348394174578
0.092948031815162
0.09299400727040542
0.09290707598123525
0.09278506310452583
0.09268791677614416
0.09261000489119282
0.09265611601010576
0.09266627922698578
0.0926040958388578
0.09248626369847493
0.09232960164419672
0.09236152862374461
0.09232623250242626
0.09226569598318128
0.09223269320823425
0.0922088533765459
0.09225827488880811
0.09225748402170043
0.09217367468008807
0.09201606907709292
0.0918072227258454
0.0918526899612628
0.09176331035457651
0.09164097139527806
0.0915468339620099
0.09147331450919116
0.09151948268102669
0.09153338449468502
0.0914766848863917
0.09136948781010704
0.09123001213652118
0.09125758147527727
0.09121299063866925
0.09114572944187566
0.0911101655719893
0.09108667445147782
0.0911372753695443
0.09114078298197899
0.09106303163142904
0.09091541642508628
0.09071775659808441
0.0907630871417246
0.09067371656942484
0.0905533179961322
0.09046313879524523
0.09039389385345717
0.09043966584791928
0.09045640573296922
0.09040371739520096
0.09030418482829415
0.09017606159431693
0.09020056862196582
0.0901493576503188
0.09007749983090167
0.09004013761620545
0.09001690536952744
0.0900680706035811
0.09007509815774471
0.09000226921390037
0.0898629392222923
0.08967389416639249
0.08971903595764887
0.08963084797931078
0.0895134576176488
0.08942759624503845
0.08936250197077544
0.08940764536819285
0.08942670683450217
0.08937716871147845
0.08928358876652236
0.08916338029432809
0.0891856240065277
0.08912955241274895
0.0890544798618794
0.08901580995959996
0.08899281483059863
0.08904407993241778
0.08905415378260598
0.08898560637704761
0.08885369993728139
0.08867212314841165
0.0887168199033714
0.08863031118472157
0.08851637080144921
0.088434876417892
0.08837379269036139
0.08841819350870345
0.08843927228097613
0.08839235929747662
0.0883037132780571
0.08818932573320089
0.08820980406098816
0.08815009724187911
0.08807277440707703
0.08803314684708684
0.0880104063119167
0.08806140803486205
0.08807421700342873
0.08800955789150511
0.08788461539680122
0.08771004267153514
0.08775396103835255
0.08766928396276788
0.08755891544194871
0.08748167687632011
0.08742444621705935
0.08746805142684935
0.08749095926796607
0.08744633496418033
0.08736199553654864
0.08725211047020626
0.08727113774097978
0.0872087013450764
0.08712985239951243
0.08708954404885262
0.08706709835356029
0.0871175468327899
0.08713286537313283
0.08707182234057512
0.08695356217901815
0.08678582750666433
0.086828626516379
0.08674576869896616
0.08663893664835447
0.08656576357200187
0.0865122140755615
0.08655499966130692
0.08657961008020956
0.0865370464776944
0.086456613815674
0.08635037678480481
0.08636815256726318
0.08630369140367934
0.08622389431091206
0.08618314213415458
0.08616104431632099
0.08621070704705623
0.08622835397791824
0.08617071208088545
0.08605891997220358
0.08589796162311854
0.08593932836442486
0.08585820811617054
0.08575480574538472
0.08568547304120028
0.08563542269492137
0.08567737638921359
0.08570359392238887
0.08566292728958046
0.08558613820090587
0.08548298462796308
0.08549963426720956
0.08543371828612611
0.08535345430473619
0.08531247076283484
0.08529078014939544
0.08533947223620568
0.08535928885914525
0.08530485941462267
0.08519933669972654
0.08504510400693027
0.08508477007508246
0.08500528600526598
0.0849051800234609
0.08483945228949508
0.0847927134126394
0.0848338258874252
0.08486156879075217
0.08482267480506991
0.08474935083803566
0.0846489055242797
0.08466450471540148
0.08459760633280763
0.08451728612608228
0.08447626554593493
0.0844550432259282
0.08450262082204546
0.08452445958914137
0.0844730660782763
0.08437360826821404
0.08422602131000512
0.08426376847755271
0.08418582411594983
0.08408887765924761
0.08402652277896203
0.08398290600394424
0.08402316691859521
0.0840523575586015
0.08401513706071737
0.08394515370098665
0.0838471702153974
0.08386176065786202
0.08379427686127291
0.08371425462431692
0.08367337525354876
0.08365268078566522
0.08369903605892913
0.083722754944355
0.0836742274623625
0.08358061788522655
0.08343955443642481
0.08347521438993605
0.08339872923209048
0.08330481294891212
0.0832456094809485
0.08320492705446425
0.08324432384687376
0.08327488355568975
0.08323925416386077
0.08317252168157195
0.08307684370061429
0.08309044370089712
0.08302271018264934
0.08294329182864141
0.08290271604951702
0.0828826050363427
0.08292766181648513
0.0829531217303185
0.08290729557175454
0.0828193061228107
0.08268460209627866
0.08271805302793644
0.0826429662618784
0.08255196299392292
0.08249570395898129
0.08245777232123483
0.08249629048372314
0.0825281370288808
0.08249402805484062
0.08243047900616274
0.08233701410992361
0.08234962620511205
0.08228192732306522
0.08220337585079762
0.08216324981240945
0.08214377214736497
0.08218748187121519
0.08221454565867878
0.08217126173254571
0.08208865655141462
0.08196011253643332
0.08199127421391675
0.0819175445933829
0.08182935060907946
0.08177584511426768
0.08174048680301217
0.08177811088535049
0.08181115748577546
0.08177850675779856
0.08171808747807677
0.08162678837449305
0.08163840507371058
0.0815709815641179
0.0814935211621182
0.08145397443437263
0.08143517310399566
0.08147751092484705
0.0815060431605697
0.08146514905380034
0.0813876889963985
0.08126507896523502
0.08129390723433987
0.08122151103592802
0.08113603545091323
0.08108510898963846
0.08105215395513668
0.08108886883648943
0.08112302409672821
0.0810917759195011
0.08103444056400214
0.08094529106133415
0.08095589928830768
0.08088895466333142
0.08081277427970743
0.08077391978246605
0.0807558301377161
0.0807967911895954
0.08082665834493953
0.08078800945256577
0.08071545632189946
0.08059853647042772
0.08062501775136219
0.08055394590627805
0.08047110921074388
0.08042260314938596
0.08039188957936802
0.08042768173523274
0.08046285012058918
0.08043295393639167
0.08037866025757524
0.08029166452612314
0.08030124908458172
0.0802349551416328
0.08016021182526795
0.08012214610340189
0.08010479552520318
0.0801443913851841
0.08017546214947689
0.08013892260804156
0.08007104269448803
0.07995955942516778
0.07998370552457194
0.07991396053733744
0.0798336927555791
0.07978746333388766
0.07975883808647517
0.0797936966935542
0.07982977931311278
0.07980118880934968
0.0797498951869472
0.07966506947635214
0.079673615730946
0.07960811735853002
0.07953493947036806
0.0794977432950432
0.0794811511839742
0.07951940658832397
0.07955155223521314
0.07951699556247847
0.07945356235400414
0.07934725898413068
0.07936910239528085
0.07930069538561739
0.07922293416923208
0.07917885123183163
0.07915216996612251
0.07918608776412689
0.079222983313437
0.07919565582015381
0.0791473192305902
0.07906468552451315
0.07907218142812283
0.07900760078771167
0.07893609108848273
0.07889983032509373
0.07888400834865392
0.07892095821106616
0.07895405296003262
0.07892136238852591
0.07886215846962635
0.07876078056182427
0.07878037032973541
0.0787133183709776
0.07863800719599322
0.07859595280306782
0.07857107988555631
0.07860405376521508
0.07864165953178232
0.07861555560813359
0.0785701303109384
0.07848971155891614
0.07849614912774494
0.07843258925419014
0.07836282784119149
0.07832755451178787
0.07831250704716944
0.07834819381123567
0.07838211516443974
0.07835118369659053
0.07829600192964477
0.07819930130828832
0.07821669947483775
0.07815102330478714
0.07807810986367296
0.07803797688224896
0.07801478513474486
0.0780468164543984
0.07808502932154178
0.07806011246275095
0.07801754923388039
0.07793936588110972
0.0779447422039418
0.07788229006082384
0.07781433712099496
0.07778009059071309
0.0777658153069345
0.07780028664698371
0.0778349156960159
0.07780564592512727
0.07775429003684302
0.07766202763630581
0.07767730624166895
0.07761302836345921
0.07754246319378068
0.07750415393797805
0.0774825242804618
0.07751361893474386
0.07755233634081848
0.07752857275768982
0.0774888185334192
0.07741288611456582
0.07741720397331042
0.07735593300501234
0.07728983135840382
0.07725663958393109
0.07724312811425998
0.07727643498229113
0.07731165668535589
0.07728396043067864
0.07723624513037383
0.07714819285440713
0.0771614314479753
0.07709857460439722
0.07703030996501947
0.076993734929428
0.0769735559600295
0.0770037242366089
0.07704284506145773
0.07702020349848909
0.07698320131853215
0.07690952891194885
0.07691279708314823
0.07685276931292401
0.07678854673143606
0.0767564275207131
0.07674366618399028
0.07677586118726368
0.07681156461898465
0.07678536242092114
0.07674111316849538
0.07665705494535423
0.07666833854720927
0.07660692453324221
0.07654091351980576
0.07650599023212802
0.07648715777648812
0.07651641404295208
0.07655583940416506
0.076534290972544
0.07649998013171619
0.07642856949518996
0.0764308027950185
0.07637207052384574
0.07630974182077958
0.07627870406468337
0.07626667460191636
0.0762978106863349
0.07633388926205263
0.07630910977842092
0.07626816230490169
0.07618789451245331
0.07619731196207917
0.0761373607316391
0.07607355661158159
0.0760402086173022
0.07602262527109345
0.07605098753552866
0.07609062148500224
0.07607013949462793
0.07603845583044731
0.07596930106261804
0.07597052019064615
0.07591312735394973
0.0758526962487564
0.07582274109619072
0.07581142139617489
0.07584155080469884
0.07587790248011114
0.07585448181830368
0.07581668148478164
0.07574001290127926
0.07574765553102905
0.0756891845516187
0.07562754029281867
0.07559569627488165
0.07557927095622274
0.0756067603432427
0.07564651046043151
0.0756270702412743
0.07559794650092416
0.07553103409491867
0.07553126532462846
0.0754752485631307
0.07541670933225453
0.07538783128933015
0.0753771960837679
0.07540636955626111
0.07544289700219067
0.07542077801595369
0.07538597907980436
0.07531273049393923
0.07531869106898872
0.07526171487961515
0.0752021828441342
0.07517177587369142
0.07515642339650246
0.07518306357647217
0.07522284145908253
0.0752044201670265
0.07517778641115411
0.07511309558865313
0.07511237034560031
0.0750577598432438
0.0750010987722243
0.07497328671385167
0.07496330822829034
0.07499157440874821
0.0750281851600213
0.07500731673395042
0.07497538157569712
0.07490538516681056
0.07490975703951257
0.07485428697125515
0.07479681874549461
0.07476778565513986
0.07475342633002484
0.07477924293393008
0.0748189645899444
0.074801540995968
0.07477732500880792
0.07471482824320415
0.07471318260504345
0.0746600027419407
0.07460519939630358
0.07457843748456544
0.07456908603638591
0.07459649105480036
0.07463309763178667
0.07461343397169219
0.07458423232228636
0.07451733089994853
0.07452020733362755
0.07446625135743438
0.07441079769146212
0.07438307855950435
0.07436963782535858
0.07439465787185201
0.07443424401893425
0.07441779828322298
0.07439592596849205
0.0743355896244834
0.07433306377098657
0.07428133363341673
0.07422836196676798
0.07420263047502966
0.07419387501369526
0.0742204622122801
0.07425698221357155
0.07423848215666867
0.07421189035354497
0.07414793652605545
0.07414941015060796
0.07409697282247842
0.07404348365370472
0.0740170213865487
0.07400442947361408
0.07402868082877892
0.07406805710848718
0.07405257054297601
0.07403296629295444
0.0739747513264671
0.07397138896226424
0.07392112274546364
0.07386995206300798
0.0738452281080544
0.07383703669593153
0.07386284647257328
0.07389920263750635
0.07388182899289993
0.07385772928386826
0.07379658460807895
0.07379674697677537
0.07374582945592675
0.07369425399526054
0.0736689939945099
0.07365718561788165
0.07368069650256553
0.07371979361755648
0.07370524844159775
0.07368783547293313
0.07363169814948843
0.07362754591759348
0.07357875325092039
0.07352934904570892
0.07350560723247958
0.07349794746686693
0.07352301721209459
0.07355913745226349
0.07354285637935147
0.07352113628604706
0.07346267043639675
0.07346161165969942
0.07341221178029715
0.07336249864206802
0.07333838854325361
0.07332730262473233
0.07335010117917753
0.07338885496187104
0.0733752340563388
0.07335993471059625
0.0733058273120963
0.07330093421232757
0.0732536204306224
0.07320594510847588
0.07318315809341222
0.07317599747207251
0.07320036157927462
0.07323617897875602
0.0732209594088821
0.07320151115586702
0.07314560113858606
0.07314340957643144
0.0730955219578093
0.07304761931786889
0.07302460878849894
0.07301418820404641
0.07303630211512346
0.07307465353623112
0.07306194020152385
0.07304867621159825
0.07299654771111724
0.07299096453424526
0.07294513091403439
0.0728991444215091
0.07287728340131905
0.07287058963491641
0.07289427956678127
0.0729297323514199
0.07291554545627159
0.07289826546770459
0.0728447948966057
0.07284155689537711
0.07279517307932161
0.072749028848686
0.07272706943442281
0.07271726078420325
0.07273871697690822
0.0727766121019171
0.0727647898251167
0.07275348255057555
0.07270327924230335
0.0726970580280828
0.07265270200277524
0.07260836237089208
0.07258739750383938
0.07258113877935629
0.07260418317645746
0.07263921465318436
0.07262603336197354
0.0726108218247771
0.07255968026762856
0.07255547993197119
0.07251058853859807
0.07246615054266808
0.07244519555171265
0.07243594894968321
0.07245677334168021
0.07249416324291372
0.07248321547889347
0.07247378611437719
0.07242545219162343
0.07241864571671333
0.07237576108113133
0.07233302489598471
0.07231292566276447
0.07230707086230617
0.07232949568234019
0.07236405415006673
0.07235185271636968
0.07233861320678318
0.07228969560567297
0.07228461459842489
0.07224120149448654
0.07219841765023835
0.07217842206733756
0.07216969094751054
0.07218990826334605
0.07222674889465827
0.0722166588652911
0.0722090286264838
0.07216250670488603
0.07215516800494776
0.07211374511638878
0.07207256792625791
0.0720533034372347
0.07204782231671505
0.07206965099510866
0.07210368962922982
0.0720924432474403
0.07208108241654143
0.07203428858158202
0.07202840594749424
0.07198645442270615
0.07194527290826137
0.07192619333106383
0.07191793426783259
0.07193756790793891
0.07197381994849443
0.0719645704633635
0.07195866075495642
0.07191389234102064
0.07190607426992607
0.07186610025042123
0.07182643691765922
0.07180797617280921
0.0718028395049203
0.07182409312937418
0.07185756984230711
0.07184725431291805
0.07183768162594124
0.07179291579885845
0.0717863078095466
0.07174579875779641
0.07170616817046871
0.0716879627621901
0.07168013530244037
0.07169920726109215
0.07173483593406985
0.07172640923528309
0.07172214180494665
0.07167906771203397
0.07167082254004314
0.07163228148248565
0.0715940864872768
0.07157639859465605
0.071571578280317
0.0715922757733745
0.07162515305384662
0.07161574449618248
0.07160787202011423
0.07156504250244672
0.07155778252125669
0.07151869462445529
0.07148056412474815
0.07146319257823312
0.07145575908331286
0.0714742899092052
0.07150926478067142
0.07150164241357528
0.07149893949536393
0.07145750021045404
0.07144887926236977
0.07141175244166116
0.07137498014371572
0.07135803450172286
0.07135350365392273
0.07137366195888668
0.0714059066928751
0.07139738130341901
0.07139112353728581
0.07135014237687448
0.0713423007431518
0.0713046106560865
0.07126793009621663
0.07125135360548254
0.07124427910144983
0.07126228789443573
0.07129658265707058
0.07128974536787794
0.07128852981781438
0.07124866582301975
0.07123971915664165
0.07120398524587288
0.07116859010926015
0.07115235655740637
0.0711480895610391
0.07116772382755451
0.07119930710387003
0.07119164095794338
0.07118691470034041
0.07114769742931472
0.07113934136203164
0.07110302389696323
0.0710677439333388
0.07105192516955275
0.07104517720444498
0.07106268164211593
0.0710962738879555
0.07109020154857672
0.07109039697447157
0.07105204902750858
0.07104282515215143
0.07100846044302862
0.0709743972286194
0.07095884617098569
0.0709548187219448
0.0709739424883608
0.07100483939187949
0.07099800828612254
0.07099473253478746
0.07095719795220184
0.07094839147309893
0.07091341978307338
0.07087949197280183
0.07086439506237781
0.07085794356953394
0.07087495995767348
0.07090783094355198
0.07090250250326062
0.0709040333901713
0.0708671427679467
0.07085768840232518
0.07082466702850763
0.07079189095788767
0.07077699346295172
0.07077318258942612
0.07079180795968729
0.07082199735517039
0.0708159766880285
0.0708140725665987
0.07077814255910927
0.07076894643552045
0.07073529219549152
0.07070266907746219
0.07068825958057783
0.07068207674729546
0.07069862008871712
0.07073075449765574
0.07072614796064498
0.07072893979279511
0.07069344850204214
0.0706838083704335
0.07065210253211811
0.07062056942632783
0.07060629730638965
0.07060268137499055
0.07062081918832233
0.07065028349764545
0.07064504818488014
0.07064443889234569
0.0706100382867435
0.07060050999415288
0.07056814357907795
0.0705367787404919
0.07052302362882581
0.07051708376984238
0.070533167846685
0.07056455354807538
0.07056064597547297
0.07056462535496044
0.07053047631353253
0.07052069297879573
0.07049027316671432
0.07045993956274814
0.07044626543577572
0.07044282414483402
0.07046048413690222
0.0704892091123508
0.07048473353446288
0.07048534431321803
0.07045240075517664
0.07044259445935304
0.07041148511845735
0.07038133324788773
0.07036820088078118
0.07036248031623661
0.07037811778139084
0.07040874559245675
0.07040551312696734
0.07041060788919168
0.07037774508125147
0.07036785881299697
0.07033869402995072
0.0703095172775973
0.07029641461395188
0.0702931289760595
0.07031031993062722
0.07033829442671702
0.07033455240508606
0.07033631052387543
0.0703047543778663
0.07029472093617412
0.0702648369626029
0.07023585389079025
0.07022331398935384
0.07021779092702256
0.07023299340096895
0.07026285685165602
0.07026027476268945
0.07026641408812644
0.07023478269609144
0.07022483137205364
0.07019688935016136
0.07016882769147015
0.07015627084765365
0.07015312316328079
0.0701698530536719
0.07019706879973261
0.07019403359824217
0.07019686834668065
0.07016663261262292
0.07015641959384755
0.070127728488952
0.07009987121858924
0.07008789483752063
0.07008254925919817
0.07009732742912567
0.07012642253226253
0.0701244652791813
0.07013157980092101
0.07010112631666801
0.07009114535513171
0.0700643927670895
0.07003740540049709
0.07002536964178573
0.07002234346558961
0.07003861958550864
0.0700650709610346
0.07006271530996054
0.07006655800167559
0.07003757824448575
0.0700272299662599
0.0699996985978012
0.06997292532356145
0.06996148482062403
0.06995629837262228
0.06997066209125044
0.06999898711954074
0.0699976284305141
0.07000565033684619
0.06997632265435257
0.06996634497532353
0.06994074763814162
0.06991479476907558
0.0699032562826635
0.0699003363839095
0.06991616546737489
0.06994184928190542
0.06994014542089454
0.06994492940269176
0.06991714369146601
0.06990670127415596
0.06988029602776415
0.06985456614778512
0.06984363515103252
0.06983859103878282
0.06985254942081962
0.0698801046919638
0.06987931765584313
0.06988818078711144
0.06985992827842609
0.06984998429111434
0.06982550736099552
0.06980055024058526
0.06978948614065189
0.06978665845899497
0.06980204678931964
0.06982696206837107
0.0698258818054248
0.06983154247020974
0.06980489132429667
0.06979439276001555
0.06976907968330763
0.06974435380328024
0.06973390717620659
0.06972899006299499
0.06974255157762042
0.06976933924862304
0.0697690964172452
0.0697787363561897
0.06975150993238421
0.06974162754648758
0.06971823570372708
0.06969423665708536
0.06968362498301954
0.0696808765807391
0.0696958300886448
0.06971997786698016
0.06971949265047939
0.0697259674519814
0.06970039379167815
0.06968987402694159
0.06966561896578433
0.06964185889671075
0.06963187270156898
0.0696270686114386
0.06964024116960767
0.0696662650411029
0.06966653853947855
0.06967689269432457
0.06965064485287246
0.06964084951110598
0.06961850713411402
0.06959542957950501
0.06958524928836174
0.06958256830000449
0.06959709265108775
0.06962047577438245
0.06962055677534106
0.06962778524297693
0.06960323434300678
0.0695927253734387
0.06956949409993265
0.06954666285052655
0.06953711431009532
0.06953241053494937
0.06954520157065919
0.06957046690188115
0.06957122854382211
0.06958223622345545
0.06955692108332238
0.06954723581263446
0.0695259071404017
0.06950371560047894
0.06949394655460826
0.06949132213487078
0.06950542280674937
0.06952804574249637
0.0695286639444074
0.06953658769689415
0.0695130071411974
0.06950253811662863
0.06948029644848817
0.06945835821309324
0.06944922567119222
0.06944461068212142
0.06945702722708606
0.06948154056192155
0.06948276196880059
0.06949436444946959
0.06946993777506284
0.06946038325401145
0.06944003253654857
0.06941869264272528
0.06940931559339472
0.06940673786396546
0.06942042021352648
0.06944228887182259
0.06944341516565783
0.06945197792223487
0.06942931755893153
0.06941891489720911
0.06939762880831415
0.06937654895112107
0.06936781183217809
0.0693632751950215
0.06937532394644835
0.06939909295083839
0.06940074567134365
0.06941288625445015
0.06938930546946824
0.06937990010929522
0.06936049174577444
0.06933997023667927
0.06933096680440771
0.06932842680038998
0.06934169612163602
0.06936281768630577
0.06936442296844084
0.06937357055679214
0.0693517824524552
0.06934146996029328
0.06932110568228936
0.06930085071853757
0.06929248948650603
0.06928802178163483
0.06929970916300343
0.06932274247380552
0.06932479810274653
0.06933742216341596
0.06931464635555261
0.06930540639258809
0.06928690505709557
0.0692671697719662
0.06925852242419735
0.06925601204064435
0.06926887361369324
0.06928925638403687
0.06929131165509722
0.06930099201527369
0.06928003040789177
0.06926982940713908
0.06925035352206013
0.06923089109682275
0.06922288721373311
0.06921847996002756
0.0692298121749373
0.06925211926022211
0.06925454955465413
0.06926760458090714
0.069245594498294
0.06923653409544259
0.06921890485041197
0.06919992471818781
0.06919161674485184
0.0691891286838654
0.06920158781570179
0.06922124105900272
0.0692237175218527
0.06923388070568398
0.06921370195589423
0.06920363141366496
0.06918501093764451
0.06916630980271304
0.06915864568712438
0.06915429127009279
0.06916527434937766
0.06918686538001359
0.06918964237116673
0.06920307799364366
0.06918179603385795
0.06917292738905888
0.06915613578659799
0.06913788081138897
0.06912989629883162
0.06912742401760294
0.06913948607520981
0.06915841989000178
0.06916128904532828
0.06917188721098243
0.0691524497513231
0.06914252641253144
0.06912472887075198
0.06910675886006298
0.06909941784565797
0.06909510944962702
0.06910574929203478
0.06912663502430887
0.0691297311240322
0.06914349913634445
0.06912290932875914
0.06911424278846828
0.06909825495991236
0.06908069620344455
0.06907302000714137
0.06907055766724862
0.06908222810376248
0.06910045329373882
0.06910368703190672
0.06911467443340481
0.06909593871547608
0.06908617723642457
0.06906917072952944
0.06905190273350825
0.06904486902805151
0.06904060057233914
0.06905090297914618
0.06907109464808114
0.0690744827487333
0.0690885371186286
0.06906860510083991
0.06906014927674992
0.06904493201087576
0.0690280415724447
0.06902065928886385
0.06901820170708191
0.06902948608162071
0.06904701403996764
0.06905058472804311
0.0690619176996659
0.06904384613919992
0.06903425922099363
0.06901801248325048
0.06900141842238783
0.06899467706724292
0.0689904431462084
0.06900041385019168
0.06901992307314574
0.06902357664007894
0.0690378735117087
0.06901856650073616
0.06901032838812574
0.06899584919854267
0.06897960019294194
0.06897249813087065
0.0689700407316975
0.06898094472350418
0.06899778732735469
0.06900166789040228
0.06901330482603664
0.06899586174596785
0.06898646026665507
0.06897094271621404
0.0689549955141393
0.06894853234451516
0.06894432817136692
0.06895397286058613
0.06897281155066287
0.0689767047066526
0.06899120239431777
0.0689724891532362
0.06896447424951745
0.068950701431814
0.06893506796564991
0.06892823311725679
0.06892577188731422
0.06893630130484474
0.06895247081947967
0.06895663481543636
0.06896853614300301
0.06895168771469917
0.06894248085917175
0.06892766264080538
0.0689123361970748
0.0689061378031487
0.06890195915737897
0.06891128349423788
0.06892946378298831
0.06893357138415311
0.06894823035797916
0.0689300811586056
0.06892229358081568
0.0689091962600875
0.0688941534068381
0.06888757341870534
0.06888510486313106
0.06889526564869444
0.06891077464106155
0.06891519632867346
0.06892732447985421
0.06891103866272148
0.06890203404953991
0.0688878860702854
0.06887315523306495
0.0688672089221061
0.06886305210041208
0.0688720617364708
0.0688895959053367
0.06889389360826974
0.06890867647232159
0.06889106305454601
0.06888350565470246
0.06887105382411739
0.06885657759824883
0.06885024074257402
0.06884776184348644
0.06885756007401622
0.06887242133509545
0.06887707573457139
0.06888939511011517
0.06887364158982802
0.06886484539426524
0.06885133935241397
0.06883717989120318
0.06883147365079993
0.06882733542134421
0.06883603600834749
0.06885293642827366
0.06885740074826761
0.06887227221166227
0.06885516773997444
0.06884784221738074
0.06883600676845457
0.06882207409886522
0.06881596924500276
0.06881347742208788
0.06882291930659284
0.0688371457821046
0.06884200872829101
0.06885448565922578
0.06883923578485743
0.06883065285757954
0.06881776126547404
0.0688041498439893
0.06879867230646262
0.06879454986632084
0.06880294706389221
0.06881922614252353
0.06882383450291372
0.0688387613445213
0.06882214036225251
0.06881504737199788
0.06880380011725899
0.06879038882028561
0.0687845054067698
0.06878199848001276
0.06879109035421928
0.06880469508315236
0.06880974327116879
0.06882234597628016
0.06880757269662433
0.06879920667754277
0.06878690287864868
0.06877381702796105
0.06876855743602886
0.0687644483716698
0.0687725478521005
0.06878821798797798
0.06879294876075209
0.06880789978809793
0.06879173816985924
0.06878487742690477
0.06877419111562143
0.0687612798678081
0.0687556078749766
0.06875308402953728
0.06876183234819744
0.06877482840862244
0.06878003943201376
0.068792737971975
0.06877841577135425
0.06877026919829261
0.06875852737901403
0.06874594547101696
0.06874089364475719
0.06873679589539956
0.06874460334593631
0.06875967688911097
0.06876450942704117
0.06877945543003125
0.06876373033279519
0.06875710071117434
0.06874694903880404
0.06873451734960594
0.06872904727292051
0.06872650502613217
0.06873491635343351
0.06874731681506481
0.06875266919662704
0.06876543542517749
0.06875154025903307
0.06874361467095061
0.06873240986765136
0.06872031108891784
0.06871545739406283
0.0687113692177534
0.0687188903407608
0.06873337955925703
0.06873829421989831
0.06875320791999118
0.06873789773322811
0.06873149736001279
0.06872185497201348
0.06870988315658133
0.06870460598072373
0.06870204415117766
0.0687101251496506
0.06872194303262433
0.06872741624814542
0.06874022376071967
0.06872673299126845
0.0687190290258724
0.06870833712755543
0.06869670145363063
0.06869203677121236
0.06868795671347207
0.06869519722481594
0.06870911427639298
0.06871409243836425
0.06872894843380345
0.06871403272904843
0.06870785907284362
0.06869870156345945
0.06868717071562824
0.06868207788943244
0.06867949556809766
0.0686872529863776
0.06869850122572382
0.0687040757209503
0.06871689980115674
0.06870379213338991
0.06869630961904756
0.06868610736612966
0.06867491553629493
0.06867043123364805
0.06866635809853562
0.06867332372450315
0.06868668063318573
0.06869170470520604
0.0687064794129122
0.06869193889310345
0.06868598884693113
0.06867729275353551
0.06866618471912088
0.06866126813138793
0.068658664654704
0.0686661053144672
0.06867679672976941
0.06868245393096466
0.0686952714953038
0.06868252691358488
0.06867526495551678
0.06866552993511817
0.0686547634276528
0.06865045133077283
0.06864638415421945
0.06865308062726137
0.0686658892641361
0.06867094268733027
0.06868561428202921
0.068671430730926
0.06866570068944472
0.06865744348299031
0.06864674083347864
0.06864199278970724
0.06863936771457936
0.06864649849693479
0.06865664576668953
0.06866236808519183
0.0686751576263907
0.06866275733189262
0.06865571439268774
0.06864642503083503
0.06863606603879599
0.06863191840604005
0.06862785643131304
0.06863428948486365
0.06864656155266545
0.06865162879668203
0.0686661771478187
0.06865233337977314
0.06864681931085387
0.068638979382943
0.06862866538964613
0.06862407858970083
0.06862143167032002
0.06862825950190432
0.06863787514211628
0.06864364597333472
0.06865638750265594
0.0686443138518552
0.06863748782640104
0.06862862337752017
0.06861865478505376
0.06861466428216416
0.06861060693732283
0.06861678229992468
0.06862852932096832
0.06863359587446906
0.0686480024814263
0.06863448229175208
0.06862917980249303
0.0686217364495459
0.06861179505827791
0.0686073625750067
0.0686046937414131
0.06861122558040321
0.06862032192697577
0.06862612564428235
0.06863880063314555
0.06862703707757078
0.06862042536253295
0.06861196589658473
0.06860237125578003
0.0685985309322039
0.06859447780941652
0.06860040119834927
0.06861163450539108
0.06861668686147768
0.06863093478758518
0.06861772290373658
0.06861262730105125
0.06860556070601263
0.06859597651233472
0.06859169177113926
0.06858900110944315
0.06859524393166981
0.0686038331261774
0.06860965507016299
0.06862224639139439
0.06861077741880364
0.06860437697682474
0.06859630336441153
0.06858706687270191
0.0685833701391749
0.06857932097577119
0.06858499809035873
0.06859572882000578
0.06860075445714683
0.06861482826292961
0.06860191029667519
0.06859701664263045
0.06859030785461812
0.06858106607968784
0.06857692283904224
0.06857421057321549
0.06858017135853357
0.06858826533698979
0.0685940918005552
0.06860658366955556
0.06859539474669407
0.06858920216550932
0.06858149606125687
0.06857260253937285
0.06856904314673012
0.06856499780786991
0.06857043432261557
0.06858067341093108
0.06858566076994131
0.06859954644602112
0.06858690884676988
0.06858221200888337
0.06857584292114656
0.06856692938819842
0.06856292172110635
0.06856018819625691
0.06856587391530121
0.06857348439956437
0.06857930260931171
0.0685916805254097
0.06858075804247787
0.0685747695891656
0.06856741341366006
0.06855884828413449
0.06855542030330902
0.06855137876615376
0.06855658032383191
0.0685663385038158
0.06857127696142357
0.06858496186144876
0.06857259187086137
0.0685680865675933
0.06856203989411405
0.06855344100559187
0.06854956328196606
0.06854680894900785
0.0685522265504406
0.06855936504192624
0.06856516313630627
0.06857741382453798
0.06856674504147785
0.06856095671207854
0.06855393363261424
0.06854568289883924
0.06854238070200412
0.06853834304128394
0.06854331524609583
0.06855260304675052
0.0685574828862668
0.06857095566020978
0.06855884126820429
0.0685545221098965
0.06854878136093392
0.06854048407628811
0.06853673094623246
0.06853395634786462
0.06853911274619909
0.06854579052159614
0.06855155752625186
0.06856366887978271
0.06855324187447
0.06854764943921782
0.0685409433495891
0.06853299357542257
0.06852981181823245
0.06852577819310748
0.06853052660399114
0.06853935435071087
0.06854416673028758
0.06855741725841258
0.06854554716065243
0.06854140868617949
0.06853595814302547
0.06852794995718368
0.06852431633515431
0.06852152209306539
0.06852642415713113
0.06853265226584596
0.06853837806657317
0.06855033908995457
0.0685401427083644
0.06853474175278085
0.06852833725232861
0.06852067554224693
0.06851760914713198
0.06851357978925243
0.06851810991342018
0.06852648772947002
0.06853122464840632
0.06854424397617509
0.06853260753310783
0.06852864424251179
0.06852346893169693
0.06851573785421125
0.06851221890402999
0.06850940570724516
0.06851406024934394
0.06851984951242095
0.06852552482614542
0.06853732557957475
0.06852734938797007
0.06852213535007182
0.06851601772217462
0.0685086317019671
0.06850567584243224
0.06850165104510765
0.06850596833187025
0.06851390614074715
0.06851856040427068
0.06853134067842045
0.06851992787591718
0.06851613425929995
0.06851121992646074
0.06850375446133104
0.06850034558202263
0.06849751417631496
0.06850192794210117
0.06850728895239468
0.06851290529654075
0.06852453684127097
0.06851477108044662
0.06850973928431794
0.06850389447449759
0.06849677227249773
0.06849392235837941
0.06848990246677267
0.06849401230169593
0.06850151983018825
0.06850608501310694
0.06851861941910246
0.06850742083073241
0.06850379139367736
0.06849912447727025
0.06849191360343987
0.06848861041586246
0.06848576159415228
0.06848994125325929
0.06849488437665373
0.06850043403725398
0.0685118883822784
0.06850232392387684
