[0.36564713499722473, 0.2194798649311493]
[0.6012626776942479, 0.2201521842676765]
[0.7209186169145316, 0.20389316610820596]
[0.7865252849434048, 0.167772182623375]
[0.8070707456071953, 0.11459664853822225]
[0.8036146393083512, 0.05000324068472206]
[0.6318088670058747, -0.02735106149419341]
[0.4324409364087688, -0.10105182629769152]
[0.21005983210251095, -0.16499068315318224]
[-0.03576459118527358, -0.22247374448089088]
[-0.292199725853772, -0.28732466712331173]
[-0.5672905961689201, -0.25978659846198576]
[-0.7252359994442034, -0.2226190216327319]
[-0.8144204272774686, -0.1652838589037893]
[-0.8428750863330099, -0.09229630462051347]
[-0.8327532730022023, -0.011075344728960483]
[-0.6457141204858136, 0.06783871105376746]
[-0.43516706874026145, 0.1495067003495239]
[-0.2072016641442468, 0.22539954946616608]
[0.03794784176998829, 0.2980855513106653]
[0.29098297342918344, 0.3823282622472674]
[0.5606038137772463, 0.3514791886747043]
[0.7088842996859029, 0.29600655247929275]
[0.7961054429780546, 0.21173615916124716]
[0.8301628800210332, 0.10773038303500299]
[0.8330177025314772, -0.004700720829812474]
[0.6591136289749718, -0.11472700532108107]
[0.46257579579773, -0.21904067559569063]
[0.2504714553965461, -0.3072736804574394]
[0.021405025976839305, -0.38206144049969915]
[-0.22120183927924456, -0.4588714648917377]
[-0.5228612279614957, -0.3937577230548922]
[-0.7058019366489383, -0.31377129649921853]
[-0.8149663953403873, -0.20587822205315173]
[-0.8564039822026389, -0.08200172970486895]
[-0.8523165737521807, 0.04374606460565807]
[-0.665014762287022, 0.1508773064680687]
[-0.45699252397922563, 0.2617799792595261]
[-0.23646888551431128, 0.36189162080071446]
[-0.003179605514360799, 0.45150638478977423]
[0.2402513932653541, 0.5461915919984487]
[0.5283263737197279, 0.48559229704551565]
[0.6948238196710911, 0.3916208917829479]
[0.7976959672707248, 0.2590517689209417]
[0.8425081427928174, 0.10376414521320679]
[0.8500862129783971, -0.05573415454842051]
[0.6743163679787908, -0.19748792728559797]
[0.4783510130219899, -0.33125918074193195]
[0.2712083074323553, -0.440338956243958]
[0.05113515484319209, -0.5260129807607568]
[-0.18351261708588093, -0.6063094753105214]
[-0.49782570606852705, -0.5111143254452335]
[-0.6939135136213284, -0.3955049048815554]
[-0.8149679118805788, -0.2445366593796477]
[-0.8646295691594705, -0.07692988574198364]
[-0.8639311819935678, 0.08635674166184083]
[-0.6751981004461781, 0.21820751924556792]
[-0.4672399004832281, 0.3541383700075722]
[-0.24986322917422027, 0.47265422999189916]
[-0.0226495990289287, 0.5717576692080801]
[0.21537656323032575, 0.6686484295032635]
[0.512176680817727, 0.5857365155505301]
[0.6878856980174397, 0.46327947028188254]
[0.7994396403498719, 0.29492300700065394]
[0.8502378992362305, 0.10147732101537497]
[0.859656256188532, -0.09248986652174643]
[0.6811959654198669, -0.2577573103619435]
[0.4837704379731794, -0.4138825591849219]
[0.2778906927652249, -0.5377761630582657]
[0.06179385331972015, -0.629230420444786]
[-0.16867672291349767, -0.7088309107487087]
[-0.48796538420737345, -0.5927399556712231]
[-0.6896465260134905, -0.45248400969236163]
[-0.8164713965169728, -0.2720665983197091]
[-0.8701097663940175, -0.0746882275987447]
[-0.8705292796240135, 0.1138306032272093]
[-0.6796271404460257, 0.26333924010515375]
[-0.4703869772053784, 0.41714129258278826]
[-0.25390031003573255, 0.5476675090536471]
[-0.029828172135738962, 0.6511209605887825]
[0.20478763443849946, 0.7464476736761567]
[0.5058231610737562, 0.648107835917588]
[0.6861200343835643, 0.5072022384061147]
[0.8021017267123618, 0.31663451802225157]
[0.8555508920980314, 0.09991258749255459]
[0.8649710468273896, -0.11479663022269536]
[0.6834424338962805, -0.29518777733165824]
[0.4835864939563769, -0.4665951476228834]
[0.27728446553069536, -0.6004357004355291]
[0.06311744245877904, -0.6950030531376334]
[-0.16439126565033055, -0.7728880051817719]
[-0.4852474632796611, -0.6431076332667945]
[-0.6891417133614313, -0.48700094716751474]
[-0.8186049622603242, -0.2886960839403428]
[-0.8738217279651451, -0.07376875771308307]
[-0.8742367559993476, 0.1294766064855189]
[-0.6810516622107085, 0.2905613570962322]
[-0.4701153308811243, 0.45629450594418763]
[-0.2537267993903285, 0.5942572160425804]
[-0.03182707437806423, 0.699302988462035]
[0.19983649990637195, 0.7919268572165366]
[0.5034415042215278, 0.6830625773773656]
[0.6865962863834052, 0.5306724168872466]
[0.8050652898145331, 0.3276279825038865]
[0.8594649795964111, 0.09864205117144811]
[0.8681009697052479, -0.12674619461875677]
[0.683535064259369, -0.31622890876357446]
[0.48098266363880743, -0.4978146445284625]
[0.273715281382251, -0.638338548809462]
[0.060912740071387805, -0.7346757535720041]
[-0.16374406559547267, -0.8109178888029884]
[-0.4849009808108375, -0.6723592986506298]
[-0.689856253306732, -0.5062025792045508]
[-0.8206743780379727, -0.29770804713769483]
[-0.8763901595235839, -0.07348245063391996]
[-0.8764141835164976, 0.13748069522670991]
[-0.6811053216345743, 0.3060620642782851]
[-0.468467454409414, 0.479832637311144]
[-0.25202218183908, 0.6224610339804413]
[-0.032124921026315964, 0.7277551276042757]
[0.19651309006080825, 0.8175589081967107]
[0.5021881046263318, 0.701237502969852]
[0.6877228503997098, 0.5415390256061212]
[0.8079300839178777, 0.3319178034664798]
[0.8625514071028011, 0.0974676544021322]
[0.8701786650661525, -0.13238461301904927]
[0.6827676241878571, -0.32716539874129347]
[0.47755328860517654, -0.515693929115298]
[0.2692440072806844, -0.6608656863283977]
[0.05776456176640925, -0.7582368960921302]
[-0.16387727605330413, -0.8330834369401419]
[-0.484965105811285, -0.6888317548071956]
[-0.6907268492613223, -0.5161603498481983]
[-0.8224634082256762, -0.30209497797155005]
[-0.8782676131087008, -0.07352100906514225]
[-0.8778349981029091, 0.14098108551711452]
[-0.6806031984603731, 0.31458924634178376]
[-0.4663569904062998, 0.49411227864245133]
[-0.24988414407945025, 0.6398679637559671]
[-0.032035237825752606, 0.7447927813042574]
[0.1934192244902008, 0.8319505757274661]
[0.5010339014541088, 0.7099463809818372]
[0.688873568029648, 0.5452847976779455]
[0.8105606008351461, 0.33238951453159016]
[0.8651353694205312, 0.09630476072703077]
[0.8717587279909722, -0.13449844008924156]
[0.6817223320186603, -0.3323231544354538]
[0.4739670733968108, -0.5258679147945344]
[0.2646808500977527, -0.6744623398356593]
[0.054606132736121714, -0.7724217677851645]
[-0.1638701547976218, -0.846045279865328]
[-0.48483300058446305, -0.6979410157526968]
[-0.6914309982402925, -0.5208408244564047]
[-0.8239781238622643, -0.30384883315746813]
[-0.8797498711147254, -0.07372992272416559]
[-0.8789028188033129, 0.14195051592035524]
[-0.6799126459789261, 0.31914441458342413]
[-0.46413609411341533, 0.503155316840977]
[-0.24767913614090334, 0.6512294657280249]
[-0.031935551754073435, 0.7555184108449056]
[0.19022274360992097, 0.8402437187248695]
[0.49971144164145753, 0.7135437335927817]
[0.6898583510709633, 0.545200416500419]
[0.8129402776879172, 0.3308036716207931]
[0.8673956679686791, 0.09512522003885766]
[0.8730956210300831, -0.13474808644266326]
[0.68063604453181, -0.3343049168803609]
[0.4704649376782845, -0.5317540336524779]
[0.26028712432059714, -0.6830426222554157]
[0.05169385098804702, -0.7812948530076123]
[-0.16353718045694007, -0.8537731487321317]
[-0.4844001534144606, -0.7028819463532507]
[-0.6919193685254043, -0.5225761037058487]
[-0.8252786118478846, -0.30414282543371207]
[-0.8810103819476843, -0.07402184669858043]
[-0.8798150956972481, 0.14153626637041308]
[-0.6791873562183451, 0.3214720645761152]
[-0.4619208317762026, 0.5092947124007037]
[-0.24549467157826163, 0.6592800447438041]
[-0.031875711231206035, 0.762829438345256]
[0.18693611937365787, 0.8453080894868623]
[0.498208958037311, 0.7144586993505653]
[0.690645875079328, 0.5431318198357247]
[0.8150883221691916, 0.3281595045732162]
[0.8694280822343774, 0.09392634636504041]
[0.8743016880139866, -0.13405588890030617]
[0.6795958540462119, -0.3345813370541856]
[0.46711553824137775, -0.5353024472654955]
[0.25611745971800437, -0.6888490885839247]
[0.0490507956722407, -0.7871824318822576]
[-0.16291792048094644, -0.8585287015905128]
[-0.48370860598835336, -0.7054574508187805]
[-0.6922192518228482, -0.5226729793436691]
[-0.826419122055388, -0.30363028170825396]
[-0.8821428656169213, -0.07434371170701967]
[-0.8806628480987946, 0.14038225302308582]
[-0.6784868034864749, 0.32254672599538614]
[-0.4597399402552517, 0.5138278353795033]
[-0.24333059011710712, 0.6655285798347643]
[-0.031818402602252355, 0.7683067542515517]
[0.1836468959744962, 0.8486880944604496]
[0.496577976618431, 0.7140022705080016]
[0.6912519164005259, 0.5400809131082775]
[0.8170287640284222, 0.32500532536985516]
[0.8712838047016112, 0.09271553734814789]
[0.8754253590417149, -0.1329148666645451]
[0.6786287902518875, -0.33395778509166757]
[0.46392632421932567, -0.5375936211512321]
[0.25216089691542354, -0.6931312092339462]
[0.04663749380084775, -0.7913833799990995]
[-0.1620953736483911, -0.8615751369522372]
[-0.48282443054435153, -0.7066655053946695]
[-0.6923684020653079, -0.5218482641354788]
[-0.8274366222644635, -0.3026656404966973]
[-0.8831947414780019, -0.07466209916215903]
[-0.8814849696762961, 0.1388450077836944]
[-0.6778314312158376, 0.32290316785620354]
[-0.4575949707510654, 0.5174608965369804]
[-0.24116887790253866, 0.6707887245896879]
[-0.031719455940751276, 0.7727928725745805]
[0.18043466804631858, 0.8511953619681762]
[0.4948718776426976, 0.7128680768946382]
[0.6917008334243823, 0.5365819929941271]
[0.8187821877701472, 0.3216374614714621]
[0.8729910672785444, 0.09150326870333063]
[0.8764873536632007, -0.13158180411665432]
[0.6777397259137201, -0.33286817380730666]
[0.46088698812059886, -0.5392179949478351]
[0.24839238189103255, -0.6965769362929585]
[0.044408761928499456, -0.7946164986390281]
[-0.16114263098925638, -0.8636146269295605]
[-0.48180382025463925, -0.7070559716107825]
[-0.6923978147280035, -0.5204927049476177]
[-0.8283537527227106, -0.3014393310353223]
[-0.8841884348794549, -0.07495562453347777]
[-0.8822958636377609, 0.13712190011450864]
[-0.6772266086925094, 0.32283333198317243]
[-0.45548213732857334, 0.5205741821652267]
[-0.23899510666627163, 0.6754928901933345]
[-0.031548501743953856, 0.7767289351695335]
[0.17735375336755627, 0.8532472621932993]
[0.49313121108561236, 0.7114171241562361]
[0.6920144798664761, 0.5329166264129738]
[0.8203649699706604, 0.31821501871969626]
[0.8745666415854411, 0.09030006602132164]
[0.8774968123357528, -0.1301871695682212]
[0.6769264143059182, -0.3315441041139736]
[0.45798472504113313, -0.540496508685785]
[0.24478885602590805, -0.6995641600339029]
[0.042328528619141416, -0.7972801949648132]
[-0.1601132206603439, -0.8650399094768517]
[-0.48068814284100564, -0.7069337834712885]
[-0.6923299402816797, -0.5188203761898454]
[-0.8291838450785778, -0.30005396354785346]
[-0.8851335688794966, -0.07521062508720669]
[-0.8830988998949652, 0.1353231855597471]
[-0.6766724514325129, 0.3224973362515322]
[-0.45339900940341876, 0.5233715606193564]
[-0.2368026342950203, 0.6798682430896467]
[-0.03129026446880983, 0.7803417518466165]
[0.17443546529995002, 0.8550525099074224]
[0.49138346526951293, 0.7098335277178279]
[0.6922102624090611, 0.5292313157300206]
[0.8217903188512573, 0.31482305201769484]
[0.8760217110494973, 0.08911525965661718]
[0.8784582626971408, -0.1287950623216399]
[0.6761850030403844, -0.3301083251760251]
[0.4552086478194506, -0.5416034692445064]
[0.24133267497125907, -0.7023012804790694]
[0.04037099894109752, -0.7995974849345379]
[-0.15904386188653596, -0.8660741692100191]
[-0.4795066592451656, -0.7064710604528186]
[-0.692180655083932, -0.5169505326950348]
[-0.8299348268626503, -0.2985658245085708]
[-0.8860335344521417, -0.07541862663739758]
[-0.8838927686828995, 0.13351142393694213]
[-0.676167554890667, 0.3219843436906903]
[-0.4513457114125066, 0.5259624647107278]
[-0.23459152445208042, 0.6840327985762427]
[-0.03094092866066219, 0.7837451862685723]
[0.17169436725618611, 0.8567109388468561]
[0.48964620384575225, 0.7082081582685888]
[0.6923017747747588, 0.5256007006481196]
[0.8230693760291488, 0.3115066027458741]
[0.8773647727548796, 0.08795653462197443]
[0.8793745135336274, -0.12743522901751758]
[0.6755117801558386, -0.328625374521361]
[0.45255041081464115, -0.5426336458651797]
[0.2380111059953806, -0.7049042102927274]
[0.038518342915500096, -0.8016954076785603]
[-0.157959290851036, -0.8668474952439926]
[-0.47828018639636605, -0.7057679737847571]
[-0.6919614746548628, -0.5149517105845307]
[-0.8306117279387492, -0.29700703964788056]
[-0.8868889086382465, -0.07557481022734176]
[-0.8846744104450988, 0.13172278075851973]
[-0.6757102420828822, 0.32134546694085964]
[-0.4493244180104792, 0.5284062086877078]
[-0.23236639732363723, 0.6880471790549743]
[-0.03050418978203509, 0.7869944438065688]
[0.16913394853896316, 0.8582665890526753]
[0.4879302141678706, 0.7065831906073508]
[0.6922998618084295, 0.5220612287326569]
[0.8242120022731936, 0.30828889748814886]
[0.8786030251331083, 0.08682984636680266]
[0.8802477843100187, -0.12611997129924832]
[0.6749035328969168, -0.32712877176046473]
[0.45000373254362347, -0.543638578330132]
[0.23481500393353333, -0.7074381587141677]
[0.036758171976803734, -0.8036481216387508]
[-0.15687629178754287, -0.8674383419672838]
[-0.4770239870725506, -0.7048855062770798]
[-0.6916812023826197, -0.5128652636392516]
[-0.8312181551641812, -0.29539725889515905]
[-0.8876991906710557, -0.0756770414879647]
[-0.885440339579295, 0.12997849889493995]
[-0.6752988712672049, 0.32061141323410974]
[-0.44733852570110433, 0.5307357419442017]
[-0.23013451088922782, 0.6919422639127267]
[-0.02998816142760797, 0.7901149170169315]
[0.16675081687252463, 0.85973575830474]
[0.4862418994967217, 0.7049757378761126]
[0.6922135157493811, 0.5186290579161839]
[0.8252272606026835, 0.30518109132665283]
[0.8797430045672696, 0.08573951241900125]
[0.8810800967525192, -0.12485300212249478]
[0.6743574630447212, -0.32563557212968425]
[0.4475637584264755, -0.5446461700026187]
[0.23173762177249307, -0.7099402361135495]
[0.035081619897816683, -0.8055002234902036]
[-0.1558064933858348, -0.8678959668638775]
[-0.47574971455523735, -0.7038630045646757]
[-0.6913469953133058, -0.5107178459312754]
[-0.8317571122116102, -0.2937497413920409]
[-0.888463662637926, -0.07572521460892415]
[-0.886187228832679, 0.12829110212695272]
[-0.6749318366165833, 0.31980189677405535]
[-0.4453919400349765, 0.532970295026594]
[-0.2279043497240295, 0.6957338560661122]
[-0.029403220537376193, 0.7931173988385276]
[0.16453755453460625, 0.8611217100598003]
[0.48458492175175544, 0.7033903614897826]
[0.6920505079670287, 0.5153095953698813]
[0.8261236869740577, 0.3021875322508487]
[0.880790859975261, 0.08468838953261955]
[0.8818733767150102, -0.12363403939565511]
[0.6738710100448695, -0.32415415197042907]
[0.44522653925909383, -0.5456712772827734]
[0.2287737541415169, -0.7124317045233907]
[0.033482064027888836, -0.8072793926201359]
[-0.1547581539103008, -0.8682526143530671]
[-0.4744666246281185, -0.7027275681934263]
[-0.6909650005838244, -0.508527998891067]
[-0.8322314299891986, -0.2920744730524265]
[-0.8891817990437001, -0.07572077346030938]
[-0.8869121568821355, 0.12666779380770293]
[-0.6746075023613559, 0.3189306379492566]
[-0.4434885710065771, 0.5351220590354812]
[-0.22568467970222142, 0.6994303895721163]
[-0.02876059523210176, 0.7960060180950692]
[0.16248458784708858, 0.862422285871628]
[0.48296127551922385, 0.7018256724206464]
[0.6918177982512537, 0.5121026066530581]
[0.826909429314374, 0.2993086551317338]
[0.8817524596984059, 0.08367808858733186]
[0.88262945670317, -0.12246114921080017]
[0.6734416972566655, -0.32268837734262534]
[0.4429886671323192, -0.5467214637988881]
[0.22591917759072846, -0.7149246611572514]
[0.03195432872861847, -0.8090033011492924]
[-0.15373725324876197, -0.868530198697689]
[-0.4731822985390285, -0.7014990814316359]
[-0.6905407125767571, -0.5063096123124904]
[-0.8326439734423595, -0.2903797238156434]
[-0.8898534440708236, -0.07566633645289991]
[-0.8876127020624629, 0.12511236598070496]
[-0.6743241492807099, 0.3180080073047379]
[-0.44163201616360137, 0.5371996718696138]
[-0.22348395568994173, 0.7030369181293901]
[-0.02807147959050598, 0.798782297541873]
[0.16058138125583254, 0.8636337485164287]
[0.4813719698952036, 0.7002777905713806]
[0.6915217857260151, 0.5090049732773883]
[0.827592310954395, 0.2965426143220312]
[0.8826334256443866, 0.08270919933372421]
[0.883350055808475, -0.12133190382451584]
[0.673067027862537, -0.32123983752507856]
[0.4408470412521657, -0.5478001570733545]
[0.22317030272224442, -0.7174257317645206]
[0.03049420642278803, -0.8106834493024165]
[-0.15274815039545037, -0.8687440426171974]
[-0.47190306478374244, -0.7001929308407155]
[-0.6900791609111693, -0.5040737380801423]
[-0.8329977232368422, -0.2886727934487282]
[-0.8904788686976293, -0.07556538761746112]
[-0.8882869640969744, 0.12362631604489994]
[-0.6740799503131151, 0.3170424179141903]
[-0.4398253845804183, 0.5392100024034456]
[-0.22130997594264373, 0.7065571224989253]
[-0.02734650452949272, 0.8014471514852557]
[0.15881718377983112, 0.8647526267918237]
[0.47981745132951725, 0.6987421291630728]
[0.6911684551488633, 0.5060121945840673]
[0.8281798534529202, 0.2938862363563409]
[0.8834391396114208, 0.0817815077246321]
[0.8840367646524081, -0.12024391857457767]
[0.6727444270129253, -0.31980903961214496]
[0.4387987251248663, -0.5489084052179487]
[0.22052396238144506, -0.7199381550216088]
[0.02909817207519832, -0.8123273509528472]
[-0.15179398395360033, -0.868905039106157]
[-0.4706342460409234, -0.6988214998657442]
[-0.6895850017711588, -0.5018295430489644]
[-0.8332957895884785, -0.2869603433036481]
[-0.8910587655538814, -0.07542201559201782]
[-0.8889335503269087, 0.12220953810625323]
[-0.6738729712313525, 0.3160410562353104]
[-0.4380712174966341, 0.5411590332069955]
[-0.21916970163893457, 0.7099942690921625]
[-0.026595443507565722, 0.8040017950376129]
[0.15718148261884465, 0.865776507272994]
[0.4782978589825351, 0.697214283626065]
[0.6907634570794727, 0.5031192125868579]
[0.8286792793330406, 0.2913355978594759]
[0.8841747419049253, 0.0808941952056889]
[0.8846910424165081, -0.1191950673757062]
[0.672471219152633, -0.3183960424249256]
[0.43684086309162823, -0.550045873984241]
[0.21797728162849853, -0.7224629963804585]
[0.027763208904540454, -0.8139398295459994]
[-0.1508769274565738, -0.8690209641195268]
[-0.4693803100668923, -0.6973950201566615]
[-0.6890625575484031, -0.4995848173715818]
[-0.833541391228324, -0.2852485240744693]
[-0.8915942119517724, -0.07524069184945441]
[-0.8895515431390602, 0.12086078125037436]
[-0.6737011876074401, 0.3150102660164768]
[-0.43637147139138743, 0.5430522713804707]
[-0.21706918376692239, 0.7133516202058516]
[-0.025827070762160786, 0.8064480862867167]
[0.15566426603234698, 0.8667042795996518]
[0.4768131730654807, 0.6956904411035582]
[0.690312147680385, 0.5003208666455444]
[0.8290975062068026, 0.2888863897022497]
[0.8848451303208392, 0.08004601392299912]
[0.885314225091514, -0.11818353643061114]
[0.6722446295367502, -0.3170007858686433]
[0.43497063366363764, -0.5512114268722035]
[0.21552759463932422, -0.7249998855353257]
[0.02648669515793997, -0.8155238284979747]
[-0.14999836562119573, -0.8690973251832906]
[-0.4681449709968324, -0.6959220853171677]
[-0.6885158314772412, -0.49734625706165086]
[-0.8337378184104878, -0.2835430096279977]
[-0.8920866175997585, -0.07502608387853522]
[-0.8901404568736575, 0.11957797487090152]
[-0.6735625101386652, 0.3139557522492718]
[-0.4347275391531541, 0.5448949176730149]
[-0.2150135578955122, 0.7166325647671319]
[-0.025049117196204278, 0.8087885816315669]
[0.15425616234537382, 0.8675361079355439]
[0.4753632955597523, 0.6941675342331503]
[0.6898196048674449, 0.4976121420286486]
[0.8294411384218738, 0.28653415355548617]
[0.8854549619637532, 0.07923543511320223]
[0.8859075415598486, -0.11720780131009309]
[0.6720618011012025, -0.3156232537850361]
[0.43318522505813317, -0.5524034722778712]
[0.21317238780887598, -0.727547487814685]
[0.025266323340239184, -0.8170809501467202]
[-0.14915902841043782, -0.8691379485341053]
[-0.4669312668976107, -0.6944099865993703]
[-0.6879485123737766, -0.4951196344118909]
[-0.8338883907125995, -0.2818489935665546]
[-0.892537666304571, -0.07478290067396673]
[-0.8907001889539384, 0.11835847309357858]
[-0.6734548126420452, 0.3128826932202105]
[-0.43314029283117095, 0.5466919167491198]
[-0.21300708032823001, 0.7198406138454809]
[-0.02426828742229486, 0.8110264550853841]
[0.1529484990490314, 0.8682732757178457]
[0.47394808895157353, 0.6926432604970302]
[0.6892906315011942, 0.49498830122628296]
[0.8297164593349109, 0.28427443808673847]
[0.8860086579584197, 0.07846077031701347]
[0.8864721338506449, -0.11626657263062251]
[0.671919820154001, -0.3142635453932618]
[0.4314818239649823, -0.5536201770714166]
[0.21090925755469697, -0.7301038219020525]
[0.02410003672731692, -0.81861183645938]
[-0.14835910212780817, -0.869145410944629]
[-0.4657416269277058, -0.6928649525820725]
[-0.6873639775221443, -0.4929099141115007]
[-0.8339964156217631, -0.280171176646801]
[-0.8929492571058756, -0.07451576822919706]
[-0.8912309684208992, 0.11719924550813411]
[-0.6733759591592914, 0.31179580657876127]
[-0.43161013711584284, 0.5484479536156236]
[-0.21105318799518047, 0.7229793378623967]
[-0.023490313634195417, 0.8131653623568773]
[0.15173331119679262, 0.8689179828461115]
[0.47256738973872925, 0.6911160335575219]
[0.6887297523998492, 0.4924449470710062]
[0.8299294256581186, 0.2821029017625522]
[0.886510410253146, 0.07772026670152944]
[0.887009078474631, -0.11535873395633608]
[0.6718157462478237, -0.3129218966769969]
[0.4298576122171234, -0.5548596009122029]
[0.20873587690573825, -0.7326664843408941]
[0.022985975844863657, -0.8201164515307164]
[-0.1475983266726158, -0.8691213719547611]
[-0.4645779342363609, -0.6912923342416882]
[-0.6867652975611296, -0.4907213435682284]
[-0.8340651510949527, -0.2785137580034311]
[-0.8933234480990814, -0.07422913254137586]
[-0.8917333042482122, 0.11609702880776641]
[-0.6733238282366748, 0.3106993929444376]
[-0.4301370666155206, 0.5501674299873135]
[-0.2091545704209053, 0.7260522858642653]
[-0.022720030039588217, 0.8152092923600798]
[0.15060331867992763, 0.8694731372318278]
[0.4712210077031037, 0.6895849032472898]
[0.688141209427131, 0.48997804545489476]
[0.8300856644473982, 0.2800153785327607]
[0.8869641895682876, 0.07701217883787663]
[0.8875194065504863, -0.11448328375160806]
[0.6717466430240375, -0.3115986748473525]
[0.42830976825926503, -0.5561197815472415]
[0.20664996811129643, -0.7352328138353459]
[0.02192243186709781, -0.821594298158535]
[-0.1468760826845564, -0.8690668362525839]
[-0.46344158679370406, -0.6896967558872309]
[-0.6861552448284112, -0.48855753073800456]
[-0.8340977736130252, -0.2768804351628068]
[-0.8936624048713534, -0.07392718733294314]
[-0.892207935263428, 0.1150484476659403]
[-0.6732963335407836, 0.3095973687708968]
[-0.4287207226487405, 0.5518544375072529]
[-0.20731324614982533, 0.7290629072650477]
[-0.02196145700584934, 0.8171624278050336]
[0.14955188558080595, 0.8699421619788938]
[0.46990871814049584, 0.6880494645092805]
[0.6875289572586724, 0.4875839238863048]
[0.830190472850655, 0.27800791690987336]
[0.8873737536934914, 0.0763348198847222]
[0.8880041212206741, -0.11363928671671035]
[0.6717096078645004, -0.3102943590381356]
[0.42683547159949053, -0.5573987884526019]
[0.20464928013054487, -0.7378000139298615]
[0.020907805992309535, -0.8230445864830488]
[-0.14619146968948088, -0.8689823628390257]
[-0.46233355637760826, -0.6880822419330623]
[-0.685536305319428, -0.48642151509728604]
[-0.8340973522480095, -0.2752744137768158]
[-0.8939683546102789, -0.07361382345469746]
[-0.8926557830418174, 0.11405011014357495]
[-0.673291440648707, 0.3084932940526065]
[-0.42736044703945936, 0.5535127356714786]
[-0.2055306387623002, 0.7320144855415127]
[-0.021217887771999636, 0.8190290248809171]
[0.1485729704679339, 0.870328827886409]
[0.4686302516781767, 0.6865097663998261]
[0.6868966613362071, 0.48525925571502393]
[0.8302488205123012, 0.2760767997138103]
[0.8877426555784625, 0.07568659538421858]
[0.8884642115261348, -0.11282583626631736]
[0.6717017989495627, -0.30900951483499983]
[0.4254319091473895, -0.5586947552176719]
[0.20273157059239175, -0.7403652450906973]
[0.019940574710914934, -0.8244663654132919]
[-0.14554337531080808, -0.8688682311522391]
[-0.46125444511667074, -0.6864523244409042]
[-0.6849106937728334, -0.484315833707078]
[-0.8340668286693659, -0.2736984260729053]
[-0.8942435463527769, -0.0732925968288886]
[-0.8930779087249225, 0.11309868148312097]
[-0.6733071802306538, 0.3073903973533385]
[-0.42605533156804437, 0.5551457374895941]
[-0.20380764949769187, 0.7349100874055146]
[-0.02049197314642945, 0.8208133155810529]
[0.1476610734933088, 0.8706371144486501]
[0.4673852845531384, 0.6849662270176997]
[0.6862476987807584, 0.48300103617389567]
[0.830265354423792, 0.27421854980442895]
[0.8880742508987614, 0.07506602287880401]
[0.888900662437735, -0.11204202797723946]
[0.6717204588785429, -0.3077447670716189]
[0.4240962827296664, -0.560005897250694]
[0.20089459205421095, -0.7429256932416057]
[0.019019261079834773, -0.8258586239131168]
[-0.14493053538604794, -0.8687245712142876]
[-0.4602045387833, -0.6848101341009429]
[-0.6842803711309031, -0.4822425826998019]
[-0.8340090026724525, -0.27215475622504576]
[-0.8944902174282353, -0.07296671182516434]
[-0.8934754743469606, 0.11219093946271755]
[-0.6733416580256866, 0.3062915991289644]
[-0.4248042624867235, 0.5567565034197794]
[-0.20214472479148288, 0.737752527782161]
[-0.019785801404104908, 0.8225194326762805]
[0.1468111840443463, 0.8708710989031422]
[0.46617343100466324, 0.683419557168305]
[0.6855851625344821, 0.4808065541875255]
[0.8302444059613668, 0.27242992585218695]
[0.8883717049714857, 0.07447174038326318]
[0.8893144611308124, -0.1112869428378042]
[0.671762934419566, -0.3065007734661426]
[0.4228258172799448, -0.5613305192218201]
[0.19913608238606864, -0.745478619685474]
[0.01814241200576306, -0.8272203673732215]
[-0.14435158498259057, -0.8685514633582307]
[-0.4591838561328491, -0.6831584764181416]
[-0.6836470635724177, -0.4802034739430405]
[-0.8339265226294381, -0.2706452706634537]
[-0.8947105658635607, -0.07263901711600285]
[-0.8938497089379268, 0.11132381412504153]
[-0.6733930620724555, 0.3051995336407315]
[-0.42360595998687267, 0.5583477428987236]
[-0.20054191791128728, 0.7405443492832738]
[-0.01910097184937827, 0.8241513554783875]
[0.14601873121770384, 0.8710348709472775]
[0.46499423858970523, 0.6818706937810887]
[0.684911868662226, 0.4786733625279227]
[0.8301899998312763, 0.2707079112913036]
[0.8886379990349328, 0.0739025064598734]
[0.8897065998530693, -0.11055963868548849]
[0.671826692257287, -0.30527820054516575]
[0.42161776931279643, -0.5626670153761744]
[0.1974537590101476, -0.7480213961583428]
[0.017308581320534575, -0.828550673313002]
[-0.14380510059103774, -0.8683490123093153]
[-0.45819219381105614, -0.6814998945811708]
[-0.6830122823751498, -0.4781998865503603]
[-0.8338218801823171, -0.269171451459314]
[-0.8949067283277421, -0.07231201130039953]
[-0.8942018794188846, 0.11049441445400728]
[-0.6734596676484934, 0.30411656949609833]
[-0.4224590127962519, 0.5599218222656448]
[-0.19899894446152985, 0.7432878141116995]
[-0.018438661373088486, 0.8257128736520869]
[0.14527953834511084, 0.8711324698256258]
[0.46384718665332203, 0.6803207430555724]
[0.6842303665219605, 0.4765992480049839]
[0.8301058646354491, 0.2690496989067457]
[0.8888759359942281, 0.07335719429510384]
[0.8900780758959899, -0.10985914809605841]
[0.671909330825604, -0.30407770260120914]
[0.4204694353627642, -0.5640138650344572]
[0.19584531661248628, -0.7505515280391146]
[0.016516318211336013, -0.829848730060831]
[-0.14328963405655287, -0.8681173998935449]
[-0.45722916660182034, -0.679836720442173]
[-0.682377343974706, -0.4762329130325243]
[-0.8336974084832818, -0.26773443117835927]
[-0.8950807630783099, -0.0719878558828759]
[-0.8945332661134614, 0.10970004435580986]
[-0.6735398403282674, 0.30304482879233297]
[-0.4213619082483943, 0.5614807777335535]
[-0.19751523190193682, 0.7459849060834307]
[-0.017799683910377284, 0.8272075660300682]
[0.1445897820919304, 0.8711678401827132]
[0.46273168780775115, 0.678770932725297]
[0.6835429513773995, 0.4745822027784974]
[0.829995444770885, 0.2674526729507839]
[0.8890881457800733, 0.0728347818018586]
[0.8904298892570987, -0.10918448105204888]
[0.6720085884658582, -0.30289990398450706]
[0.41937816012310813, -0.5653696250394304]
[0.19430842785434835, -0.7530666682385578]
[0.015764160396822192, -0.8311138616235403]
[-0.1428037390285306, -0.8678569202318547]
[-0.45629424300932453, -0.6781711150468287]
[-0.6817433897108465, -0.47430340006752825]
[-0.8335552833149877, -0.2663350279022918]
[-0.8952346373145071, -0.07166839352098817]
[-0.8948451425657312, 0.108938210074805]
[-0.6736320375129676, 0.30198620485847566]
[-0.42031305824595655, 0.5630263321099449]
[-0.19608996345011587, 0.7486373404905917]
[-0.017184543074395986, 0.8286387914212267]
[0.14394595618157097, 0.8711448031344895]
[0.46164709204121895, 0.677222572527809]
[0.6828516789543706, 0.47262039746310996]
[0.8298619133814763, 0.26591439022900076]
[0.8892770904803783, 0.0723343393993124]
[0.8907630385949831, -0.10853463088744238]
[0.6721223482524964, -0.30174538474598367]
[0.41834134406779694, -0.5667329204935175]
[0.19284074655771274, -0.7555646238994502]
[0.015050631333604972, -0.8323455415736594]
[-0.14234599084723681, -0.867568000871351]
[-0.4553867763419431, -0.67650510014985]
[-0.6811114048728881, -0.4724119840465075]
[-0.8333975264758531, -0.2649737794202459]
[-0.8953702183280161, -0.0713551697853846]
[-0.895138759271119, 0.10820662093353982]
[-0.6737348087265868, 0.3009423786363188]
[-0.4193108215644866, 0.5645599141116789]
[-0.19472211685735097, 0.7512465797182044]
[-0.01659347845774186, 0.8300096886297805]
[0.14334483950869847, 0.8710670392810018]
[0.4605926929529432, 0.6756770218470425]
[0.6821583814187308, 0.47071215640754355]
[0.8297081860910311, 0.2644325612194517]
[0.8894450693946595, 0.07185501677188266]
[0.8910785160490029, -0.10790858222589252]
[0.6722486398881733, -0.3006146694704887]
[0.417356450387979, -0.568102434809864]
[0.1914399128245486, -0.7580433577035882]
[0.014374240694570384, -0.8335433984182797]
[-0.14191500084540187, -0.8672512128875192]
[-0.4545060315858923, -0.6748405821068602]
[-0.6804822367629813, -0.4705591216961542]
[-0.8332260108819758, -0.26365097586854136]
[-0.895489267859543, -0.071049456994875]
[-0.895415330884616, 0.10750318503595498]
[-0.6738467949197091, 0.29991483378398687]
[-0.41835352293336947, 0.5660826792977733]
[-0.19341049859219148, 0.7538138527923135]
[-0.01602650620176528, 0.8313231832299055]
[0.14278346824193022, 0.8709380807627931]
[0.45956773556377967, 0.6741356634847895]
[0.6814646842647106, 0.4688559353267089]
[0.8295369352605548, 0.2630050319801675]
[0.8895942241372504, 0.07139602959215087]
[0.8913773014363904, -0.10730531986737521]
[0.6723856390975164, -0.29950821903361224]
[0.4164210111208505, -0.5694768998380514]
[0.1901035595669605, -0.7605009852800054]
[0.013733487370449812, -0.834707214558463]
[-0.1415094260364005, -0.8669072725691063]
[-0.4536512084291836, -0.6731793694494954]
[-0.6798566115865076, -0.46874511617923104]
[-0.833042466909527, -0.26236669033458276]
[-0.8955934391084377, -0.07075227898304723]
[-0.89567602646019, 0.10682600132327102]
[-0.6739667269774524, 0.2989048706159901]
[-0.41743946930102493, 0.5675955318274817]
[-0.1921537739631943, 0.7563401773280569]
[-0.015483454467335352, 0.8325819990073355]
[0.1422591114441974, 0.8707613098885544]
[0.45857142515923366, 0.672599882575835]
[0.6807720236383612, 0.4670503013257258]
[0.8293506045311494, 0.2616297673505444]
[0.889726543884461, 0.0709566469162295]
[0.8916603562634547, -0.10672383781074352]
[0.6725316649506892, -0.2984264249596438]
[0.4155326323931275, -0.5708550866115187]
[0.18882931996668562, -0.7629357699357214]
[0.013126864295585058, -0.8358369206072904]
[-0.14112797510516634, -0.8665370368848343]
[-0.45282146082962804, -0.671523185336282]
[-0.6792351500522467, -0.46697013913508134]
[-0.8328484895741639, -0.2611208071364769]
[-0.8956842758944327, -0.07046443591529951]
[-0.8959219622879624, 0.1061733491330412]
[-0.6740934235916545, 0.2979136190092376]
[-0.41656696365162715, 0.5690991464226054]
[-0.19095049367884598, 0.7588263826345825]
[-0.014963994425097403, 0.8337886723486279]
[0.1417692497266815, 0.8705399622894452]
[0.45760293666441676, 0.671071049757053]
[0.6800816636726141, 0.46529391526128727]
[0.8291514234356173, 0.26030483575415087]
[0.8898438708280211, 0.07053617972692328]
[0.89192861790464, -0.10616314781356102]
[0.6726851755310851, -0.2973696060369717]
[0.4146889987415834, -0.5722357970881837]
[0.18761483543936064, -0.765346115685021]
[0.012552864474328983, -0.8369325865157198]
[-0.14076941153005706, -0.8661414945424106]
[-0.4520159135243426, -0.6698736759393265]
[-0.6786183816227949, -0.46523424914803435]
[-0.8326455462134845, -0.25991304764504974]
[-0.8957632135291638, -0.070186528502222]
[-0.8961541969239365, 0.10554367619088272]
[-0.674225788628999, 0.2969420504070428]
[-0.4157343166972744, 0.5705939900642677]
[-0.1897991172928284, 0.7612731330019706]
[-0.014467667338005114, 0.8349455682071665]
[0.14131155647797058, 0.8702771329595385]
[0.45666142411482946, 0.6695505078139279]
[0.6793947134717703, 0.46358551632577305]
[0.8289414218863519, 0.2590283957569636]
[0.889947905866046, 0.07013397090943581]
[0.8921829942204581, -0.10562228707822587]
[0.6728447623314538, -0.2963380068495448]
[0.4138878765079097, -0.573617857113494]
[0.18645776374386736, -0.7677305593367285]
[0.012009987674207155, -0.837994410665428]
[-0.14043255455779877, -0.8657217540965177]
[-0.45123367586140833, -0.6682324156871803]
[-0.6780067574001064, -0.46353740713078145]
[-0.8324349844025186, -0.25874299363291864]
[-0.8958315810153726, -0.06991898114619455]
[-0.8963737280444788, 0.10493558576666366]
[-0.6743628081049521, 0.2959909890459151]
[-0.4149398567268237, 0.572080343082465]
[-0.18869803392600948, 0.7636809504344074]
[-0.01399390824815877, 0.8360548965891768]
[0.14088388125724027, 0.8699757839067683]
[0.45574602986157153, 0.6680395611452854]
[0.6787121434483906, 0.4619239087040029]
[0.8287224443732991, 0.25779868441974707]
[0.8900402145354601, 0.06974938679396257]
[0.8924243588078087, -0.10510032481111871]
[0.6730091437243001, -0.2953317979006034]
[0.41312711633373483, -0.5750001107219304]
[0.1853557869439219, -0.7700877622119269]
[0.011496747346430018, -0.83902270783165]
[-0.1401162786409006, -0.8652790302503933]
[-0.4504738533049077, -0.6666009101461537]
[-0.677400661664329, -0.4618794890893089]
[-0.8322180398895053, -0.25761010822094155]
[-0.8958906042501471, -0.06966206371433212]
[-0.8965814907994991, 0.10434782355504535]
[-0.6745035468567121, 0.2950611225162539]
[-0.4141819378530383, 0.5735583194015624]
[-0.1876455805994373, 0.7660502362996168]
[-0.013542066713681841, 0.8371187287765208]
[0.1404842349972275, 0.8696387524568641]
[0.45485589322703346, 0.6665394674996954]
[0.6780348007807007, 0.4603079501343086]
[0.8284961637328933, 0.25661400739970974]
[0.8901222331676913, 0.0693818102851583]
[0.8926535470071405, -0.10459636752898943]
[0.6731771578094011, -0.29435107703171914]
[0.4124046548037998, -0.5763814158051551]
[0.18430661899352654, -0.772416501906794]
[0.011011677426604832, -0.8400178966987885]
[-0.13981951183608132, -0.8648146292280618]
[-0.4497355569286491, -0.664980597191907]
[-0.6768004221085685, -0.4602602967021508]
[-0.8319958443891936, -0.2565137545508557]
[-0.8959414099629116, -0.06941591175514561]
[-0.8967783573806966, 0.1037792646949257]
[-0.674647144995405, 0.29415301175093]
[-0.41345894686450646, 0.5750278857881446]
[-0.18664005845933354, 0.768381291536343]
[-0.013111424976191388, 0.8381390127337995]
[0.1401107767214136, 0.8692687595216809]
[0.453990158401625, 0.6650514315398236]
[0.677363423820465, 0.45873654219945403]
[0.8282640943757704, 0.2554727306991226]
[0.8901952752326445, 0.06903063551560354]
[0.8928713527319243, -0.1041095630854555]
[0.6733477548967601, -0.2933958718717573]
[0.4117185153011924, -0.5777606411090341]
[0.18330801277691114, -0.7747156643854983]
[0.010553338753818212, -0.8409804874272889]
[-0.13954123355898376, -0.8643299338710286]
[-0.44901791117596157, -0.6633728470043143]
[-0.6762063188296956, -0.4586795661047336]
[-0.8317694331136041, -0.2554532123493042]
[-0.8959850301677609, -0.06918054507214533]
[-0.896965137561948, 0.1032289012225536]
[-0.6747928142073746, 0.2932671005175835]
[-0.4127693088584569, 0.576488880011792]
[-0.18567974712794857, 0.7706743352010006]
[-0.012701213879416244, 0.8391175873365504]
[0.13976180153520237, 0.868868417364388]
[0.453147981440249, 0.6635765998811437]
[0.6766986553380067, 0.45720862217473557]
[0.8280276048870927, 0.2543732739218706]
[0.890260537824496, 0.06869526390400289]
[0.8930785261376186, -0.10363910346314552]
[0.673519989839692, -0.2924661430834372]
[0.4110668081488997, -0.5791366644742582]
[0.18235776648562008, -0.776984236584098]
[0.01012032492191385, -0.8419110696199689]
[-0.13928047199831026, -0.8638263889315594]
[-0.44832006012619147, -0.6617789613132654]
[-0.675618592147533, -0.4571369752235248]
[-0.8315397519559589, -0.2544276925675067]
[-0.8960224069524844, -0.06895588463909844]
[-0.8971425800063041, 0.10269583015685067]
[-0.6749398339656774, 0.29240372447289326]
[-0.4121114918050255, 0.5779410278772462]
[-0.18476291737423067, 0.7729295212443249]
[-0.012310626806927856, 0.8400561952081117]
[0.1394357296999636, 0.8684402365706322]
[0.45232853627683256, 0.6621160573279034]
[0.6760410545410764, 0.45572315626745186]
[0.8277879299375309, 0.2533141048784603]
[0.8903191082360118, 0.06837510146405254]
[0.8932757721094005, -0.10318422642725102]
[0.6736930143915513, -0.2915617882076148]
[0.41044773011744273, -0.580508372203236]
[0.18145372925955955, -0.7792212996256167]
[0.009711267441355781, -0.8428103009168642]
[-0.13903630141315926, -0.8633054868906618]
[-0.44764117247477153, -0.6602001722319315]
[-0.6750374493327891, -0.455632149957624]
[-0.8313076642728254, -0.2534363502867235]
[-0.8960543974632165, -0.06874176789276554]
[-0.8973113741673455, 0.10217924234019764]
[-0.6750875477051772, 0.29156311982129063]
[-0.4114840101723559, 0.5793839591209389]
[-0.18388784226564342, 0.775146953492547]
[-0.011938831862508284, 0.8409564940693204]
[0.13913109664043585, 0.8679866320718619]
[0.4515310197255101, 0.6606708240921055]
[0.6753911078472458, 0.4542791340915569]
[0.8275461814651563, 0.2522937353716892]
[0.8903719705653541, 0.06806955719215743]
[0.8934637495197296, -0.10274421616768155]
[0.6738660697221062, -0.2906826459357442]
[0.40985956337997437, -0.5818746594162337]
[0.1805938060552467, -0.781426022685607]
[0.009324840143401146, -0.8436788963556069]
[-0.1388078394711568, -0.8627687545173961]
[-0.44698044540405274, -0.6586376409366083]
[-0.6744630703291831, -0.4541646694595889]
[-0.8310739572331819, -0.2524782960760629]
[-0.8960817789742845, -0.06853796247360117]
[-0.8974721526415947, 0.10167841210059804]
[-0.6752353590075338, 0.29074543160708544]
[-0.410885427724584, 0.5808172221885565]
[-0.1830528069367446, 0.7773266988689751]
[-0.011584982480392886, 0.8418200665921654]
[0.13884654376975752, 0.8675099281697985]
[0.4507546554777776, 0.6592418538315339]
[0.6747492384249524, 0.45287556423232705]
[0.8273033591079391, 0.25131071799586197]
[0.8904200122996975, 0.06777804235735818]
[0.8936430711870806, -0.10231840307352841]
[0.6740384791962276, -0.289828500668457]
[0.4093006739948044, -0.5832344312499568]
[0.1797759617335612, -0.783597657503616]
[0.008959762800904665, -0.8445176185657475]
[-0.13859424473141216, -0.8622177403023671]
[-0.446337107496714, -0.6570924563877083]
[-0.673895612557707, -0.4527340707242479]
[-0.8308393477216441, -0.2515526059791128]
[-0.8961052539580601, -0.06834417850661179]
[-0.897625493853301, 0.10119268775876734]
[-0.675382727835678, 0.28995072165808294]
[-0.41031435959064083, 0.5822402979257412]
[-0.18225611709040448, 0.7794687989348639]
[-0.011248226623719555, 0.8426484288108025]
[0.138580810042927, 0.8670123625851178]
[0.44999869713665674, 0.6578300323818758]
[0.674115814546716, 0.4515114707672245]
[0.827060359883426, 0.2503636437892432]
[0.890464030822874, 0.06749997052144334]
[0.8938143044547568, -0.10190616278842009]
[0.6742096414887602, -0.28899908724245527]
[0.4087695099916942, -0.5845866047495408]
[0.1789982243817593, -0.7857355335059009]
[0.008614803972929144, -0.8453272688158913]
[-0.1383947143342703, -0.8616540028368467]
[-0.44571042082242923, -0.6555656342333636]
[-0.673335214891746, -0.45133985265485277]
[-0.8306044877973812, -0.2506583302917527]
[-0.8961254550900365, -0.06816007952637751]
[-0.8977719249736185, 0.10072148297352762]
[-0.6755291668509361, 0.2891789761903897]
[-0.40976947369038336, 0.5836526122231306]
[-0.18149610633294166, 0.7815732798564614]
[-0.010927714707071719, 0.8434430371853179]
[0.13833272416953304, 0.8664960896038395]
[0.4492624303523906, 0.6564361770873332]
[0.6734911568196735, 0.4501858906202193]
[0.8268179871261276, 0.24945114059035867]
[0.8905047397987728, 0.06723475812827388]
[0.893977972302248, -0.10150691469182911]
[0.6743790240850754, -0.2881940957289263]
[0.4082645991331444, -0.5859301113083788]
[0.17825868790124244, -0.7878390534857365]
[0.008288783104651053, -0.846108678898568]
[-0.13820848192792254, -0.8610791001656203]
[-0.4450996823111667, -0.6540581159940492]
[-0.6727820008909647, -0.44998147974091124]
[-0.8303699697208419, -0.24979450127728398]
[-0.8961429501406966, -0.06798529215486518]
[-0.8979119249933898, 0.1002642688982589]
[-0.6756742378398634, 0.28843011307807187]
[-0.40924949159517787, 0.5850535476615465]
[-0.1807711424338365, 0.7836401609215319]
[-0.010622606361865121, 0.8442052944396177]
[0.13810119743124846, 0.8659631824266532]
[0.44854517414043543, 0.6550610366555073]
[0.6728755443741823, 0.4488978716373652]
[0.8265769587044555, 0.24857187196205863]
[0.8905427753879024, 0.06698182551650528]
[0.8941345548999005, -0.1011201199419272]
[0.6745461571967439, -0.28741317622458395]
[0.40778454641590384, -0.5872638995176763]
[0.17755551390448254, -0.789907689777187]
[0.00798057193120414, -0.8468627038157741]
[-0.1380348158385314, -0.8604945801120181]
[-0.4445042245123791, -0.6525707685921655]
[-0.6722360813798749, -0.44865838545138714]
[-0.8301363305679568, -0.2489601399480772]
[-0.8961582467186218, -0.06781941464012015]
[-0.8980459278829944, 0.09982056710795223]
[-0.6758175482721096, 0.2877039887873084]
[-0.40875318889239853, 0.5864424542045736]
[-0.18007963259325233, 0.7856694617360684]
[-0.010332076150454492, 0.8449365543083698]
[0.13788521705985873, 0.8654156348434224]
[0.44784628147259664, 0.6537052914772903]
[0.6722692201015062, 0.44764647128118185]
[0.8263379145477946, 0.2477245365617225]
[0.890578702260782, 0.06674059822721687]
[0.8942844915196033, -0.1007452792024833]
[0.6747106281055573, -0.28665594357158375]
[0.4073280313714984, -0.5885869382978746]
[0.17688693297247743, -0.7919409808541547]
[0.007689095245314977, -0.8475902152153477]
[-0.13787301747422848, -0.8599019715543376]
[-0.44392341582791806, -0.6511043842632085]
[-0.6716975564539528, -0.44736997542083334]
[-0.8299040564565239, -0.2481542620263597]
[-0.8961717968393057, -0.06766202436002489]
[-0.8981743257843963, 0.09938994324871166]
[-0.6759587480052666, 0.28700040497241985]
[-0.4082793951168063, 0.587818658985253]
[-0.1794200277953728, 0.7876612082329065]
[-0.010055318325148103, 0.8456381253322337]
[0.13768384013852825, 0.8648553623612389]
[0.44716513923713486, 0.6523695543625369]
[0.6716723950372829, 0.4464307558504659]
[0.8261014235206506, 0.2469078678507513]
[0.8906130193782219, 0.06651050849608706]
[0.8944281827187702, -0.10038193016115285]
[0.6748720759364658, -0.28592198195521173]
[0.4068938052180769, -0.5898982201960338]
[0.17625124532887151, -0.7939385282870706]
[0.0074133310950744505, -0.8482920955221683]
[-0.13772241994267942, -0.8593027766211145]
[-0.44335666029714377, -0.6496596808638947]
[-0.6711665169923526, -0.4461156304841256]
[-0.8296735864125785, -0.24737588318121906]
[-0.896184001301972, -0.06751268438932831]
[-0.8982974721903026, 0.09897200135781145]
[-0.6760975261478415, 0.28631911473015836]
[-0.40782699330627326, 0.5891814752318447]
[-0.17879082632189705, 0.7896154376202733]
[-0.009791550720985594, 0.8463112738382638]
[0.13749618799349275, 0.8642842029124522]
[0.44650116766455744, 0.6510543716486433]
[0.6710852519894066, 0.44524980014050286]
[0.8258679896851969, 0.24612063405087425]
[0.8906461655149144, 0.06629099683766007]
[0.8945659927212977, -0.10002964493066088]
[0.6750301868503467, -0.2852108493388351]
[0.40648068790956804, -0.5911967647461105]
[0.1756468209892075, -0.7958999939932576]
[0.0071523104809747065, -0.8489692327066622]
[-0.13758238685567406, -0.8586984637660469]
[-0.4428033970048708, -0.6482373025761594]
[-0.6706430457516973, -0.4448947095974971]
[-0.8294453159060016, -0.24662402362480296]
[-0.8961952138626608, -0.06737094922105649]
[-0.8984156850733995, 0.09856637880149374]
[-0.6762336080872059, 0.2856598285087946]
[-0.40739491923448123, 0.5905302103753746]
[-0.17819057649734316, 0.7915322023916568]
[-0.009540017865418235, 0.846957226235411]
[0.1373214410460786, 0.8637039172616752]
[0.44585381931348583, 0.6497602246429295]
[0.6705079485077774, 0.4441026874664225]
[0.8256380579960552, 0.24536163826845087]
[0.8906785245087279, 0.06608151364614737]
[0.8946982519267309, -0.0996880274088244]
[0.6751846896404993, -0.2845220817044443]
[0.40608756512217675, -0.5924816218022257]
[0.17507209944415783, -0.7978250977226455]
[0.006905116621376849, -0.8496225156346527]
[-0.1374523112912632, -0.8580904616802433]
[-0.4422630991760928, -0.6468378209935753]
[-0.6701272181103312, -0.4437065526692342]
[-0.829219600084854, -0.24589771213830325]
[-0.8962057451964461, -0.06723636972593379]
[-0.8985292499354556, 0.09817274177860817]
[-0.6763667526856414, 0.28502221966937463]
[-0.40698216036887436, 0.591864173379254]
[-0.17761787873559792, 0.7934115735099029]
[-0.009299993383327834, 0.8475771707452412]
[0.13715883409657112, 0.8631161892197485]
[0.445222577706288, 0.6484875313617814]
[0.6699406192898032, 0.44298850997970873]
[0.8254120194721892, 0.244629718720578]
[0.8907104302236202, 0.06588152075279034]
[0.8948252594869387, -0.09935671065863971]
[0.6753353517118358, -0.283855197074523]
[0.40571338521271805, -0.5937518747680377]
[0.17452558893456022, -0.7997136147272964]
[0.006670883853525947, -0.8502528299460059]
[-0.13733161488348578, -0.8574801539983666]
[-0.4417352730154924, -0.6454617365675281]
[-0.669619102526913, -0.4425504833121666]
[-0.8289967567372981, -0.24519598958762737]
[-0.8962158666451868, -0.06710849742601184]
[-0.8986384227518815, 0.09779078134028264]
[-0.6764967496445198, 0.2844059296979221]
[-0.4065877545981987, 0.5931826813290294]
[-0.17707138695512686, 0.7952536428690004]
[-0.00907078177175065, 0.8481722586764633]
[0.137007652012355, 0.8625226257595257]
[0.44460695569773456, 0.6472366485305222]
[0.6693833781101808, 0.4419063692147292]
[0.825190215890637, 0.24392374900832214]
[0.8907421712190486, 0.0656904928936915]
[0.8949472858979328, -0.09903535435630269]
[0.6754819754186762, -0.2832096992972113]
[0.40535715617826823, -0.5950066436578657]
[0.1740058653739977, -0.8015653735703705]
[0.006448796233744017, -0.8508610544138763]
[-0.13721974701097872, -0.8568688747553965]
[-0.44121945634436244, -0.644109480383952]
[-0.6691187607714426, -0.44142581152168203]
[-0.828777069008598, -0.24451791197969933]
[-0.8962258137499436, -0.06698688815166762]
[-0.8987434327923572, 0.09742020987857809]
[-0.6766234170341096, 0.2838105730690916]
[-0.4062107887702515, 0.5944850653184046]
[-0.17654980942819495, 0.7970585251273904]
[-0.008851719614865722, 0.8487436053397046]
[0.1368672257933268, 0.8619247571143945]
[0.44400649365240924, 0.6460078738085708]
[0.6688363193568452, 0.440855376808668]
[0.8249729440456547, 0.24324263839271532]
[0.8907739951231504, 0.06550791905417676]
[0.8950645755625597, -0.09872364234318426]
[0.675624394735313, -0.28258508158205586]
[0.40501794264209123, -0.5962450879371035]
[0.1735115709718712, -0.8033802540373505]
[0.006238085896029491, -0.8514480577410619]
[-0.13711618405807674, -0.8562579045513761]
[-0.4407152170824732, -0.6427814162369567]
[-0.6686262479808393, -0.4403318362769]
[-0.8285607878989331, -0.24386255310292315]
[-0.8962357895692825, -0.06687110514460351]
[-0.8988444853024578, 0.09706075804014737]
[-0.6767465989845024, 0.283235741763661]
[-0.4058503970769676, 0.5957706756661452]
[-0.17605190912714186, 0.7988263589971156]
[-0.008642176306092916, 0.8492922906867182]
[0.13673692898801162, 0.8613240369263041]
[0.4434207574983619, 0.6448014482047906]
[0.6682995192474894, 0.43983465534446153]
[0.8247604596149538, 0.2425853320383113]
[0.8908061127107044, 0.06533330366617848]
[0.8951773492875555, -0.09842128030755472]
[0.6757624722329296, -0.28198082977812866]
[0.40469486288673473, -0.5974664091004624]
[0.17304141260656575, -0.8051581851191578]
[0.006038031223237518, -0.8520146957546089]
[-0.1370204287250816, -0.8556484673823814]
[-0.44022215161763, -0.6414778429629437]
[-0.6681416125852327, -0.4392678480585568]
[-0.8283481345656674, -0.24322900678933446]
[-0.8962459677863835, -0.06676072166358114]
[-0.8989417640350981, 0.09671217202411511]
[-0.6768661635316999, 0.2826810094442308]
[-0.4055057593206385, 0.5970388864973547]
[-0.17557650362821708, 0.8005573080641433]
[-0.008441554340393856, 0.8498193597464511]
[0.13661617443430715, 0.8607218424965656]
[0.44284933671603044, 0.6436175586485395]
[0.6677730367931717, 0.43884333927228364]
[0.8245529806723539, 0.24195081119714393]
[0.8908387016901121, 0.06516616764387027]
[0.8952858066856847, -0.0981279936132172]
[0.6758960963367003, -0.2813964253902299]
[0.4043870859516333, -0.5986698529567535]
[0.17259415999469424, -0.8068991430430945]
[0.005847954879720105, -0.8525618089640388]
[-0.13693200936772895, -0.8550417280967156]
[-0.4397398831009946, -0.640198996997431]
[-0.6676648961452004, -0.43823313127469277]
[-0.8281393024515241, -0.24261638883120923]
[-0.8962564956091689, -0.06665532314435513]
[-0.899035433623954, 0.09637421122646217]
[-0.6769820006118389, 0.28214593529536836]
[-0.405176099091869, 0.59828909972185]
[-0.17512246463061754, 0.8022515612068293]
[-0.008249289236005104, 0.8503258229193403]
[0.13650441129934957, 0.8601194751800367]
[0.4422918423129891, 0.6424563406827368]
[0.6672569145674637, 0.43788057587084384]
[0.824350690883381, 0.2413380933129023]
[0.8908719102062691, 0.06500604925001364]
[0.8953901284602505, -0.0978435252851094]
[0.6760251788377267, -0.28083134833225465]
[0.40409382880935546, -0.5998547115980823]
[0.17216864369858986, -0.8086031493331807]
[0.005667221748896521, -0.8530902204524335]
[-0.1368504793493627, -0.8544387904359929]
[-0.43926805970175986, -0.6389450551165192]
[-0.6671961331344444, -0.4372269665840298]
[-0.8279344592578151, -0.242023838581097]
[-0.8962674964687277, -0.06655450896051891]
[-0.8991256417940392, 0.09604664619625128]
[-0.6770940201958658, 0.2816300675362966]
[-0.40486068188677954, 0.5995207484419118]
[-0.17468871714520512, 0.8039093326718678]
[-0.008064849140833281, 0.8508126561810553]
[0.13640112239375946, 0.8595181609518097]
[0.44174790482687776, 0.6413178812464319]
[0.6667511793316572, 0.4369455262151419]
[0.8241537424174208, 0.24074623203114065]
[0.8909058600683374, 0.06485250479128893]
[0.8954904785551918, -0.09756763415618745]
[0.6761496526357685, -0.2802850794197257]
[0.40381435363184937, -0.6010203250395412]
[0.17176375301032373, -0.8102702688863888]
[0.005495236813889512, -0.8536007340728073]
[-0.13677541639269983, -0.8538406956212411]
[-0.43880635285042646, -0.6377161373255763]
[-0.6667353506969476, -0.43624863310683826]
[-0.827733748779689, -0.24145052026136876]
[-0.8962790725221718, -0.06645789382788127]
[-0.8992125214072613, 0.09572925687175625]
[-0.6772021505566628, 0.28113294661586047]
[-0.4045588131880298, 0.6007332998214794]
[-0.1742742384039845, 0.8055308618602248]
[-0.007887734174660647, 0.851280801237785]
[0.13630582173643674, 0.8589190511654052]
[0.4412171723911132, 0.6402022215159882]
[0.6662558425589296, 0.4360373661225342]
[0.8239622586069868, 0.24017431710650503]
[0.8909406497131235, 0.06470510914551192]
[0.8955870061591918, -0.0973000931753984]
[0.6762694696902738, -0.27975710260604036]
[0.40354796515558167, -0.6021660825227755]
[0.17137843374668624, -0.81190060805553]
[0.0053314430142527985, -0.854094132924999]
[-0.13670642192124302, -0.8532484214445278]
[-0.4383544554957766, -0.6365123098589898]
[-0.6662825684024906, -0.4352974105136528]
[-0.8275372926182017, -0.2408956240070832]
[-0.8962913069667683, -0.06636510889122621]
[-0.8992961923430848, 0.09542183106722141]
[-0.6773063366605019, 0.28065410810096436]
[-0.40426983653141496, 0.6019262574487434]
[-0.17387805653781752, 0.8071164128693712]
[-0.007717475554141741, 0.8517311656670031]
[0.13621805234713266, 0.8583232235126104]
[0.44069930889075104, 0.6391093597758548]
[0.6657709008931691, 0.4351552870537462]
[0.8237763363816526, 0.23962147420221455]
[0.8909763569160494, 0.06456345612712455]
[0.8956798475567377, -0.09704068787312423]
[0.6763845991589316, -0.27924690696915877]
[0.40329400815228145, -0.6032914234831365]
[0.1710116859857561, -0.8134943127331176]
[0.005175319106912331, -0.8545711780905585]
[-0.1366431203833003, -0.8526628818269177]
[-0.43791208039669655, -0.635333588256712]
[-0.6658377980196809, -0.4343725809834069]
[-0.8273451917820505, -0.24035836666423813]
[-0.8963042661727257, -0.066275802529031]
[-0.8993767632164424, 0.09512416318338034]
[-0.6774065386748297, 0.2801930852710065]
[-0.40399313157704886, 0.6030991632241448]
[-0.173499249066084, 0.8086662738327056]
[-0.007553634543364711, 0.8521646230705235]
[0.13613738424524352, 0.8577316831876263]
[0.4401939922293178, 0.6380392542921706]
[0.6652963365715424, 0.4342984969500222]
[0.8235960485012718, 0.23908686458067827]
[0.8910130412626074, 0.06442715870002041]
[0.8957691278229375, -0.09678921497792828]
[0.6764950257047698, -0.2787539884573218]
[0.4030518650101119, -0.6043958381856115]
[0.1706625617720554, -0.8150515664334842]
[0.005026377554937823, -0.8550326076049629]
[-0.13658515855410572, -0.8520849268038788]
[-0.43747895846627843, -0.6341799404855817]
[-0.665401043321306, -0.43347343102409147]
[-0.8271575281899715, -0.23983799236411718]
[-0.8963180016424839, -0.06618964090875186]
[-0.8994543329367497, 0.0948360531171012]
[-0.6775027305846424, 0.2797494114318551]
[-0.4037281122016347, 0.6042515988057541]
[-0.1731369412381978, 0.8101807560921856]
[-0.0073958012686117375, 0.8525820132604317]
[0.13606341263455468, 0.8571453642520062]
[0.43970091272152123, 0.6369918261649072]
[0.6648321178338392, 0.43346622099176824]
[0.823421445610316, 0.23856968468704787]
[0.8910507463938293, 0.06429584904857]
[0.8958549623621465, -0.0965454811766792]
[0.6766007479546053, -0.27827785140395994]
[0.4028209534284213, -0.6054788680393441]
[0.17033016281379143, -0.8165725883728048]
[0.004884162463547982, -0.855479135647991]
[-0.13653220481378664, -0.8515153428996587]
[-0.4370548371822008, -0.6330512900759593]
[-0.6649722999329682, -0.43259925315081144]
[-0.8269743660831933, -0.23933377289333885]
[-0.8963325518046846, -0.06610630832257339]
[-0.8995289921133245, 0.09455730534761371]
[-0.67759489891006, 0.2793226219637928]
[-0.4034742246258695, 0.6053831866439753]
[-0.17279030426302988, 0.8116601932359074]
[-0.007243593431831501, 0.8529841424931557]
[0.1359957562550435, 0.8565651311918066]
[0.4392197716215812, 0.6359669621368859]
[0.6643781993362781, 0.43265770226783695]
[0.8232525581325737, 0.23806916562988262]
[0.8910895020396095, 0.06416917851896456]
[0.8959374582931036, -0.09630930200894708]
[0.6767017770933877, -0.2778180098232129]
[0.4026007242277569, -0.6065401056044032]
[0.17001363819238657, -0.8180576315485713]
[0.004748247578951086, -0.8559114519343366]
[-0.13648394840076117, -0.8509548538526883]
[-0.436639479074236, -0.6319475192469718]
[-0.6645515552325421, -0.43174934741796545]
[-0.8267957533558588, -0.23884500787831286]
[-0.8963479436512521, -0.06602550733106721]
[-0.8996008243136582, 0.09428772817871182]
[-0.6776830415181203, 0.2789122561185168]
[-0.4032309455887887, 0.6064935906373679]
[-0.17245855345852446, 0.8131049400285355]
[-0.007096654953413051, 0.8533717837623693]
[0.13593405588423366, 0.8559917806544699]
[0.4387502797924097, 0.6349645173406998]
[0.6639345225827039, 0.4318722023480267]
[0.8230893980230437, 0.23758457256494603]
[0.89112932585387, 0.06404681744363797]
[0.8960167156854254, -0.09608050088594162]
[0.6767981355806354, -0.2773739884985267]
[0.40239065927557083, -0.6075791943075877]
[0.1697121821014439, -0.8195069808214934]
[0.0046182343622000535, -0.8563302212875445]
[-0.1364400986416867, -0.8504041216547726]
[-0.4362326602968641, -0.6308684719965272]
[-0.6641387883050431, -0.4309230228041483]
[-0.8266217228100948, -0.23837102480199118]
[-0.8963641942261705, -0.0659469587399128]
[-0.8996699071819511, 0.09402713311811826]
[-0.6777671665222774, 0.2785178585807133]
[-0.4029977805787327, 0.607582516441101]
[-0.1721409463500704, 0.8145153712591259]
[-0.006954654571008849, 0.8537456771576184]
[0.13587797297203472, 0.8554260433500009]
[0.4382921565170897, 0.6339843179673768]
[0.6635010163820511, 0.4311090017544259]
[0.8229319603916877, 0.23711520398958016]
[0.8911702250654474, 0.06392845486182872]
[0.8960928286539741, -0.09585890822393892]
[0.6768898559766926, -0.27694532387751924]
[0.40219026952693293, -0.6085958278864798]
[0.1694250316294268, -0.8209209510038542]
[0.00449375014716584, -0.8567360833812205]
[-0.1364003841603051, -0.8498637478677383]
[-0.43583416929245894, -0.62981395713516]
[-0.6637339699549961, -0.4301195984501657]
[-0.8264522933413123, -0.23791117887008026]
[-0.8963813119746248, -0.0658704014327374]
[-0.8997363134259794, 0.09377533437687707]
[-0.6778472912635297, 0.2781389808099965]
[-0.40277426212868883, 0.608649711459132]
[-0.1718367807426596, 0.8158918805278373]
[-0.006817284417585133, 0.8541065302923363]
[0.13582718839436408, 0.8548685860988965]
[0.43784512845089857, 0.6330261638432484]
[0.6630775973374498, 0.430367400329869]
[0.8227802250117339, 0.23666039095609853]
[0.8912121979583503, 0.06381379814926427]
[0.8961658863188421, -0.09564436068222133]
[0.6769769798679507, -0.27653156478688407]
[0.40199909317863247, -0.6095897495828053]
[0.16915146459773894, -0.8222998849590775]
[0.004374446389057152, -0.8571296526322487]
[-0.13636455206844572, -0.8493342751823506]
[-0.43544380554827755, -0.6287837512456496]
[-0.6633370627763123, -0.42933840475220125]
[-0.8262874710584327, -0.23746485274314014]
[-0.8963992979611777, -0.0657955920811194]
[-0.8998001116808867, 0.09353214847323178]
[-0.6779234413675723, 0.2777751821791041]
[-0.4025599481819868, 0.6096949645505791]
[-0.17154539278847383, 0.8172348789903242]
[-0.006684258598481603, 0.8544550188023091]
[0.1357814013122375, 0.8543200140079279]
[0.43740892870960835, 0.6320898309041207]
[0.6626641703695382, 0.4296467175040657]
[0.8226341577235403, 0.23621949621332156]
[0.891255235194714, 0.06370257256960804]
[0.8962359736396356, -0.09543670049575596]
[0.6770595568814598, -0.2761322729813654]
[0.4018166939342491, -0.610560751107414]
[0.1688907974635188, -0.8236441517177084]
[0.004259997007588945, -0.857511518231415]
[-0.1363323671431, -0.8488161891856121]
[-0.4350613784485512, -0.6277776015531455]
[-0.6629480212779788, -0.42857878431366403]
[-0.8261272503429494, -0.23703145615026866]
[-0.8964181469655942, -0.06572230475095465]
[-0.8998613672587615, 0.09329739392688853]
[-0.6779956498727885, 0.2774260309241393]
[-0.40235442053272313, 0.6107181054800186]
[-0.17126615506838244, 0.8185447940761881]
[-0.006555311784149982, 0.8547917869135165]
[0.13574032812429435, 0.8537808727542124]
[0.43698329608770803, 0.6311750735583244]
[0.6622606292741042, 0.42894629245988425]
[0.8224937117434132, 0.2357919132857772]
[0.8912993209932443, 0.06359452075980854]
[0.8963031721332435, -0.09523577489327187]
[0.6771376437805028, -0.275747023540987]
[0.40164265937711896, -0.611508671399977]
[0.16864238329433973, -0.8249541446152309]
[0.004150096826874908, -0.8578822442975267]
[-0.13630361099393637, -0.8483099203041253]
[-0.43468670622136757, -0.6267952286932174]
[-0.6625667920625589, -0.42784009276056]
[-0.8259716148501545, -0.23661042539933363]
[-0.8964378484647837, -0.06565033042261703]
[-0.8999201427930082, 0.09307089103095725]
[-0.6780639564242913, 0.27709110492245936]
[-0.40215728334383855, 0.6117190041404814]
[-0.17099847470286506, 0.8198220681956621]
[-0.0064301978323421105, 0.8551174480765502]
[0.13570370150199093, 0.8532516509577504]
[0.436567974398738, 0.6302816269324338]
[0.6618668573124201, 0.4282654842038133]
[0.8223588288855443, 0.2353770655001771]
[0.8913444341754488, 0.06348940216079993]
[0.8963675604846332, -0.09504143559189726]
[0.6772113036337044, -0.2753754051306476]
[0.4014765994475415, -0.6124333952068478]
[0.16840560982010877, -0.8262302794571563]
[0.0040444601124496535, -0.8582423701417153]
[-0.13627808122583374, -0.8478158458928506]
[-0.43431961497866634, -0.6258363293677607]
[-0.6621933140534699, -0.4271216994263005]
[-0.8258205384553305, -0.23620122279790864]
[-0.8964583875091547, -0.06557947644068146]
[-0.8999764987864906, 0.09285246169013897]
[-0.6781284065296054, 0.27676999231344457]
[-0.4019681617445082, 0.612697569576863]
[-0.17074179150517216, 0.8210671574467493]
[-0.006308688450916498, 0.8554325856635312]
[0.13567126949785008, 0.852732782622952]
[0.4361627119287901, 0.6294092089956123]
[0.6614827278311491, 0.4276036715459311]
[0.8222294407040109, 0.23497440496877225]
[0.8913905490913261, 0.06338699240426424]
[0.8964292150602734, -0.09485353836008928]
[0.6772806050511762, -0.27501702013595664]
[0.40131814502018415, -0.6133348515004575]
[0.16817989756581223, -0.827472992716718]
[0.0039428192044093785, -0.8585924106293112]
[-0.1362555906010939, -0.8473342924404837]
[-0.4339599378465832, -0.6249005788810578]
[-0.6618275187663234, -0.42642298791277433]
[-0.8256739861473693, -0.2358033359982884]
[-0.8964797455014551, -0.06550956590741694]
[-0.9000304940723123, 0.09264192931491627]
[-0.6781890508719068, 0.27646229197693717]
[-0.4017867005073967, 0.6136537488362446]
[-0.1704955761870803, 0.8222805303332602]
[-0.006190571910077339, 0.855737753722435]
[0.13564279471825103, 0.8522246496302364]
[0.4357672609935561, 0.6285575225603552]
[0.6611081049077021, 0.426960252995618]
[0.8221054695608678, 0.23458341153890472]
[0.8914376364355587, 0.06328708266532065]
[0.8964882103336944, -0.09467194264122364]
[0.6773456214819459, -0.27467148468884384]
[0.40116694657727214, -0.6142130117632678]
[0.1679646980672906, -0.8286827397702266]
[0.003844923244517226, -0.8589328566272453]
[-0.13623596620590883, -0.8468655378645927]
[-0.4336075141825043, -0.6239876335504139]
[-0.6614693306191003, -0.4257433565351746]
[-0.8255319148719322, -0.2354162772791007]
[-0.8965019008858748, -0.06544043703277319]
[-0.9000821861958124, 0.09243911876261376]
[-0.6782459446770392, 0.2761676138835829]
[-0.4016125628053394, 0.6145875256702864]
[-0.17025932862535254, 0.8234626665025769]
[-0.006075651810762771, 0.8560334777829982]
[0.13561805355324785, 0.8517275842596824]
[0.43538137758889867, 0.6277262571590612]
[0.6607428440161863, 0.4263346465799597]
[0.8219868296254768, 0.23420359171770586]
[0.8914856639645465, 0.06318947899015978]
[0.896544619232427, -0.09449651123081769]
[0.6774064305676103, -0.2743384285959848]
[0.40102267297292093, -0.6150678881586426]
[0.16775949217100838, -0.8298599931748127]
[0.003750536994215979, -0.859264175525649]
[-0.13621904862547515, -0.8464098138716936]
[-0.43326218887454615, -0.6230971329877493]
[-0.661118667275727, -0.4250822186585694]
[-0.8253942743261018, -0.23503958277516981]
[-0.8965248297548922, -0.06537194245219713]
[-0.9001316317260699, 0.09224385631723468]
[-0.6782991471307882, 0.2758855793306897]
[-0.40144542904622244, 0.6154989191134541]
[-0.17003257619505216, 0.8246140555105628]
[-0.005963745914038941, 0.856320255707957]
[0.13559683545684012, 0.8512418717298403]
[0.43500482112485167, 0.6269150907973211]
[0.6603867927087093, 0.42572628959224496]
[0.821873427809587, 0.23383447758043377]
[0.8915345971239887, 0.06309400160677428]
[0.8965985134152198, -0.09432711000098848]
[0.6774631135477326, -0.27401749518250385]
[0.40088501028381235, -0.6158995316101039]
[0.16756378841772362, -0.8310052409928774]
[0.003659439739788696, -0.8595868118229618]
[-0.136204691131867, -0.8459673083595375]
[-0.4329238117186917, -0.6222287022502655]
[-0.6607754400174908, -0.4244390029345379]
[-0.8252610077062701, -0.23467281166643317]
[-0.8965485063810081, -0.06530394852233215]
[-0.9001788865047814, 0.09205596970088797]
[-0.6783487208431401, 0.2756158210765093]
[-0.40128499578413623, 0.6163879819593278]
[-0.169814872174113, 0.825735195619697]
[-0.0058546850347638915, 0.856598558583034]
[0.1355789422719512, 0.8507677527360015]
[0.43463735423305017, 0.6261236915859766]
[0.6600397913065645, 0.42513463827818043]
[0.8217651646420641, 0.23347562567033361]
[0.8915843995959936, 0.0630004842260738]
[0.8966499634879691, -0.09416360766635437]
[0.6775157547130073, -0.27370834106278036]
[0.4007536607413297, -0.6167080298094041]
[0.16737712150910383, -0.8321189851670947]
[0.0035714242804021287, -0.8599011877645244]
[-0.136192758888446, -0.8455381678409409]
[-0.43259223686851833, -0.6213819538598166]
[-0.6604395541368456, -0.42381315344632264]
[-0.8251320524109446, -0.23431554533581664]
[-0.8965729036801482, -0.06523633460341614]
[-0.9002240058399539, 0.0918752881105356]
[-0.6783947313564574, 0.27535798338514017]
[-0.4011309747043167, 0.6172547991557376]
[-0.16960579422203204, 0.8268265926354027]
[-0.00574831200138274, 0.8568688316390483]
[0.13556418759513555, 0.8503054259736316]
[0.43427874263790545, 0.6253517192550709]
[0.6597016735958623, 0.42455916746753924]
[0.8216619350867098, 0.23312661589735043]
[0.8916350337740453, 0.06290877333985503]
[0.8966990391662818, -0.09400587558613736]
[0.6775644409026302, -0.273410635849444]
[0.4006283417402371, -0.6174935051726012]
[0.16719905085561018, -0.833201739949326]
[0.003486295994409569, -0.8602077040253192]
[-0.13618312817419678, -0.8451224998705794]
[-0.4322673223522577, -0.6205564896919353]
[-0.6601109093482983, -0.423204129770984]
[-0.8250073407000509, -0.2339673865050979]
[-0.896597993613147, -0.06516899233609319]
[-0.9002670446513705, 0.09170164227454301]
[-0.6784372466946961, 0.27511172199346057]
[-0.4009830916789649, 0.6180994861378658]
[-0.1694049429342575, 0.8278887587844473]
[-0.005644480682534349, 0.8571314951994878]
[0.13555239617672354, 0.8498550506339878]
[0.43392875508229084, 0.62459882655356]
[0.6593722675223148, 0.42399937015884304]
[0.8215636293062341, 0.23278705044229725]
[0.8916864611734945, 0.06281872752127768]
[0.8967458093920411, -0.09385378759779407]
[0.6776092610426849, -0.2731240618109172]
[0.4005087849190366, -0.61825611276205]
[0.16702915920342887, -0.8342540303863071]
[0.0034038719790868976, -0.8605067404282061]
[-0.13617568563095053, -0.8447203754581898]
[-0.4319489296518872, -0.6197519027366042]
[-0.6597894002113719, -0.42261140696692306]
[-0.8248868003122919, -0.23362795835694763]
[-0.8966237475313263, -0.06510182491931131]
[-0.9003080575742752, 0.09153486452425606]
[-0.6784763369509431, 0.27487670401072584]
[-0.4008410858906779, 0.6189221871169451]
[-0.16921194047271926, 0.8289222116384377]
[-0.005543055080165213, 0.8573869456471293]
[0.13554340335271575, 0.8494167488604502]
[0.4335871632990427, 0.6238646605393703]
[0.6590513958801609, 0.4234547570644872]
[0.8214701333751162, 0.23245655267248888]
[0.8917386427845897, 0.0627302167327709]
[0.8967903424107597, -0.09370721987796596]
[0.6776503057226589, -0.2728483134870523]
[0.4003947353072083, -0.6189960381908104]
[0.16686705133776525, -0.8352763908644479]
[0.003323980258864795, -0.860798656689659]
[-0.13617032753605637, -0.8443318314535854]
[-0.4316369233389747, -0.6189677787337785]
[-0.6594749165609519, -0.42203447549493595]
[-0.8247703550421044, -0.23329690365046085]
[-0.8966501364718366, -0.06503474639500831]
[-0.9003470990272442, 0.09137478887648157]
[-0.6785120739107413, 0.27465260776067324]
[-0.4007047090200002, 0.6197230733405665]
[-0.1690264292720208, 0.8299274730845526]
[-0.005443908488031057, 0.8576355564034118]
[0.13553705450528253, 0.8489906081553797]
[0.43325374202021255, 0.6231488637647822]
[0.6587388769905846, 0.4229248561233996]
[0.8213813299438709, 0.2321347660741084]
[0.8917915393744845, 0.06264312164556302]
[0.8968327058159236, -0.09356605082702346]
[0.6776876668074656, -0.2725830972716401]
[0.4002859505346789, -0.6197134955245791]
[0.1667123528595253, -0.8362693637155936]
[0.0032464590571440258, -0.8610837931856833]
[-0.13616695910260024, -0.8439568728907734]
[-0.43133117076211885, -0.6182036976874504]
[-0.6591673439407236, -0.4214728410806513]
[-0.8246579252777346, -0.23297388383672257]
[-0.8966771314079885, -0.06496768094444179]
[-0.9003842232496616, 0.0912212511233366]
[-0.6785445307087608, 0.27443912257517933]
[-0.40057372449343587, 0.62050234133913]
[-0.16884807082004344, 0.830905068345006]
[-0.0053469227137932715, 0.8578776789147028]
[0.13553320454920187, 0.8485766837287849]
[0.4329282690166756, 0.6224510753625327]
[0.6584345253654026, 0.42240921198792436]
[0.8212970988570046, 0.2318213532059555]
[0.8918451117440503, 0.06255733297438743]
[0.8968729665659434, -0.09343016097389321]
[0.6777214370825776, -0.27232813096976005]
[0.4001822000990025, -0.6204087251947918]
[0.166564709032153, -0.8372334978851124]
[0.003171156126839228, -0.86136247173126]
[-0.136165493808866, -0.8435954752802637]
[-0.43103154178098746, -0.6174592352626612]
[-0.6588665640357901, -0.4209260245258734]
[-0.824549428501975, -0.23265857818014246]
[-0.8967047034594636, -0.06490056220021537]
[-0.900419484313756, 0.09107408892644339]
[-0.6785737815165461, 0.2742359485477338]
[-0.4004479067881807, 0.6212602111714571]
[-0.16867654451108788, 0.8318555250460856]
[-0.005251987362418817, 0.8581136436398904]
[0.13553171744197248, 0.8481750007813312]
[0.4326105251613861, 0.6217709320381896]
[0.6581381523522639, 0.4219073854912091]
[0.8212173177268166, 0.23151599467856646]
[0.8918993209447799, 0.062472750830312326]
[0.896911190978752, -0.0932994328982305]
[0.6777517099300446, -0.27208314333715466]
[0.40008326468593197, -0.621081991935136]
[0.16642378369526867, -0.8381693476631995]
[0.0030979281349513277, -0.8616349963672536]
[-0.1361658527583333, -0.8432475868402906]
[-0.4307379085421888, -0.6167339640703011]
[-0.6585724551010054, -0.42039356147587953]
[-0.8244447797570933, -0.23235068289055935]
[-0.8967328240668991, -0.06483333257731894]
[-0.9004529361156385, 0.09093314191296024]
[-0.6785999012591666, 0.27404279625426065]
[-0.40032704078981174, 0.6219969246811774]
[-0.16851154656920161, 0.8327793723370762]
[-0.005158999178180836, 0.8583437610341442]
[0.13553246571570907, 0.8477855567154624]
[0.432300294510286, 0.6211080689744619]
[0.6578495667580928, 0.42141895310084604]
[0.8211418624650731, 0.23121838816206844]
[0.8919541284605793, 0.062389284094089274]
[0.8969474447085557, -0.09317375116736025]
[0.6777785790333664, -0.27184787360807605]
[0.3999889355392659, -0.6217335827523203]
[0.16628925824168195, -0.8390774714798975]
[0.0030266400966560275, -0.8619016541493927]
[-0.13616796407110865, -0.8429131306592903]
[-0.4304501452924582, -0.6160274548449229]
[-0.6582848923819721, -0.4198750021493465]
[-0.8243438920755164, -0.23204991027044206]
[-0.8967614651349913, -0.06476594262589894]
[-0.9004846323493305, 0.09079825177131184]
[-0.678622965358711, 0.27385938644804414]
[-0.40021092119919194, 0.6227127437741]
[-0.16835278903895895, 0.8336771400589416]
[-0.005067861442272281, 0.8585683225241548]
[0.1355353300292298, 0.8474083232695953]
[0.43199736439554154, 0.6204621206531383]
[0.6575685754479887, 0.4209435063640504]
[0.8210706077744772, 0.2309282474255575]
[0.8920094963587407, 0.06230684981192007]
[0.896981792708698, -0.09305300228570795]
[0.6778021381093038, -0.2716220710172722]
[0.3998990138760681, -0.6223638049405615]
[0.16616083065433776, -0.8399584307638626]
[0.0029571648546276794, -0.8621627159344529]
[-0.13617176230734376, -0.8425920067833681]
[-0.4301681282249066, -0.6153392775209904]
[-0.6580037485260604, -0.4193699110370287]
[-0.8242466768778121, -0.23175598788083626]
[-0.8967905991479077, -0.06469835040785281]
[-0.9005146264673277, 0.09066926234488949]
[-0.6786430495026956, 0.27368544973485165]
[-0.4000993519849445, 0.6234079487255304]
[-0.16819999884069897, 0.8345493579622495]
[-0.004978483422861363, 0.8587876014705855]
[0.13554019873900325, 0.8470432485714159]
[0.4317015255264708, 0.6198327216002614]
[0.657294983917301, 0.420480651349119]
[0.8210034276018031, 0.23064530141024536]
[0.8920653874139574, 0.06222537261510689]
[0.8970142991841351, -0.09293707465471886]
[0.6778224806648472, -0.27140549432111916]
[0.399813310343582, -0.6229729841479869]
[0.1660382145997874, -0.8408127888646186]
[0.0028893825995605776, -0.8624184371593898]
[-0.13617718792287328, -0.8422840942238314]
[-0.429891735354382, -0.6146690022131289]
[-0.6577288939812082, -0.41887786657489023]
[-0.8241530443395285, -0.23146865772913142]
[-0.8968201992604581, -0.06463052089888074]
[-0.900542971630817, 0.09054601972229442]
[-0.6786602294355293, 0.2735207262336486]
[-0.3999921458779361, 0.6240828365252067]
[-0.16805291688704244, 0.8353965549734971]
[-0.004890779874290048, 0.8590018541139091]
[0.13554696748784728, 0.8466902591072779]
[0.4314125720941291, 0.6192195070600195]
[0.6570285968350197, 0.42003000808740987]
[0.8209401955544737, 0.23036929333810854]
[0.8921217652088389, 0.062144784164631525]
[0.8970450275365287, -0.09282585854152971]
[0.6778396997776669, -0.27119791132222915]
[0.39973164451440446, -0.6235614625019038]
[0.1659211385748607, -0.8416411100376587]
[0.0028231804281224834, -0.8626690586096564]
[-0.13618418675700095, -0.8419892528810704]
[-0.4296208464182778, -0.6140162001059869]
[-0.6574601973806402, -0.41839846079685494]
[-0.8240629037284303, -0.23118767548114932]
[-0.8968502393681709, -0.06456242541712556]
[-0.9005697206522822, 0.09042837232300825]
[-0.6786745807713003, 0.27336496522770337]
[-0.399889123904363, 0.6247377192664682]
[-0.1679112972573986, 0.8362192585087531]
[-0.004804670582073033, 0.8592113205002758]
[0.13555553881046734, 0.8463492616056256]
[0.43113030187616536, 0.6186221136026648]
[0.6567692185571242, 0.4195912100195617]
[0.8208807852823384, 0.2300999798572967]
[0.8921785942139985, 0.062065022621386044]
[0.897074040304568, -0.09271924605485632]
[0.6778538878984695, -0.27099909840123715]
[0.39965384441670554, -0.6241295967987242]
[0.1658093451033065, -0.8424439584914774]
[0.002758451934847965, -0.8629148071734538]
[-0.13619270955212376, -0.8417073253821123]
[-0.42935534279942833, -0.6133804442592973]
[-0.6571975259120083, -0.4179312989718821]
[-0.823976163713691, -0.23091280969956313]
[-0.896880694159122, -0.06449404107918813]
[-0.9005949259328808, 0.09031617097759907]
[-0.6786861788262417, 0.273217924810254]
[-0.3997901149541949, 0.6253729225851297]
[-0.1677749064271417, 0.8370179938333113]
[-0.0047200799503756205, 0.8594162253844866]
[0.13556582175504928, 0.8460201448331666]
[0.430854516339055, 0.6180401796715449]
[0.6565166536088901, 0.41916390344920323]
[0.8208250708263614, 0.22983713022516827]
[0.8922358398504643, 0.061986032142449105]
[0.8971013991017319, -0.09261713112677797]
[0.6778651366737741, -0.2708088400589017]
[0.39957974609652425, -0.624677756763259]
[0.16570258997931328, -0.8432218974953628]
[0.0026950968347573545, -0.8631558965791287]
[-0.1362027115046378, -0.8414381388301782]
[-0.42909510746800344, -0.612761310333639]
[-0.6569407456697438, -0.41747599922959155]
[-0.8238927326485368, -0.23064384111019678]
[-0.8969115391500632, -0.06442535028393206]
[-0.9006186393966227, 0.09020926900180423]
[-0.6786950984693249, 0.2730793715283948]
[-0.3996949553819038, 0.6259887841526102]
[-0.16764352254813344, 0.8377932834658937]
[-0.004636936628687902, 0.859616779107559]
[0.13557773152026695, 0.8457027813032378]
[0.43058502073537397, 0.6174733460740943]
[0.6562707071355608, 0.4187477470069242]
[0.8207729269358762, 0.2295805255294129]
[0.8922934685368243, 0.06190776240354756]
[0.8971271645533451, -0.09251940949925332]
[0.6778735367876891, -0.2706269284711186]
[0.39950919320937867, -0.6252063233810893]
[0.16560064155494197, -0.8439754885465499]
[0.002633020613748864, -0.8633925281133584]
[-0.13621415184639596, -0.8411815064653979]
[-0.4288400249396221, -0.612158377242282]
[-0.6566897219897658, -0.4170321921782133]
[-0.8238125188278619, -0.23038056189734146]
[-0.8969427507091627, -0.06435634022420922]
[-0.9006409124230983, 0.09010752226401564]
[-0.6787014139895167, 0.27294908002830875]
[-0.3996034886365888, 0.6265856522269448]
[-0.16751693477731983, 0.8385456466258174]
[-0.004555173174509458, 0.8598131784467935]
[0.13559118910715623, 0.8453970288964519]
[0.4303216241942179, 0.6169212564213636]
[0.6560311853211264, 0.41834241112684195]
[0.8207242293560529, 0.2293299579473943]
[0.8923514477232702, 0.061830168147610345]
[0.8971513962344883, -0.09242597871437913]
[0.6778791778213742, -0.2704531630589614]
[0.3994420366386822, -0.6257156873068165]
[0.1655032800686807, -0.8447052905951443]
[0.0025721342040955636, -0.863624891318164]
[-0.13622699345581307, -0.8409372292365866]
[-0.42858998124715003, -0.611571227734308]
[-0.6564443197659031, -0.41659952051819293]
[-0.8237354307222727, -0.23012277502885867]
[-0.8969743060674025, -0.0642870024263878]
[-0.9006617957802268, 0.09001078924584124]
[-0.6787051989783374, 0.2728268327045214]
[-0.39951556491882084, 0.6271638842645006]
[-0.16739494265023258, 0.8392755987214644]
[-0.004474725748993599, 0.8600056074366336]
[0.1356061209853802, 0.8451027323942809]
[0.4300641398032823, 0.6163835575204014]
[0.6557978957752636, 0.4179475775377027]
[0.8206788550871787, 0.22908523004356726]
[0.8924097459144206, 0.0617532087591285]
[0.8971741526100032, -0.09233673810752359]
[0.6778821481289069, -0.27028735007542704]
[0.3993781341386186, -0.6262062473501439]
[0.16541029701246426, -0.8454118593250791]
[0.002512353682598851, -0.8638531646651694]
[-0.13624120249759186, -0.8407050972846546]
[-0.42834486392392257, -0.6109994489140375]
[-0.6562044037476575, -0.41617763865439195]
[-0.823661377189991, -0.22987029361153447]
[-0.897006183320458, -0.06421733231735047]
[-0.9006813395582313, 0.08991893109556538]
[-0.6787065262264343, 0.2727124193554168]
[-0.3994310408616923, 0.627723845594464]
[-0.1672773554963043, 0.8399836508783128]
[-0.004395533842608452, 0.8601942381589476]
[0.1356224587734826, 0.8448197249267027]
[0.4298123846814974, 0.6158598997235012]
[0.6555706478887354, 0.41756293877005907]
[0.8206366826173076, 0.2288461541045336]
[0.8924683326825844, 0.06167684786386879]
[0.897195490977615, -0.0922515888025926]
[0.6778825347283615, -0.27012930221015197]
[0.39931734999937674, -0.6266784090409976]
[0.1653214945346767, -0.8460957464892265]
[0.002453599989220113, -0.8640775162058318]
[-0.13625674808993357, -0.8404848913387453]
[-0.4281045619963636, -0.610442632701524]
[-0.6559698388191387, -0.41576621230941413]
[-0.8235902676680132, -0.22962294027682562]
[-0.8970383614226906, -0.06414732881844896]
[-0.9006995931058517, 0.08983181167443986]
[-0.6787054676329611, 0.272605636846888]
[-0.39934977923378195, 0.6282659081575381]
[-0.16716399189306771, 0.8406703095047952]
[-0.004317540028060628, 0.860379231501728]
[0.13564013893276022, 0.8445478293354574]
[0.4295661800414431, 0.6153499372380725]
[0.6553492531578361, 0.4171881976807433]
[0.8205975921298393, 0.22861255151110915]
[0.8925271786729505, 0.06160105295335816]
[0.8972154674149615, -0.092170433708791]
[0.6778804232069787, -0.269978838213029]
[0.3992595547328107, -0.6271325832742154]
[0.16523668487681967, -0.846757499296698]
[0.002395798664218886, -0.8642981041967195]
[-0.1362736019980155, -0.8402763840267112]
[-0.42786896598421365, -0.6099003762386982]
[-0.6557404902591905, -0.41536491814025445]
[-0.8235220123438782, -0.2293805465969364]
[-0.8970708201746709, -0.06407699396577014]
[-0.9007166049695957, 0.08974929759582073]
[-0.6787020941266617, 0.272506288785612]
[-0.39927164866193254, 0.6287904493096336]
[-0.16705467915644462, 0.8413360758941892]
[-0.004240689737886716, 0.8605607378854796]
[0.13565910247441404, 0.8442868594548221]
[0.4293253512410147, 0.6148533284005963]
[0.65513352547859, 0.41682306699552873]
[0.8205614656874899, 0.22838425214657418]
[0.8925862556019392, 0.06152579503342835]
[0.8972341367311055, -0.09209317751834964]
[0.6778758976393305, -0.26983578253732987]
[0.39920462477676777, -0.6275691850337375]
[0.16515568984166343, -0.8473976598502819]
[0.0023388796020373387, -0.8645150776991325]
[-0.13629173835246589, -0.8400793411018966]
[-0.427637967906764, -0.609372282245451]
[-0.6555162239828604, -0.4149734433601328]
[-0.8234565223093359, -0.22914295253092762]
[-0.8971035402054949, -0.06400633255593557]
[-0.9007324228366547, 0.0896712582572683]
[-0.6786964755975985, 0.27241418520317584]
[-0.39919652337189726, 0.6292978506908918]
[-0.16694925286447085, 0.8419814458608157]
[-0.0041649310642725874, 0.860738897956877]
