0.0
0.0, 
0.0, 
0.0, 
0.0, 
0.0, 
0.001473576602103375, 
0.03679474334379134, 
0.03973019787610721, 
0.042663694394346544, 
0.04559508636357113, 
0.048524227169805006, 
0.05145096984028081, 
0.054375167003697086, 
0.057296670847652886, 
0.06021533307086607, 
0.06313100483298074, 
0.06604353669856393, 
0.06895277857706017, 
0.07185857965804986, 
0.07476078834228596, 
0.07765925216745613, 
0.08055381772978906, 
0.0834443306020856, 
0.08633063524695261, 
0.08921257492886511, 
0.09208999162131701, 
0.09496272591586798, 
0.09783061692889954, 
0.1006935022106802, 
0.1035512176583417, 
0.10640359743336388, 
0.10925047388669197, 
0.11209167749415828, 
0.11492703680504901, 
0.1177563784056282, 
0.12057952690283635, 
0.12339630492921283, 
0.12620655233002448, 
0.12901012222663316, 
0.13180690066895515, 
0.1345967285301364, 
0.13737939809733385, 
0.1401546120722644, 
0.1001760961849901, 
0.09875365734991273, 
0.0973066104032423, 
0.09587866399768145, 
0.09445388214724693, 
0.09302825210710623, 
0.09160049147608393, 
0.09017024228050048, 
0.08873744691139682, 
0.08730214230496453, 
0.08586439468682568, 
0.08442427928429266, 
0.08298434512976868, 
0.08154192721970505, 
0.08009732662586011, 
0.07865065136892581, 
0.07720195900599415, 
0.07575130613861403, 
0.07429874816033985, 
0.07284433917415443, 
0.07138813192857857, 
0.06993017777136831, 
0.06847052661964872, 
0.06700922694324614, 
0.06554632576265414, 
0.0640818686579167, 
0.062615899789793, 
0.06114846193031182, 
0.05967959650286506, 
0.058209343628413755, 
0.056737742180608286, 
0.05526482984101983, 
0.05379064318448286, 
0.05231521771803572, 
0.05083858796248007, 
0.04936078755376879, 
0.047881849007242225, 
0.046401803695907524, 
0.04492068261538349, 
0.04343851636955774, 
0.04195533523702938, 
0.040471169234555175, 
0.03898604821109238, 
0.03750000190213811, 
0.03601306002180718, 
0.0345252523183921, 
0.03303660872515148, 
0.031547159560864936, 
0.030056936270946483, 
0.028565974177202726, 
0.05869456857014797, 
0.06461117589446817, 
0.07055020572216118, 
0.07649185667550885, 
0.08242891523602479, 
0.08835866026153621, 
0.09427984269782734, 
0.10019167126955524, 
0.10609349180417957, 
0.11198468957903918, 
0.11786466022557385, 
0.12373280079244595, 
0.12958850651758125, 
0.4097982334442836, 
0.42000193013906123, 
0.42083035866109064, 
0.4252276796461372, 
0.42650903755458547, 
0.4167611496933822, 
0.42914174485980805, 
0.43828835637695845, 
0.4433360640325834, 
0.4485200539374699, 
0.45674023679936476, 
0.45696382810128333, 
0.4608136749934538, 
0.46359808910514333, 
0.4673877668481335, 
0.47125823880493234, 
0.47464153984733165, 
0.4771503110289228, 
0.4799895077432605, 
0.48222897481824023, 
0.48663055011346845, 
0.49003058423406204, 
0.49204251977488145, 
0.49655237043183176, 
0.49894763681446386, 
0.5029835608562534, 
0.5069130464063186, 
0.5104566330632949, 
0.5125435122396595, 
0.5127837000609643, 
0.5187389268792766, 
0.5218737811439641, 
0.47198092824500076, 
0.46044060232702877, 
0.4506982779881719, 
0.45676134782106753, 
0.4548057748375009, 
0.4549025579054531, 
0.44923577697289047, 
0.4470168931035417, 
0.4446025953934765, 
0.4378465723213247, 
0.4370805671002437, 
0.4387896464915801, 
0.4345246590721842, 
0.4284219346726927, 
0.43224348203152047, 
0.43209568952342337, 
0.42929316614175134, 
0.419285701966742, 
0.41920201991472705, 
0.41913685672095324, 
0.41274396698364, 
0.40941372845415375, 
0.4065290104981111, 
0.4044085968267273, 
0.39590986244391885, 
0.3960948707330155, 
0.39909315908483667, 
0.39081750953497707, 
0.3935846865603865, 
0.3899888436119621, 
0.38569117848093815, 
0.3857943675245014, 
0.3790107258439224, 
0.3798442293981666, 
0.37768219934988634, 
0.3637760936462907, 
0.3669219763909465, 
0.3657560494555444, 
0.35585483327809464, 
0.3605424531849502, 
0.3515829765771423, 
0.35453497966716724, 
0.3476869065747173, 
0.34056771181560197, 
0.34090163333850787, 
0.33665319116552883, 
0.32928744436426644, 
0.3308054020691964, 
0.3245116918566815, 
0.31682550321936936, 
0.32194570209878987, 
0.3159559112645475, 
0.313901275147117, 
0.3087089897816281, 
0.0, 
0.0014721593826471785, 
0.0, 
0.0014687014566011924, 
0.036652052747285904, 
0.03957558975627621, 
0.04249719029352191, 
0.04541671250600049, 
0.04833401468799428, 
0.05124895537556263, 
0.05416139334101955, 
0.05707118758263738, 
0.059978197306836914, 
0.06288228190526256, 
0.0657833009229083, 
0.0686811140185873, 
0.0715755809165748, 
0.0744665613493401, 
0.07735391498971265, 
0.08023750137294682, 
0.08311717980855489, 
0.08599280927991826, 
0.08886424833445737, 
0.09173135495970738, 
0.09459398645109275, 
0.09745418186909692, 
0.10030746607515466, 
0.10315585115615401, 
0.1059991780905568, 
0.10883729820614485, 
0.11167006108725239, 
0.11449731439181422, 
0.11731890364245093, 
0.12013467201363731, 
0.12294446011415197, 
0.125748105767174, 
0.1285454437914804, 
0.1313363057806337, 
0.13412051988733906, 
0.13689791061046144, 
0.13966829858811802, 
0.10020902898580285, 
0.09882151656011304, 
0.09740734184819436, 
0.09598364555264666, 
0.09455578638894656, 
0.0931252984509678, 
0.09169248430911849, 
0.09025743493568099, 
0.08882020759467756, 
0.08738085535940235, 
0.0859394363021005, 
0.08449602613566831, 
0.0830517573827725, 
0.08160567723784377, 
0.0801578115956797, 
0.07870822027751852, 
0.07725694090412562, 
0.07580401373014913, 
0.07434952652323623, 
0.0728932566057633, 
0.071435334929334, 
0.06997576717571775, 
0.06851463085144766, 
0.06705195344352145, 
0.0655877260838275, 
0.06412199202410325, 
0.06262460883990062, 
0.061156479102374206, 
0.05968799207618151, 
0.05821808130041329, 
0.05674674461060335, 
0.055274065449567686, 
0.05380004084093838, 
0.05232472323157207, 
0.05084815007055102, 
0.049370364913762954, 
0.047891436072148706, 
0.04641137255593593, 
0.0449302401976065, 
0.04344806577661384, 
0.0419648893274538, 
0.04048071899732425, 
0.03899556789169742, 
0.03750948960209664, 
0.03602251816044278, 
0.034534669596003285, 
0.03304593831641518, 
0.03155634942986513, 
0.030066000190228866, 
0.028574888783482688, 
0.05869096012953845, 
0.0646210509227906, 
0.07056850686629326, 
0.07651508779515266, 
0.08245561974986251, 
0.08838833454572388, 
0.09431233931518869, 
0.10022696400299971, 
0.10613159527447279, 
0.11202563458042494, 
0.11790848763806665, 
0.12377956166699837, 
0.1296382644559418, 
0.4210328376184846, 
0.4253174078242171, 
0.42953158145993886, 
0.43364482683110134, 
0.43773932199186244, 
0.44178275156432995, 
0.44575662563005863, 
0.4495260110618155, 
0.4529421957079591, 
0.45598073630187863, 
0.4518740461640828, 
0.4541772630663263, 
0.4598257938946264, 
0.46426269329168546, 
0.46860493073653575, 
0.47221277188875166, 
0.4746281176074453, 
0.47917642742428956, 
0.4838014290784725, 
0.4851353749080812, 
0.48895255714069863, 
0.4829509021924578, 
0.4920850377765804, 
0.5001774456414931, 
0.5030628608641203, 
0.5064121867106676, 
0.5081345341065353, 
0.5122334624858201, 
0.5166573894168306, 
0.5192359889485438, 
0.5195848709902392, 
0.5234007733388499, 
0.4719408468028215, 
0.46055615477400597, 
0.4523327423434116, 
0.4528744852373737, 
0.459875617169797, 
0.4609386010771388, 
0.4505084902954612, 
0.4455887851407147, 
0.44674565434608926, 
0.4400926078160837, 
0.44510912444012296, 
0.44471677594669806, 
0.43394144859822026, 
0.4314185017793293, 
0.4346671153255022, 
0.4322082537755041, 
0.4307484298834717, 
0.4205359741960147, 
0.4206832343767753, 
0.41935441494387626, 
0.4119908554520847, 
0.4125626252829023, 
0.40805700952781265, 
0.0, 
0.0014711580682136558, 
