0.0
0.0, 
0.0, 
0.0, 
0.0, 
0.0, 
0.0, 
7.535810421132364E-4, 
0.018829470696219035, 
0.020333931102794023, 
0.021837869536125386, 
0.02334124542059091, 
0.024844018013636476, 
0.026346146118362786, 
0.027847588039348878, 
0.02934830153258339, 
0.03084824375307854, 
0.0323473711969753, 
0.03384563964077939, 
0.03534300407458001, 
0.036839418631794275, 
0.038334836513482254, 
0.03982920990869472, 
0.041322489909713066, 
0.04281462642409765, 
0.04430556808260678, 
0.04579526214344285, 
0.047283654395594656, 
0.048770689060736123, 
0.050256308693985494, 
0.05174045408769814, 
0.05322306417760743, 
0.05470407595478163, 
0.05618342438504255, 
0.057661042338518216, 
0.0591368605313316, 
0.06061080748490395, 
0.06208280950200795, 
0.06355279066692954, 
0.06502069202691213, 
0.06648646764850401, 
0.06795010426547028, 
0.06941154316700218, 
0.07087067678255814, 
0.07232730767721181, 
0.06871187550756046, 
0.06581030478004679, 
0.062905098708075, 
0.05999666459043485, 
0.05708521682314573, 
0.05417091944660778, 
0.051253935636847776, 
0.048334427445622885, 
0.045412555709566406, 
0.04248847998058465, 
0.03956235847401509, 
0.03663434803193865, 
0.033704604100298054, 
0.030773280720965156, 
0.02784053053471218, 
0.024906504796137884, 
0.021971353397898078, 
0.019035224904589004, 
0.016098266593581673, 
0.013160624503150307, 
0.010222443481522075, 
0.007283867267117896, 
0.004345038520160225, 
0.001406098911750017, 
6.281681308199116E-5, 
6.164114520624758E-5, 
6.037363024091181E-5, 
5.902032610607028E-5, 
5.758769743126351E-5, 
5.608255802297301E-5, 
5.4512000625678826E-5, 
5.2883323356878025E-5, 
5.1203963189004443E-5, 
4.94814031184194E-5, 
4.7723097065464766E-5, 
4.593635668801905E-5, 
4.412813110190343E-5, 
4.2304243953832375E-5, 
4.046668359571935E-5, 
1.1112808435590991E-5, 
6.26568747196378E-5, 
8.531111064759269E-5, 
9.82807304350412E-5, 
1.081837888509246E-4, 
1.171467418406626E-4, 
1.258247834696321E-4, 
1.344161930924763E-4, 
1.4298311746465558E-4, 
1.515492420832775E-4, 
1.6012896634698095E-4, 
1.6873638968930782E-4, 
1.773886023639279E-4, 
1.8610778025094E-4, 
3.2133022650627434E-4, 
5.5245830854202E-4, 
5.788258548570939E-4, 
5.929293311950608E-4, 
6.06216626790059E-4, 
6.187296445827735E-4, 
6.305754260432906E-4, 
6.418967424030406E-4, 
6.534402543428034E-4, 
5.613648813423623E-4, 
5.664822770795636E-4, 
3.6537832432962053E-4, 
3.497464212331356E-4, 
3.3642302240562106E-4, 
3.213711191628365E-4, 
3.029201684440349E-4, 
2.797967208934705E-4, 
2.5202290015822565E-4, 
2.2063687124806267E-4, 
1.858407453925915E-4, 
1.4821825611237389E-4, 
1.0707702154048805E-4, 
4.05912851421954E-4, 
3.1876919290207354E-4, 
3.12866735493076E-4, 
3.227990496420408E-4, 
3.1772303522250856E-4, 
3.179216389074123E-4, 
3.321563620937387E-4, 
3.532716748924936E-4, 
3.836994230978852E-4, 
4.277849936702651E-4, 
4.842184390832239E-4, 
9.758067140913305E-4, 
0.006975517144623682, 
0.006150402837372729, 
0.005688863162031304, 
0.005837563113567269, 
0.006438046223930328, 
0.007388573990494318, 
0.008512995415944432, 
0.009572129566178, 
0.010341424966134145, 
0.01092644082994295, 
3.228575697048628E-4, 
0.00410673920877031, 
0.005843045658441933, 
0.007761311596078555, 
0.007354705114476585, 
0.0076850872452310795, 
0.008722298329760693, 
0.009480851009686184, 
0.010246270086813301, 
0.010843968200661403, 
0.011313723882995832, 
0.0053627947208039085, 
0.00874459766026008, 
0.008514551000013136, 
0.01135709355661919, 
0.009182590228375783, 
0.010197965873053397, 
0.010834181577357304, 
0.012021044955768667, 
0.010996375523089132, 
0.01092348498693061, 
0.012188598041052481, 
0.010905373287418434, 
0.011685987456708092, 
0.010774881029942847, 
0.009918837678724535, 
0.009397010462887951, 
0.010279905796707563, 
0.012957210579259222, 
0.00986690271200862, 
0.00954410725582282, 
0.0037036953593933327, 
0.0, 
7.521638226570397E-4, 
0.0, 
7.487058966110537E-4, 
0.018686780099713602, 
0.02017932298296302, 
0.02167136543530076, 
0.02316287156302027, 
0.024653805531825754, 
0.026144131653644605, 
0.027633814376671336, 
0.029122818267567883, 
0.030611107989049383, 
0.03209864826925711, 
0.03358540386512376, 
0.03507133951610715, 
0.036556419890319235, 
0.0380406095205364, 
0.03952387273095124, 
0.04100617355287082, 
0.042487475630566936, 
0.043967742115572424, 
0.0454469355490351, 
0.046925017733985025, 
0.048401949595960905, 
0.049879873634182885, 
0.0513544179521726, 
0.05282769767541975, 
0.05429965661197455, 
0.05577024870449542, 
0.05723942593161233, 
0.05870713811809681, 
0.060173332721726674, 
0.06163795461280891, 
0.06310094585186868, 
0.06456224546406165, 
0.06602178921335125, 
0.06747950937714885, 
0.06893533452420482, 
0.07038918929568573, 
0.07184099419306546, 
0.0687836221961251, 
0.06587771698854332, 
0.06296884871406233, 
0.0600571495569555, 
0.05714278573084775, 
0.05422590134450005, 
0.05130664322831897, 
0.04838520580850227, 
0.04546147314117078, 
0.0425356829813389, 
0.03960794787836421, 
0.036678452263737504, 
0.03374733060057334, 
0.03081468104213851, 
0.02788065390089874, 
0.024915213846245517, 
0.021979370569960466, 
0.019043620477905455, 
0.01610700426558121, 
0.013169626933145369, 
0.01023167909006993, 
0.007293264923573421, 
0.004354544033696575, 
0.00141566101982096, 
5.323945308782893E-5, 
5.205408029976746E-5, 
5.080477021250662E-5, 
4.946274388306969E-5, 
4.803829037516988E-5, 
4.652846759855304E-5, 
4.496223785660477E-5, 
4.336364275184413E-5, 
4.1716263230476186E-5, 
4.0023264482817584E-5, 
3.830581945427986E-5, 
3.6606765424316365E-5, 
3.4938262101711235E-5, 
3.3240324671448526E-5, 
3.155207731575513E-5, 
1.472124904511143E-5, 
5.278184639721871E-5, 
6.700996651551005E-5, 
7.50496107912356E-5, 
8.147927501320847E-5, 
8.747245765299222E-5, 
9.332816610827812E-5, 
9.912345964798804E-5, 
1.0487964717143788E-4, 
1.1060424069750789E-4, 
1.1630155385418361E-4, 
1.2197551513688281E-4, 
1.2763066400339437E-4, 
1.3327271881346904E-4, 
7.564535228352958E-5, 
7.440361074311956E-5, 
7.471842441912562E-5, 
7.457176069680573E-5, 
7.381382518618011E-5, 
7.25329748933041E-5, 
7.077223384910035E-5, 
6.772113666596583E-5, 
6.342435880386541E-5, 
5.7768501210603924E-5, 
5.059575659549894E-5, 
2.1967055150787733E-5, 
1.0679432371904642E-4, 
1.2630032012336427E-4, 
1.4957424955617263E-4, 
1.7970036123285654E-4, 
0.0016443382551248103, 
0.0017241611978379109, 
0.0016833539793174217, 
0.0016643799418597062, 
0.001658032435747065, 
0.0016440231974408767, 
0.0013260148255096677, 
0.0012021697900321815, 
0.001189907655643863, 
0.0011912907355996695, 
0.0012004655152097524, 
4.6110624598327593E-4, 
5.002929167209289E-4, 
5.181600168666429E-4, 
5.439838231268847E-4, 
5.770041112528124E-4, 
6.136240671079085E-4, 
3.6503591593098784E-4, 
2.0576169829571563E-4, 
3.5358809415559635E-4, 
3.0176600608033065E-4, 
2.574289142495301E-4, 
2.4319347455396047E-4, 
2.5780116664179725E-4, 
2.920076205168381E-4, 
3.453514260819121E-4, 
4.1588422913341563E-4, 
4.950734227642598E-4, 
1.9366792077235188E-4, 
2.1306365627063255E-5, 
7.680193600532502E-5, 
1.161725099912685E-4, 
1.4307209648080992E-4, 
2.6626805864039186E-4, 
6.355284689678286E-5, 
2.2827224398133385E-4, 
1.2558036344753098E-5, 
1.2651698383162868E-4, 
7.911965175495175E-5, 
4.731702881813337E-5, 
4.337485804546195E-5, 
9.740381415742175E-5, 
1.268091190541008E-4, 
1.6349376395919412E-4, 
2.2553965949130382E-4, 
4.474763440974528E-4, 
9.7761684052533E-4, 
0.001840009786153505, 
0.003743776801751519, 
0.0, 
7.511625082235173E-4, 
