0.0
0.0, 
0.0014664113927039498, 
0.036611353619718186, 
0.03953154583291851, 
0.042449812250796845, 
0.0453660126728631, 
0.04828000718210232, 
0.05119165643910966, 
0.05410082173496396, 
0.05700736504885662, 
0.05991114910829359, 
0.0628120374551757, 
0.06570989451479066, 
0.06860458566981353, 
0.07149597733886139, 
0.07438393706012213, 
0.07726833357886535, 
0.0801490369395921, 
0.08302591858278303, 
0.08589885144411324, 
0.08876771005850528, 
0.09163237066366495, 
0.09449271130786006, 
0.09734861195527207, 
0.10019995459054486, 
0.10304662332064467, 
0.10588850447061975, 
0.10872548667184122, 
0.11155746094033757, 
0.11438432074252392, 
0.11720596204418358, 
0.12002228334163412, 
0.1228331856696514, 
0.12563855342696034, 
0.1284382583290677, 
0.13123213976614814, 
0.13402008292397258, 
0.13680202220577448, 
0.13957798224520115, 
0.10019875175179563, 
0.09879093722226603, 
0.09740279219912827, 
0.09599067891046716, 
0.09457060434290776, 
0.09314665236268822, 
0.09172017661051027, 
0.09029160641571081, 
0.08886107085778686, 
0.08742860458317997, 
0.08599421306076908, 
0.08455789286671164, 
0.08311716687893991, 
0.08167477211780577, 
0.08023047963109853, 
0.07878425362098683, 
0.07733610885220364, 
0.07588606114461471, 
0.0744341276211509, 
0.07298032679163581, 
0.0715246786127825, 
0.07006720453250662, 
0.06860792751945163, 
0.06714687207661545, 
0.06568406424275912, 
0.0642195315801984, 
0.06275330315267257, 
0.06128540949268684, 
0.059815882560679906, 
0.05834475569466827, 
0.05687206355558089, 
0.055397842069100194, 
0.05392212833847225, 
0.052444960604116624, 
0.05096637813412842, 
0.049486421180131725, 
0.04800513129771157, 
0.04652255095630408, 
0.045038723267567214, 
0.043553691764533956, 
0.04206750035307533, 
0.04058019323586338, 
0.03909181485794825, 
0.03760240982854455, 
0.036112022828044016, 
0.034620698512466186, 
0.03312848143844225, 
0.03163541582309717, 
0.030141544758910992, 
0.02864690754439416, 
0.058716794187047575, 
0.06473648964396429, 
0.07072082794348479, 
0.0766884181364642, 
0.08264528281378349, 
0.0885929537453028, 
0.09453149226485187, 
0.10046050365579702, 
0.10637945803913731, 
0.11228778806334783, 
0.11818491815829624, 
0.12407027357188141, 
0.12994328372236597, 
0.4324256810958726, 
0.43072751956701855, 
0.4383195539748659, 
0.4422567816443789, 
0.44922322466730247, 
0.4671313409632526, 
0.4628225857194055, 
0.4616586184348958, 
0.46450356106441393, 
0.4671214382386228, 
0.46661155906973056, 
0.4740059370506311, 
0.47768096324055087, 
0.48232757352926525, 
0.4858743284086277, 
0.489244963659036, 
0.49300672030404663, 
0.49754624279024884, 
0.5016578709005391, 
0.5062710647303288, 
0.5086233011597221, 
0.511877554207957, 
0.5164197158570145, 
0.5183631170068108, 
0.5223196117278233, 
0.5245333229161391, 
0.5267507217638815, 
0.5292506539891562, 
0.5331033238330747, 
0.5386981212195681, 
0.5384727323032938, 
0.5409619956556665, 
0.4741954064961526, 
0.4794080918903175, 
0.47619714617639824, 
0.48116705721561875, 
0.4776127727116182, 
0.47819333375538786, 
0.46700129679430163, 
0.4626404372556678, 
0.4632926722076575, 
0.4580587971939088, 
0.46346099866094403, 
0.46119691614069863, 
0.4512343829050537, 
0.4491049263494547, 
0.449616754395709, 
0.44467197161198, 
0.44539134750619797, 
0.4336440533832766, 
0.43376896044457514, 
0.4294108541136272, 
0.42488324656795895, 
0.4245971540926243, 
0.41973647493903654, 
0.4134256526532733, 
0.41543078343277856, 
0.41385989907716036, 
0.4115161402207742, 
0.402595627361527, 
0.4052879313928357, 
0.3972812357140871, 
0.3919418129502946, 
0.39789828341714434, 
0.3837294059989102, 
0.38796740521768663, 
0.37957710814327117, 
0.382229658953381, 
0.3774834110951363, 
0.3756832900594812, 
0.3694209939667201, 
0.36314514178375873, 
0.35571063718625506, 
0.3574444730226645, 
0.35462714560779823, 
0.3447330289697207, 
0.34154990209399794, 
0.3402907572851275, 
0.3477174166233989, 
0.334077660010073, 
0.3331064772252752, 
0.32562834023031734, 
0.32208024204635183, 
0.31378534038055295, 
0.313103425097296, 
0.3128966296443355, 
0.3032575729100969, 
0.0, 
0.0014678286121601464, 
0.0, 
0.0014712865382061325, 
0.03675404421622362, 
0.03968615395274951, 
0.042616316351621476, 
0.045544386530433745, 
0.048470219663913044, 
0.05139367090382784, 
0.054314595397641496, 
0.057232848313872126, 
0.06014828487232275, 
0.06306076038289389, 
0.0659701302904463, 
0.0688762502282864, 
0.07177897608033644, 
0.07467816405306799, 
0.07757367075660883, 
0.08046535329643435, 
0.08335306937631375, 
0.0862366774111476, 
0.08911603665291302, 
0.09199100732527457, 
0.09486145077263529, 
0.09772504701507469, 
0.1005859907260704, 
0.10344198982283236, 
0.10629292381342682, 
0.10913866235238834, 
0.11197907734724347, 
0.1148140431557587, 
0.11764343680736086, 
0.12046713823083316, 
0.12328503048471226, 
0.12609699998981083, 
0.12890293676422046, 
0.13170273465446958, 
0.13449629156676993, 
0.13728350969264688, 
0.14006429572934753, 
0.10016581895098288, 
0.09872307801206573, 
0.09730206075417622, 
0.09588569735550195, 
0.09446870010120813, 
0.09304960601882666, 
0.09162818377747571, 
0.0902044137605303, 
0.08877831017450612, 
0.08734989152874215, 
0.08591917144549426, 
0.084486146015336, 
0.0830497546259361, 
0.08161102209966704, 
0.08016999466127894, 
0.07872668471239412, 
0.07728112695407217, 
0.07583335355307962, 
0.07438334925825452, 
0.07293140936002694, 
0.07147747561202707, 
0.07002161512815717, 
0.0685638232876527, 
0.06710414557634013, 
0.06564266392158576, 
0.06417940821401184, 
0.06274459410256494, 
0.06127739232062446, 
0.059807486987363455, 
0.05833601802266874, 
0.056863061125585826, 
0.05538860646055234, 
0.05391273068201673, 
0.05243545509058027, 
0.05095681602605748, 
0.04947684382013756, 
0.04799554423280509, 
0.046512982096275676, 
0.04502916568534421, 
0.04354414235747786, 
0.04205794626265091, 
0.0405706434730943, 
0.03908229517734321, 
0.03759292212858602, 
0.036102564689408416, 
0.034611281234855, 
0.03311915184717855, 
0.031626225954096976, 
0.03013248083962861, 
0.0286379929381142, 
0.0587204026276571, 
0.06472661461564187, 
0.07070252679935271, 
0.07666518701682039, 
0.08261857829994576, 
0.08856327946111513, 
0.09449899564749052, 
0.10042521092235254, 
0.1063413545688441, 
0.11224684306196206, 
0.11814109074580344, 
0.12402351269732899, 
0.12989352578400543, 
0.4211910769216716, 
0.42541204188186266, 
0.42961833117601766, 
0.4338396344594148, 
0.4379929402300255, 
0.44210973909230483, 
0.4462077049491549, 
0.45042096375003876, 
0.4548974293890382, 
0.45966075587421407, 
0.47147774970501255, 
0.47679250208558815, 
0.4786688443393783, 
0.4816629693427231, 
0.48465716452022545, 
0.4882904305752167, 
0.493020142543933, 
0.4955201263948821, 
0.4978459495653271, 
0.5033646646404879, 
0.5063012941324919, 
0.5189572362495611, 
0.5163771978553156, 
0.5147380417971494, 
0.5182043876781668, 
0.5211046970617249, 
0.5255292340636648, 
0.5274738245666309, 
0.5289894466559036, 
0.5322458323319885, 
0.5376267881923312, 
0.5394350034607807, 
0.47423548793833187, 
0.4792925394433403, 
0.47456268182115857, 
0.48505391979931256, 
0.4725429303793221, 
0.47215729058370215, 
0.4657285834717309, 
0.4640685452184948, 
0.4611496132550448, 
0.45581276169914975, 
0.45543244132106475, 
0.45526978668558066, 
0.4518175933790176, 
0.4461083592428181, 
0.44719312110172726, 
0.4445594073598993, 
0.44393608376447763, 
0.4323937811540039, 
0.4322877459825269, 
0.4291932958907042, 
0.4256363580995143, 
0.42144825726387575, 
0.41820847590933496, 
0.0, 
0.001468829926593669, 
