0.0
0.0, 
0.0, 
7.464158327138112E-4, 
0.01864608097214588, 
0.020135279059605327, 
0.021623987392575695, 
0.023112171729882888, 
0.02459979802593379, 
0.026086832717191637, 
0.02757324277061575, 
0.029058995733787115, 
0.030544059790506062, 
0.032028403819170256, 
0.033511997457006136, 
0.03499481116733339, 
0.03647681631260582, 
0.03795798523131842, 
0.039438291320103944, 
0.04091770911951612, 
0.042396214404795095, 
0.043873784279767396, 
0.04535039727308301, 
0.04682603343794258, 
0.048300674452728225, 
0.04977430372035803, 
0.05124690646756278, 
0.052718469839910395, 
0.054188982992037484, 
0.055658437170191796, 
0.057126825784697514, 
0.05859414446880651, 
0.06006039112345933, 
0.061525565940805715, 
0.06298967140736811, 
0.06445269312384799, 
0.06591460375093856, 
0.0673753433626633, 
0.06883489756083835, 
0.07029330089099879, 
0.07175067785014859, 
0.06884548873914272, 
0.06594312643342148, 
0.06303794358008145, 
0.06012981758861113, 
0.05721881907330693, 
0.054305069292309056, 
0.051388690642713224, 
0.04846980690639813, 
0.04554854332703836, 
0.04262502666478611, 
0.03969938523515274, 
0.036771748931741406, 
0.03384224923366732, 
0.030911019201070124, 
0.027978193456993886, 
0.02504390815901746, 
0.022108300960273105, 
0.019171510962403854, 
0.016233678659836197, 
0.013294945878122912, 
0.01035545570960244, 
0.007415352421107289, 
0.004474781406241126, 
0.0015338890833983684, 
6.281681328094312E-5, 
6.1641145263091E-5, 
6.0373630155646684E-5, 
5.902032607764857E-5, 
5.7587697544950345E-5, 
5.608255802297301E-5, 
5.4512000682522245E-5, 
5.288332349898657E-5, 
5.120396321742615E-5, 
4.94814031184194E-5, 
4.772309700862135E-5, 
4.593635660275392E-5, 
4.412813113032514E-5, 
4.2304244010675794E-5, 
4.046668359571935E-5, 
1.11128084640127E-5, 
6.265687477648122E-5, 
8.53111106760144E-5, 
9.828073052030633E-5, 
1.0818378890776801E-4, 
1.1714674192592772E-4, 
1.2582478355489723E-4, 
1.3441619314931972E-4, 
1.429831174930773E-4, 
1.5154924222538605E-4, 
1.6012896637540266E-4, 
1.6873638974615124E-4, 
1.773886024207713E-4, 
1.861077802793617E-4, 
3.2133022647785263E-4, 
5.524583085988634E-4, 
5.788258549139373E-4, 
5.929293311950608E-4, 
6.06216626790059E-4, 
6.187296445827735E-4, 
6.305754260432906E-4, 
6.41896742459884E-4, 
6.534402543996468E-4, 
5.613648813992058E-4, 
5.664822770795636E-4, 
3.6537832432962053E-4, 
3.497464212331356E-4, 
3.3642302232035593E-4, 
3.2137111910599306E-4, 
3.029201684440349E-4, 
2.797967208934705E-4, 
2.5202290012980394E-4, 
2.2063687119121926E-4, 
1.8584074533574809E-4, 
1.482182561692173E-4, 
1.070770213983795E-4, 
4.059128514503757E-4, 
3.187691930441821E-4, 
3.1286673557834115E-4, 
3.227990496988842E-4, 
3.17723035279352E-4, 
3.1792163899267744E-4, 
3.32156362065317E-4, 
3.5327167503460216E-4, 
3.8369942312630693E-4, 
4.277849936702651E-4, 
4.8421843919691074E-4, 
9.758067141481739E-4, 
0.006975517144680525, 
0.006150402837486415, 
0.0056888631619744605, 
0.0058375631137093775, 
0.006438046223987171, 
0.00738857399052274, 
0.008512995415972854, 
0.009572129566234844, 
0.010341424966276254, 
0.01092644082994295, 
3.228575697617062E-4, 
0.0041067392089124185, 
0.005843045658413511, 
0.007761311596192242, 
0.007354705114476585, 
0.007685087245202658, 
0.008722298329789114, 
0.009480851009799871, 
0.01024627008678488, 
0.010843968200632981, 
0.011313723883024254, 
0.00536279472083233, 
0.00874459766026008, 
0.008514551000013136, 
0.011357093556676034, 
0.009182590228290518, 
0.010197965873081818, 
0.010834181577414148, 
0.012021044955853932, 
0.01099637552306071, 
0.010923484986987454, 
0.012188598041080903, 
0.010905373287560543, 
0.011685987456651248, 
0.010774881029942847, 
0.009918837678838222, 
0.009397010462973216, 
0.010279905796707563, 
0.012957210579344488, 
0.00986690271200862, 
0.009544107255879664, 
0.0014892171082415368, 
0.001697607529049877, 
2.7925644844177533E-4, 
0.005776812461522344, 
0.012068583306271623, 
0.0, 
7.478330521700078E-4, 
0.0, 
7.512909782159938E-4, 
0.018788771568651313, 
0.02028988717943633, 
0.021790491493400323, 
0.023290545587453526, 
0.02479001050774451, 
0.026288847181909818, 
0.02778701643329329, 
0.029284478998802623, 
0.03078119555453522, 
0.03227712674688844, 
0.03377223323266177, 
0.035266475725806254, 
0.03675981505408086, 
0.038252212224264275, 
0.039743628497847426, 
0.04123402547635837, 
0.042723365198325806, 
0.04421161024680175, 
0.045698723867490756, 
0.04718467009955221, 
0.04866941391750344, 
0.05015073878016064, 
0.05163294260308832, 
0.05311383634209808, 
0.05459340233484456, 
0.056071612850738924, 
0.0575484421916034, 
0.0590238668820413, 
0.06049786588663661, 
0.06197042083000476, 
0.06344151622242897, 
0.06491113968669847, 
0.06637928218609132, 
0.06784593825098474, 
0.06931110620363572, 
0.0707747883778712, 
0.07223699133429494, 
0.06877374205057807, 
0.06587571422492496, 
0.06297419357409412, 
0.06006933262209048, 
0.05716125016560491, 
0.054250087394416786, 
0.05133598305124203, 
0.04841902854351874, 
0.045499625895433986, 
0.042577823664031865, 
0.03965379583080362, 
0.03672764469994255, 
0.03379952273339203, 
0.030869618879896768, 
0.027938070090807326, 
0.025035199108909827, 
0.022100283788210717, 
0.019163115389087403, 
0.01622494098783666, 
0.01328594344812785, 
0.010346220101054586, 
0.007405954764651764, 
0.004465275892704776, 
0.0015243269753274255, 
5.3239453286780896E-5, 
5.205408035661088E-5, 
5.080477012724149E-5, 
4.946274385464798E-5, 
4.803829048885672E-5, 
4.652846759855304E-5, 
4.4962237913448187E-5, 
4.336364289395268E-5, 
4.1716263258897895E-5, 
4.0023264482817584E-5, 
3.830581939743644E-5, 
3.660676533905124E-5, 
3.4938262130132945E-5, 
3.3240324728291945E-5, 
3.155207731575513E-5, 
1.4721249073533139E-5, 
5.278184645406213E-5, 
6.700996654393176E-5, 
7.504961087650073E-5, 
8.147927507005188E-5, 
8.747245773825735E-5, 
9.332816619354325E-5, 
9.912345970483146E-5, 
1.0487964719985959E-4, 
1.1060424083961644E-4, 
1.1630155388260532E-4, 
1.2197551519372623E-4, 
1.2763066406023778E-4, 
1.3327271884189075E-4, 
7.564535225510787E-5, 
7.440361068627614E-5, 
7.47184243622822E-5, 
7.457176069680573E-5, 
7.381382518618011E-5, 
7.25329748933041E-5, 
7.077223384910035E-5, 
6.772113660912241E-5, 
6.342435874702199E-5, 
5.7768501153760506E-5, 
5.059575659549894E-5, 
2.1967055150787733E-5, 
1.0679432371904642E-4, 
1.263003202086294E-4, 
1.4957424961301605E-4, 
1.7970036123285654E-4, 
0.0016443382551248103, 
0.0017241611978663326, 
0.0016833539793742651, 
0.0016643799419165497, 
0.0016580324356902216, 
0.0016440231975829852, 
0.0013260148255380894, 
0.00120216979017429, 
0.0011899076557291281, 
0.001191290735656513, 
0.0012004655152665958, 
4.6110624606854106E-4, 
5.002929166925072E-4, 
5.181600170087514E-4, 
5.439838231553064E-4, 
5.770041112528124E-4, 
6.136240672215954E-4, 
3.6503591598783126E-4, 
2.0576169835255905E-4, 
3.535880942692832E-4, 
3.0176600602348723E-4, 
2.5742891439163866E-4, 
2.431934746108039E-4, 
2.5780116667021896E-4, 
2.920076205452598E-4, 
3.453514261387555E-4, 
4.158842292755242E-4, 
4.950734227642598E-4, 
1.936679208291953E-4, 
2.1306365769171802E-5, 
7.680193597690331E-5, 
1.1617251010495534E-4, 
1.4307209648080992E-4, 
2.6626805861197016E-4, 
6.355284692520457E-5, 
2.2827224409502068E-4, 
1.2558036316331389E-5, 
1.2651698380320697E-4, 
7.911965178337346E-5, 
4.7317028846555076E-5, 
4.337485804546195E-5, 
9.740381415742175E-5, 
1.2680911911094422E-4, 
1.6349376401603754E-4, 
2.2553965960499066E-4, 
4.4747634412587453E-4, 
9.776168405537518E-4, 
0.0018400097861819267, 
0.00144913566588335, 
0.0015820550821181792, 
0.0019137208034981472, 
0.0018899498774584966, 
0.0, 
7.488343666035303E-4, 
