0.0
0.0, 
0.0, 
0.0, 
0.0, 
0.0, 
0.0, 
0.0, 
3.5826046997126656E-6, 
9.169486203657693E-5, 
9.932602159434821E-5, 
1.0694107177484645E-4, 
1.145368453540124E-4, 
1.2210999385134532E-4, 
1.2965670058557408E-4, 
1.3717263436656394E-4, 
1.4465289939813653E-4, 
1.5209198128623972E-4, 
1.5948368890252254E-4, 
1.668210918866283E-4, 
1.7409645362331442E-4, 
1.813011595942286E-4, 
1.8842564108191665E-4, 
1.9545929429538902E-4, 
2.0239039509847216E-4, 
2.0920600965127915E-4, 
2.1589190141969042E-4, 
2.2243243517991953E-4, 
2.2881047882603416E-4, 
2.3500730400395154E-4, 
2.4100248681373286E-4, 
2.4677381006767607E-4, 
2.5229716884851857E-4, 
2.575464813720689E-4, 
2.6249360742537767E-4, 
2.671082769103517E-4, 
2.7135803126254954E-4, 
2.7520818072231026E-4, 
2.7862178060111896E-4, 
2.815596297807195E-4, 
2.839994515320631E-4, 
2.8593194878272796E-4, 
2.873804514034928E-4, 
2.883228030819149E-4, 
2.886879457796761E-4, 
2.8831491353161485E-4, 
1.132778340276356E-5, 
1.8639936176646278E-5, 
4.8090897942978364E-5, 
5.600745639285136E-5, 
5.8361097830417235E-5, 
5.920012779098884E-5, 
5.984256721316863E-5, 
6.068206760515853E-5, 
6.181197319502543E-5, 
6.32311391077221E-5, 
6.490918697170063E-5, 
6.680679120948578E-5, 
6.641087458561893E-5, 
6.642244905036617E-5, 
6.657650261920837E-5, 
6.680112603051189E-5, 
6.707492310475013E-5, 
6.73775030003449E-5, 
6.768973040552576E-5, 
6.799380874069384E-5, 
6.82733421019647E-5, 
6.851338056914808E-5, 
6.870044990145968E-5, 
6.88225666846551E-5, 
6.886924005248873E-5, 
6.88314611408556E-5, 
6.870168143978881E-5, 
6.847378118751246E-5, 
6.814302890742442E-5, 
6.770603312726062E-5, 
6.716068748630245E-5, 
6.65061140401819E-5, 
6.57425769946969E-5, 
6.487144304045076E-5, 
6.389508582417577E-5, 
6.281681318146714E-5, 
6.164114523466929E-5, 
6.037363019827925E-5, 
5.902032609185943E-5, 
5.7587697488106926E-5, 
5.608255802297301E-5, 
5.4512000654100535E-5, 
5.28833234279323E-5, 
5.12039632032153E-5, 
4.94814031184194E-5, 
4.772309703704306E-5, 
4.5936356645386484E-5, 
4.4128131116114285E-5, 
4.2304243982254085E-5, 
4.046668359571935E-5, 
1.1112808449801846E-5, 
6.265687474805951E-5, 
8.531111066180354E-5, 
9.828073047767377E-5, 
1.081837888793463E-4, 
1.1714674188329516E-4, 
1.2582478351226466E-4, 
1.34416193120898E-4, 
1.4298311747886643E-4, 
1.5154924215433178E-4, 
1.601289663611918E-4, 
1.6873638971772953E-4, 
1.773886023923496E-4, 
1.8610778026515086E-4, 
3.6537832213185794E-4, 
3.497464206908007E-4, 
3.364230222274139E-4, 
3.2137111910081285E-4, 
3.029201684357899E-4, 
2.797967208914801E-4, 
2.520229001435468E-4, 
2.2063687121953477E-4, 
1.8584074536414695E-4, 
1.482182561407911E-4, 
1.0707702146943302E-4, 
4.05912851436165E-4, 
3.1876919297312776E-4, 
3.128667355357086E-4, 
3.227990496704625E-4, 
3.177230352509303E-4, 
3.1792163895004487E-4, 
3.3215636207952783E-4, 
3.532716749635479E-4, 
3.836994231120961E-4, 
4.277849936702651E-4, 
4.842184391400673E-4, 
3.228575691317116E-4, 
0.004106739208214899, 
0.00851455095840396, 
0.008993362420562472, 
0.009182590228888654, 
0.01019796587857882, 
0.010834181578297946, 
0.012021044955982252, 
0.010996375523113989, 
0.010923484986950739, 
0.012188598041066591, 
0.010905373287489513, 
0.011685987456679706, 
0.01077488102994284, 
0.009918837678781395, 
0.009397010462930584, 
0.010279905796707563, 
0.012957210579301855, 
0.00986690271200862, 
0.009544107255851243, 
0.0011072391255758979, 
0.009483744781644349, 
0.01274943409411318, 
0.012202854697275608, 
0.011403498937058682, 
0.011645387924967367, 
0.008882759910705558, 
0.007811772076063046, 
0.00934503840709048, 
0.010106112436292057, 
0.013190215780350161, 
0.011203634824559286, 
0.008354861916434732, 
0.010341495838381025, 
0.008686636182094238, 
0.0062881410442783385, 
0.008049090682223313, 
0.007179175708267305, 
0.007283470264924026, 
0.005136998696336972, 
0.006069639792159443, 
0.007591712819235241, 
0.006603732220462755, 
0.004508527913272998, 
0.00976046049442986, 
0.008882514172072415, 
0.006211490567968753, 
0.0058890589132749435, 
0.0058516224162246284, 
0.003646196051062504, 
0.0031253172346782303, 
0.0060519579463214675, 
0.002359340077493892, 
0.004061587909760038, 
9.474543966923952E-4, 
0.00922678265354517, 
0.0052807173520949165, 
0.0049636203019683845, 
0.006783080344312718, 
0.001301344299404266, 
0.0020638303045563667, 
0.0014547466777486478, 
0.0034701195165404626, 
0.002082658577059334, 
3.241343777450423E-4, 
0.001818783059799349, 
0.009214986129566212, 
0.0016361289704382841, 
0.0042973926842968645, 
0.004401418505473967, 
6.726997378095993E-5, 
0.001085285441997257, 
3.989250249105048E-4, 
0.002093819931353711, 
0.0, 
2.1653852435159896E-6, 
0.0, 
1.2925408024700115E-6, 
5.099573446885665E-5, 
5.5282098236654526E-5, 
5.956302904978195E-5, 
6.383701221662851E-5, 
6.810248795937857E-5, 
7.235776413260658E-5, 
7.66010283109759E-5, 
8.08303656173716E-5, 
8.504378274292033E-5, 
8.923923881566648E-5, 
9.341468376900669E-5, 
9.756810484954988E-5, 
1.0169758188081369E-4, 
1.0580135186393721E-4, 
1.0987788344809362E-4, 
1.139259617437728E-4, 
1.1794478387943317E-4, 
1.2193406561466592E-4, 
1.2589415922782622E-4, 
1.2982618278359424E-4, 
1.3373216077127223E-4, 
1.354325729888773E-4, 
1.3926232545786332E-4, 
1.430693333391645E-4, 
1.468728614350061E-4, 
1.5068207312174823E-4, 
1.5450812999553358E-4, 
1.5836438197224605E-4, 
1.6226658245496834E-4, 
1.6623310859792265E-4, 
1.7028518528014553E-4, 
1.7444711131840742E-4, 
1.7874648637003629E-4, 
1.8321443691794568E-4, 
1.878858397154426E-4, 
1.927995410927272E-4, 
1.979985706147425E-4, 
2.1605017409981382E-5, 
4.921927402365624E-5, 
5.264054700906601E-5, 
4.8974098572353854E-5, 
4.3543143869219516E-5, 
3.784621607056628E-5, 
3.215026582138905E-5, 
2.65105875753498E-5, 
2.094871008572269E-5, 
1.548191533010467E-5, 
1.0132428303121716E-5, 
4.940060166162171E-6, 
1.0013784181959413E-6, 
2.6724309116281055E-6, 
6.09153279962616E-6, 
9.2322174377986E-6, 
1.2093024973275358E-5, 
1.466991146524241E-5, 
1.691136750914716E-5, 
1.907637713182525E-5, 
2.107034134653551E-5, 
2.2923976219713703E-5, 
2.4596218102526514E-5, 
2.609606640934427E-5, 
2.746891887912839E-5, 
2.8708094954293404E-5, 
5.999263133215664E-5, 
6.045660912512564E-5, 
5.9747455590974556E-5, 
5.8968361127724345E-5, 
5.815825749124102E-5, 
5.727050549232887E-5, 
5.634492053917191E-5, 
5.5365929504100766E-5, 
5.433297775323288E-5, 
5.323945318730491E-5, 
5.205408032818917E-5, 
5.080477016987405E-5, 
4.946274386885883E-5, 
4.80382904320133E-5, 
4.652846759855304E-5, 
4.496223788502648E-5, 
4.3363642822898405E-5, 
4.171626324468704E-5, 
4.0023264482817584E-5, 
3.830581942585815E-5, 
3.66067653816838E-5, 
3.493826211592209E-5, 
3.3240324699870236E-5, 
3.155207731575513E-5, 
1.4721249059322284E-5, 
5.278184642564042E-5, 
6.70099665297209E-5, 
7.504961083386817E-5, 
8.147927504163017E-5, 
8.747245769562479E-5, 
9.332816615091068E-5, 
9.912345967640975E-5, 
1.0487964718564874E-4, 
1.1060424076856217E-4, 
1.1630155386839446E-4, 
1.2197551516530452E-4, 
1.2763066403181607E-4, 
1.332727188276799E-4, 
7.564535226931872E-5, 
7.440361071469785E-5, 
7.47184243907039E-5, 
7.457176069680573E-5, 
7.381382518618011E-5, 
7.25329748933041E-5, 
7.077223384910035E-5, 
6.772113663754412E-5, 
6.34243587754437E-5, 
5.7768501182182215E-5, 
5.059575659549894E-5, 
2.1967055150787733E-5, 
1.0679432371904642E-4, 
1.2630032016599683E-4, 
1.4957424958459434E-4, 
2.574289137954212E-4, 
2.4319347446595286E-4, 
2.5780116662835065E-4, 
2.9200762052418303E-4, 
3.453514261085644E-4, 
4.158842292040067E-4, 
4.950734227641367E-4, 
1.9366792080078318E-4, 
2.1306365698120416E-5, 
7.680193599111481E-5, 
1.1617251004811198E-4, 
1.4307209648080986E-4, 
2.66268058626181E-4, 
6.355284691099372E-5, 
2.2827224403817727E-4, 
1.2558036330542244E-5, 
1.2651698381741782E-4, 
7.91196517691626E-5, 
4.731702883234422E-5, 
4.337485804546195E-5, 
9.740381415742175E-5, 
1.2680911908252251E-4, 
1.6349376398761583E-4, 
2.2553965954814724E-4, 
4.474763441116637E-4, 
9.77616840539541E-4, 
0.008017115057946986, 
0.0011473205677919056, 
0.009368192334674518, 
0.007344928705534964, 
0.006263002902760177, 
0.0061755767919343205, 
0.00659382693953608, 
0.0059289034789842595, 
0.0058022558028746, 
0.00491944047341368, 
0.006822751323714739, 
0.004442815990486737, 
0.0, 
1.1640708099934757E-6, 
