0.0
0.0, 
0.0, 
0.0, 
0.0, 
0.0, 
0.0, 
0.0, 
0.0, 
0.0, 
8.908630576866446E-4, 
0.002674658248265468, 
0.004451062681315004, 
0.006233433147414789, 
0.008015121127938719, 
0.009796392814543508, 
0.011577243623678495, 
0.013357613660296589, 
0.015137431505220877, 
0.016916623050407188, 
0.018695113216614545, 
0.02047282623209685, 
0.02224968561600415, 
0.024025651591560494, 
0.02580062557218877, 
0.027574532713664814, 
0.029347298073376594, 
0.03111884638345743, 
0.03288910201721838, 
0.03465798895209451, 
0.036425430729577844, 
0.03819135041198242, 
0.03995567053573733, 
0.04171831306065608, 
0.04347919931593765, 
0.04523824994230728, 
0.04699538483046034, 
0.048750523055800854, 
0.050503582810473305, 
0.052254481331823754, 
0.054003134828923195, 
0.05574945840676467, 
0.05749336599064163, 
0.05923477024915402, 
0.06097358251935133, 
0.06270971273437966, 
0.0644430693552582, 
0.06617355930869381, 
0.06790108793307059, 
0.06962555893455225, 
0.07134687435621286, 
0.07306493456193772, 
0.07477963823845694, 
0.07649089774277465, 
0.07819863595005487, 
0.07990280197377017, 
0.08160330867885543, 
0.0833000299519568, 
0.08499276789979048, 
0.08026272317429595, 
0.07855967664021138, 
0.07687144068360821, 
0.07516314700376883, 
0.07344764317378072, 
0.07172823833446737, 
0.07000605750803467, 
0.06828148632719125, 
0.06655467028165704, 
0.06482567936941375, 
0.0630945602985013, 
0.061361352712509074, 
0.059624117344103875, 
0.05788508628437374, 
0.05614411888929629, 
0.05440122907809748, 
0.052656471257906734, 
0.050909900714958226, 
0.049161573811026774, 
0.04741154804747156, 
0.045659882111027936, 
0.043906635907063875, 
0.042151870580477244, 
0.04039564852411312, 
0.038638033377531696, 
0.03687909001487692, 
0.03511888452467601, 
0.033357484181183984, 
0.0315949574092335, 
0.029831373741801788, 
0.02806680377348152, 
0.026301319111481057, 
0.024534992303831816, 
0.0227678968041431, 
0.021000106887010716, 
0.019844821922597868, 
0.019251365435272366, 
0.018657319286680258, 
0.01806270556790037, 
0.017467546863804067, 
0.01687186618764851, 
0.016275686894868628, 
0.015679032601921643, 
0.015081927101980391, 
0.01448439425371234, 
0.01388645788261611, 
0.013288141660693212, 
0.012689468834131754, 
0.012090461298750198, 
0.011491136364634238, 
0.02349560792157887, 
0.02594472135738416, 
0.028356580065923353, 
0.03075399183896782, 
0.033144660156616865, 
0.03553089889162775, 
0.037913256732750554, 
0.040291734416815536, 
0.042666169709638026, 
0.045036354619062594, 
0.04740207043640745, 
0.049763098540526754, 
0.05211922437086027, 
0.05447023996790594, 
0.056967634840377236, 
0.059571391176162725, 
0.061928889923943686, 
0.06426385952863267, 
0.06659105263639699, 
0.06891061915338975, 
0.07122254034576866, 
0.0735267786745525, 
0.07582400630416329, 
0.07798938691842981, 
0.08026366722404012, 
0.08228252356632956, 
0.08451576202231818, 
0.08674336114580303, 
0.0889602521704583, 
0.09116420695117608, 
0.09335347474105118, 
0.09552786038875283, 
0.09768838892269419, 
0.09983508305901381, 
0.10196842443491785, 
0.1040873643448507, 
0.10660388093178548, 
0.10864661054247415, 
0.11077600327588377, 
0.11291335777083966, 
0.11502144976538924, 
0.1171244073790175, 
0.11923253414314824, 
0.12133703431935135, 
0.12344061820780486, 
0.1255482935681748, 
0.12765828298656098, 
0.13027775058385044, 
0.13948063917404904, 
0.14050480912821686, 
0.14194329078105286, 
0.14409886440451808, 
0.14678254314407846, 
0.14987229924281412, 
0.15315661029473188, 
0.15634827823108258, 
0.15917765243001686, 
0.161771214206603, 
0.15092359113504294, 
0.1573258724126041, 
0.16125582381155965, 
0.16537464347410571, 
0.1667123476376737, 
0.16891103476124575, 
0.17194004654051312, 
0.17461800301204713, 
0.17728770187789014, 
0.17973958509142857, 
0.18202124944512318, 
0.17658124334502237, 
0.18232349959472524, 
0.18371435342483164, 
0.18877496470139296, 
0.20696678453169498, 
0.19858409838459656, 
0.1940083206452463, 
0.19426762798140632, 
0.19428894160351473, 
0.19059313255666652, 
0.19641920257574416, 
0.1978192972441721, 
0.20042282224011215, 
0.20174435576174687, 
0.2028926753885175, 
0.20454876030471986, 
0.20717686981592448, 
0.20933049362235262, 
0.21212526185682418, 
0.2122464208823592, 
0.21348980967274805, 
0.21631876477565917, 
0.21606954543271595, 
0.21827663465647307, 
0.2184332339904099, 
0.2186353588485777, 
0.21921786996600695, 
0.22146525417059593, 
0.22584501695126874, 
0.22328261509092445, 
0.2240200840669476, 
0.19115964074221836, 
0.19935023258144252, 
0.2006261858991351, 
0.20451789201208292, 
0.20499469127413067, 
0.20740401041719775, 
0.20380167826054357, 
0.20379155805541593, 
0.20662004479342114, 
0.20685566518040122, 
0.21237924311227516, 
0.2129446841069012, 
0.20966644437317314, 
0.21187544238194325, 
0.21311818131906116, 
0.21257790351602096, 
0.21560116583809302, 
0.21216326910353162, 
0.2146341191585969, 
0.21451042006130905, 
0.21427706938324625, 
0.2168708489221543, 
0.21726155898235927, 
0.21557532574608368, 
0.22099536841769182, 
0.22206167927912412, 
0.2221612524483901, 
0.2194836860870673, 
0.22260517299439497, 
0.2204143132978505, 
0.22114471973975608, 
0.22566948586404606, 
0.220812395722787, 
0.22496781434880336, 
0.2227279399080532, 
0.22944020598593845, 
0.22700280903926, 
0.22864270625029812, 
0.2284812716130896, 
0.22575470916110324, 
0.22569117676404332, 
0.2277732234576078, 
0.22852368109996482, 
0.2258145423706234, 
0.22660300144573436, 
0.2289047780571504, 
0.23732917169335727, 
0.22905288574820082, 
0.23260878032127516, 
0.23151694745586915, 
0.23054643493636134, 
0.23012944185610468, 
0.22956593687420618, 
0.2335336614236025, 
0.0, 
8.897292821216874E-4, 
0.0026704207831420605, 
0.0, 
8.890310065688504E-4, 
0.0026678183730693876, 
0.0044458533290176305, 
0.006225259597903027, 
0.008004181451400898, 
0.009782723992076631, 
0.01156085525096438, 
0.013338511424523424, 
0.015115621241243177, 
0.016892111545883513, 
0.018667908579394495, 
0.020442938271353028, 
0.022217126313949974, 
0.023990416452874336, 
0.025762723138008713, 
0.02753397284715491, 
0.029304092068663024, 
0.03107300723429507, 
0.032840644732373914, 
0.034606930925069904, 
0.03637179217074319, 
0.038135154851912934, 
0.039896945409243226, 
0.04165709038163705, 
0.043415516453766914, 
0.04517215051093291, 
0.046926919701782505, 
0.04867975150911709, 
0.05043057382985583, 
0.05217931506317974, 
0.0539259042081615, 
0.05567027096993073, 
0.0574123458760555, 
0.05915031431809412, 
0.06088757333166348, 
0.06262233046597218, 
0.06435453045930854, 
0.0660841100812509, 
0.06781100781553875, 
0.06953516401512001, 
0.07125652107759899, 
0.07297502362433517, 
0.0746906186828565, 
0.07640325587060373, 
0.07811288758012472, 
0.07981946916218172, 
0.08152295910816226, 
0.08322331922820722, 
0.084920514825457, 
0.08027094496150172, 
0.078584140110489, 
0.07687508040286106, 
0.07515752031751241, 
0.07343578881061177, 
0.07171115520509104, 
0.06998390366692125, 
0.06825414914316741, 
0.06652197967116961, 
0.06478747999039167, 
0.06305073889156643, 
0.061311859327674426, 
0.05957178974716992, 
0.05783408626986275, 
0.056095730913440625, 
0.0543551739512233, 
0.05261248573940155, 
0.050867734641730146, 
0.04912095112070967, 
0.04737241410218446, 
0.0456221197104236, 
0.04387016438358433, 
0.0421165871950381, 
0.04036146732389286, 
0.03860491312059302, 
0.03684699132192766, 
0.035111917284589914, 
0.03335107044353407, 
0.03158824095058035, 
0.02982438360420216, 
0.028059601829485477, 
0.026293930624642775, 
0.024527474178667397, 
0.022760292393314018, 
0.02099245720055396, 
0.019833329090604868, 
0.019239860957384586, 
0.01864583665464617, 
0.01805123646923277, 
0.017456087575336753, 
0.016860401279139202, 
0.016264227179545742, 
0.0156676089851956, 
0.015070541862030157, 
0.014473044487349615, 
0.01387515714948269, 
0.013276946151176767, 
0.01267844099133153, 
0.012079584595611339, 
0.011480438837098284, 
0.0234999380503103, 
0.025932871323397267, 
0.028334618692964865, 
0.03072611449539525, 
0.033112614740011606, 
0.03549528975060255, 
0.03787426079191693, 
0.04024938313668215, 
0.042620445545286156, 
0.04498722061739967, 
0.047349477541416087, 
0.04970698549106384, 
0.052059514844827626, 
0.05440683789418097, 
0.056672812991309954, 
0.05900079268133614, 
0.061324749137565526, 
0.06364202836224453, 
0.06595221885933655, 
0.06825519554958608, 
0.07055077961203908, 
0.07283776872050343, 
0.07511598742252035, 
0.07738507130354519, 
0.07964460340969612, 
0.08187043004507318, 
0.08422421950573515, 
0.08649121390327509, 
0.0887540959270254, 
0.09101634318252928, 
0.09498541202235487, 
0.0972929383699057, 
0.09944327278392416, 
0.10160923293305772, 
0.10378017609365323, 
0.10593169317074605, 
0.10770800227567232, 
0.10970669103221545, 
0.11182845232463452, 
0.11395554778023784, 
0.1160807407379437, 
0.11729506799201084, 
0.11943398746723947, 
0.12153482020129325, 
0.12363293866458354, 
0.1257273509972751, 
0.12781356827319518, 
0.1295448254057569, 
0.13137034762694683, 
0.13355127819084825, 
0.13547931797127002, 
0.137402828131794, 
0.1393487509969095, 
0.14131538004450855, 
0.14329142712146145, 
0.14527614503777955, 
0.1472670036994781, 
0.1492535733577765, 
0.15076856355680518, 
0.1524233530013333, 
0.15433633134478172, 
0.15621453540440575, 
0.158062166896074, 
0.16000956512213774, 
0.16154990106829314, 
0.16351501131586732, 
0.16500727726520237, 
0.16687865191749798, 
0.16853972649015428, 
0.17020267037581474, 
0.17188203235684588, 
0.17361377683509213, 
0.1752986233872766, 
0.17697469064811208, 
0.17866351370730052, 
0.18052636657530488, 
0.18274106522804692, 
0.1853363101786198, 
0.19642084891818518, 
0.19975281038623027, 
0.1990026759841488, 
0.199624771470939, 
0.20028364594121445, 
0.201747216719746, 
0.20456486154425665, 
0.20474552870947876, 
0.2047561877679711, 
0.2086375817030782, 
0.20946001243772386, 
0.22196879837146444, 
0.21625934351009507, 
0.2117183102064229, 
0.2133381942954216, 
0.21431884683695826, 
0.21716955015580802, 
0.2170856752968763, 
0.216528601032366, 
0.2181022704451872, 
0.22226748215320677, 
0.2221876934256764, 
0.19119170589599116, 
0.19921156964509396, 
0.1993567732648208, 
0.20736166383515867, 
0.2009240013320004, 
0.20257191766191954, 
0.20278161476014306, 
0.2049337992023402, 
0.20490555789514162, 
0.20505883477963796, 
0.2059563906447477, 
0.20820298062426496, 
0.2101330127550308, 
0.20947682990708477, 
0.21117884553597302, 
0.2124879033634001, 
0.21443612893362637, 
0.21116354042128074, 
0.2134492373642673, 
0.21433638161111154, 
0.2148795622844702, 
0.21435173170534733, 
0.0, 
8.889282305748694E-4, 
0.0026675594291099914, 
0.004444202683425305, 
0.006223076100161371, 
0.00800156778919447, 
0.009779680666760856, 
0.011557374850465041, 
