0.0
0.0
0.004454315288433223
0.013373291241327339
0.02225531340657502
0.031167165737073944
0.04007560563969359
0.04898196407271754
0.05788621811839248
0.06678806830148294
0.07568715752610439
0.08458311525203593
0.09347556608307273
0.10236413116048426
0.11124842808002075
0.12012825795780246
0.12900312786094384
0.13787266356832406
0.14673649036688297
0.15559423191728716
0.16444551008609193
0.17328994476047255
0.18212715364788923
0.19095675205991208
0.19977835267868663
0.20859156530328038
0.21739599657968825
0.22619124971153642
0.2349769241523017
0.24375261527900427
0.2525179140523665
0.26127240665911877
0.27001567414461597
0.27874729203382337
0.28746682995320816
0.2961738512457701
0.30486791259675666
0.31354856367189826
0.322215346776291
0.33086779654346904
0.33950543966535296
0.3481277946727612
0.35673437178106426
0.3653246728096886
0.37389819119228473
0.3824544887138732
0.39099317975027437
0.39951400986885083
0.4080165433942772
0.416500149759784
0.4249638394989524
0.40131361587147973
0.3927983832010569
0.384357203418041
0.37581573501884413
0.3672382158689036
0.3586411916723369
0.35003028754017335
0.34140743163595627
0.33277335140828523
0.32412839684706873
0.3154728014925065
0.3068067635625454
0.2981205867205194
0.2894254314218687
0.28072059444648145
0.2720061453904874
0.26328235628953367
0.2545495035747911
0.24580786905513385
0.2370577402373578
0.2282994105551397
0.21953317953531937
0.21075935290238623
0.2019782426205656
0.19319016688765847
0.18439545007438463
0.17559442262338004
0.16678742090591991
0.15797478704616752
0.14915686870900893
0.1403340188674076
0.1315065955574053
0.12267496151915908
0.11383948402071549
0.10500053443505358
0.09922410961298934
0.09625682717636183
0.09328659643340129
0.09031352783950185
0.08733773431902034
0.08435933093824255
0.08137843447434315
0.07839516300960822
0.07540963550990196
0.0724219712685617
0.06943228941308055
0.06644070830346606
0.06344734417065877
0.06045230649375099
0.05745568182317119
0.11747803960789435
0.1297236067869208
0.14178290032961677
0.1537699591948391
0.16572330078308434
0.17765449445813875
0.18956628366375278
0.20145867208407767
0.21333084854819012
0.22518177309531295
0.23701035218203725
0.24881549270263376
0.26059612185430137
0.2723511998395297
0.2848381742018862
0.2978569558808136
0.30964444961971843
0.32131929764316336
0.33295526318198493
0.34455309576694876
0.3561127017288433
0.3676338933727625
0.37912003152081647
0.3899469345921491
0.40131833612020057
0.4114126178316478
0.42257881011159093
0.43371680572901516
0.44480126085229155
0.4558210347558804
0.46676737370525595
0.47763930194376414
0.4884419446134709
0.4991754152950691
0.5098421221745892
0.5204368217242535
0.5330194046589274
0.5432330527123708
0.5538800163794189
0.5645667888541983
0.5751072488269462
0.5856220368950875
0.5961626707157412
0.6066851715967567
0.6172030910390243
0.6277414678408739
0.638291414932805
0.6513887529192522
0.6974031958702452
0.7025240456410843
0.7097164539052643
0.7204943220225904
0.7339127157203923
0.7493614962140706
0.7657830514736594
0.7817413911554129
0.7958882621500843
0.808856071033015
0.7546179556752147
0.7866293620630205
0.8062791190577983
0.8268732173705285
0.8335617381883685
0.8445551738062288
0.8597002327025656
0.8730900150602356
0.8864385093894507
0.8986979254571428
0.910106247225616
0.8829062167251118
0.9116174979736262
0.9185717671241582
0.9438748235069648
1.0348339226584748
0.9929204919229828
0.9700416032262316
0.9713381399070316
0.9714447080175737
0.9529656627833326
0.9820960128787208
0.9890964862208605
1.0021141112005607
1.0087217788087344
1.0144633769425875
1.0227438015235992
1.0358843490796223
1.046652468111763
1.0606263092841208
1.061232104411796
1.0674490483637402
1.0815938238782958
1.0803477271635797
1.0913831732823653
1.0921661699520495
1.0931767942428885
1.0960893498300348
1.1073262708529796
1.1292250847563436
1.1164130754546222
1.120100420334738
0.9557982037110918
0.9967511629072126
1.0031309294956756
1.0225894600604146
1.0249734563706534
1.0370200520859887
1.019008391302718
1.0189577902770797
1.0331002239671057
1.034278325902006
1.0618962155613758
1.064723420534506
1.0483322218658657
1.0593772119097162
1.0655909065953058
1.0628895175801047
1.078005829190465
1.060816345517658
1.0731705957929845
1.0725521003065452
1.0713853469162313
1.0843542446107715
1.0863077949117963
1.0778766287304185
1.1049768420884591
1.1103083963956206
1.1108062622419506
1.0974184304353365
1.1130258649719749
1.1020715664892524
1.1057235986987803
1.1283474293202302
1.104061978613935
1.1248390717440169
1.113639699540266
1.1472010299296922
1.1350140451963
1.1432135312514906
1.142406358065448
1.1287735458055161
1.1284558838202166
1.138866117288039
1.142618405499824
1.129072711853117
1.1330150072286718
1.144523890285752
1.1866458584667863
1.145264428741004
1.1630439016063758
1.1575847372793457
1.1527321746818067
1.1506472092805233
1.147829684371031
1.1676683071180125
0.0
0.0
0.004448646410608437
0.013352103915710303
0.0
0.0
0.004445155032844252
0.013339091865346937
0.022229266645088154
0.031126297989515134
0.040020907257004495
0.04891361996038315
0.057804276254821894
0.06669255712261712
0.07557810620621588
0.08446055772941757
0.09333954289697247
0.10221469135676514
0.11108563156974988
0.11995208226437168
0.12881361569004357
0.13766986423577454
0.14652046034331512
0.15536503617147535
0.16420322366186957
0.1730346546253495
0.18185896085371595
0.19067577425956467
0.19948472704621611
0.20828545190818526
0.21707758226883458
0.22586075255466453
0.23463459850891252
0.24339875754558546
0.25215286914927915
0.2608965753158987
0.2696295210408075
0.2783513548496536
0.2870617293802775
0.2957515715904706
0.3044378666583174
0.3131116523298609
0.3217726522965427
0.3304205504062545
0.33905503907769374
0.34767582007560005
0.35628260538799494
0.36487511812167583
0.37345309341428246
0.38201627935301863
0.39056443790062356
0.3990973458109086
0.4076147955408113
0.41611659614103613
0.42460257412728497
0.4013547248075086
0.392920700552445
0.3843754020143053
0.3757876015875621
0.36717894405305884
0.3585557760254552
0.34991951833460627
0.34127074571583704
0.3326098983558481
0.3239373999519583
0.31525369445783213
0.3065592966383721
0.2978589487358496
0.28917043134931375
0.2804786545672031
0.2717758697561165
0.26306242869700774
0.2543386732086507
0.24560475560354833
0.23686207051092228
0.228110598552118
0.21935082191792163
0.2105829359751905
0.20180733661946432
0.1930245656029651
0.18423495660963832
0.17555958642294955
0.16675535221767035
0.15794120475290174
0.1491219180210108
0.14029800914742738
0.13146965312321388
0.12263737089333698
0.1138014619665701
0.1049622860027698
0.09916664545302434
0.09619930478692293
0.09322918327323085
0.09025618234616384
0.08728043787668377
0.084302006395696
0.08132113589772871
0.07833804492597801
0.07535270931015078
0.07236522243674808
0.06937578574741345
0.06638473075588383
0.06339220495665765
0.0603979229780567
0.05740219418549142
0.11749969025155149
0.12966435661698633
0.14167309346482432
0.15363057247697626
0.16556307370005802
0.17747644875301277
0.18937130395958465
0.20124691568341074
0.21310222772643078
0.22493610308699835
0.23674738770708043
0.2485349274553192
0.26029757422413813
0.27203418947090485
0.28336406495654975
0.29500396340668067
0.30662374568782763
0.31821014181122265
0.32976109429668277
0.3412759777479304
0.3527538980601954
0.36418884360251713
0.37557993711260174
0.3869253565177259
0.3982230170484806
0.40935215022536586
0.42112109752867577
0.43245606951637544
0.44377047963512706
0.4550817159126464
0.4749270601117744
0.4864646918495285
0.4972163639196208
0.5080461646652886
0.5189008804682661
0.5296584658537302
0.5385400113783616
0.5485334551610772
0.5591422616231726
0.5697777389011892
0.5804037036897185
0.5864753399600542
0.5971699373361974
0.6076741010064662
0.6181646933229177
0.6286367549863756
0.6390678413659759
0.6477241270287845
0.6568517381347342
0.6677563909542412
0.6773965898563501
0.68701414065897
0.6967437549845474
0.7065769002225427
0.7164571356073073
0.7263807251888977
0.7363350184973905
0.7462678667888825
0.753842817784026
0.7621167650066666
0.7716816567239086
0.7810726770220288
0.79031083448037
0.8000478256106887
0.8077495053414657
0.8175750565793366
0.8250363863260118
0.8343932595874899
0.8426986324507714
0.8510133518790737
0.8594101617842294
0.8680688841754607
0.876493116936383
0.8848734532405604
0.8933175685365026
0.9026318328765244
0.9137053261402346
0.926681550893099
0.9821042445909259
0.9987640519311514
0.995013379920744
0.9981238573546949
1.0014182297060723
1.00873608359873
1.0228243077212833
1.0237276435473939
1.0237809388398555
1.043187908515391
1.0473000621886193
1.1098439918573222
1.0812967175504753
1.0585915510321144
1.066690971477108
1.0715942341847913
1.08584775077904
1.0854283764843815
1.08264300516183
1.090511352225936
1.1113374107660339
1.110938467128382
0.9559585294799559
0.9960578482254697
0.996783866324104
1.0368083191757933
1.004620006660002
1.0128595883095977
1.0139080738007153
1.024668996011701
1.024527789475708
1.0252941738981898
1.0297819532237384
1.0410149031213247
1.050665063775154
1.047384149535424
1.055894227679865
1.0624395168170004
1.072180644668132
1.0558177021064037
1.0672461868213365
1.0716819080555577
1.074397811422351
1.0717586585267367
0.0
0.0
0.004444641152874347
0.013337797145549956
0.022221013417126522
0.031115380500806852
0.040007838945972346
0.048898403333804276
0.057786874252325204
