0.1
0.15000000000000002
0.20000000000000004
0.25
0.3
0.25
0.2285714285714286
0.225
0.23333333333333334
0.25
0.2727272727272727
0.25
0.23846153846153847
0.23571428571428574
0.24000000000000005
0.25000000000000006
0.26470588235294124
0.25000000000000006
0.24210526315789477
0.24000000000000005
0.24285714285714288
0.25000000000000006
0.26086956521739135
0.25000000000000006
0.24400000000000002
0.24230769230769234
0.24444444444444446
0.25000000000000006
0.25862068965517243
0.25000000000000006
0.24516129032258066
0.24375000000000002
0.2454545454545455
0.25000000000000006
0.2571428571428572
0.25000000000000006
0.245945945945946
0.24473684210526317
0.2461538461538462
0.25000000000000006
0.2560975609756098
0.25000000000000006
0.24651162790697678
0.24545454545454548
0.2466666666666667
0.25000000000000006
0.25531914893617025
0.25000000000000006
0.2469387755102041
0.24600000000000002
0.25
0.254
0.258
0.25
0.24200000000000002
0.24600000000000002
0.25
0.254
0.258
0.25
0.24200000000000002
0.24600000000000002
0.25
0.254
0.258
0.25
0.24200000000000002
0.24600000000000002
0.25
0.254
0.258
0.25
0.24200000000000002
0.24600000000000002
0.25
0.254
0.258
0.25
0.24200000000000002
0.24600000000000002
0.25
0.254
0.258
0.25
0.24200000000000002
0.24600000000000002
0.25
0.254
0.258
0.25
0.24200000000000002
0.24600000000000002
0.25
0.254
0.258
0.25
0.24200000000000002
0.24600000000000002
0.25
0.254
0.26399107938214605
0.2580141695045795
0.2599849048899249
0.2559156490336505
0.2616603213691958
0.25867181166158226
0.26577776233139067
0.2716097685074349
0.27350177608184956
0.2721764141342856
0.2744243371659174
0.2737598366280931
0.27815940418064966
0.27859072224453024
0.28092397072377656
0.2730604663694548
0.2749203183334426
0.268055179383597
0.2724274477828995
0.2785301983737272
0.28093287611372425
0.27898368036991433
0.28056987112697285
0.2794984671887895
0.28391624356586037
0.28374667059451175
0.2860890757888514
0.27811515522758407
0.27953973128771903
0.2723660565390218
0.2768158174478974
0.28244031915752466
0.28488913091122053
0.28331636403482074
0.2843426984921604
0.2829192344940131
0.28728661460907484
0.28675998947473713
0.28920759054374473
0.28181183119841385
0.2826593259498763
0.275106096236598
0.27952403616793714
0.284881170461299
0.2872041079195575
0.28569094658101524
0.28648379719599276
0.284886634866663
0.2893111303488116
0.28847536452624584
0.29082060188616365
0.28348315570709237
0.2840306215484415
0.2762274836689044
0.2806475487048495
0.28561762419999953
0.28789096523484514
0.286701423833313
0.28704076202526824
0.2851546393891959
0.28952846761677076
0.28844345395919946
0.29077024166666704
0.2836451897979251
0.28382563599202393
0.2757393572709789
0.2801805805581944
0.28497153861547336
0.28732833564418436
0.28645926434747443
0.2865306545779224
0.28436045897916695
0.28880539589901755
0.2874925674252378
0.28976884413596726
0.2828230259245934
0.2829712962240687
0.274694719140614
0.2791486896967592
0.28365987774124507
0.28517240319883197
0.2840933036737767
0.28435281850213434
0.28185462510461023
0.2862030268172949
0.2846402390425664
0.2867656745651393
0.2799828662146549
0.28053768189688966
0.27195978311027824
0.2761984882733697
0.28065099558558887
0.28208247192992614
0.28107062223287466
0.2816105285787895
0.2789952000145623
0.2833048967125995
0.28163596885192194
0.28309926929721074
0.2759583707376715
0.2665536973274039
0.26741292895491936
0.2697823326113382
0.27022675769663684
0.2654537025601564
0.25909436797941077
0.25254919310907564
0.24767146638781995
0.24985638760848633
0.2533698518852203
0.2521459826854189
0.24947948616489218
0.24575717654961435
0.24042101607124397
0.24231448585872478
0.24640910214761227
0.2458582557705755
0.24376972810849257
0.24037240316642466
0.23487146348503812
0.23638807789724792
0.24053743622859153
0.23991155035192593
0.2379141727520875
0.23450782667963946
0.22910465190604792
0.23065559473960978
0.2346603453110627
0.2336521475628239
0.23121056690821568
0.2274006805196011
0.2226120692321235
0.224237378067573
0.22776694682128362
0.22717234569707054
0.22497205245579324
0.22135266484979255
0.21631616290081418
0.21793760695303008
0.22123963434240665
0.2210535900374083
0.2190498333473337
0.21542613595403717
0.210455022415936
0.21196878824201115
0.21549253413030456
0.21515575191307368
0.21327766858685526
0.2098249649762449
0.2048471571026169
0.20596184478619414
0.2092853972757408
0.20975516996807644
0.20854662170740362
0.20545259355353956
0.20074021954290144
0.20188199203382975
0.2051347708350094
0.20528640572063492
0.20395051042862658
0.2007393153080526
0.19615501216911568
0.19765598794901099
0.20053280207811203
0.20084711331787514
0.19910452089583522
0.19516663504851828
0.19094675532813365
0.19242580921780025
0.1951565544652755
0.19653082209658146
0.19635637047300292
0.19393529621187205
0.19023112054197655
0.19097670132678196
0.19422873829304865
0.19425077462208143
0.19259206700437076
0.1888957487382044
0.18474089894358955
0.18706431899450773
0.18985259751148995
0.18982096331578016
0.18897697734775015
0.18589951514960656
0.18180425933051594
0.18312364254387856
0.18587476961350086
0.1854510292673714
0.18439329940048654
0.18123850175381506
0.1771137659693796
0.17853759140793826
0.18176597048975768
0.18149843213351385
0.1803825226285422
0.17703641887007993
0.17308884816898287
0.17508539655057068
0.17787807925621252
0.17731779303020911
0.1767282840239357
0.17348797876722435
0.1693393376983796
0.17176897661943957
0.17478050676171983
0.1748465999531066
0.17412580069527145
0.1706055974796506
0.16646878373479723
0.1688493579647383
0.17151888722673814
0.17128031058083135
0.17027464726661798
0.16690937510264794
0.16286078027010345
0.16534594033628786
0.16796759957759883
0.16797217849895335
0.1676844424025107
0.16419829309359535
0.16025040466604945
0.16270048274073468
0.1654996611344794
0.1647058330586282
0.1645708769609399
0.16157786422987086
0.15757210403393265
0.1606348617971843
0.16371929371651778
0.16336332828331387
0.162869249268859
0.1599722688170063
0.1562736755343346
0.15930679383271462
0.16254363721285833
0.16227801923022356
0.16256781159153658
0.16015552190774834
0.15721963038194978
0.15911792628289823
0.16272473530174905
0.16223175850849575
0.16191248762043478
0.15902739657725198
0.15570769942951013
0.1575852125472351
0.16082835600656709
0.16084552843394168
0.16099344923656253
0.1580837598140843
0.15472788511422628
0.15762047454707512
0.15979933622935186
0.16028669457390038
0.16109469625373599
0.15793558684338252
0.15502976363894813
0.1591989853297118
0.16102811487226748
0.16141314341389618
0.162081296562185
0.15840532810662628
0.1553579210981426
0.15923948987735728
0.1620068637896252
0.16168953805087646
0.1613317252105106
0.15886087604211657
0.15584286450365123
0.15727281809461174
0.15946275475044622
0.15846669907410293
0.15802127976348765
0.15531667538168942
0.15157656669677272
0.15551965366688164
0.15822523293848686
0.15846846163471714
0.1584490814556329
0.15527513068483015
0.1519335573595268
0.1543809192112414
0.15751471438249454
0.15700138402407535
0.15694414564776465
0.15431953721267705
0.15065256944575933
0.15364857592209646
0.15661135030460818
0.15593752270295055
0.15572123936223262
0.1538332241051559
0.149921419311134
0.1523611420985254
0.1557067277895596
0.15500084770543043
0.15473596660857786
0.15239580819424822
0.15020225084299313
0.15252140564130806
0.15605958780558654
0.15511956408102934
0.15525101621157492
0.15326356354588067
0.15065887487905846
0.15256360715304906
0.15586441442340757
0.15619035582769797
0.1561728948905342
0.15390651179256593
0.15164988871782756
0.15344730792000938
0.15713588371765427
0.15686713608678213
0.15671177405317777
0.15411712838148428
0.15101893426034013
0.15287064354305305
0.15570880363707024
0.15664784580830615
0.15694954368442957
0.15402511467461755
0.15038075907863724
0.15369919008270658
0.1564548214987778
0.15601159188977118
0.15629591862363207
0.15430692966511825
0.1524050431559945
0.15455192887925276
0.15796049164747905
0.15713614766031408
0.157383566382761
0.1558956496518297
0.15399535001903716
0.1549907913272353
0.15874601726241944
0.1571509820179204
0.15665176130554792
0.1558918423430019
0.1536876189164003
0.1545207448821661
0.1588729423614221
0.1593089674947122
0.15899835699641046
0.15749442268432165
0.15392207110282105
0.15635396899412068
0.1588589307763112
0.15850121838381306
0.1583512974067497
0.15619910407865872
0.15438565623510275
0.15454550038010498
0.1574872852200907
0.15907295474334113
0.15870240173590822
0.15448160392134191
0.15196809068901063
0.1540073661790314
0.1557436126257633
0.15611236234750556
0.155465642423941
0.15239981362481417
0.15084313664958304
0.15221376875991263
0.1558609792635435
0.15644123547223496
0.15649457669895772
0.15396396528597817
0.15013254230678602
0.15262231828718817
0.1548806499898776
0.15514452222168898
0.15478207806451594
0.1521984502084011
0.1507258989646576
0.1508248099674863
0.15433684980051843
0.1543430247725848
0.15411049839094226
0.15243391343430493
0.14872907797338505
0.15122783525396546
0.15420489881817293
0.1551067834871259
0.15537493830727558
0.15259205392612166
0.14972324578918714
0.15272441510098564
0.15531034314841072
0.15601931761049218
0.15646293724002955
0.1540103920593422
0.15069101796776577
0.15419875007542996
0.15667416473562895
0.1564817012201862
0.1552330044546679
0.1536590846396946
0.14989459113219442
0.15381123588498816
0.15566132413438713
0.1550165564843943
0.15406720951088654
0.1529739987514424
0.15021258682166488
0.15281427879159895
0.1555312845945687
0.155561100674951
0.15481725098315058
0.15317708220320736
0.14947550356119485
0.15257950138583334
0.15505215692450242
0.15505800111088686
0.15510984003434442
0.15270692197488048
0.14987485659965638
0.1517900144951002
0.1537607453880204
0.15407858432835345
0.1542225496817239
0.1514259448612909
0.1485969252304129
0.15175088091142988
0.15389301575586953
0.15250258949417358
0.15130956012584126
0.1503325717383878
0.14794633510188954
0.15030393942148731
0.15320956197929503
0.15334054190715715
0.1523514085776365
0.15119605638725794
0.1467365540069238
0.15027338537856244
0.15237526830046855
0.15169536007669146
0.14997653483590853
0.14992443968753516
0.1455898643752317
0.14725650822959577
0.14993835944407613
0.14926112952517456
0.1499254027573833
0.14848843134916279
0.14760520477542635
0.1483158536619149
0.15189548398326663
0.15175883863087003
0.1508898553865806
0.14957698580897982
0.14609522922856732
0.1474707805956363
0.14967258796372254
0.15074039130699268
0.15108960242734149
0.14814473510197312
0.14544075074137794
0.14884609606679816
0.15129488294391258
0.15063827090841808
0.1495969200807153
0.1496268040367383
0.14729164127831817
0.1473848745328468
0.14940636050672942
0.15097441122608568
0.1514293241919687
0.1485442794802089
0.1457500581206811
0.14817002562665443
0.1512650307878417
0.15067605383167534
0.14952493225853544
0.14989877348847755
0.14727743119937442
0.14910771069863232
0.15202152271854819
0.15318584968851393
0.15400834411403067
0.15087735585388068
0.14804012705338276
0.15096314549181009
0.1526173564026847
0.15346940737801001
0.15313251486471394
0.15053351077470287
0.14850764515079637
0.1492768843902513
0.15171740075930693
0.15169833438772648
0.15223810452137648
0.15043819067424954
0.14925356720737948
0.15060213060352703
0.15403659075811152
0.15447801528486882
0.15441240815759713
0.15143941390766572
0.14982730893849117
0.15138080351016872
0.15458703662781695
0.1535918333648194
0.15298395100779716
0.15045255262909824
0.1488743424373093
0.14982284693758297
0.15306387589786238
0.1535338852121568
0.1534757118611612
0.15075970471074795
0.14840942370243781
0.15062797769151687
0.15253480604355646
0.15305852738606704
0.15290399241340458
0.15037475224578864
0.14807316820023536
0.15026642552880198
0.15278321181501395
0.15255678161258848
0.15306211515556373
0.1509802404635073
0.14990848616576127
0.1514331169260435
0.15440928920865687
0.15376803126917302
0.15264087744966928
0.1505814019337137
0.147342556631612
0.1479238242415435
0.1499261615764833
0.1510372208820605
0.15139395266214006
0.14841948301076777
0.14612888077656674
0.14848291184974943
0.1507316470335213
0.15113884041869136
0.15135737146557018
0.1488814020174277
0.14583290185396697
0.1493846340185473
0.15098672055522647
0.15043201180050095
0.14856661073775798
0.14861395896769217
0.14498116982465373
0.1457058049055492
0.1482086159767419
0.14838686844449434
0.14791352168993063
0.145634236828332
0.1426614860736415
0.14431772956288322
0.1471088728742985
0.1468479747157125
0.14729903172200903
0.14499884522576564
0.14356398816626664
0.14555162526712112
0.14796671190229135
0.1463975358897702
0.14537047998882902
0.14488079123107725
0.14322769744578479
0.14332788940500707
0.1460120890052975
0.14615857383602257
0.14618726502637805
0.1440385659067268
0.14098355972734647
0.14282372519061615
0.14588026313875813
0.14548790972115733
0.14430445686401538
0.14264822325078044
0.13965100073820005
0.14104283245193558
0.14229297703696572
0.1429165064837127
0.14266749595548095
0.13922572540434852
0.13761200966972995
0.13933702655781682
0.14151437580123571
0.14099552987260375
0.14091390129199424
0.1397943610316393
0.1377280063099232
0.13958560405796652
0.14153042710572605
0.14108480383620947
0.13997402270055206
0.13858458729807455
0.1358476343605384
0.1373181448882237
0.1398533133386184
0.1401953673650478
0.13987597762239873
0.1384108020391562
0.1355057873472426
0.13929960257087573
0.14092600984961165
0.14045911845004413
0.13935813080584272
0.13798732176083756
0.1352418168769087
0.13663471330280014
0.13914901916968403
0.13936270602807538
0.1393547218120665
0.13644286480937295
0.13516310839947857
0.13729274214138024
0.13937635928707148
0.13971276480277203
0.139501471085879
0.13765666863076967
0.13547478995465018
0.13790796234600322
0.13984483756202884
0.13859819393035278
0.13802528866416683
0.13863078395310918
0.13735381266692165
0.13735521707912024
0.14067330523603896
0.14272674280367106
0.143844000819128
0.1419229200723028
0.1404645850554721
0.14544096753785143
0.1462259476873503
0.14672182771849318
0.14654519212568784
0.14389877529674533
0.14206939126887538
0.1433171913186003
0.14579128574250574
0.14713635881855391
0.14771872837858377
0.14420374718693535
0.14183773796496188
0.14494867639948275
0.14621805292068357
0.1453738254275807
0.14541750738066464
0.14442391257415116
0.14280084436388196
0.14427363523910652
0.14711220246774215
0.14844006186195224
0.1492553777212152
0.14612745922585885
0.1439871582362564
0.14847057832265592
0.14947494904368872
0.1487897971098821
0.14793960581283447
0.14553529499106013
0.1433451748828073
0.14750554006514416
0.14887247935401224
0.14859328654401563
0.14732860467974157
0.1461482053439704
0.14404937476398885
0.14687378386893482
0.14930426417802178
0.14915529927303114
0.149365936307055
0.14811803909138516
0.14629240098778276
0.1463704030048402
0.15028967155137316
0.15268530779479222
0.1539731093314147
0.1507279465045348
0.14932467338593203
0.1532486288226648
0.15467298152331524
0.1542299145870779
0.15383750066168556
0.15203235946422441
0.15038182481939338
0.1523297121777366
0.15484632312540042
0.1553153220640255
0.15445262201802365
0.15294676973971905
0.15025679842209055
0.15233183686251672
0.15457462219451437
0.15533946090353073
0.15462785852245528
0.15277915699488528
0.1503225128669582
0.15254243112892796
0.15475032429201427
0.15427099191749782
0.15462474506766563
0.15167276383891234
0.15100742888729596
0.1531549099539944
0.15640233686601956
0.15586813730668514
0.15552407453717698
0.1541767226091907
0.15193183246526798
0.1545754896129531
0.15662678865991878
0.15695397786726348
0.15599560947501007
0.15359867094052462
0.1513758980161266
0.1531412519169979
0.15605229390757067
0.1572912836516799
0.15738769512367945
0.15482630663354033
0.15243412303451898
0.15650768073318333
0.15770687246114679
0.15665005136017704
0.15472394390360678
0.15499676314994634
0.15218845847963094
0.15290741628607488
0.15422732159027147
0.15367001065797936
0.15351514397284258
0.1489330600060581
0.14902818021202927
0.15051498451273
0.15323751747874154
0.15328896835029213
0.15397750571184304
0.15299031741349045
0.15116559088948048
0.15109945884122294
0.15388607302002294
0.1548251803778959
0.15486338260131907
0.15112109884909772
0.15014913988100176
0.15295988379918232
0.155604877798353
0.1553776416109267
0.15508244569483456
0.15448720048387374
0.15280193842969791
0.15375738145291973
0.15593382949252013
0.1567225408127651
0.156509908571521
0.15312646058389098
0.15228985451047586
0.15397984037505438
0.15637651076061374
0.15731311156046704
0.1568814454946051
0.15371619026604466
0.15215418773979564
0.15378793950974962
0.1565336913379089
0.15587439179404824
0.1554872174333499
0.15314265832578072
0.1511560151021229
0.15357823627839345
0.1561073332736888
0.15471535933933986
0.15400611376053958
0.15421176997225128
0.1507603902297197
0.15065870162734554
0.15194948646395512
0.15265963192598506
0.15199276621400615
0.14802388457868015
0.14690356398569804
0.14829339245054357
0.15055486399686474
0.15016147063930485
0.14955496142119368
0.14799780964703996
0.14503286947081162
0.14609987385625856
0.14836886499515037
0.14827055973125242
0.14839019315703578
0.14555339536386586
0.14311714545556697
0.1447300667144018
0.14666596008405713
0.14670526992847538
0.14681924145785938
0.14427423652535926
0.14260850084488422
0.14437656658700568
0.14634386904888752
0.14601077204715268
0.1450951442160998
0.1435828189397837
0.141817105019678
0.14960529405464273
0.15711359907326464
2.3817612596181555E11
2.3817612596182324E11
2.3817612596182742E11
2.3817612596183325E11
2.381761259678089E11
2.4155122246411896E11
2.4155122246412634E11
2.5067530476730823E11
