0.020000000000000004
0.09000000000000001
0.1758333333333334
0.29000000000000004
0.4325
0.42333333333333334
0.3367857142857143
0.3051020408163265
0.30895833333333345
0.34111111111111103
0.39886363636363636
0.394077134986226
0.35250000000000004
0.3335672020287404
0.3340374149659865
0.3526000000000002
0.3889705882352942
0.38575547866205306
0.3582894736842106
0.34482548476454317
0.3446476190476193
0.35768089053803365
0.38423913043478264
0.3818210459987399
0.3613
0.35085907692307694
0.3505078895463512
0.3605467372134041
0.38146551724137934
0.37952833927863683
0.3631451612903226
0.35462018730489053
0.3542246685606062
0.3623869713174529
0.3796428571428571
0.37802721088435365
0.3643918918918919
0.35718926607973556
0.3567922082534273
0.36366863905325475
0.37835365853658537
0.37696807455879483
0.3652906976744186
0.3590555091204094
0.35867217630854026
0.3646125603864737
0.3773936170212766
0.376180775614909
0.36596938775510207
0.3604726364014995
0.3647159999999999
0.37550000000000006
0.38798000000000016
0.3815639999999997
0.3599
0.35562800000000006
0.3647159999999999
0.37550000000000006
0.38798000000000016
0.3815639999999997
0.3599
0.35562800000000006
0.3647159999999999
0.37550000000000006
0.38798000000000016
0.3815639999999997
0.3599
0.35562800000000006
0.3647159999999999
0.37550000000000006
0.38798000000000016
0.3815639999999997
0.3599
0.35562800000000006
0.3647159999999999
0.37550000000000006
0.38798000000000016
0.3815639999999997
0.3599
0.35562800000000006
0.3647159999999999
0.37550000000000006
0.38798000000000016
0.3815639999999997
0.3599
0.35562800000000006
0.3647159999999999
0.37550000000000006
0.38798000000000016
0.3815639999999997
0.3599
0.35562800000000006
0.3647159999999999
0.37550000000000006
0.38798000000000016
0.3815639999999997
0.3599
0.35562800000000006
0.3647159999999999
0.37550000000000006
0.39460563504816465
0.3982760058921871
0.39347765982120175
0.38855222457085636
0.39061092567467787
0.38994215586260816
0.39556699957045877
0.40337145790048645
0.40886717095055203
0.40979536662587174
0.4101207309146285
0.4116614027625369
0.4152983680394312
0.4136582097259882
0.41335856898502776
0.4050046526989993
0.39823493672408994
0.3873618880095123
0.3846629247884657
0.389518780864122
0.3949675473625885
0.39592637884305
0.3950790999412473
0.3953544658816967
0.39868390687725463
0.3963211113633719
0.3953689300299172
0.38674073296573847
0.3798612583306909
0.36805101363639375
0.36554117831588984
0.3699068214100217
0.37457207806913323
0.3751874698168195
0.37435196646105423
0.3736013259637184
0.3766045589879998
0.3736789653202476
0.3723693605168459
0.3633685447428065
0.3570127946467915
0.3441286538671447
0.34166041879433456
0.3455677148385152
0.3496682809971163
0.34998855901337683
0.3491264921205792
0.347911422112992
0.3509405582642197
0.34761454647196804
0.34605891227800156
0.3367686101422184
0.3306890984943923
0.31721494448578985
0.315006029158436
0.31845173562492035
0.32190094280011017
0.3218898354776657
0.3210854638541716
0.31913771841026006
0.321953366546453
0.3181891824360578
0.31648049505431364
0.30693469978845483
0.3012640375474488
0.28718518388818526
0.2852992618546505
0.2883975084363432
0.2913702657117281
0.2911546050303731
0.290434090726256
0.28798105587702316
0.2908023811510264
0.2867216832767848
0.28492258009424787
0.27512677454069207
0.2698929612712433
0.2556148418482838
0.2541693350165834
0.2568707404484964
0.25946699282531066
0.25857189128457464
0.25766220179900495
0.2550515915436568
0.2576348798260768
0.25313671408578603
0.2512900278572553
0.2412243389709953
0.23640193357319186
0.22215881725719627
0.22079521897406806
0.22303656250484444
0.22529256339443393
0.22422646646900585
0.22330596418901624
0.22076862399338976
0.22338380754020995
0.21856430684536027
0.2169160955985063
0.2064795038742742
0.1864415132362609
0.18175618137624713
0.184992182697262
0.18220428580782128
0.1756110319810471
0.16415117556195888
0.15197432182689388
0.14899757932277624
0.15094191870864904
0.1512782992747762
0.15090673511528865
0.14723708662331841
0.14157701321735403
0.13959464441829295
0.14157148982953907
0.14212006686995562
0.14226883650573405
0.13908757178481843
0.1337313124756077
0.13180420394852002
0.13334037568581295
0.13376719883249552
0.13421145941121046
0.13131362365347826
0.1260243907116939
0.12417294074980342
0.12574828251533185
0.12618448427662682
0.12682654772253163
0.12411680568318921
0.11881857398382073
0.11715660720116049
0.11920670902004181
0.11983693979551341
0.12052514553571184
0.11829142189312818
0.11326032076235582
0.11151391284811947
0.11344496694396224
0.11413680958511793
0.11474238067797982
0.1128124062284529
0.10786631000787368
0.10614437337576015
0.10781489985287131
0.10848397870228381
0.10924238628767778
0.10730460188680953
0.10243995300790511
0.10079131048397125
0.10203128429343974
0.10261569779167579
0.10324477749969109
0.10169503318579849
0.09708812125915223
0.09571461334158177
0.09702387379289082
0.09769822873101003
0.09850970493928637
0.09698945019959568
0.09249223458380972
0.09113545035221787
0.09295091675091496
0.09365713646455344
0.09478261817810592
0.09382739994554062
0.0893206937463283
0.08787758342421503
0.08978304821988513
0.0905918045743147
0.09117684834668097
0.09020748330397495
0.08604340543081068
0.08461868536462083
0.08586018176775141
0.08660232223599497
0.08777000470241009
0.08678586565067377
0.08232210888743992
0.08101601930357746
0.08296515216642604
0.0839435979429904
0.08482957709125721
0.08381740030971085
0.07970121295888127
0.07835428493029029
0.07989635395376224
0.08071888597307893
0.08168482325733467
0.08070291942155926
0.07674083703427358
0.07535666485374709
0.0762949393765918
0.0772417743678509
0.07826228916659814
0.07739834267522908
0.07340611864264934
0.07201750481412589
0.07361080394713222
0.0744616643926491
0.07542037990184108
0.07477324241324826
0.07092027321189452
0.06973508509009099
0.07115355607189566
0.07209462240089938
0.07335366541272545
0.07303470189941023
0.0695873613335539
0.06833861466639485
0.0697575338079321
0.07058143234561856
0.07167199205984347
0.0710802972115671
0.06735751247043455
0.06616361990307151
0.06802923000298182
0.06907330616193733
0.07044259951100927
0.07032085603298031
0.06726410240559359
0.06604566049249938
0.06746645175696538
0.06853038807249665
0.069604032289144
0.06913697223330131
0.06608727877232902
0.06498772343286725
0.06635266321813105
0.06737867881624986
0.06829638088812683
0.06775592900385323
0.0643903964650139
0.06343623190976866
0.06487961472002114
0.06594550429473664
0.06685855206725509
0.06644318547493377
0.06327758205946997
0.062175640452116994
0.06305530570975558
0.06401972945219872
0.06525044886215545
0.06495960558119133
0.06194424891750768
0.06072341092909312
0.061290683468201254
0.062135198845096745
0.06358444235928266
0.06364417021584882
0.061224430231859854
0.060412545534602104
0.06251950887867559
0.06349180374825543
0.06521747778154925
0.06571513383174037
0.06375825814023187
0.06305477304447736
0.06601833962049511
0.06722425223022062
0.06871867544008382
0.0691350147730785
0.06667615381425449
0.06569176119703414
0.06792124278841581
0.06892955304330428
0.06994364505375328
0.06956754574335398
0.06649873360309835
0.06534078262701817
0.06645287164204897
0.06738274977358856
0.06868457207968158
0.06880379887369417
0.06671278496988066
0.06562532347252617
0.06742064991853575
0.06852628001965672
0.06993864961437808
0.07000583396015783
0.06714686764169303
0.06588601661719372
0.06649238210041064
0.06765353185153239
0.06912666471062551
0.06916274392847808
0.06668704051647416
0.06547747587234323
0.06634778673856426
0.06743710415184347
0.0687004906176868
0.06862062632489968
0.06664184475164744
0.06551417681173248
0.06596365175655373
0.06698617859866346
0.06829597040788105
0.06822044650237123
0.06564975385333194
0.0645025421999282
0.06511385626698175
0.06619323064068663
0.06753099029571538
0.06707010548394181
0.0646579555725171
0.06364572964975453
0.06405884330377087
0.06471632047097439
0.06618069072629902
0.06627286865128364
0.06381908934218358
0.06286142309341541
0.06323543481399986
0.0640549034258191
0.0655430027394212
0.06539429030006146
0.062487539178457306
0.06139558118947949
0.06178252608891513
0.06223582277499804
0.0637724619431868
0.06416455613374483
0.06189039006791057
0.060796283490151766
0.06200811005290096
0.06304198524313387
0.0642057354132905
0.06398011483857646
0.061522024037211825
0.060589073478840724
0.06146211602661154
0.06242199512338321
0.06375710227037308
0.0632947986130098
0.06084406860209091
0.060010392642175094
0.0602795883706556
0.06135191858038579
0.06267103215411213
0.062302071323154254
0.06046339198499252
0.05964331385185113
0.05941297012864611
0.060249532056963574
0.06227738843055316
0.0627080128957357
0.061138344291371
0.060433662633480656
0.06126383293312504
0.061750009591288464
0.06266004872014742
0.06219000555476341
0.05913329050723145
0.058305416155831624
0.05793179445750324
0.05789854507079772
0.059490307760805175
0.05972206760274387
0.055852277032738505
0.05494581149492673
0.05598359455116942
0.0559995577153974
0.05657362715894802
0.05637974629921568
0.05270556719317735
0.05178348456161329
0.052070566145812736
0.052771154336068944
0.054851946754973874
0.05554846862395861
0.05373877002806109
0.052830158735258814
0.05378120052811334
0.05412874728403285
0.05498175139282347
0.054780520701061076
0.051486213242270394
0.05073487349725556
0.050444823590645775
0.05067502072099666
0.05187801763733674
0.05202293066497789
0.050220569385009496
0.04959205037932253
0.05050299601048657
0.05105901850406038
0.052750085123533144
0.05325698110746373
0.05127649266389012
0.050425791111815936
0.05181107841968482
0.05238858602470775
0.05400807566429731
0.05455697042749875
0.05300831967256963
0.052325868625726975
0.05399034496804761
0.05470005742762871
0.055920784814938014
0.056185146239390533
0.05440456891959935
0.053702093210202036
0.055589235484803545
0.056510588290374336
0.057533037049594886
0.05754428283012923
0.0556332451442638
0.05500742656219994
0.05621009117376312
0.05680248788556785
0.058243407631283974
0.058587650781744334
0.057043001270434025
0.056362097533868144
0.05763105605327024
0.058349269635807215
0.059773469217224706
0.060150771613720296
0.05837105267338796
0.057592599136524376
0.058279955275270634
0.058484483696523426
0.05946550369478436
0.059656633085650376
0.05718276501238023
0.056491471486580326
0.05794408601034855
0.058762284103155045
0.059566935559408674
0.05930627644511561
0.05741431015231436
0.05664515085634965
0.05741145223662181
0.058332780949985466
0.06044569762586589
0.06098979027702524
0.05994321845644766
0.058964466710183315
0.059999913535064585
0.061058534113707576
0.062377112595921956
0.062428642298625034
0.06122407565144573
0.06055611225944739
0.06045822846125007
0.060877586484190935
0.061828002093544325
0.06149201881850861
0.05929767328110946
0.05871410810533093
0.0587426761156763
0.05951543782390652
0.061539925788192944
0.06189691805395439
0.060491702302436855
0.059564813931076745
0.059620475273715084
0.05975082268493698
0.0611930882832127
0.061640803333492436
0.059224100388644584
0.05841088212020133
0.06012071091668196
0.06104625656077301
0.06225228037758032
0.06218432236146623
0.060931995942386324
0.06038213478583704
0.05973776137362967
0.05941248096103144
0.06103972750025608
0.06168433205106902
0.05936982209874708
0.058563109148445334
0.05930745502165603
0.06020212729711376
0.06173285222164816
0.06173234167691911
0.060704290679867316
0.06027236810602133
0.060591077698773976
0.061133139074696995
0.0633554069905255
0.06405821424456187
0.06222133793278949
0.061312852618002005
0.06315197957544429
0.063702331332235
0.06482935281561815
0.06526324937155026
0.06276257004981352
0.0618749479981782
0.06178634463270709
0.06181276446664324
0.06257083638191982
0.062283131176924515
0.059673642493069494
0.059021886643663125
0.059505713798114555
0.06007155738907133
0.06178686346128621
0.06194135023194521
0.05878171273246369
0.057953053008339105
0.058432044084598705
0.059014184253449786
0.060341521286715126
0.060175740372184955
0.0575145404530465
0.056649984192146056
0.05679641397734364
0.05716238677628272
0.05866059781163089
0.058766403283027346
0.056043511802278706
0.055379006589277295
0.05641597290020083
0.05668943065178076
0.05771308773782967
0.058002651793984235
0.05569834835569331
0.055065497844072706
0.055918895341287814
0.05638295967869534
0.05712006105573878
0.056816690661305326
0.05431337578849334
0.05367274928269481
0.05416858442075447
0.054785587096893226
0.05613588346300914
0.0562719586988746
0.05424282782959212
0.053510229061574925
0.053095781151380944
0.05292024198103718
0.05416474879339784
0.05458432316032452
0.05214604614604148
0.05140189969723226
0.05257988548010853
0.05301850821523681
0.05448895474275384
0.05472457075758876
0.05278490011581092
0.05211381267223981
0.05380705177334996
0.05482336900190731
0.05610211675431444
0.0561802915338063
0.05511115682779764
0.054573974856994265
0.054051690208331546
0.0541112430859953
0.05527195189899823
0.05546628727841816
0.0531564677656994
0.052520661014242694
0.05295883600912377
0.05337728409281288
0.05440770608182866
0.054226517225222065
0.05143798355241128
0.05073852935557919
0.05158985123582421
0.05216215808578546
0.05301491553317338
0.05268567468162797
0.05119130310056009
0.05085146048173145
0.05048813929885362
0.0504481022510125
0.05156580774956748
0.05161347367145894
0.049666303066197195
0.048924451042416744
0.04935800682703255
0.0499772339725422
0.051396790662055734
0.05151389897909647
0.04968628664183873
0.0492232405633052
0.04964615082486248
0.04951947890606844
0.050137592046179805
0.05011038684698912
0.04636531535021488
0.04553406507611888
0.04633604020267889
0.0466041863321806
0.04738232738891115
0.04726851451042263
0.0457635104378801
0.04518760826046488
0.045779267891628346
0.0463852766627776
0.047683350717748346
0.047864847927588716
0.046262164949874424
0.045439581436080276
0.0457472940723687
0.04605332860651798
0.04747075038883513
0.04777354577136065
0.04633718023596841
0.045699638101674836
0.04778723808260375
0.048619722412750976
0.04937638256589486
0.04942672583350929
0.04794830234834424
0.04714679958673801
0.047314377799942214
0.04762588430845045
0.048919646441034415
0.04905661633239374
0.04681141945549557
0.04594230728939582
0.04705611229548647
0.047441114036328676
0.048551722667166036
0.048700339462072736
0.046721854698379264
0.04613578008665151
0.04736496256986618
0.04811695816807919
0.048900691468446264
0.04860518176412528
0.047623769666559575
0.04743996952477106
0.0471117945545739
0.04732867460650872
0.049797614591640844
0.050920467042679496
0.050005411505687436
0.05004659583961153
0.05495393369885102
0.05603722187353093
0.05685843381211476
0.05710979904240644
0.054659130606282275
0.05390839610416487
0.05427841888903351
0.054509188376241094
0.056266201780745095
0.056860653727827136
0.05451153465177093
0.053602721799567245
0.055681246567062415
0.056335602108017274
0.056858608528416156
0.05660506678202538
0.05517488834249616
0.05465844638130157
0.05508640616548572
0.05549104687736207
0.05766109360459965
0.05836143205600981
0.05664795347224556
0.05608507608857943
0.05910404095681516
0.06036145505719975
0.06126050429411811
0.06132169635664404
0.05951181225483898
0.059020578150028875
0.06129862137712411
0.06253416201750213
0.06373076074205883
0.06385595570087564
0.06226813593579642
0.06162250905665316
0.06300333845907043
0.06379755444099415
0.06503175489643222
0.06493422736372156
0.06317691807179626
0.0624802014342967
0.061932399317868425
0.06235490766836321
0.06579927334726536
0.06716463657298632
0.06534554023179641
0.06474827510585597
0.06758456884422058
0.06873646099543565
0.06974525371054936
0.06967973625189869
0.06757227649526926
0.06697858365543272
0.06750145169095528
0.0683301730277778
0.07030102608683678
0.07077538002244513
0.06923509659704691
0.0687669773504815
0.06952130873621216
0.07001820803160173
0.07177753747163186
0.07231404059380939
0.07032068178915651
0.06978384535331462
0.07072730195908668
0.07127969828979433
0.07214730705164654
0.07190944906582863
0.06869705909373594
0.0676987493859768
0.06879203004792828
0.06963776692985327
0.0710005563706513
0.07087648721072141
0.06916529173832285
0.06894534555610012
0.07031390089011073
0.07098717613668294
0.07163978246664211
0.07190707707468107
0.06949420020718235
0.06887567064038469
0.06935557367274453
0.06991421735116536
0.0724503635338784
0.07328372289127169
0.07141631004864468
0.07073545757709505
0.07303614751205291
0.07445285880527688
0.07559825198537108
0.07538615534534715
0.0741413890661825
0.07390271602210036
0.07353584104007303
0.07312032679941834
0.07323771088255297
0.07226981587848355
0.0659114198223271
0.06438879324042006
0.06541709016019107
0.06582482567459094
0.06671454881042183
0.06664315595114123
0.06504643280822088
0.06460627413571202
0.06397195601430421
0.06385708497858435
0.06526602714834502
0.06555753046221628
0.06191894524743864
0.06088798098733673
0.062348421592779146
0.06336966992099
0.06421428253175093
0.06416219740700585
0.06257972308104674
0.06222678117017936
0.06252235911284196
0.06247367023871065
0.06296060116654172
0.06254177664426955
0.05834383363331171
0.05744919880401989
0.05832920541302804
0.058623700584465255
0.05988598196122836
0.05991075897542058
0.056513113798439596
0.05577248715700937
0.05651859692846995
0.05688608901569598
0.057793069711326535
0.05766073693847431
0.05489933193802063
0.05429170860836698
0.05541579913602706
0.05617429753670136
0.057070866500059554
0.05675725120072794
0.05583447127536525
0.05541031100397256
0.05436173813046406
0.05365029767869842
0.054303407568012725
0.054179978070413234
0.050233158722504515
0.04933159677810895
0.04986527211373412
0.05015494059681949
0.051204731443975575
0.05124396710281177
0.04975746984216706
0.04928414308132818
0.0493478001108984
0.04943324717284818
0.05030871961677501
0.050251962286492216
0.04775538686135561
0.04713557498230313
0.04780339118303522
0.04797259484575331
0.04894914694166864
0.04892854467005612
0.046333426558074764
0.04566471125240265
0.046440233395619306
0.04698382814840257
0.048035188394248085
0.048098390107377834
0.04621553847917566
0.045504988707742194
0.05369152148591834
0.06461366551085208
5.672786697810505E24
5.842970298744894E24
5.842970298744902E24
5.842970298744911E24
5.84297029874207E24
5.842501691567186E24
5.845705769923781E24
5.84962279124292E24
