NaN
NaN
NaN
NaN
NaN
NaN
NaN
NaN
NaN
NaN
NaN
NaN
NaN
NaN
NaN
NaN
NaN
NaN
NaN
NaN
NaN
NaN
NaN
NaN
NaN
NaN
NaN
NaN
NaN
NaN
NaN
NaN
NaN
NaN
NaN
NaN
NaN
NaN
NaN
NaN
NaN
NaN
NaN
NaN
NaN
NaN
NaN
NaN
NaN
NaN
NaN
NaN
NaN
NaN
NaN
NaN
NaN
NaN
NaN
NaN
NaN
NaN
NaN
NaN
NaN
NaN
NaN
NaN
NaN
NaN
NaN
NaN
NaN
NaN
NaN
NaN
NaN
NaN
NaN
NaN
NaN
NaN
NaN
NaN
NaN
NaN
NaN
NaN
NaN
NaN
NaN
NaN
NaN
NaN
NaN
NaN
NaN
NaN
NaN
NaN
0.20000166724305896
0.20000082187196153
0.20000144284224947
0.20000495308187483
0.20001606998264038
0.1999797762075557
0.19991093365771553
0.199785642898008
0.19957327576556214
0.199259082549601
0.19892847021264856
0.1989596955344057
0.20021225636754034
0.20379292939741322
0.21032263255115485
0.20446163407242277
0.19891691327009423
0.19399291951338465
0.18988597922063996
0.18680229776415555
0.1849718016747858
0.1846520892846214
0.18613102839253826
0.18970696913308877
0.19561195602849965
0.19204956187489544
0.18851697130008502
0.18514093211456942
0.18194364619915787
0.1789343272254822
0.1761372118076595
0.17361841906260295
0.17155712308533166
0.17039028814297966
0.17100126475914887
0.1698870503705307
0.1677552313201228
0.1655489279211645
0.1636095692049082
0.16183058920598975
0.16003452013676397
0.15815653211023525
0.156341871177564
0.15509075247216697
0.15542147463421888
0.15495638370987488
0.15347332279291515
0.15187154298899028
0.15042183537994278
0.14905839627385617
0.14768272281859354
0.14626819566207805
0.14492318256534378
0.1440199361517433
0.1443898773218469
0.1443108519820198
0.14323790426777494
0.14199840786590778
0.14086789200970853
0.13981062045513346
0.1387478684833861
0.13764475240294183
0.1365651637837864
0.13581841885141466
0.13623121521842477
0.13621357488401578
0.13533685253510983
0.13433929226554184
0.13341950786137988
0.13254245054915534
0.1316574156392591
0.13074820043808258
0.12987195912709035
0.12928451157218432
0.12969403160074736
0.12984209762393548
0.12915285477473026
0.1283224657383805
0.1275548052537563
0.12682467872643985
0.12609125517940573
0.12533461841069937
0.12458501009479285
0.12405343230463238
0.12445350664012768
0.12458298116167725
0.1239802713413744
0.12327452949897338
0.12262002991860038
0.12199004883563797
0.12135393624458517
0.12070023140351895
0.12006086757237228
0.1196228906399067
0.12001140511916782
0.12023486060904014
0.11973746408729748
0.11912519418135245
0.11855800444649382
0.11801235220316922
0.11634314147407386
0.11462462845483229
0.1128693192371257
0.11124065299416808
0.11044518351043298
0.10945556735349667
0.10773423977210508
0.1058825850674929
0.10405494708289888
0.10223366606011505
0.10038057523407562
0.09839191538902534
0.09602887262636427
0.093035593421115
0.0897440835347174
0.0905187293742571
0.09045808294014926
0.0901957531836326
0.08981326167847654
0.08915214844409636
0.08803321653223291
0.08623782142524714
0.08348704496142227
0.07955649501152043
0.07491737194130264
0.0759584808143701
0.07607756124782039
0.07606352045266827
0.07609461081177793
0.07611920973561838
0.07608134457129602
0.07590899595038147
0.0754738183617512
0.07462521798489988
0.07358308988700016
0.07381995574301864
0.07384034351674938
0.0738271701656895
0.07370821962939537
0.07352334001953045
0.07340208996690209
0.0733906533808915
0.07335856792933226
0.07301577745564666
0.07243445413514413
0.07246780603829174
0.07246080253542063
0.07245547412742756
0.07239059369648303
0.07229425280343077
0.07223948844584015
0.07224244649525137
0.07220093183025723
0.07190508175144378
0.07144216371871158
0.07139027338016997
0.0713312989942765
0.07133064462332149
0.07129014750446104
0.0712039074049556
0.07114506591884687
0.07114628920609535
0.07112559720473877
0.07085983468849191
0.07040898371893466
0.07038762626748561
0.07037633824286454
0.07037476856338086
0.07034187363704628
0.07029044417217505
0.0702621255726638
0.0702683699683031
0.07023927358268903
0.0700011255486353
0.06960598371428878
0.06952382441927728
0.06946324664031678
0.0694630505345216
0.06944351350457093
0.06939570927446932
0.06936316158267326
0.06936932943782391
0.06935883134522224
0.06914930273973667
0.06877348594858748
0.0687447955363497
0.06874414491146597
0.06874337866356499
0.06871841763864178
0.06868354186137093
0.06866411028814326
0.06866996046823605
0.06865191131427549
0.06846226091356583
0.06811341633583817
0.06802419384577674
0.06796981401902298
0.06796950012564369
0.06795375228567645
0.06792068788927354
0.06789803368984607
0.06790541667033174
0.06790303910027887
0.06773538301258683
0.0674135362346646
0.06738279069962544
0.06738890798478847
0.06738905893810983
0.0673658358174401
0.06733765858807318
0.06732094494571578
0.06732510874563497
0.06731458413658886
0.06716106508505269
0.06684170182254531
0.0667467255935188
0.06669464326467106
0.06669431924790942
0.0666780592629597
0.06665285568160516
0.06663578812743644
0.0666442225318376
0.06664794682246623
0.06651063663696577
0.06623235762059669
0.06619131190400941
0.06619727195516466
0.0661984071929722
0.06617534391134582
0.06614962852472106
0.06613283171484172
0.06613453542945999
0.06612881749279399
0.06600140454343852
0.06569751618789246
0.06558977211734927
0.06553537372825033
0.06553513164240977
0.06551674185305847
0.06549668442777862
0.06548415674179789
0.0654948007153334
0.06550397452109769
0.0653882152669971
0.06514709225969306
0.06508094781049856
0.06507827055452646
0.06508000341069048
0.06505673371976418
0.06503048268195814
0.06501116640112492
0.06500933209366518
0.0650065756713014
0.06489679589255969
0.06459146890719371
0.064460845247256
0.0644005522076056
0.06440040515299973
0.06437910592591228
0.06436326665122258
0.06435613743940533
0.06437169814892761
0.06438750200830926
0.06428632938485002
0.06407713668507568
0.06396468241646111
0.06394189893882093
0.06394335126290553
0.06392000822636133
0.0638902720449513
0.06386550894701169
0.06385837127372633
0.06385729774615757
0.06375719430772504
0.06342595699834279
0.06326079082454432
0.06319270744255812
0.06319266350882359
0.06316809489702269
0.06315700463128876
0.06315849850147028
0.06318439469760703
0.06321079932615001
0.06311880285518622
0.06293308780997765
0.0627495079695513
0.06269202874526829
0.0626921490961595
0.0626694329192656
0.06263352178710127
0.0626007547152329
0.06258647733492334
0.06258616804654973
0.06248803262817509
0.06209783011183816
0.06188431004471186
0.061809040509681765
0.061809258337806
0.061781536116611344
0.06177671694506484
0.06179185089662412
0.06183508200284298
0.06187790827129476
0.061793003756998574
0.06161141619256649
0.0613495848323423
0.061247919214629756
0.061247134477090535
0.061226930759606085
0.06118519886708362
0.0611469166689438
0.061127222488711656
0.06112717480567519
0.06102597221992322
0.06055347079589697
0.06027010973471491
0.06019113671710536
0.06019214972088441
0.06016187458620975
0.06016227342369395
0.060189853922334856
0.06024793318030643
0.060305339945403436
0.060230670726779865
0.06003687020109989
0.05973279547590694
0.05959594686330605
0.059597210332952746
0.059581952330917134
0.05953902785539502
0.05950319892729214
0.0594836482597803
0.059483656867458684
0.059380303107750054
0.058836085163971805
0.058456672974598126
0.058378663212934986
0.05838122230474197
0.05834971038685556
0.0583504431436392
0.05838075413792761
0.05844067612524836
0.05850171249768764
0.05844092089289608
0.05824094589396366
0.057946275516391754
0.05779402231661707
0.05779929231883684
0.0577893981674495
0.05774972400514648
0.05772199663082158
0.05770578628733699
0.05770608698387009
0.05760644776745175
0.057018589214109905
0.05653457926739917
0.056462061499743504
0.056466613214505135
0.05643600869352023
0.05643362767918563
0.05645886925781395
0.05651006428377315
0.056565230473200064
0.05652018691318639
0.056322738113064444
0.05608109695837005
0.055933325342363054
0.05594279302879659
0.05593712027998818
0.05590447462349951
0.05588879330734354
0.055877941265936294
0.05587962235640315
0.05579220242098023
0.05519726899948054
0.05462240146619339
0.054559963463822886
0.054566717736672286
0.05453907940239222
0.054531242821449506
0.05454507043264922
0.05457848929582499
0.05461945732050198
0.054591317272906045
0.054403098830937545
0.05425219364565866
0.054129483250419025
0.05414321079846544
0.05414019448145061
0.054118255913850666
0.05411791439143266
0.0541145722236417
0.054119040879826524
0.05405300211258642
0.05349882064066503
0.05286199120404107
0.05281280349608234
0.05282178542479628
0.052798529020571375
0.052782707487087716
0.05277809826079355
0.05278437091658704
0.052802406617361325
0.05278974881737514
0.05262730214821601
0.05258191460049214
0.052498716805823964
0.0525153732976598
0.05251243363406829
0.05250168767555114
0.05251426429256685
0.05251680048725123
0.05252507228077635
0.05248643235794535
0.0520115158414549
0.05135716852192735
0.051321584230220305
0.051332351183937204
0.05131420800983145
0.05129131732386712
0.05126902476047181
0.05125035541634943
0.05124636311412067
0.05124267437185458
0.051118451859831944
0.05114371350860341
0.051093902301973124
0.0511095163388691
0.05110365924189774
0.051099921032372896
0.051116880231314894
0.05111957417064697
0.05113215738891727
0.05111982471241222
0.0507251144226005
0.05010576408042261
0.05008289020871892
0.05009468989065529
0.050081501557557244
0.05005707940327381
0.05002784123983628
0.049998594923174884
0.04998424436585977
0.04998355888888574
0.04988334345240906
0.049931204541241524
0.04989895238046874
0.049911173897134044
0.04990192820832336
0.04990189396529879
0.049918324860680346
0.04991900637873527
0.049935709905573965
0.049943315410116394
0.04961479005800067
0.049063050759589326
0.04905202303739874
0.049064414935160824
0.04905509450056469
0.04903248898025773
0.049003442088683125
0.0489731019938878
0.04895676256319098
0.048956611643875624
0.04886423484514612
0.04890711076573604
0.04888236182025912
0.04889154247854789
0.0488802247362398
0.04888245949988094
0.04889691795097007
0.04889601389519769
0.04891556414478015
0.0489353330065822
0.04866121900404198
0.04818510329883001
0.04818412275227863
0.04819686192906419
0.04819037568227084
0.04817040836427379
0.048143944255656226
0.04811595729227775
0.04810091640029479
0.04810049431487112
0.048008672317229883
0.048035581734554966
0.04801410299904381
0.04802102386018829
0.04800885502293709
0.04801252045545575
0.048024487292108155
0.048022647155412636
0.04804338302964538
0.04806870930723616
0.04783911793880433
0.04743389392761534
0.04744064060109719
0.04745344526913948
0.047449082734208635
0.04743178336170887
0.04740848847227075
0.04738382556716605
0.04737107664520627
0.04737015852462024
0.0472767890908274
0.0472842955564041
0.04726451663020821
0.04726964515347278
0.04725741213434225
0.04726189045671724
0.04727117117656084
0.047268865209167774
0.04728933611698269
0.04731560251836273
0.047122031347806875
0.04677858027731934
0.04679096399753873
0.046803549583613414
0.046800794237273804
0.04678594535019018
0.04676578325048427
0.046744534070774175
0.046734233939343305
0.04673281169587616
0.04663771163877824
0.04662526111766333
0.04660661316529676
0.04661019371911535
0.046598403126790706
0.04660324792359091
0.04660986674445102
0.04660742423210567
0.04662656808749477
0.04665096810595541
0.04648634813748227
0.04619496867240342
0.04621137159819532
0.04622351586329894
0.0462219656194842
0.046209249419246666
0.046191946003646976
0.04617387409868994
0.04616588061120661
0.04616403235131486
0.046067578232443354
0.04603570972551047
0.046018006703654836
0.04602018694345709
0.046009184875201156
0.04601409995884206
0.04601822937314934
0.04601588104263523
0.04603300926836581
0.04605407758811832
0.04591272024156583
0.04566459697010944
0.04568383754782719
0.04569540056390927
0.045694739486238
0.04568380920759403
0.0456690082962693
0.045653763262531115
0.04564783226205903
0.04564566893455604
0.04554835769633039
0.04549807478181616
0.04548130381763245
0.04548219022421553
0.045472220878277
0.04547702603897946
0.045478922476334054
0.045476822584872297
0.045491549340895845
0.04550870919935423
0.045386135919584444
0.04517377921778367
0.04519500862267445
0.045205922816108995
0.04520590664386613
0.04519643022652008
0.04518376814668903
0.04517097757903485
0.045166840309350295
0.04516448073490078
0.045066813868206386
0.04499935119037653
0.04498359402375948
0.04498327142152077
0.044974507031578695
0.04497909456379095
0.04497905776314309
0.04497729924658954
0.04498946165707769
0.045002676208003675
0.0448953924157161
0.04471263087873831
0.04473523406974302
0.04474548342196498
0.0447459267674324
0.044737611069986714
0.044726752709143794
0.04471606313645356
0.04471345726180493
0.0447110150370611
0.04461347190885012
0.04453018327666713
0.044515574122703655
0.04451411559182179
0.044506673653830174
0.044510960271962864
0.04450931924029241
0.0445079462666186
0.04451753029855757
0.044527061820014126
0.044432308111935076
0.04427407977539906
0.04429759711563261
0.04430719537618339
0.04430795928090028
0.044300559816097984
0.0442912125782837
0.044282303755963884
0.04428098252605234
0.04427855894799838
0.0441815829698388
0.044083863403073076
0.04407055721783881
0.04406803397129712
0.044061987827529216
0.044065866208268564
0.044062981138335296
0.044061998658517
0.044069077340184545
0.0440753340790614
0.04399083274318152
0.043852890226886564
0.0438769617878075
0.04388593375625574
0.04388691452409808
0.043880234694200944
0.043872148690043196
0.04386473205440766
0.04386446120626953
0.04386214177102616
0.043766122184374534
0.04365534054504719
0.043643488586794205
0.0436399803459503
0.04363536650202728
0.04363866631547499
0.0436349302015269
0.04363431045746635
0.043638999888347546
0.04364244712459489
0.04356616723267295
0.04344477129740025
0.04346910366894299
0.04347747131320596
0.04347859143771029
0.043472474597959575
0.04346543457591338
0.04345924291795485
0.0434597911543659
0.04345764418441494
0.04336289806866443
0.04324034309748302
0.0432300792240673
0.043225681716387125
0.04322250656550453
0.043224986300461246
0.04322080941638561
0.043220497492943655
0.043222936143456576
0.04322405079184034
0.04315403248821163
0.043045707124322076
0.043070061351842256
0.04307783619773514
0.0430790377757833
0.04307335554401015
0.043067169380572735
0.04306194453841717
0.04306307364710499
0.043061149952646774
0.042967917560190375
0.04283477714609436
0.04282621783156024
0.042821042976886485
0.0428192905329855
0.042820693735421494
0.04281645498684057
0.042816377118818194
0.04281673343291392
0.0428159846341732
0.0427502870178453
0.04265172404584901
0.04267592112900589
0.04268310518453245
0.04268434588405684
0.042678986843230446
0.04267347568326683
0.042668962134437376
0.042670424661582926
0.042668757462403756
0.042577226059517484
0.042434632867843367
0.042427888409544014
0.04242205364057525
0.042421693691762054
0.042421890560355134
0.042417846158355164
0.042417923885006675
0.0424164313559577
0.04241427087964326
0.04235111803514616
0.04225932132104509
0.04228325808234213
0.04228985637484458
0.04229110774287495
0.04228597158281233
0.042280967190811355
0.04227692022215094
0.04227847420033274
0.04227707904217347
0.04218744199323535
0.04203661154977239
0.04203179548412458
0.04202540235187308
0.04202639534996247
0.042025546249285166
0.04202172124434925
0.04202188997985555
0.04201888782122107
0.04201573511273223
0.04195386249322441
0.04186653686409314
0.04189019877009967
0.04189624310478653
0.041897490350252406
0.04189249186771723
0.04188784554570645
0.04188405882675211
0.04188550475303832
0.04188437994916461
0.04179690718771481
0.041639327182419215
0.04163654189657806
0.041629653739579
0.0416319470221382
0.04163053005859391
0.0416266830066537
0.04162690717893313
0.04162283899956312
0.04161905392345903
0.04155806279117529
0.04147403880125359
0.041497490856780284
0.04150306279802621
0.04150430400422221
0.041499386088195846
0.04149498737797032
0.04149133117777454
0.04149255970519704
0.041491688595879775
0.04140674738218916
0.04124426914303922
0.04124355843086479
0.04123619814029951
0.041239712289586346
0.04123836488962336
0.04123409877996001
0.041234375145820644
0.04122972062412053
0.041225574348673216
0.04116600995489871
0.041085378651722765
0.04110872399857018
0.0411139577406038
0.04111520037546334
0.041110347035623516
0.041106141343782404
0.04110258853108752
0.041103610486042094
0.04110296641537596
0.04102095682204663
0.040855668199953336
0.04085696400876482
0.04084914348630683
0.04085375666533
0.040853066385258964
0.04084801749207253
0.04084836504905621
0.040843543151296895
0.04083920453519206
0.0407822949325425
0.04070613758175954
0.04072945777292651
0.04073451771760455
0.040735772732491585
0.04073101212720646
0.04072700487981947
0.04072362679399054
0.04072456517001302
0.040724118289363814
0.040645367936924796
0.04047931982952262
0.04048241993265845
0.040474183236165424
0.04047972412934668
0.04048005203665838
0.04047404474934012
0.04047448611224924
0.04046977731990317
0.04046532071617237
0.040412517528128376
0.04034235606981212
0.040365660151064485
0.04037070517140706
0.04037198098995598
0.04036737545944675
0.04036361888263589
0.040360551114001345
0.0403615975457136
0.04036132131119861
0.04028599736680232
0.040120922967126556
0.040125507860731824
0.04011696298025746
0.04012321722567119
0.04012457658832554
0.04011770988329988
0.04011825226392776
0.04011375876786773
0.040109190828958516
0.040061648114345635
0.03999878701426178
0.040021987710572304
0.040027134521503194
0.04002843271019684
0.040024058552510094
0.04002062523435485
0.04001801456829229
0.04001936488394207
0.04001924037607921
0.03994730275599977
0.039784405442960274
0.039790089355437444
0.03978141790546499
0.0397881478979695
0.039790237852305725
0.03978286952069363
0.03978349438623431
0.03977915942304476
0.0397744592104067
0.039732638874530574
0.039677634426877356
0.03970055990712542
0.03970585828837177
0.039707172164556784
0.03970309531829171
0.03970004709391707
0.03969799781742315
0.03969978883925659
0.03969980572146561
0.03963102908549493
0.03947093233881064
0.0394773382067299
0.0394687758025373
0.039475749191533356
0.03947815318179163
0.03947075300058755
0.03947141925160051
0.039467108626430034
0.03946226517090952
0.03942588691269135
0.03937840473814781
0.03940084382735991
0.03940627811157991
0.03940759514256892
0.039403852867836056
0.039401217393400335
0.039399759955184036
0.03940203552481372
0.03940218955713263
0.03933625959027488
0.03917917472094763
0.0391859986258583
0.0391777874442637
0.03918480315571824
0.03918717222947869
0.03918014027510586
0.03918079723321598
0.03917638894206626
0.03917141884450942
0.03913971928805498
0.03909877808611037
0.03912053682356031
0.03912605172191416
0.039127358301656374
0.03912395458738183
