NaN
NaN
NaN
NaN
NaN
NaN
NaN
NaN
NaN
NaN
NaN
NaN
NaN
NaN
NaN
NaN
NaN
NaN
NaN
NaN
NaN
NaN
NaN
NaN
NaN
NaN
NaN
NaN
NaN
NaN
NaN
NaN
NaN
NaN
NaN
NaN
NaN
NaN
NaN
NaN
NaN
NaN
NaN
NaN
NaN
NaN
NaN
NaN
NaN
NaN
NaN
NaN
NaN
NaN
NaN
NaN
NaN
NaN
NaN
NaN
NaN
NaN
NaN
NaN
NaN
NaN
NaN
NaN
NaN
NaN
NaN
NaN
NaN
NaN
NaN
NaN
NaN
NaN
NaN
NaN
NaN
NaN
NaN
NaN
NaN
NaN
NaN
NaN
NaN
NaN
NaN
NaN
NaN
NaN
NaN
NaN
NaN
NaN
NaN
NaN
NaN
0.16000199129749743
0.16000181177525008
0.16000511674230877
0.16001681836905748
0.13335476831114942
0.11428337827117474
0.09996365392608253
0.08880128737046694
0.07983716533432976
0.07246611104807434
0.06631696343164396
0.06124426111401356
0.0573736166006738
0.054950438765410524
0.05814476316581209
0.057328914732903295
0.05663140782315913
0.056474527763276244
0.057093788444768034
0.058679597323526664
0.061442454102535196
0.06565284282353133
0.07166206674354496
0.0798841967236426
0.07999978268712334
0.07666559520961638
0.073634475404873
0.07080355440669109
0.06809509717229865
0.06546767031932932
0.06289499094473895
0.060367280327083585
0.057953211795781126
0.05592487313941302
0.05699603753566408
0.056366943013737215
0.05481214604154562
0.053041348557150626
0.0513738015304945
0.04987846509139431
0.04859668897910496
0.047658817221160214
0.04736659557293466
0.04828079530313771
0.04734339868515764
0.046431034586960955
0.0455750782993282
0.044927006836037786
0.044385787820765875
0.04380099128419646
0.043061394280000526
0.04211871934624179
0.041027579308931514
0.04003640536836162
0.04086552311810197
0.04083701200294515
0.04017079781595343
0.03933713981390865
0.0385250096533473
0.03777593867313858
0.03711568977379274
0.03661555938569185
0.036459300774048325
0.03705198967996837
0.03660135507468333
0.03615872179124587
0.03568562144979589
0.03531146154150579
0.03498946691140256
0.03464620001866673
0.0342246428725742
0.03368808773100579
0.0330502999672469
0.032472076296760535
0.03310676220347654
0.033161660762822745
0.03276980310661555
0.03226666841552704
0.031773345559748666
0.03131065948692854
0.030893754360867522
0.030567139437712262
0.030456627882511952
0.03088182022017865
0.030622333721003682
0.03036598396304531
0.03006118201654472
0.029816145263390836
0.029600990121959922
0.029372788472771475
0.029097877588485574
0.028747625043499234
0.028320204890266102
0.027930832373872602
0.028432891332225232
0.02850382635573053
0.02823705192760126
0.027890467077693788
0.027551491605049817
0.026491062328068
0.025210494145308217
0.023996393925753926
0.022943043834738094
0.02232083115624171
0.02208665680001562
0.021843101195047922
0.021536279570998094
0.021257301871003418
0.020986122410532236
0.02069447529427134
0.0203486840060539
0.019881217457593647
0.01918659372961678
0.018235810761020745
0.017838058467095276
0.017962914750966095
0.01777503914585871
0.01744569183433354
0.0169932133029343
0.016363757799763637
0.01549940187757648
0.014348465725615328
0.012899320698677566
0.01130750616005967
0.010656317619604833
0.010783795977439153
0.010823811498018728
0.010890781837841791
0.010979406822509386
0.011069458149294322
0.011141012214049147
0.011160585490462704
0.011074744279377158
0.010863843148822234
0.010765525415762445
0.010807691871247676
0.010826846059105283
0.010840760013511763
0.010840702536171882
0.010829931327051819
0.010816351796665962
0.010780207954703752
0.010670047701881409
0.0104958828435581
0.010414189189247487
0.010419450703756805
0.01040567020055104
0.010374689987470218
0.010324759977714131
0.010284653009829163
0.010279420486389074
0.010301516752998875
0.010298712471128095
0.010221411686625324
0.010144161170407132
0.010117024126155127
0.010111385970796001
0.010118635697495666
0.010124404937549078
0.010122382868579445
0.010113532427308588
0.010084510733916814
0.009998416759529873
0.009867173890295866
0.009802758350871351
0.009800422023758098
0.009790700329461116
0.009774376251132947
0.009747095594603768
0.009725795450816737
0.00972714537684373
0.009747332775623386
0.009748231744463204
0.009686098931424034
0.009614089526457587
0.00958299995090151
0.009575921105068098
0.009579813902323013
0.009584679387834272
0.009584520651308598
0.009577665495942576
0.009554398995633116
0.009485745032699965
0.009380576916931418
0.009327527759021804
0.009323669707501142
0.009315107550670195
0.009302599099155455
0.009283520596482681
0.00926897684975264
0.009270985788744386
0.009288108962165987
0.009291671020984306
0.009240992384577654
0.009175626959330191
0.009146132918187284
0.009140817377492656
0.009144006402141443
0.009147520911634016
0.009147781802417577
0.009142125962823744
0.009123315911846517
0.009067510886127035
0.008980844858210942
0.008936009960506188
0.008931636728534632
0.008923822192755882
0.008912213102891434
0.008896330773730626
0.00888412917260744
0.008885030919899051
0.008899161412268932
0.00890432213058753
0.00886165662945934
0.008800520745955146
0.00877143431458821
0.008766797806138631
0.0087701309667938
0.008772472904494361
0.008772786036442921
0.00876782253439481
0.008752053495962241
0.00870540532659258
0.008632834971958122
0.008593901698546638
0.008588304675063541
0.008581059351718446
0.008569539339584223
0.008554745530447078
0.008542849309781698
0.008541898393685273
0.008553272366829819
0.00855939788783685
0.008522115975029592
0.008461779235536744
0.008430688333724283
0.008425713335131457
0.008429568014790499
0.008430857330584816
0.00843094723187144
0.008426233341240968
0.008412373879774228
0.008372085796964667
0.008310716262541831
0.008275632320327339
0.008267340681980264
0.008260328773785585
0.008248603181764248
0.008233418153383484
0.008220078661522488
0.008216350790307737
0.008225037775860256
0.008231895502734015
0.00819760018963515
0.008133961059228319
0.008098500015442376
0.00809275381325691
0.00809736976889288
0.00809759978120437
0.008097092288926504
0.008092185978592528
0.008079346420755626
0.008043184587990335
0.007990819922491234
0.00795740697428044
0.007944405033012187
0.0079372358455952
0.007925212493957376
0.007908086704833464
0.00789105718965336
0.007882919095232668
0.007888660827809053
0.007896428041935445
0.007862523778655135
0.007790620215783108
0.007748914772811601
0.007742623912123722
0.007748196637755473
0.007747185577309992
0.007745534295863376
0.007740065087829557
0.007727705593606241
0.0076938852893416254
0.007648089250064393
0.007613717440374217
0.007594131296729982
0.007586782363508353
0.007574718615971376
0.007553926433841125
0.007530308370819778
0.007515346033433745
0.007517574369207488
0.007526922248337746
0.007490613500665902
0.007404603928183503
0.007355561707418007
0.007349655103436789
0.007356321627634229
0.007353849239818456
0.007350663430376564
0.007344833203385324
0.00733331414010429
0.00730115028307909
0.00725806503456009
0.007220144399204063
0.007194854365046669
0.007188553280923362
0.007177692964922028
0.007152714737627407
0.007121174076590733
0.00709844097176118
0.0070973724617776615
0.007109349160252649
0.00706909865889129
0.006963657478074073
0.006906551024105592
0.006902375925088963
0.006910221121303116
0.006906680117173781
0.006902533929813575
0.006897292791998597
0.006887729899988328
0.006858629886482563
0.006815838049434518
0.0067749295743370005
0.00674897045667125
0.006745675781918881
0.00673785312053568
0.006710990731518111
0.006674794393966605
0.006647794053985567
0.006645774332180204
0.006661207469529678
0.00661819483279947
0.006491602449110087
0.006425829991826964
0.006424204818722811
0.006433150163618461
0.006429563449123063
0.006425421428076228
0.006421279425739005
0.00641413631921172
0.00639001724000105
0.0063492200177054006
0.006309296820869579
0.006287440352684791
0.006287606380480746
0.006283145967485649
0.006257027056430652
0.006220756414694833
0.006194073358236205
0.006193620759245898
0.00621274866293157
0.0061694547333462505
0.006024954599884702
0.005951873579603977
0.005952776713505684
0.005962379944644988
0.005959501913639972
0.0059559977211504364
0.005953105659426719
0.005948384796676905
0.00593020852411924
0.005893107308339726
0.005857764149206885
0.005843044048716955
0.0058461188075549534
0.005844270149144673
0.005820733658880897
0.005788095295676626
0.005765243341115659
0.005767875482857957
0.005790296138418778
0.005749704471351108
0.005594534434059305
0.005517589123054878
0.005520706935169243
0.00553044890353388
0.005528754179480071
0.0055263594573221695
0.005524721640536977
0.005522152412508222
0.0055101713594925186
0.005477754807398712
0.005449786987729343
0.005444402187295346
0.005449739192636281
0.005449624911001686
0.0054303957793150415
0.0054048226377327825
0.005388912378375455
0.005395602202124594
0.00542028050065685
0.005385752005708502
0.005229513586733253
0.005152653475772551
0.00515739087026237
0.005166873442290014
0.005166681519800717
0.005165592733463773
0.005164684816066426
0.005163284743701621
0.005156810672050811
0.005131051379884923
0.005112563117931192
0.005116207848817551
0.005122433652444792
0.0051226199285313145
0.005108389713282423
0.005091610723194753
0.005084001391502228
0.005094688882140611
0.005120124275192523
0.005093799413882719
0.00494625405765348
0.004873496550756968
0.004878991326088965
0.004887886850560738
0.0048890051929043506
0.004888780151736084
0.004887783363075679
0.004886363645646911
0.004883227059610588
0.004864756650847214
0.004854415722488687
0.004862754623765179
0.004867892801930202
0.004866592871356923
0.00485576201426819
0.0048455777731346876
0.004843749126963972
0.004856446411245011
0.004881155345533846
0.004862306543723164
0.004730198821048033
0.0046656792580835205
0.004671442106343373
0.00467952447773648
0.004681301882016846
0.00468146929868377
0.00468036064495932
0.004678786426598113
0.004676897452583959
0.0046626320559252235
0.0046560333072655285
0.004664956338898501
0.0046683434034172485
0.004665180894549667
0.004656177303957321
0.004649704204849208
0.004650603224147212
0.004663266533690098
0.004686110917920294
0.004672906453662215
0.004558677736835019
0.004504657265437427
0.0045107298846300825
0.004518042493167344
0.004520030761544253
0.004520397696204369
0.004519377296501482
0.004517845866791534
0.0045162179494711956
0.004503429876509494
0.004497384220620147
0.004505090385285213
0.004507102093458139
0.004502680546134827
0.004494980636979689
0.004490712259025245
0.004492793602117517
0.004504416104225101
0.004524678396375041
0.004515475352417458
0.00441845105332687
0.004374731482949094
0.004381096143100995
0.00438775542114078
0.00438976027212626
0.004390231252123329
0.004389360907642777
0.004387955149029936
0.004386252740311599
0.0043737784159317466
0.004366958302180393
0.004372918658338987
0.004373963456005759
0.004368818885297071
0.00436224416562452
0.00435945503647364
0.004362053499388958
0.004372274033021658
0.0043896439742851425
0.00438314777254704
0.004301245767921741
0.004266420877678939
0.004272907085260562
0.004278977089804434
0.004280910542793931
0.004281429385525875
0.0042807074761507516
0.004279443041362103
0.00427758303155375
0.004265078824159681
0.004257090422081405
0.004261237735902205
0.004261559450474934
0.0042560023641855915
0.004250414204358345
0.004248684963291957
0.004251488689075945
0.004260235868371784
0.00427470597268422
0.004269970893171138
0.004200801121324011
0.004173231857028855
0.004179658385381197
0.004185173230815676
0.004186992360418234
0.00418752133863927
0.004186927059434079
0.004185796167866977
0.00418378121959345
0.0041711982608695275
0.004161996160043473
0.004164413937481893
0.0041641564833502795
0.004158366326933683
0.004153627781077065
0.004152678467039226
0.004155521505839376
0.004162848930773257
0.00417459624980553
0.004170972406886105
0.004112319603222539
0.004090530883923799
0.0040967706579712205
0.0041017619478723125
0.004103449560133852
0.00410396161326643
0.004103469611459028
0.004102457188258848
0.004100316718331234
0.004087693882376121
0.004077349655636136
0.004078169579423262
0.00407743049975877
0.004071522365800858
0.004067506087205905
0.004067138821715588
0.004069924419969772
0.004075939442376054
0.0040852356133280945
0.0040822965055703035
0.004032274309121307
0.004015055192247841
0.004021037859276464
0.004025543088490501
0.004027098598804159
0.0040275748417070165
0.004027161106156327
0.004026251141001044
0.004024021608212504
0.004011419298931473
0.004000043856421043
0.003999412178841286
0.003998266116586396
0.003992320856480984
0.003988916842123853
0.003988989105822135
0.003991657766823561
0.003996488724958508
0.004003640872522562
0.0040011170870347225
0.003958182233902731
0.003944575941811203
0.003950272116650187
0.003954333676428013
0.003955766522358149
0.003956194897767538
0.003955839210737681
0.003955017403998953
0.003952735610317381
0.003940217222082742
0.003927935843660429
0.003926001037128369
0.003924508976745913
0.003918586828244851
0.003915707261209123
0.003916113180560642
0.00391862632462641
0.003922405182632136
0.003927719934170026
0.003925447037388927
0.0038883578146476382
0.0038776180284564813
0.003883022848124961
0.0038866844751074096
0.0038880089587031747
0.003888382939895254
0.0038880695872967968
0.0038873242544614256
0.0038850247956879807
0.003872651386444455
0.0038595940280946204
0.0038565012234817743
0.003854714956415138
0.0038488626003921724
0.0038464459707906688
0.003847100129495447
0.003849429945208007
0.0038522815254780434
0.0038560448559096013
0.0038539250672517227
0.003821677305760327
0.0038132176720658485
0.003818337959159604
0.003821641337048557
0.003822872967451988
0.003823190317389964
0.003822907931392336
0.0038222300033821013
0.0038199441324620214
0.0038077715711285743
0.0037940665688188406
0.0037899548605045408
0.00378792032627137
0.0037821747935023824
0.0037801898285190145
0.0037810132912508786
0.003783135936937217
0.003785170995869736
0.003787638888897607
0.003785613857874978
0.00375736918180801
0.003750715733235203
0.0037555611907232347
0.0037585435949938364
0.0037596970248400152
0.0037599587737876107
0.0037596997903301967
0.0037590823307932396
0.0037568374402707745
0.003744913647468806
0.0037306820100970806
0.003725683673698753
0.003723444074452439
0.003717834683584312
0.003716282240330987
0.0037171926987558763
0.003719084484943692
0.003720396553393824
0.00372179325657829
0.003719825480362367
0.003694842718170741
0.003689594138481575
0.003694172332431258
0.0036968655828186654
0.003697954021119471
0.0036981637138957407
0.0036979236679767135
0.0036973611431863306
0.0036951806197973724
0.0036835433595058527
0.003668894192428674
0.003663135471711756
0.0036607338071546246
0.003655282835931396
0.0036541912521539256
0.003655100919353959
0.00365673829916175
0.0036574054210081284
0.00365792709677514
0.0036559885041189144
0.003633571538305015
0.0036293717520617837
0.0036336867124560574
0.0036361175136324724
0.0036371532312800495
0.00363731636620938
0.0036370930896500037
0.0036365805610082554
0.003634483877485455
0.003623160495778169
0.0036081896263027696
0.003601792627077353
0.0035992726504348056
0.0035939955468586356
0.0035934016970154132
0.0035942280135028374
0.0035955927861198046
0.0035956856640965086
0.0035955075321525455
0.0035935748265919216
0.0035730548609894225
0.0035695833182221603
0.0035736377787060946
0.0035758295313394195
0.0035768247952482524
0.003576948295096924
0.003576741004129576
0.0035762734205855556
0.0035742762990224673
0.0035632868983068206
0.003548081453952682
0.003541166123927841
0.0035385702932588504
0.003533476454354217
0.003533385633806422
0.0035340777212558533
0.0035351678236246607
0.003534764403941659
0.003534048686589257
0.0035321054291981625
0.003512876772809808
0.0035098612994699553
0.0035136625317228965
0.003515638642843296
0.0035166061558639635
0.003516697685575998
0.0035165059518307757
0.00351607776341986
0.003514192137333457
0.0035035565477508045
0.0034882069300075057
0.003480890925440239
0.003478254060168556
0.0034733492103997494
0.0034736872967003215
0.003474257630360332
0.0034750988691554874
0.0034742993904330038
0.0034731993638779097
0.0034712428630776014
0.003452851948603863
0.0034501008118862425
0.003453668515637861
0.003455456454587386
0.003456408366816619
0.0034564753776991537
0.003456298129133531
0.0034559034533814224
0.003454136898088507
0.003443882299835328
0.0034284969165523822
0.0034208902804896174
0.0034182302018561737
0.0034135206966452026
0.003414125175817394
0.0034146575468846367
0.003415305436031196
0.003414234614178574
0.003412889961414558
0.0034109368838347726
0.0033931752231055774
0.003390606912489236
0.003393978241823583
0.003395611857506215
0.003396557204808282
0.003396605810258056
0.0033964407689676544
0.0033960741742365204
0.0033944288612697627
0.003384591111980865
0.0033693011687050884
0.003361495680068783
0.0033588076428710473
0.0033543053545236267
0.0033549765914827373
0.003355594643953374
0.0033561207459906588
0.003354910293341056
0.0033534355237236557
0.003351520036719015
0.003334447437748156
0.003332090166087828
0.0033353163375420473
0.0033368338073869247
0.0033377756959192713
0.0033378097931235527
0.0033376537138680956
0.003337311301087349
0.0033357833875559857
0.003326398795817352
0.003311345012797071
0.0033034046810967548
0.0033006668435043994
0.0032963919044631095
0.0032969567204164884
0.003297775661384959
0.0032982469556288386
0.0032970097850693035
0.003295484281914503
0.0032936492225011742
0.0032775265675943745
0.0032754825523700435
0.0032786176935540355
0.0032800558605916626
0.0032809902103900805
0.003281011308205441
0.0032808608477663437
0.003280541033653819
0.0032791214831390985
0.003270214991108048
0.0032555247052277136
0.0032474843577398826
0.003244671783722159
0.0032406513165559965
0.003241005367035003
0.0032420915033996257
0.0032425530598184094
0.0032413629387245298
0.0032398282290823726
0.0032381134845111945
0.0032232795456221047
0.0032216706865301763
0.0032247588616644497
0.0032261471563325202
0.0032270637323468677
0.0032270715585643716
0.0032269242389313074
0.0032266277691452862
0.003225304467267366
0.0032168809696089657
0.003202647696853104
0.0031945196177897237
0.003191618665868542
0.0031878819593615442
0.003188015398106677
0.003189361547816018
0.0031898267838143955
0.003188708603056108
0.003187173464083479
0.0031856046684896003
0.003172336311055332
0.003171248464751039
0.003174313571820085
0.003175669664157027
0.003176555008681646
0.003176548562589887
0.00317640339490291
0.003176132488028457
0.003174892817977928
0.003166933806785697
0.0031532046884564717
0.003144990321911256
0.003142008916319532
0.003138580899356008
0.003138567823595361
0.0031400979118131967
0.0031405508579626096
0.003139486580349779
0.0031379398483728036
0.0031365219902967146
0.0031249270772544346
0.0031243723175711224
0.0031274143160810526
0.0031287430075669282
0.003129584340144648
0.003129562973164452
0.0031294204873656807
0.00312917742991765
0.003128010631860975
0.0031204784174798735
0.0031072557678643127
0.003098959835797458
0.0030959299549475367
0.0030928252483679464
0.0030927670779770976
0.0030943736521862612
0.003094783626473197
0.003093734294460566
0.0030921613619520577
0.003090881566581466
0.0030808772604069383
0.0030807926952255444
0.003083792831315175
0.0030850893758898002
0.0030858779538499408
0.0030858421248298466
0.0030857037992632215
0.003085489665567546
0.003084388254985444
0.003077237541338636
0.003064496680818063
0.0030561377134882763
0.0030531068710112894
0.0030503267583818034
0.0030502997045093166
0.0030518857584523862
0.003052224116948068
0.003051153775184265
0.0030495481720647106
0.0030483845924529785
0.0030397557454618523
0.0030400333674089446
0.003042965528030811
0.003044221666102709
0.003044954209361217
