-5.551115123125783E-17
0.3242283887859868
0.43687317404286047
0.911386508833084
0.2954973793202364
0.0
0.20895307874710423
0.0
0.5044504580673406
0.5044504580673406
0.6174472064943982
0.311471526148499
0.0
0.311471526148499
0.22217055154642137
0.19999999999999996
0.3299456133094258
0.4870104142548759
0.843135855765391
0.2781889770336795
0.0
0.24648827267074216
0.0
0.5246772497044216
0.5246772497044216
0.6181330041524864
0.3243203245702584
0.0
0.3243203245702584
0.22783927588998965
0.39999999999999997
0.33817721004707835
0.5377348970072228
0.7123414472722762
0.24089764323943633
0.0
0.2828480050790316
0.0
0.5237456483184679
0.5237456483184679
0.6122927366169425
0.32068565630012946
0.0
0.32068565630012946
0.2252192309773386
0.6
0.3539076280261737
0.5897957439414607
0.43253126857993596
0.153076115310277
0.0
0.30886232286814197
0.0
0.46193843817841895
0.46193843817841895
0.5927018788331807
0.273791780213614
0.0
0.273791780213614
0.19369749679779172
0.8
0.39244863947816966
0.646899415041478
-0.1909981019613416
-0.07495694525764124
0.0
0.29732299578508387
0.0
0.22236605052744263
0.22236605052744263
0.5341114574882533
0.11876825534311895
0.0
0.11876825534311895
0.08509564351653275
1.0
0.49505029419791763
0.7170375095810224
-0.8764810292804747
-0.4339021914041926
0.0
0.1672477932534341
0.0
-0.26665439815075853
-0.26665439815075853
0.4194145798497856
-0.11183874236549783
0.0
-0.11183874236549783
-0.08118455285027915
0.8
0.6592749152995058
0.7203022506729982
-0.977337019569971
-0.6443337807960641
0.0
-0.20410523685166282
0.0
-0.8484390176477269
-0.8484390176477269
0.3009444935200361
-0.25533305044863214
0.0
-0.25533305044863214
-0.1862698363104331
0.6000000000000001
0.792921702694762
0.7181679839633082
-0.9880548827088153
-0.7834501599533472
0.0
-0.6140540024497823
0.0
-1.3975041624031295
-1.3975041624031295
0.21010758510522815
-0.2936262247370261
0.0
-0.2936262247370261
-0.2150038593012455
0.4000000000000001
0.8746833599452097
0.7071393296364873
-0.9821182227074117
-0.8590424669011366
0.0
-0.9931758379067801
0.0
-1.8522183048079168
-1.8522183048079168
0.1532240482886617
-0.28380438697703136
0.0
-0.28380438697703136
-0.20866776131925596
0.20000000000000007
0.9186471511615215
0.6858841188966098
-0.9562078249563443
-0.8784175943145005
0.0
-1.2749077806257805
0.0
-2.153325374940281
-2.153325374940281
0.12346927791512752
-0.26586952916019774
0.0
-0.26586952916019774
-0.19332845627827616
5.551115123125783E-17
0.9379489217421637
0.6537745861742388
-0.8871517995612331
-0.8321030738200788
0.0
-1.4128559220451806
0.0
-2.244958995865259
-2.244958995865259
0.11714953791186947
-0.2629959089967096
0.0
-0.2629959089967096
-0.1846295694542202
-0.19999999999999996
0.9406527507742134
0.608592790747397
-0.7608390807794769
-0.715685374231739
0.0
-1.371351800583951
0.0
-2.08703717481569
-2.08703717481569
0.13524791937307037
-0.28226743554807304
0.0
-0.28226743554807304
-0.1964458783275193
-0.39999999999999997
0.9254789626612688
0.549092705203502
-0.5953680309375798
-0.5510005876737936
0.0
-1.1495308818885956
0.0
-1.7005314695623892
-1.7005314695623892
0.18190522026134148
-0.30933555153208914
0.0
-0.30933555153208914
-0.21674818079299865
-0.6
0.8808725233234189
0.4766739717378689
-0.3932200128824942
-0.34637670496906997
0.0
-0.8112032290222366
0.0
-1.1575799339913067
-1.1575799339913067
0.26414464417168704
-0.30576853976441865
0.0
-0.30576853976441865
-0.21694908223222864
-0.8
0.7805768212346192
0.3936473174911238
0.013412760551371885
0.010469689995170966
0.0
-0.4532580710363797
0.0
-0.44278838104120877
-0.44278838104120877
0.40272583724766065
-0.178322321478357
0.0
-0.178322321478357
-0.1284793771222003
-1.0
0.5695953453975837
0.29716573115991174
0.78743208397613
0.4485176498495229
0.0
-0.13447757235951446
0.0
0.31404007749000845
0.31404007749000845
0.5721622665657372
0.17968188252916298
0.0
0.17968188252916298
0.13201894927554317
-0.8
0.3077395797833693
0.2666447298665202
0.9889187155885336
0.30432942997512463
0.0
0.08567383079908997
0.0
0.3900032607742146
0.3900032607742146
0.5945402124348623
0.23187262151099056
0.0
0.23187262151099056
0.1719175840158264
-0.6000000000000001
0.29973229231750886
0.30098087199580953
0.9849737577437753
0.29522844228113243
0.0
0.11735154325748588
0.0
0.4125799855386183
0.4125799855386183
0.5995689816115491
0.24737016176269705
0.0
0.24737016176269705
0.18448534240166628
-0.4000000000000001
0.3078033148575084
0.3437135940958001
0.9715517433617086
0.29904684716232516
0.0
0.14174210570391416
0.0
0.4407889528662393
0.4407889528662393
0.6051011722261381
0.26672191208369334
0.0
0.26672191208369334
0.20011360134207162
-0.20000000000000007
0.31485616824604723
0.38881882395890865
0.9507244689466217
0.29934146335029144
0.0
0.17231600751689613
0.0
0.47165747086718757
0.47165747086718757
0.6122149420993857
0.2887557512176979
0.0
0.2887557512176979
0.21697740388342868
-5.551115123125783E-17
0.3196695068894711
0.4375401134290143
0.9130786348044082
0.29188339693923665
0.0
0.20673001937819038
0.0
0.49861341631742706
0.49861341631742706
0.617238999533299
0.307763646241649
0.0
0.307763646241649
0.2215708976622035
0.19999999999999996
0.32524840223962914
0.4877195106625775
0.8453651650662577
0.27495366924684067
0.0
0.2439436140341032
0.0
0.5188972832809439
0.5188972832809439
0.6178737344925312
0.32061300223882566
0.0
0.32061300223882566
0.22735006164338348
0.39999999999999997
0.333382013287786
0.538479825822266
0.715209706899024
0.23843805200896392
0.0
0.28009717941274903
0.0
0.518535231421713
0.518535231421713
0.6120524756719895
0.3173707721148074
0.0
0.3173707721148074
0.22501564306712568
0.6
0.3491260957077683
0.5905232688434671
0.4360580318453416
0.15223923816017781
0.0
0.3061843181267138
0.0
0.45842355628689163
0.45842355628689163
0.5925935875233117
0.2716588598252439
0.0
0.2716588598252439
0.19403905131913735
0.8
0.3881105081393011
0.6474794783308438
-0.18850146477174975
-0.07315939927756636
0.0
0.29538035592896866
0.0
0.2222209566514023
0.2222209566514023
0.5341844491872962
0.11870697932670336
0.0
0.11870697932670336
0.08587407766069143
1.0
0.49322538107423597
0.7173065173728199
-0.8777528060753509
-0.4329299622654949
0.0
0.16705798756115756
0.0
-0.2658719747043373
-0.2658719747043373
0.41864540044002646
-0.11130607931587788
0.0
-0.11130607931587788
-0.08158313647689082
0.8
0.6637371724683889
0.7199651753075862
-0.9783184635458095
-0.6493463307675142
0.0
-0.20338360809712258
0.0
-0.8527299388646368
-0.8527299388646368
0.29841984592600057
-0.25447153697247277
0.0
-0.25447153697247277
-0.1874357042160402
0.6000000000000001
0.801719687765458
0.7167607210290612
-0.9887688375352847
-0.7927154437010033
0.0
-0.6158708025550949
0.0
-1.4085862462560983
-1.4085862462560983
0.2065519082065084
-0.29094617703763986
0.0
-0.29094617703763986
-0.215051024834856
0.4000000000000001
0.8837074677371431
0.7039990017743641
-0.9828570867483458
-0.8685581472778863
0.0
-0.9963038704487988
0.0
-1.864862017726685
-1.864862017726685
0.14998595057377442
-0.27970310241766383
0.0
-0.27970310241766383
-0.20753438947093816
0.20000000000000007
0.9263555870443082
0.6811125173011994
-0.9571774493423668
-0.8866866779911218
0.0
-1.2754365468817834
0.0
-2.1621232248729054
-2.1621232248729054
0.12129970519930312
-0.26226490978165
0.0
-0.26226490978165
-0.19269512794032032
5.551115123125783E-17
0.944215049131977
0.6472951279626512
-0.8885478833855306
-0.8389802833669829
0.0
-1.4040407133448145
0.0
-2.2430209967117976
-2.2430209967117976
0.11605069104926351
-0.2603041367064119
0.0
-0.2603041367064119
-0.18453827560356137
-0.19999999999999996
0.9462174329411497
0.6010696678779566
-0.7643866277351068
-0.723275952670055
0.0
-1.3530645956067757
0.0
-2.0763405482768307
-2.0763405482768307
0.13509313837977588
-0.2804993610119016
0.0
-0.2804993610119016
-0.19705324503399557
-0.39999999999999997
0.9312144035121924
0.541780158189884
-0.602909451531455
-0.561437965279727
0.0
-1.1282959395990746
0.0
-1.6897339048788016
-1.6897339048788016
0.18207368005919153
-0.30765607038207127
0.0
-0.30765607038207127
-0.21753127241990597
-0.6
0.8878238018702445
0.47117761269870584
-0.40274968774125575
-0.35757075897249546
0.0
-0.7967193329854678
0.0
-1.1542900919579633
-1.1542900919579633
0.2636588726778876
-0.3043388243888918
0.0
-0.3043388243888918
-0.2178338348964839
-0.8
0.7892190290383032
0.39103008992463745
0.004706518424378648
0.0037144739010390015
0.0
-0.4489927935993466
0.0
-0.44527831969830756
-0.44527831969830756
0.40181621749666746
-0.1789200501544458
0.0
-0.1789200501544458
-0.13000607541904124
-1.0
0.5750600554299389
0.2971438412149967
0.7863875183885084
0.45222004991390774
0.0
-0.13503260775403617
0.0
0.3171874421598716
0.3171874421598716
0.5736495486929682
0.18195443304608733
0.0
0.18195443304608733
0.1348155587465875
-0.8
0.3014989580810765
0.2668080776127044
0.989837932171796
0.2984351052189238
0.0
0.08650119355072095
0.0
0.38493629876964475
0.38493629876964475
0.5949826163188104
0.22903040615804252
0.0
0.22903040615804252
0.17122471510597767
-0.6000000000000001
0.29568872317801637
0.30200119747824106
0.9854984667927595
0.2914007833398438
0.0
0.11622459446779662
0.0
0.4076253778076404
0.4076253778076404
0.5998729919060717
0.2445234549623121
0.0
0.2445234549623121
0.1838632441666355
-0.4000000000000001
0.30361285329054316
0.3447118319398176
0.9724319095335002
0.29524282668423735
0.0
0.1404524242042891
0.0
0.43569525088852645
0.43569525088852645
0.6052448416233739
0.26370230312008236
0.0
0.26370230312008236
0.1994375481223282
-0.20000000000000007
0.31056384731584125
0.3897281276638236
0.9519558875583922
0.29564308291510066
0.0
0.17070088709681613
0.0
0.4663439700119168
0.4663439700119168
0.6122063072591698
0.2854987197935766
0.0
0.2854987197935766
0.21648311891484792
-5.551115123125783E-17
0.3152779038055648
0.43823939419472424
0.9148201610162491
0.2884225827242723
0.0
0.20467162164569058
0.0
0.4930942043699629
0.4930942043699629
0.617168131272849
0.30432202865248226
0.0
0.30432202865248226
0.22105034333937237
0.19999999999999996
0.3207798694219929
0.4882055359085182
0.8477430532550443
0.2719389059265547
0.0
0.24143607483441634
0.0
0.513374980760971
0.513374980760971
0.6177930855986582
0.31715951343347204
0.0
0.31715951343347204
0.2269380250899554
0.39999999999999997
0.32887498231587386
0.5387577587477419
0.7184061543000918
0.23626581129105764
0.0
0.2772352691288197
0.0
0.5135010804198773
0.5135010804198773
0.6120267685005367
0.31427640687091174
0.0
0.31427640687091174
0.22487672912015624
0.6
0.34467890384562166
0.5905668042406833
0.44023443009913604
0.15173952080167216
0.0
0.3032502232582694
0.0
0.4549897440599415
0.4549897440599415
0.592730899891944
0.26968648043825444
0.0
0.26968648043825444
0.19442731548836978
0.8
0.38411057723334513
0.647201303639284
-0.1850581285447125
-0.07108278457703211
0.0
0.2930985617655687
0.0
0.2220157771885366
0.2220157771885366
0.534513958169641
0.11867053184115378
0.0
0.11867053184115378
0.08665233518766471
1.0
0.4916799749067804
0.7166234972118916
-0.87878589325477
-0.4320814259439379
0.0
0.1666187061622842
0.0
-0.2654627197816537
-0.2654627197816537
0.41805802630995165
-0.1109788206907899
0.0
-0.1109788206907899
-0.08211041067931533
0.8
0.6683522461030743
0.7188724116750562
-0.9792623842780362
-0.6544922140564774
0.0
-0.20268553294801595
0.0
-0.8571777470044933
-0.8571777470044933
0.29598466240364474
-0.25371146606704176
0.0
-0.25371146606704176
-0.1886302472798924
0.6000000000000001
0.8102911877182702
0.7146896540922888
-0.9894330411386312
-0.8017288740719216
0.0
-0.6172032439321425
0.0
-1.4189321180040642
-1.4189321180040642
0.20315959476647316
-0.28826967409483917
0.0
-0.28826967409483917
-0.21502644087918216
0.4000000000000001
0.8920957691192385
0.700204708082603
-0.9835308883073057
-0.8774037442570337
0.0
-0.9979024625998312
0.0
-1.8753062068568649
-1.8753062068568649
0.14702404291490057
-0.2757151002355031
0.0
-0.2757151002355031
-0.20639216041117373
0.20000000000000007
0.9332144035924196
0.6757017433613682
-0.9580751470364905
-0.8940895269383782
0.0
-1.2731022774525622
0.0
-2.1671918043909404
-2.1671918043909404
0.11946563269544704
-0.2589049400839512
0.0
-0.2589049400839512
-0.19214677877996403
5.551115123125783E-17
0.9496282844683185
0.6403128796733867
-0.890014298842295
-0.845182751761882
0.0
-1.3916588481729877
0.0
-2.23684159993487
-2.23684159993487
0.11528760333475113
-0.2578801070959614
0.0
-0.2578801070959614
-0.18456091017741444
-0.19999999999999996
0.9509597894493168
0.5933140665257376
-0.7682525276982178
-0.7305772619838027
0.0
-1.33178508721319
0.0
-2.0623623491969925
-2.0623623491969925
0.13519706846433127
-0.2788253437226449
0.0
-0.2788253437226449
-0.19766046640665239
-0.39999999999999997
0.9361349468430651
0.5346009970767197
-0.6105459411822669
-0.5715533921939105
0.0
-1.1057520538817662
0.0
-1.6773054460756769
-1.6773054460756769
0.1823328125264397
-0.3058278194488927
0.0
-0.3058278194488927
-0.21813952108718557
-0.6
0.8939641198485008
0.46613411705735913
-0.41152565745784125
-0.36788917216437467
0.0
-0.7823604875401714
0.0
-1.1502496597045462
-1.1502496597045462
0.26311284100658655
-0.30264545583172253
0.0
-0.30264545583172253
-0.2184660723065867
-0.8
0.7971411309091982
0.3890637429280873
-0.0028220969800389095
-0.0022496095782036495
0.0
-0.44520407831966413
0.0
-0.44745368789786777
-0.44745368789786777
0.4007236447673868
-0.17930527267904234
0.0
-0.17930527267904234
-0.13136010909700896
-1.0
0.5801626636185885
0.2979402950263775
0.7854165361724478
0.45566934967589273
0.0
-0.1358810759125722
0.0
0.31978827376332053
0.31978827376332053
0.5747817365097923
0.1838084593091502
0.0
0.1838084593091502
0.1373011392638959
-0.8
0.2953758161177337
0.2677553723730039
0.990632385099286
0.29260884922135866
0.0
0.0874496487972252
0.0
0.3800584980185838
0.3800584980185838
0.5953289853921325
0.22625984001506133
0.0
0.22625984001506133
0.1705176675371146
-0.6000000000000001
0.2917127893745895
0.3036041353337735
0.9859808706440559
0.28762323004556384
0.0
0.11536615105725491
0.0
0.40298938110281873
0.40298938110281873
0.6001534639889518
0.2418554730196205
0.0
0.2418554730196205
0.1833071174564569
-0.4000000000000001
0.29947585720947073
0.3461219912484723
0.9732791154887693
0.29147359741507467
0.0
0.1394284218345908
0.0
0.4309020192496655
0.4309020192496655
0.6054144344491982
0.2608743022870537
0.0
0.2608743022870537
0.1988369829734801
-0.20000000000000007
0.30636194796777866
0.39087877529162435
0.9531513356182685
0.2920092998881027
0.0
0.1692938044608524
0.0
0.4613031043489551
0.4613031043489551
0.6122591596788638
0.28243705102594246
0.0
0.28243705102594246
0.21604007577106993
-5.551115123125783E-17
0.31103123952108797
0.43897676984542844
0.9165557754192787
0.2850774789188702
0.0
0.20274670736520145
0.0
0.48782418628407165
0.48782418628407165
0.6172024667185174
0.3010862910994826
0.0
0.3010862910994826
0.22059783449903347
0.19999999999999996
0.3165122560374681
0.4885191924878327
0.850181064196666
0.26909272666922224
0.0
0.23896178903188786
0.0
0.50805451570111
0.50805451570111
0.617850776678896
0.3139018771211512
0.0
0.3139018771211512
0.22659272682313755
0.39999999999999997
0.32462339368704973
0.5386626538190006
0.7217964026191072
0.2343119977693187
0.0
0.27428882151888445
0.0
0.5086008192882031
0.5086008192882031
0.6121673259456196
0.3113488035174106
0.0
0.3113488035174106
0.22479259153086176
0.6
0.34053125033378234
0.5900582922562408
0.44487109967354516
0.15149251180919704
0.0
0.3001126501578202
0.0
0.4516051619670172
0.4516051619670172
0.593057654131643
0.2678278979498999
0.0
0.2678278979498999
0.19485177790230046
0.8
0.3804197631454613
0.6462254355441609
-0.18083433750079353
-0.06879295584061829
0.0
0.2905366643914297
0.0
0.22174370855081144
0.22174370855081144
0.5350405247658627
0.11864187018655467
0.0
0.11864187018655467
0.08742692144058602
1.0
0.49039909512017815
0.715158233186144
-0.8795863703943524
-0.4313483601214323
0.0
0.16596274617546591
0.0
-0.2653856139459664
-0.2653856139459664
0.4176002559161249
-0.11082510030029348
0.0
-0.11082510030029348
-0.08275490341479957
0.8
0.673129282745358
0.7171526767817934
-0.9801607073196698
-0.659774873893272
0.0
-0.202025367640462
0.0
-0.861800241533734
-0.861800241533734
0.2935980879580319
-0.25302290311607434
0.0
-0.25302290311607434
-0.1898514758483786
0.6000000000000001
0.8186661554878176
0.7120554755984688
-0.9900457689015905
-0.8105169633836454
0.0
-0.6181437012004732
0.0
-1.4286606645841187
-1.4286606645841187
0.1998897008574946
-0.2855745528705889
0.0
-0.2855745528705889
-0.2149349237027349
0.4000000000000001
0.8999193870934568
0.6958490567493891
-0.9841375422990255
-0.8856444538813999
0.0
-0.9981909421499341
0.0
-1.8838353960313339
-1.8838353960313339
0.1442886039573033
-0.27181597937871477
0.0
-0.27181597937871477
-0.20524823105517034
0.20000000000000007
0.9393383038498739
0.6697375451878536
-0.9588864705009885
-0.9007187907849907
0.0
-1.2682245809592574
0.0
-2.1689433717442483
-2.1689433717442483
0.11791100109044492
-0.25574228427084933
0.0
-0.25574228427084933
-0.19166897411026837
5.551115123125783E-17
0.9543319058915495
0.6329220917479619
-0.8914964665712517
-0.8507835220385247
0.0
-1.3762601168202664
0.0
-2.227043638858791
-2.227043638858791
0.11479870916378983
-0.2556617349924185
0.0
-0.2556617349924185
-0.18467759233104153
-0.19999999999999996
0.9550318313341268
0.5854116267331982
-0.7722947370241089
-0.7375660570298426
0.0
-1.3081722808959604
0.0
-2.045738337925803
-2.045738337925803
0.13549920714262037
-0.2771959228102083
0.0
-0.2771959228102083
-0.1982553820764338
-0.39999999999999997
0.9403930626112526
0.52759159411501
-0.6180986858254905
-0.5812557161594234
0.0
-1.0823749072122988
0.0
-1.6636306233717222
-1.6636306233717222
0.18264513759722067
-0.3038540441166782
0.0
-0.3038540441166782
-0.21859581392158142
-0.6
0.8994324113263895
0.4614977382401282
-0.4195363541261328
-0.3773445946307497
0.0
-0.7682365355336597
0.0
-1.1455811301644094
-1.1455811301644094
0.26251381712212213
-0.3007308753025338
0.0
-0.3007308753025338
-0.21889450621208548
-0.8
0.804435994802634
0.3876319068208701
-0.009349714133702973
-0.007521246590265597
0.0
-0.44180212071075986
0.0
-0.44932336730102546
-0.44932336730102546
0.39949559360258036
-0.1795027053394334
0.0
-0.1795027053394334
-0.13256862468070985
-1.0
0.5849274188203836
0.2994029034756169
0.7844597725415148
0.45885202992113344
0.0
-0.13695852218227472
0.0
0.3218935077388587
0.3218935077388587
0.5756273207538716
0.18529069742778487
0.0
0.18529069742778487
0.1395160602405782
-0.8
0.28936045154752305
0.26936173527987317
0.9913188864876301
0.2868484806216484
0.0
0.08849454063636462
0.0
0.37534302125801305
0.37534302125801305
0.5955963402290765
0.22355292979179703
0.0
0.22355292979179703
0.16980956607864695
-0.6000000000000001
0.2877886303184008
0.30569353006537286
0.9864193268167306
0.28388026698418584
0.0
0.114724241152013
0.0
0.39860450813619885
0.39860450813619885
0.6004082744344921
0.2393254449118646
0.0
0.2393254449118646
0.18280788493462907
-0.4000000000000001
0.2953855718713146
0.347878955976399
0.9740794276246253
0.2877290087769827
0.0
0.13861646352795196
0.0
0.4263454723049347
0.4263454723049347
0.6055994086197505
0.25819456589557666
0.0
0.25819456589557666
0.19830180216928062
-0.20000000000000007
0.3022398600521748
0.3922373772330326
0.9542869035147178
0.28842354016791155
0.0
0.168053428060569
0.0
0.45647696822848055
0.45647696822848055
0.6123541419915929
0.2795255622184748
0.0
0.2795255622184748
0.21563758245778053
-5.551115123125783E-17
0.3069140079566107
0.4397557085438907
0.9182427500396998
0.28182156269178454
0.0
0.20093173827848465
0.0
0.4827533009702692
0.4827533009702692
0.6173160826014827
0.29801137661790117
0.0
0.29801137661790117
0.22020359702002593
0.19999999999999996
0.31242476719228557
0.4887023809109175
0.8526086991516593
0.2663760743385746
0.0
0.2365200977485723
0.0
0.5028961720871469
0.5028961720871469
0.6180141427009986
0.310796946660052
0.0
0.310796946660052
0.22630473988161198
0.39999999999999997
0.32060153065906677
0.538273093805475
0.7252702772490917
0.2325227610275845
0.0
0.2712825641772644
0.0
0.5038053252048489
0.5038053252048489
0.6124348476329905
0.30854793757852084
0.0
0.30854793757852084
0.2247541249478348
0.6
0.3366549052031787
0.5891081839859786
0.4498080225268478
0.15143007718340523
0.0
0.2968180646607393
0.0
0.4482481418441445
0.4482481418441445
0.5935280300987207
0.26604783662416703
0.0
0.26604783662416703
0.19530273912197182
0.8
0.3770137468637143
0.6446859199851288
-0.1759755507030604
-0.06634520172696634
0.0
0.2877463927375409
0.0
0.22140119101057454
0.22140119101057454
0.5357157903364779
0.11860811402366744
0.0
0.11860811402366744
0.08819442467400895
1.0
0.4893678910989179
0.7130514817171886
-0.880160067664981
-0.4307220761426926
0.0
0.16511921172194044
0.0
-0.26560286442075215
-0.26560286442075215
0.41723128618357463
-0.110817824736312
0.0
-0.110817824736312
-0.08350537086510283
0.8
0.6780687134567192
0.714912932582731
-0.9810077858569831
-0.6651906872470692
0.0
-0.20141110806245938
0.0
-0.8666017953095286
-0.8666017953095286
0.2912309146092989
-0.2523812334500545
0.0
-0.2523812334500545
-0.19109506299144066
0.6000000000000001
0.8268591152083158
0.7089416683819155
-0.9906066326942817
-0.8190921238290828
0.0
-0.6187606697274501
0.0
-1.4378527935565328
-1.4378527935565328
0.19671450818294198
-0.28284650512394255
0.0
-0.28284650512394255
-0.2147799412055796
0.4000000000000001
0.9072289951499781
0.6910090138834106
-0.9846763993138559
-0.8933269802974081
0.0
-0.9973377612267226
0.0
-1.8906647415241307
-1.8906647415241307
0.14174440508835107
-0.26799114900885895
0.0
-0.26799114900885895
-0.2041090198596548
0.20000000000000007
0.9448210995744055
0.6632997304093001
-0.9596066243425421
-0.906656585970204
0.0
-1.2610803342655483
0.0
-2.167736920235752
-2.167736920235752
0.11659625375523348
-0.2527500040263961
0.0
-0.2527500040263961
-0.191254796922516
5.551115123125783E-17
0.95844079309303
0.6252087617555269
-0.8929521239374005
-0.8558417418606677
0.0
-1.358330430680895
0.0
-2.214172172541563
-2.214172172541563
0.11453379354987202
-0.25359753849374694
0.0
-0.25359753849374694
-0.18486869163226394
-0.19999999999999996
0.9585543000221519
0.5774386013153143
-0.7763928866605532
-0.7442147400150845
0.0
-1.2828009805608458
0.0
-2.02701572057593
-2.02701572057593
0.13594901749950744
-0.2755707956683538
0.0
-0.2755707956683538
-0.19882618916356293
-0.39999999999999997
0.9441105124490097
0.5207813436178613
-0.6254204966691334
-0.5904660656064097
0.0
-1.058556186734944
0.0
-1.6490222523413536
-1.6490222523413536
0.1829811329868386
-0.30173996005392933
0.0
-0.30173996005392933
-0.2189196253442725
-0.6
0.9043418413031534
0.45722823533320284
-0.4267806283484341
-0.3859555792731397
0.0
-0.7544248166262424
0.0
-1.1403803958993821
-1.1403803958993821
0.2618688188393202
-0.29863006730168756
0.0
-0.29863006730168756
-0.21915873587340537
-0.8
0.8111835861134186
0.3866388753849064
-0.015023488467217466
-0.01218680725077105
0.0
-0.43870963920653516
0.0
-0.4508964464573062
-0.4508964464573062
0.3981693751189602
-0.1795331563292653
0.0
-0.1795331563292653
-0.13365405849898193
-1.0
0.5893803864432179
0.3014073263149533
0.7834682179450589
0.4617608010584381
0.0
-0.13821133540676567
0.0
0.3235494656516724
0.3235494656516724
0.5762409411923504
0.18644244860940176
0.0
0.18644244860940176
0.14149561788233853
-0.8
0.28344671663745524
0.2715243015408834
0.991911754522256
0.281154130013431
0.0
0.08961485376642075
0.0
0.37076898377985174
0.37076898377985174
0.5957959187729475
0.22090264734362883
0.0
0.22090264734362883
0.1691099019111985
-0.6000000000000001
0.28390549344990335
0.30818952074870604
0.9868131084335844
0.28016166249266977
0.0
0.11425690878408448
0.0
0.3944185712767543
0.3944185712767543
0.6006347295889554
0.23690149190367543
0.0
0.23690149190367543
0.18235794741774516
-0.4000000000000001
0.2913378673639283
0.3499280110340393
0.9748232435878738
0.28400292484367834
0.0
0.13797359544264218
0.0
0.4219765202863205
0.4219765202863205
0.6057904850728536
0.25562936091360494
0.0
0.25562936091360494
0.1978236382718069
-0.20000000000000007
0.29818938138356055
0.3937748619478136
0.9553459925518439
0.284874030526298
0.0
0.1669466559328982
0.0
0.4518206864591962
0.4518206864591962
0.6124753507574744
0.2767290334185791
0.0
0.2767290334185791
0.21526711846921714
-5.551115123125783E-17
0.30291289287578094
0.4405784323475091
0.9198496337060791
0.27863431355663587
0.0
0.19920812531577783
0.0
0.47784243887241373
0.47784243887241373
0.6174877921852978
0.29506187259176486
0.0
0.29506187259176486
0.2198592477557174
0.19999999999999996
0.3084986512510761
0.48878982965768275
0.8549719078151117
0.2637576804185213
0.0
0.23411108192046978
0.0
0.49786876233899113
0.49786876233899113
0.6182565972578421
0.30781064688467796
0.0
0.30781064688467796
0.22606558524028994
0.39999999999999997
0.3167855595374258
0.5376545304904836
0.7287401853276075
0.23085436736641354
0.0
0.2682372040695045
0.0
0.4990915714359181
0.4990915714359181
0.6127974485374272
0.3058420415624657
0.0
0.3058420415624657
0.22475288668183688
0.6
0.33302302355231667
0.5878083492619302
0.45491296455349217
0.1514964909087518
0.0
0.29340488059500625
0.0
0.4449013715037581
0.4449013715037581
0.594105006624757
0.26431813226460366
0.0
0.26431813226460366
0.19577127906824812
0.8
0.3738681290601163
0.6426938601656305
-0.17060761200938956
-0.0637847487053647
0.0
0.2847705945854583
0.0
0.22098584588009357
0.22098584588009357
0.5365011530761582
0.11855916112818038
0.0
0.11855916112818038
0.08895175755274087
1.0
0.48856875231764996
0.7104189575064245
-0.8805127018951613
-0.4301909921647618
0.0
0.16411265133041233
0.0
-0.26607834083434945
-0.26607834083434945
0.41692029037775147
-0.1109334591238873
0.0
-0.1109334591238873
-0.08435119900937721
0.8
0.6831650722913826
0.7122404024550113
-0.9818002459392362
-0.6707316359927755
0.0
-0.20084453446647485
0.0
-0.8715761704592504
-0.8715761704592504
0.28886286499662045
-0.2517659896616419
0.0
-0.2517659896616419
-0.19235610851868046
0.6000000000000001
0.8348769128547474
0.7054153007830405
-0.9911165449388025
-0.827460321317771
0.0
-0.6191015690466593
0.0
-1.4465618903644302
-1.4465618903644302
0.19361519843364638
-0.2800763674494598
0.0
-0.2800763674494598
-0.21456470180767154
0.4000000000000001
0.9140649099887829
0.6857460097170384
-0.9851482230084138
-0.9004894217897951
0.0
-0.9954683444244123
0.0
-1.8959577662142073
-1.8959577662142073
0.13936564019107817
-0.2642313678636895
0.0
-0.2642313678636895
-0.20298016223291088
0.20000000000000007
0.9497476065849104
0.6564677555409312
-0.9602413058422896
-0.9119868819676835
0.0
-1.251942312111487
0.0
-2.1639291940791705
-2.1639291940791705
0.11549252986044024
-0.24991765706306698
0.0
-0.24991765706306698
-0.19090780796493584
5.551115123125783E-17
0.962052541037233
0.6172518267170518
-0.8943466305676865
-0.8604084485057303
0.0
-1.3383091263855385
0.0
-2.1987175748912686
-2.1987175748912686
0.11444742111161062
-0.2516375561990803
0.0
-0.2516375561990803
-0.18511236669703973
-0.19999999999999996
0.9616284529439117
0.5694617143648169
-0.7804402261890112
-0.7504935273253354
0.0
-1.256172303418918
0.0
-2.0066658307442533
-2.0066658307442533
0.13650051532903465
-0.273910919989756
0.0
-0.273910919989756
-0.1993597307931674
-0.39999999999999997
0.9473906832792571
0.5141925737427292
-0.6323873849012053
-0.5991179166787355
0.0
-1.03461351905283
0.0
-1.6337314357315655
-1.6337314357315655
0.1833145386701193
-0.2994867244520036
0.0
-0.2994867244520036
-0.21912652244798375
-0.6
0.9087926015787956
0.45329011167632716
-0.4332643851554211
-0.39374746775683245
0.0
-0.7409764905212
0.0
-1.1347239582780324
-1.1347239582780324
0.26118096636397753
-0.2963682999794142
0.0
-0.2963682999794142
-0.21929104539810296
-0.8
0.817464185844646
0.386006895726727
-0.019972006269276893
-0.0163263998445986
0.0
-0.43586233801709556
0.0
-0.45218873786169417
-0.45218873786169417
0.39677057086403844
-0.17941518365967343
0.0
-0.17941518365967343
-0.13463734644396988
-1.0
0.5935605021442523
0.3038534667598967
0.7823959374792818
0.4643993255258255
0.0
-0.13959734267020177
0.0
0.3248019828556238
0.3248019828556238
0.576666411441628
0.18730239388247774
0.0
0.18730239388247774
0.1432740197259843
-0.8
0.27762718868226094
0.27415864994331945
0.9924237951572048
0.2755238282308748
0.0
0.09079403078491391
0.0
0.3663178590157887
0.3663178590157887
0.5959330779634829
0.21830092923627217
0.0
0.21830092923627217
0.16842597406793924
-0.6000000000000001
0.2800539055776451
0.31102692222001094
0.9871626206315239
0.2764587473481215
0.0
0.11392993935619469
0.0
0.39038868670431615
0.39038868670431615
0.6008283332479682
0.23455658395141754
0.0
0.23455658395141754
0.18195146020222347
-0.4000000000000001
0.2873270852716489
0.3522243048809872
0.9755050975497749
0.28028903634661234
0.0
0.13746484059013384
0.0
0.41775387693674615
0.41775387693674615
0.6059782074044248
0.2531497454823781
0.0
0.2531497454823781
0.19739572299322802
-0.20000000000000007
0.29420017162581386
0.39546689131667845
0.9563186667907424
0.2813491158988059
0.0
0.165945865733789
0.0
0.4472949816325949
0.4472949816325949
0.6126085544430946
0.27401673210759453
0.0
0.27401673210759453
0.2149220199971999
-5.551115123125783E-17
0.29901184061019576
0.4414470522203256
0.9213554187890023
0.2754961796282773
0.0
0.19755953923437256
0.0
0.47305571886264985
0.47305571886264985
0.6176993850316236
0.29220622662715146
0.0
0.29220622662715146
0.21955747400502876
0.19999999999999996
0.30471189258736525
0.48881089587472354
0.857232055083856
0.2612088018911583
0.0
0.2317329547607567
0.0
0.492941756651915
0.492941756651915
0.6185558903940153
0.30491202719821525
0.0
0.30491202719821525
0.2258673017528023
0.39999999999999997
0.3131478847465583
0.5368617671505481
0.7321398804648622
0.22926805490616964
0.0
0.2651669745322547
0.0
0.4944350294384243
0.4944350294384243
0.613228964550573
0.30320188114005703
0.0
0.30320188114005703
0.22478066084211212
0.6
0.3296042639038773
0.5862352012466939
0.46008013420300936
0.15164437397077998
0.0
0.2899011979565142
0.0
0.44154557192729416
0.44154557192729416
0.5947588119657592
0.26261311978821916
0.0
0.26261311978821916
0.19624902505241915
0.8
0.3709526528880821
0.6403409959188767
-0.16483779925482464
-0.06114701892981032
0.0
0.28164124272462865
0.0
0.2204942237948183
0.2204942237948183
0.5373666536384964
0.11848624318723926
0.0
0.11848624318723926
0.08969644035328617
1.0
0.48797737022896703
0.7073549159086395
-0.880650324319757
-0.4297374293528419
0.0
0.16296200523198048
0.0
-0.2667754241208614
-0.2667754241208614
0.4166455371054448
-0.11115078986936913
0.0
-0.11115078986936913
-0.08528283716611425
0.8
0.6884099991411589
0.7092043007070662
-0.9825369885633949
-0.6763882874530834
0.0
-0.20032061591863703
0.0
-0.8767089033717205
-0.8767089033717205
0.28648020390275997
-0.25115974540129554
0.0
-0.25115974540129554
-0.19363119920654442
0.6000000000000001
0.8427270055425937
0.7015273388700911
-0.9915777894751888
-0.8356293812869703
0.0
-0.6191947056158954
0.0
-1.4548240869028657
-1.4548240869028657
0.1905777670393573
-0.27725712591702006
0.0
-0.27725712591702006
-0.21429313853003157
0.4000000000000001
0.9204661861171
0.6801049896360435
-0.9855553174012782
-0.9071703442157825
0.0
-0.9926713578839782
0.0
-1.8998417020997607
-1.8998417020997607
0.13713137560091926
-0.260527906032932
0.0
-0.260527906032932
-0.20186610463088597
0.20000000000000007
0.9542012311634066
0.6493232979877542
-0.9608062700316242
-0.9168025257736964
0.0
-1.241110094474803
0.0
-2.1579126202484993
-2.1579126202484993
0.11457641172687749
-0.24724588484821708
0.0
-0.24724588484821708
-0.19064369234272704
5.551115123125783E-17
0.9652546135300509
0.6091223664527344
-0.8956494058364505
-0.8645297210890828
0.0
-1.316598311948023
0.0
-2.1811280330371057
-2.1811280330371057
0.11449447362308425
-0.24972710604713652
0.0
-0.24972710604713652
-0.18538360056176398
-0.19999999999999996
0.9643436428224452
0.5615362604086707
-0.7843396439842045
-0.7563729494897876
0.0
-1.2287148747036976
0.0
-1.985087824193485
-1.985087824193485
0.1371090380311046
-0.27217348198242725
0.0
-0.27217348198242725
-0.199841055305638
-0.39999999999999997
0.9503266878029112
0.5078389064888943
-0.6388954582784218
-0.6071594047180556
0.0
-1.0107928583814794
0.0
-1.6179522630995349
-1.6179522630995349
0.1836195111897024
-0.29708760367860937
0.0
-0.29708760367860937
-0.21922838255970206
-0.6
0.9128807889731403
0.4496502373485495
-0.43900138093452806
-0.4007559269878101
0.0
-0.7279172669508508
0.0
-1.128673193938661
-1.128673193938661
0.2604473844881713
-0.29395998130323475
0.0
-0.29395998130323475
-0.21931826399253893
-0.8
0.8233686597832368
0.38567207809426696
-0.02431711691203488
-0.020021951961654443
0.0
-0.43320641883548583
0.0
-0.4532283707971403
-0.4532283707971403
0.39531232978910424
-0.17916676318633754
0.0
-0.17916676318633754
-0.13554087648738175
-1.0
0.5975302592711776
0.306661084580942
0.7811930840740426
0.46678650606761357
0.0
-0.14108583722472323
0.0
0.32570066884289034
0.32570066884289034
0.5769401112726152
0.18790978012378237
0.0
0.18790978012378237
0.14488854054918585
-0.8
0.2718884252749389
0.2771948720850216
0.9928670866618552
0.2699490686998081
0.0
0.09202049255398878
0.0
0.36196956125379687
0.36196956125379687
0.5960070939040825
0.21573642628461123
0.0
0.21573642628461123
0.16776342964166605
-0.6000000000000001
0.27622308681762525
0.3141532183404405
0.9874695128201839
0.2727618769694878
0.0
0.11371442689754013
0.0
0.3864763038670279
0.3864763038670279
0.6009817673532037
0.23226521213814025
0.0
0.23226521213814025
0.18158436854733398
-0.4000000000000001
0.28334284645041086
0.35473181161909484
0.9761235034764185
0.27657761196215597
0.0
0.13706072694321136
0.0
0.41363833890536733
0.41363833890536733
0.6061516720284493
0.2507275707425588
0.0
0.2507275707425588
0.19701255446626287
-0.20000000000000007
0.29025622439044496
0.3972939428575075
0.9572010974148304
0.27783357651801915
0.0
0.16502646898075446
0.0
0.4428600454987736
0.4428600454987736
0.6127395288609232
0.27135785563024556
0.0
0.27135785563024556
0.21459678890809783
-5.551115123125783E-17
0.29518819770417387
0.44236449061550787
0.9227487334329124
0.2723845355558706
0.0
0.19596961059149504
0.0
0.46835414614736565
0.46835414614736565
0.6179339101389599
0.28941190885863555
0.0
0.28941190885863555
0.2192914577213781
0.19999999999999996
0.30103501057685916
0.48879134557254683
0.8593647747861107
0.25869888406711705
0.0
0.22938000145240564
0.0
0.4880788855195227
0.4880788855195227
0.618892360432623
0.3020682935365014
0.0
0.3020682935365014
0.22570186662713565
0.39999999999999997
0.3096526143297968
0.5359416117444341
0.735422878585508
0.2277256169919473
0.0
0.26207791876789277
0.0
0.48980353575984004
0.48980353575984004
0.6137072074294316
0.3005959601202332
0.0
0.3005959601202332
0.22482892512478464
0.6
0.3263579684925538
0.5844531359185771
0.4652281308628627
0.15183090767399182
0.0
0.2863234291171471
0.0
0.4381543367911389
0.4381543367911389
0.5954652698484745
0.2609056903926149
0.0
0.2609056903926149
0.196727814920647
0.8
0.3682263181501825
0.637703679222105
-0.15875677642096322
-0.05845842326288299
0.0
0.2783782966248431
0.0
0.21991987336196012
0.21991987336196012
0.5382896941349841
0.11838060136621394
0.0
0.11838060136621394
0.0904267817849186
1.0
0.4875592052604942
0.7039361272706036
-0.8805800673260569
-0.42933491779372474
0.0
0.16167998776511544
0.0
-0.2676549300286093
-0.2676549300286093
0.4163934320479875
-0.11144975491917658
0.0
-0.11144975491917658
-0.0862921024077758
0.8
0.6937949473784332
0.7058581599488206
-0.9832191620174533
-0.6821524867733662
0.0
-0.1998270462371374
0.0
-0.8819795330105036
-0.8819795330105036
0.284073508945498
-0.2505470207604054
0.0
-0.2505470207604054
-0.19492013099815628
0.6000000000000001
0.8504240802889234
0.6973135257935505
-0.991994025368389
-0.8436156066760191
0.0
-0.6190515492251374
0.0
-1.4626671559011566
-1.4626671559011566
0.18758953151748986
-0.2743810465415173
0.0
-0.2743810465415173
-0.21397042527716162
0.4000000000000001
0.9264765569534844
0.6741137892154894
-0.9859015917592068
-0.9134147122280297
0.0
-0.9890043202409339
0.0
-1.9024190324689636
-1.9024190324689636
0.13502199407222218
-0.25686841132490706
0.0
-0.25686841132490706
-0.20076956601655754
0.20000000000000007
0.9582649690862028
0.641947455885641
-0.9613239903054671
-0.9212031038518936
0.0
-1.2289160928661487
0.0
-2.1501191967180424
-2.1501191967180424
0.1138254566706639
-0.2447382994627922
0.0
-0.2447382994627922
-0.190488328945788
5.551115123125783E-17
0.9681267458194774
0.6008809425424728
-0.8968322166263915
-0.8682472554285771
0.0
-1.2935614011556817
0.0
-2.1618086565842587
-2.1618086565842587
0.11462890950313805
-0.24780576885869743
0.0
-0.24780576885869743
-0.1856556950525602
-0.19999999999999996
0.966780104916365
0.5537031819939247
-0.7880052275718704
-0.761827776586577
0.0
-1.2007789017446653
0.0
-1.9626066783312424
-1.9626066783312424
0.1377310666010933
-0.2703119111249908
0.0
-0.2703119111249908
-0.20025486874609047
-0.39999999999999997
0.9530042006322541
0.5017228203757758
-0.64486373384121
-0.614557847186073
0.0
-0.9872672058492029
0.0
-1.601825053035276
-1.601825053035276
0.18387040898857587
-0.29452822762974346
0.0
-0.29452822762974346
-0.21923456370538297
-0.6
0.9167011336080632
0.4462744188762692
-0.4440174929066098
-0.40703133908929934
0.0
-0.7152456327512413
0.0
-1.1222769718405408
-1.1222769718405408
0.25965962790388536
-0.29141002091321405
0.0
-0.29141002091321405
-0.21926353558458195
-0.8
0.8290014434858327
0.38557904813345995
-0.028183520787800617
-0.023364179415599685
0.0
-0.43069395685981976
0.0
-0.45405813627541947
-0.45405813627541947
0.3937968431572638
-0.17880666067513087
0.0
-0.17880666067513087
-0.13639018742842401
-1.0
0.6013808174316476
0.30976395966794124
0.7798017038009093
0.4689577860663824
0.0
-0.14265617382229706
0.0
0.3263016122440853
0.3263016122440853
0.5770946581174472
0.18830691736117225
0.0
0.18830691736117225
0.14638218848718274
-0.8
0.26620845233328344
0.28057292463947126
0.9932533827300769
0.2644124457913722
0.0
0.09328735272619866
0.0
0.35769979851757083
0.35769979851757083
0.5960120166183108
0.21319337825842086
0.0
0.21319337825842086
0.16712615025218164
-0.6000000000000001
0.27240052906325174
0.31752551429722065
0.9877366008170805
0.2690599726377106
0.0
0.11358441581027544
0.0
0.38264438844798604
0.38264438844798604
0.6010849705930067
0.2300017909778367
0.0
0.2300017909778367
0.1812541703692283
-0.4000000000000001
0.2793692001944382
0.3574212939496686
0.9766805700355273
0.2728544696962733
0.0
0.13673523241186686
0.0
0.40958970210814016
0.40958970210814016
0.6062981574715403
0.24833348170748243
0.0
0.24833348170748243
0.19666941892867068
-0.20000000000000007
0.28633501039628984
0.3992405668964457
0.9579947743070217
0.2743074436607924
0.0
0.16416518200863656
0.0
0.43847262566942896
0.43847262566942896
0.6128531892123131
0.2687193470238063
0.0
0.2687193470238063
0.21428626812825022
-5.551115123125783E-17
0.2914117723194823
0.4433347651304409
0.9240266011065648
0.26927222949881136
0.0
0.1944207068703479
0.0
0.46369293636915926
0.46369293636915926
0.6181745071138824
0.2866431523921939
0.0
0.2866431523921939
0.21905429889358624
0.19999999999999996
0.2974300225532295
0.48875475006710045
0.861358120257507
0.2561937651345977
0.0
0.22704205581579856
0.0
0.48323582095039624
0.48323582095039624
0.6192475331654337
0.2992425900607061
0.0
0.2992425900607061
0.22556075767207107
0.39999999999999997
0.3062543851790972
0.5349354110997449
0.7385598220675195
0.2261871842252716
0.0
0.25896820155624306
0.0
0.4851553857815146
0.4851553857815146
0.6142123664996645
0.29798843762092175
0.0
0.29798843762092175
0.22488850764399743
0.6
0.3232328316322929
0.582518127041949
0.47029638813247326
0.1520152332424992
0.0
0.28267736591352427
0.0
0.43469259915602343
0.43469259915602343
0.5962040286632461
0.2591654788469187
0.0
0.2591654788469187
0.19719941460074555
0.8
0.36563592546691237
0.6348473460752023
-0.15244233048262887
-0.05573839258634891
0.0
0.2749910232217743
0.0
0.2192526306354254
0.2192526306354254
0.5392531980851463
0.11823268225873447
0.0
0.11823268225873447
0.09114180278104546
1.0
0.48726838963147356
0.7002268192008183
-0.8803111595137371
-0.4289478010708739
0.0
0.1602737481838956
0.0
-0.2686740528869783
-0.2686740528869783
0.41615681779846275
-0.11181053887446078
0.0
-0.11181053887446078
-0.08737208649389107
0.8
0.6993126363128765
0.7022435878048121
-0.9838499091841048
-0.6880186737277205
0.0
-0.19934494071968872
0.0
-0.8873636144474093
-0.8873636144474093
0.2816356988530245
-0.24991327169164188
0.0
-0.24991327169164188
-0.19622635513530992
0.6000000000000001
0.8579919957663005
0.6927970132003904
-0.9923700563013831
-0.8514455651447397
0.0
-0.6186703885454874
0.0
-1.470115953690227
-1.470115953690227
0.18463703000728776
-0.27143784345569494
0.0
-0.27143784345569494
-0.21360268204191513
0.4000000000000001
0.9321449571244486
0.6677847131785029
-0.9861923655736781
-0.9192742403241346
0.0
-0.984499881916428
0.0
-1.9037741222405626
-1.9037741222405626
0.13301743265677263
-0.25323514609884046
0.0
-0.25323514609884046
-0.19969125240682822
0.20000000000000007
0.9620144545365632
0.6344102617335967
-0.9618153443627641
-0.9252802638720412
0.0
-1.21569018492982
0.0
-2.1409704488018613
-2.1409704488018613
0.11321419830190721
-0.2423882529491772
0.0
-0.2423882529491772
-0.19046885739413286
5.551115123125783E-17
0.9707381963202385
0.5925737010060036
-0.8978700398468193
-0.8715967430108821
0.0
-1.2695107446309208
0.0
-2.141107487641803
-2.141107487641803
0.11480687976769151
-0.2458138699033965
0.0
-0.2458138699033965
-0.1859050090450464
-0.19999999999999996
0.9690065444816756
0.5459862963928328
-0.7913704098583301
-0.7668431062618677
0.0
-1.1726279359020744
0.0
-1.939471042163942
-1.939471042163942
0.1383280176034736
-0.2682831844618811
0.0
-0.2682831844618811
-0.20058939350300647
-0.39999999999999997
0.9554980915183551
0.49583345093205117
-0.6502430653510449
-0.6213060079659685
0.0
-0.9641367917775504
0.0
-1.585442799743519
-1.585442799743519
0.1840451149502797
-0.29179300232588923
0.0
-0.29179300232588923
-0.21915423785441954
-0.6
0.9203413776571728
0.44312374060747184
-0.4483575939088075
-0.4126420456610871
0.0
-0.7029321338448243
0.0
-1.1155741795059115
-1.1155741795059115
0.2588077684779392
-0.2887192639695329
0.0
-0.2887192639695329
-0.2191477979001613
-0.8
0.8344715635823983
0.38567481965015155
-0.031702057098380435
-0.02645446515566399
0.0
-0.42827735052920923
0.0
-0.4547318156848732
-0.4547318156848732
0.39222050819718574
-0.17835514384134996
0.0
-0.17835514384134996
-0.1372131726294913
-1.0
0.6052248627177395
0.3131023243582067
0.77815817756222
0.470960676187781
0.0
-0.14429401583430745
0.0
0.3266666603534735
0.3266666603534735
0.5771625064052123
0.18853974844863097
0.0
0.18853974844863097
0.14780282428377878
-0.8
0.2605591071222711
0.2842372053212445
0.9935939870471041
0.25888996210705084
0.0
0.09459079767242907
0.0
0.3534807597794799
0.3534807597794799
0.5959398583146819
0.21065327389994937
0.0
0.21065327389994937
0.16651581564060441
-0.6000000000000001
0.26857464754838256
0.32110595141569415
0.9879675657627252
0.26534304076395737
0.0
0.11351513567660583
0.0
0.3788581764405632
0.3788581764405632
0.6011273146326473
0.22774199823033744
0.0
0.22774199823033744
0.18095932030715867
-0.4000000000000001
0.2753876899698495
0.3602668897188461
0.9771811856421502
0.26910366939599045
0.0
0.1364645465286918
0.0
0.4055682159246823
0.4055682159246823
0.606404520455922
0.2459383994899708
0.0
0.2459383994899708
0.19636182783273112
-0.20000000000000007
0.2824111375048214
0.40129335318814824
0.9587052851950718
0.27074905012382444
0.0
0.16333967862602392
0.0
0.4340887287498484
0.4340887287498484
0.6129343514647307
0.26606789343443776
0.0
0.26606789343443776
0.21398499905107082
-5.551115123125783E-17
0.28764888266995725
0.4443621588256498
0.9251924946272024
0.2661305873341452
0.0
0.19289469161503867
0.0
0.4590252789491839
0.4590252789491839
0.6184044372331337
0.28386326930435224
0.0
0.28386326930435224
0.2188387206564242
0.19999999999999996
0.2938548471830659
0.48872301477451735
0.8632096915249949
0.25365835199001885
0.0
0.22470667764017052
0.0
0.47836502963018934
0.47836502963018934
0.6196035639814227
0.29639667724294416
0.0
0.29639667724294416
0.22543498059202566
0.39999999999999997
0.30290303303920363
0.5338809901249161
0.7415344776636277
0.22461304238745441
0.0
0.2558318730717874
0.0
0.48044491545924184
0.48044491545924184
0.6147258885835154
0.2953419275711144
0.0
0.2953419275711144
0.22494977259535923
0.6
0.3201717381335486
0.5804810708472361
0.475239823728312
0.1521583603933749
0.0
0.2789633432714786
0.0
0.4311217036648535
0.4311217036648535
0.5969567809301818
0.2573610244089067
0.0
0.2573610244089067
0.19765551912129814
0.8
0.363120872997967
0.6318312872158561
-0.14596550844267112
-0.053003122853294865
0.0
0.27148348925300103
0.0
0.21848036639970617
0.21848036639970617
0.5402428975097773
0.11803246619277505
0.0
0.11803246619277505
0.09184077896233553
1.0
0.4870513381649946
0.6962848661339528
-0.8798563455711342
-0.42853521050338284
0.0
0.1587477746449561
0.0
-0.26978743585842674
-0.26978743585842674
0.4159319198960479
-0.1122132061604273
0.0
-0.1122132061604273
-0.08851628824396647
0.8
0.7049558386714654
0.6983961210538762
-0.984433748934137
-0.6939823190963593
0.0
-0.1988517429772758
0.0
-0.8928340620736351
-0.8928340620736351
0.2791607205353171
-0.24924420008695003
0.0
-0.24924420008695003
-0.19755501263921435
0.6000000000000001
0.8654578709478105
0.687993958374985
-0.992711244757051
-0.8591497603533881
0.0
-0.6180422253435864
0.0
-1.4771919856969746
-1.4771919856969746
0.18170641664182113
-0.26841526241301356
0.0
-0.26841526241301356
-0.21319566024310904
0.4000000000000001
0.937518943545031
0.6611205365274091
-0.9864337881476273
-0.9248003629412864
0.0
-0.9791746297094798
0.0
-1.9039749926507663
-1.9039749926507663
0.13109814417772528
-0.2496075880973136
0.0
-0.2496075880973136
-0.19863030799329984
0.20000000000000007
0.9655028651504002
0.6267492248944395
-0.962284080384296
-0.9290880366996558
0.0
-1.2016653379473379
0.0
-2.1307533746469938
-2.1307533746469938
0.11271002313273128
-0.2401572621466079
0.0
-0.2401572621466079
-0.19059278998210352
5.551115123125783E-17
0.9731399103155132
0.5842272635302966
-0.898746303286221
-0.874605896976352
0.0
-1.244683398402297
0.0
-2.119289295378649
-2.119289295378649
0.1149957901551209
-0.24370934708935715
0.0
-0.24370934708935715
-0.18611990422736635
-0.19999999999999996
0.9710723670192009
0.5383900684805958
-0.7944048251644087
-0.7714245739438768
0.0
-1.1444309174210803
0.0
-1.915855491364957
-1.915855491364957
0.13887530485204042
-0.2660650154157641
0.0
-0.2660650154157641
-0.2008432235475152
-0.39999999999999997
0.9578621319231425
0.49014503342671506
-0.6550325965740652
-0.6274309194335859
0.0
-0.9414335188416094
0.0
-1.5688644382751953
-1.5688644382751953
0.18413313475774054
-0.28887992702955345
0.0
-0.28887992702955345
-0.2190000908314338
-0.6
0.9238663553712698
0.4401512478968484
-0.45209484423472357
-0.417675216025276
0.0
-0.6909220556514893
0.0
-1.1085972716767654
-1.1085972716767654
0.2578895045433202
-0.2858956011307976
0.0
-0.2858956011307976
-0.21899065541579835
-0.8
0.8398669677792994
0.38590259305634567
-0.0350019729122569
-0.029397000856110377
0.0
-0.425904015405579
0.0
-0.45530101626168934
-0.45530101626168934
0.39058448651287225
-0.17783351364536082
0.0
-0.17783351364536082
-0.1380352201238787
-1.0
0.609168881028363
0.3166139561701695
0.7762077910196928
0.4728416315009637
0.0
-0.14598429137962826
0.0
0.32685734012133544
0.32685734012133544
0.5771787960406495
0.18865512604828147
0.0
0.18865512604828147
0.14919630796409075
-0.8
0.25491585928867566
0.2881310735086923
0.993898965640743
0.25336060887243594
0.0
0.0959267511318822
0.0
0.34928736000431815
0.34928736000431815
0.5957874443492306
0.20810102356046237
0.0
0.20810102356046237
0.16593144892245157
-0.6000000000000001
0.26474109158818515
0.32485571865191987
0.9881664296240605
0.26160825924947334
0.0
0.11348271546557773
0.0
0.37509097471505104
0.37509097471505104
0.6011029389564193
0.22546828727724513
0.0
0.22546828727724513
0.18069807217431447
-0.4000000000000001
0.27138579091942555
0.363241459085067
0.9776316150181669
0.2653153290695406
0.0
0.13622733064140252
0.0
0.4015426597109431
0.4015426597109431
0.6064613320958904
0.24352009630162536
0.0
0.24352009630162536
0.19608489004421925
-0.20000000000000007
0.27846628632450765
0.4034375343827868
0.9593405713632362
0.2671440062279517
0.0
0.16253060038344921
0.0
0.4296746066114009
0.4296746066114009
0.6129711348475909
0.2633781312297826
0.0
0.2633781312297826
0.21368715996242027
-5.551115123125783E-17
0.28387338976407916
0.44544898201254474
0.9262536074411196
0.2629387513255173
0.0
0.19137677266840597
0.0
0.4543155239939233
0.4543155239939233
0.6186091283304422
0.281043730284869
0.0
0.281043730284869
0.2186373446068837
0.19999999999999996
0.2902753993605215
0.48871553889360947
0.86492273825111
0.25106579326183676
0.0
0.22236527900248704
0.0
0.4734310722643238
0.4734310722643238
0.619944181067436
0.2935008383867843
0.0
0.2935008383867843
0.22531590424787157
0.39999999999999997
0.2995566203631273
0.5328133211171616
0.7443385667396686
0.2229715454584692
0.0
0.25266747380844
0.0
0.4756390192669092
0.4756390192669092
0.6152303293007326
0.29262755045185807
0.0
0.29262755045185807
0.22500373004295887
0.6
0.3171255498225402
0.578390098420822
0.4800222093820828
0.15222730707732351
0.0
0.2751870159900452
0.0
0.4274143230673687
0.4274143230673687
0.5977057389325987
0.2554679937993581
0.0
0.2554679937993581
0.19808836737843222
0.8
0.3606272277287577
0.6287129595018616
-0.13939894863858904
-0.05027105639583785
0.0
0.2678657674604776
0.0
0.21759471106463973
0.21759471106463973
0.5412435622073585
0.11777173653410652
0.0
0.11777173653410652
0.09252235718807778
1.0
0.4868577051294353
0.6921687818718902
-0.8792339092479469
-0.42806180332843763
0.0
0.1571099638145612
0.0
-0.27095183951387647
-0.27095183951387647
0.41571333724912224
-0.11263829343810218
0.0
-0.11263829343810218
-0.08971657449503818
0.8
0.7107121296018597
0.6943532180905116
-0.9849755095040599
-0.7000340419653072
0.0
-0.1983274041694466
0.0
-0.8983614461347538
-0.8983614461347538
0.2766434481384271
-0.24852580813334213
0.0
-0.24852580813334213
-0.19890734113977862
0.6000000000000001
0.8728357924995089
0.6829228322236954
-0.993022489713221
-0.8667455717786747
0.0
-0.6171594491500381
0.0
-1.4839050209287128
-1.4839050209287128
0.17878755050276457
-0.26530374387059813
0.0
-0.26530374387059813
-0.21275235499266146
0.4000000000000001
0.9426304719956258
0.6541268820427134
-0.986631800016224
-0.930029199335187
0.0
-0.9730423807859311
0.0
-1.903071580121118
-1.903071580121118
0.12924968868918668
-0.24597140928389308
0.0
-0.24597140928389308
-0.1975859937202766
0.20000000000000007
0.9687418950177877
0.6189386360639724
-0.9626974774778247
-0.932605378660712
0.0
-1.1868276967618536
0.0
-2.119433075422566
-2.119433075422566
0.11227161103771294
-0.237952165864306
0.0
-0.237952165864306
-0.1908164135704613
5.551115123125783E-17
0.9753538303546093
0.5758427774130802
-0.8994655522006038
-0.8772971716108827
0.0
-1.2192057906022828
0.0
-2.0965029622131657
-2.0965029622131657
0.11518987127047038
-0.2414959063354944
0.0
-0.2414959063354944
-0.1863131806004009
-0.19999999999999996
0.9729966065818557
0.5308981489318736
-0.797139698995389
-0.7756142220941954
0.0
-1.1162567704544644
0.0
-1.8918709925486596
-1.8918709925486596
0.13937633301859456
-0.26368204148568103
0.0
-0.26368204148568103
-0.20103409123901608
-0.39999999999999997
0.96011382389149
0.4846165489801353
-0.6593017550474752
-0.6330047291370019
0.0
-0.9191314792507305
0.0
-1.5521362083877324
-1.5521362083877324
0.18414800990187713
-0.28582279387124615
0.0
-0.28582279387124615
-0.21879260724323293
-0.6
0.9272936886071108
0.4373002991726706
-0.455339461603092
-0.42223340891830713
0.0
-0.6791435338708446
0.0
-1.1013769427891518
-1.1013769427891518
0.25692376729618777
-0.28296991335454674
0.0
-0.28296991335454674
-0.21881002286707596
-0.8
0.8452125918278841
0.3861977630108771
-0.03818788955434641
-0.03227688510666611
0.0
-0.4235136479759789
0.0
-0.455790533082645
-0.455790533082645
0.38891037103987897
-0.17726166533763568
0.0
-0.17726166533763568
-0.13886932899600712
-1.0
0.6132597417268769
0.32022693665696084
0.7739354068795228
0.4746234277362215
0.0
-0.14770127745658113
0.0
0.3269221502796404
0.3269221502796404
0.5771817190785068
0.1886934887032448
0.0
0.1886934887032448
0.15059209772826446
-0.8
0.24927531783618545
0.2921942708192764
0.9941756781191435
0.2478234581481547
0.0
0.09728631918786497
0.0
0.34510977733601966
0.34510977733601966
0.5955667799235658
0.205535918808152
0.0
0.205535918808152
0.16536928144233795
-0.6000000000000001
0.26091133496584534
0.3287299184821099
0.9883368257403422
0.25786828059981876
0.0
0.11346658856725618
0.0
0.3713348691670749
0.3713348691670749
0.6010191097118207
0.2231793524717508
0.0
0.2231793524717508
0.1804666028675226
-0.4000000000000001
0.26737008401461304
0.3663125255332676
0.978037426147628
0.2614979487985272
0.0
0.13600725228085986
0.0
0.3975052010793871
0.3975052010793871
0.606469871346598
0.24107492815821946
0.0
0.24107492815821946
0.19583269269485995
-0.20000000000000007
0.27450488339026846
0.4056534872718828
0.9599086253410243
0.26349960526455074
0.0
0.16172665641740655
0.0
0.4252262616819573
0.4252262616819573
0.6129613939085587
0.26064728208709814
0.0
0.26064728208709814
0.21338755164667184
-5.551115123125783E-17
0.2800843305126566
0.4465924345367548
0.9272174628192495
0.2596990823133736
0.0
0.1898628311989238
0.0
0.44956191351229735
0.44956191351229735
0.6187807371352566
0.27818025223107584
0.0
0.27818025223107584
0.21844381138113259
0.19999999999999996
0.2866851877995104
0.48874675512041926
0.8665016377713772
0.24841318475307061
0.0
0.22002316405519787
0.0
0.46843634880826845
0.46843634880826845
0.6202577263595821
0.29055126465600073
0.0
0.29055126465600073
0.22519716229926373
0.39999999999999997
0.29620288056185157
0.5317629480283912
0.7469663893926471
0.22125359622098778
0.0
0.2494909752069289
0.0
0.4707445714279167
0.4707445714279167
0.615710844045317
0.2898425374036336
0.0
0.2898425374036336
0.22504437812325104
0.6
0.3140762146559987
0.5762901983187768
0.4846103712245432
0.15220459097724284
0.0
0.271374818961797
0.0
0.42357940993903986
0.42357940993903986
0.5984330961411012
0.25348393775144035
0.0
0.25348393775144035
0.19849236076743398
0.8
0.3581319067513318
0.6255495321099771
-0.13282402766250842
-0.04756852228916578
0.0
0.2641697932316621
0.0
0.21660127094249634
0.21660127094249634
0.542234888537009
0.11744876600647898
0.0
0.11744876600647898
0.09318352079300878
1.0
0.486660214627284
0.687942683439514
-0.8784696248343984
-0.427516216165458
0.0
0.15538037131527618
0.0
-0.27213584485018183
-0.27213584485018183
0.41548732735239513
-0.11306899485358811
0.0
-0.11306899485358811
-0.0909602259996736
0.8
0.7165553946149599
0.6901619282410681
-0.9854788922826907
-0.706150216544337
0.0
-0.19776400032189498
0.0
-0.903914216866232
-0.903914216866232
0.2740811044055185
-0.24774580684654623
0.0
-0.24774580684654623
-0.20027152684671168
0.6000000000000001
0.8801022331621479
0.6776154965775597
-0.9933068488097372
-0.8742115758527057
0.0
-0.6160262850335848
0.0
-1.4902378608862905
-1.4902378608862905
0.17588186966657718
-0.26210582122060133
0.0
-0.26210582122060133
-0.2122700827541287
0.4000000000000001
0.9474775060251842
0.6468297223612582
-0.986790692950736
-0.9349619847258266
0.0
-0.9661313548000486
0.0
-1.9010933395258753
-1.9010933395258753
0.12747072157537084
-0.2423337397714948
0.0
-0.2423337397714948
-0.19656071607072875
0.20000000000000007
0.9716958943078148
0.6108808355471528
-0.9629856353242883
-0.9357291881220134
0.0
-1.1708352207313397
0.0
-2.106564408853353
-2.106564408853353
0.11186045798404425
-0.2356412595472235
0.0
-0.2356412595472235
-0.19103319248988263
5.551115123125783E-17
0.9773685711290909
0.5673983859211771
-0.9000700189088726
-0.8797001482970986
0.0
-1.193083651143619
0.0
-2.0727837994407174
-2.0727837994407174
0.11542313090783818
-0.23924719582649212
0.0
-0.23924719582649212
-0.18652814002311832
-0.19999999999999996
0.9747632420258131
0.5234793997212774
-0.7996821427707382
-0.779500758077354
0.0
-1.0880991115041385
0.0
-1.8675998695814924
-1.8675998695814924
0.1398710792227756
-0.2612232093146783
0.0
-0.2612232093146783
-0.20120140648614923
-0.39999999999999997
0.9622264675734115
0.4791986724733541
-0.6631941937661677
-0.6381430063828162
0.0
-0.8971800284981042
0.0
-1.5353230348809204
-1.5353230348809204
0.18413441887179688
-0.2827058148082818
0.0
-0.2827058148082818
-0.21856071984568132
-0.6
0.9305778205137435
0.4345107800045996
-0.45823086615920405
-0.42641948072255703
0.0
-0.6675303648467517
0.0
-1.0939498455693086
-1.0939498455693086
0.2559591860996503
-0.2800065121057584
0.0
-0.2800065121057584
-0.21861992633651983
-0.8
0.8504356102540948
0.386493059608495
-0.04130527590253368
-0.03512747751888499
0.0
-0.42104604050278444
0.0
-0.45617351802166944
-0.45617351802166944
0.3872511107237928
-0.17665370153667162
0.0
-0.17665370153667162
-0.13970541726054395
-1.0
0.6174268143121474
0.3238623221430332
0.7714002544406102
0.4762832016588459
0.0
-0.14940214921493455
0.0
0.32688105244391136
0.32688105244391136
0.5772068038491538
0.18867796751999769
0.0
0.18867796751999769
0.15198639721904247
-0.8
0.24367146426041328
0.29636807383245284
0.9944272950207788
0.24231355507823515
0.0
0.09865276181036252
0.0
0.3409663168885977
0.3409663168885977
0.5953123236622831
0.20298145039752147
0.0
0.20298145039752147
0.16482357509543066
-0.6000000000000001
0.2571169636265193
0.33267840436734464
0.9884812577657608
0.2541552995984552
0.0
0.11345448474728544
0.0
0.3676097843457406
0.3676097843457406
0.6009021848641657
0.2208975225908003
0.0
0.2208975225908003
0.1802571832938711
-0.4000000000000001
0.2633763504006275
0.36944280878975494
0.9784012759714564
0.25768775729267934
0.0
0.1357969438751516
0.0
0.39348470116783096
0.39348470116783096
0.6064478693951638
0.23862795866282382
0.0
0.23862795866282382
0.19559818602970916
-0.20000000000000007
0.2705665148585143
0.4079161711207498
0.9604150478301472
0.2598561523090762
0.0
0.16093050959102576
0.0
0.42078666190010194
0.42078666190010194
0.6129188468543999
0.25790807558352274
0.0
0.25790807558352274
0.21308372921431915
-5.551115123125783E-17
0.2763204648361237
0.4477824961108489
0.9280887440462549
0.25644991316403537
0.0
0.188366360965878
0.0
0.44481627412991337
0.44481627412991337
0.6189233088673505
0.27530716022253243
0.0
0.27530716022253243
0.21825467880945318
0.19999999999999996
0.2831220732099661
0.4888227055204702
0.8679482401316208
0.24573530518500594
0.0
0.217707689448131
0.0
0.46344299463313693
0.46344299463313693
0.620541480552346
0.28758560204125977
0.0
0.28758560204125977
0.22507715857720417
0.39999999999999997
0.29287821149952237
0.5307514976800393
0.749411664103491
0.21948634785951127
0.0
0.24634519044338937
0.0
0.46583153830290064
0.46583153830290064
0.6161585672734018
0.28702609323148004
0.0
0.28702609323148004
0.22507165699048648
0.6
0.31105800810748074
0.5742180379988464
0.48897369694726983
0.15209918418936869
0.0
0.26758440010138584
0.0
0.41968358429075453
0.41968358429075453
0.5991230236253966
0.25144209798622086
0.0
0.25144209798622086
0.19886654240831883
0.8
0.3556659816257663
0.6223927657174128
-0.12632774117032947
-0.04493048006991096
0.0
0.2604597561113308
0.0
0.21552927604141986
0.21552927604141986
0.5431906791516466
0.11707349383000158
0.0
0.11707349383000158
0.09381946118399974
1.0
0.486475761451997
0.6836729147876544
-0.8775958330091722
-0.42692910111023663
0.0
0.15359715826446793
0.0
-0.27333194284576867
-0.27333194284576867
0.41522774834685383
-0.11349500717911946
0.0
-0.11349500717911946
-0.09222849286822253
0.8
0.722440788401972
0.685879391460783
-0.9859453534842473
-0.7122871384924205
0.0
-0.19717451813890274
0.0
-0.9094616566313233
-0.9094616566313233
0.27147578672911354
-0.24689681873395142
0.0
-0.24689681873395142
-0.20161566059874741
0.6000000000000001
0.8871794383344643
0.6721224633261315
-0.9935645437791553
-0.8814700338990292
0.0
-0.6146658306582249
0.0
-1.496135864557254
-1.496135864557254
0.17300970582169362
-0.25884602579633575
0.0
-0.25884602579633575
-0.21173957919173797
0.4000000000000001
0.9520154962610766
0.6392882849158059
-0.986911967104428
-0.9395554861289174
0.0
-0.9584983065781137
0.0
-1.8980537927070311
-1.8980537927070311
0.12577947195797748
-0.2387362037945268
0.0
-0.2387362037945268
-0.19556305628369677
0.20000000000000007
0.9743114080025984
0.602475918059253
-0.9630862426338956
-0.938345913088563
0.0
-1.153249754664108
0.0
-2.091595667752671
-2.091595667752671
0.11146866838192541
-0.23314738387779432
0.0
-0.23314738387779432
-0.19113016929245522
5.551115123125783E-17
0.9791550354141353
0.5588801440621188
-0.900637037353102
-0.8818632902047584
0.0
-1.1663046717268066
0.0
-2.048167961931565
-2.048167961931565
0.11575603583475667
-0.23708780399695076
0.0
-0.23708780399695076
-0.1868193474319668
-0.19999999999999996
0.9763376013032905
0.516115702735064
-0.802174800157155
-0.7831934202113832
0.0
-1.0599861463895446
0.0
-1.8431795666009276
-1.8431795666009276
0.14041786168347567
-0.2588153334407777
0.0
-0.2588153334407777
-0.2013897024091589
-0.39999999999999997
0.9641481299164749
0.4738590001435591
-0.6668709313347936
-0.6429623613420992
0.0
-0.8755872591758209
0.0
-1.51854962051792
-1.51854962051792
0.18415117886542554
-0.2796427027840196
0.0
-0.2796427027840196
-0.21833305623567023
-0.6
0.9336323046654212
0.4317416825074377
-0.4608909415019068
-0.4303026719138411
0.0
-0.6560715453687551
0.0
-1.086374217282596
-1.086374217282596
0.25505882926864254
-0.27708933600773683
0.0
-0.27708933600773683
-0.2184275910862539
-0.8
0.8553874735933131
0.38673952246439147
-0.04431869996984576
-0.03790966080014641
0.0
-0.4184687719688798
0.0
-0.45637843276902623
-0.45637843276902623
0.38567729884513374
-0.1760148012015335
0.0
-0.1760148012015335
-0.14051133215024192
-1.0
0.6214838864522854
0.32745318668577045
0.7687359096170969
0.47775698076426615
0.0
-0.15103607275850642
0.0
0.3267209080057597
0.3267209080057597
0.5772737953717986
0.18860741859180516
0.0
0.18860741859180516
0.15333951495445017
-0.8
0.23817167641233677
0.3006067694059312
0.9946529946478901
0.23689817118383905
0.0
0.100003917224294
0.0
0.33690208840813307
0.33690208840813307
0.5950719269734768
0.2004809749504164
0.0
0.2004809749504164
0.1642890032439633
-0.6000000000000001
0.25340074907785237
0.3366545656477453
0.9886009109300677
0.25051221136872637
0.0
0.1134455666578326
0.0
0.363957778026559
0.363957778026559
0.6007903277324099
0.21866231274133607
0.0
0.21866231274133607
0.1800587475473499
-0.4000000000000001
0.25946239867596843
0.3725966769315811
0.978722276700896
0.2539416295504194
0.0
0.13559879515450762
0.0
0.389540424704927
0.389540424704927
0.6064249603482973
0.23622703660574423
0.0
0.23622703660574423
0.1953744518085358
-0.20000000000000007
0.26671788864969
0.4101989547265113
0.9608619592196896
0.25627907304688013
0.0
0.16015799585728938
0.0
0.41643706890416954
0.41643706890416954
0.6128705343448895
0.25522200894031793
0.0
0.25522200894031793
0.2127779865102813
-5.551115123125783E-17
0.272652300627721
0.4490027879038385
0.9288684750743554
0.2532581267095859
0.0
0.1869154173618465
0.0
0.4401735440714324
0.4401735440714324
0.6190526764973038
0.2724906105807241
0.0
0.2724906105807241
0.21807095698637677
0.19999999999999996
0.27966044511204774
0.488938776698423
0.8692617292503755
0.24309812212102833
0.0
0.21546235254626694
0.0
0.45856047466729527
0.45856047466729527
0.6208034067036292
0.2846759048530902
0.0
0.2846759048530902
0.2249601857636364
0.39999999999999997
0.2896602702908484
0.5297863452926759
0.7516693372172637
0.21772874338769546
0.0
0.2432907093921844
0.0
0.4610194527798799
0.4610194527798799
0.6165740027335362
0.28425260933851504
0.0
0.28425260933851504
0.22509248117071878
0.6
0.308150936458231
0.5721936035099905
0.4930916499602507
0.15194665369498547
0.0
0.26389267683557527
0.0
0.41583933053056077
0.41583933053056077
0.5997668652994229
0.24940665174052504
0.0
0.24940665174052504
0.19921613560456855
0.8
0.3533097082486447
0.6192775654230618
-0.11998304193706227
-0.04239117354156838
0.0
0.2568193629946309
0.0
0.2144281894530625
0.2144281894530625
0.5440864808913823
0.1166674790034274
0.0
0.1166674790034274
0.09442558205105878
1.0
0.48636476221203256
0.6794137596253421
-0.876644920625536
-0.426369198364425
0.0
0.15180992850334288
0.0
-0.27455926986108214
-0.27455926986108214
0.41490342795730056
-0.11391558224281655
0.0
-0.11391558224281655
-0.09350048010510865
0.8
0.728312583186269
0.6815612816778901
-0.9863746199223419
-0.7183890474250151
0.0
-0.1965906909591035
0.0
-0.9149797383841186
-0.9149797383841186
0.2688368934754407
-0.2459803104601579
0.0
-0.2459803104601579
-0.2028944576754378
0.6000000000000001
0.8939539061223356
0.6665046230638298
-0.9937937588966621
-0.8884058126456696
0.0
-0.6131163043336365
0.0
-1.5015221169793063
-1.5015221169793063
0.17020773100786935
-0.2555706725891803
0.0
-0.2555706725891803
-0.21115013279390607
0.4000000000000001
0.9561781045346371
0.6315893297498376
-0.9869950091861764
-0.9437430170687849
0.0
-0.9502309832191094
0.0
-1.8939740002878942
-1.8939740002878942
0.12420866775290676
-0.23524798733440277
0.0
-0.23524798733440277
-0.19460754311485842
0.20000000000000007
0.9765654626803718
0.5937354388094483
-0.9629982805610788
-0.9404308614165324
0.0
-1.1339895949708698
0.0
-2.0744204563874025
-2.0744204563874025
0.11112886312324495
-0.23052798695793497
0.0
-0.23052798695793497
-0.19107085762463394
5.551115123125783E-17
0.9806965325469555
0.5503304647343015
-0.9012393253683643
-0.8838422813837123
0.0
-1.1390320752757872
0.0
-2.0228743566594996
-2.0228743566594996
0.11623190687557819
-0.23512254384424208
0.0
-0.23512254384424208
-0.18721387030418965
-0.19999999999999996
0.977698219745964
0.5088401285554407
-0.8047053798274199
-0.7867590172772682
0.0
-1.0321273771175854
0.0
-1.8188863943948537
-1.8188863943948537
0.14105124981711653
-0.2565561992047429
0.0
-0.2565561992047429
-0.2016206578227828
-0.39999999999999997
0.9658419972682302
0.4686134657404468
-0.6704130239811686
-0.6475130540766059
0.0
-0.8545079191134028
0.0
-1.5020209731900087
-1.5020209731900087
0.18423418254890306
-0.2767236061669691
0.0
-0.2767236061669691
-0.21812461683621256
-0.6
0.9363869055992902
0.4289974302702152
-0.46336359820233464
-0.43388760588803693
0.0
-0.6448563026403735
0.0
-1.0787439085284105
-1.0787439085284105
0.2542645233787022
-0.2742863057496546
0.0
-0.2742863057496546
-0.2182332094794287
-0.8
0.8599291491943027
0.38692963252292345
-0.04713317292112041
-0.04053118928888702
0.0
-0.4158072059294345
0.0
-0.45633839521832154
-0.45633839521832154
0.3842403268010308
-0.17534361411054583
0.0
-0.17534361411054583
-0.14125116840193533
-1.0
0.6252229019245776
0.33096627754819546
0.766094359303036
0.4789797384714942
0.0
-0.15256717266876274
0.0
0.3264125658027315
0.3264125658027315
0.5773764747746933
0.1884629365653437
0.0
0.1884629365653437
0.1545980012817521
-0.8
0.23284832559856003
0.30488269647935323
0.9948505802923842
0.23164929184183744
0.0
0.10131925740164754
0.0
0.33296854924348496
0.33296854924348496
0.5948823907521927
0.19807712661925356
0.0
0.19807712661925356
0.16376361516745522
-0.6000000000000001
0.24979846465251004
0.3406235109092609
0.9886964250217724
0.24697484897786426
0.0
0.11344652035558626
0.0
0.36042136933345054
0.36042136933345054
0.6007135751711461
0.21651000934037715
0.0
0.21651000934037715
0.17986096542237145
-0.4000000000000001
0.255683442477609
0.37574595232990843
0.9789981694129762
0.2503136221347872
0.0
0.13541920315871614
0.0
0.38573282529350333
0.38573282529350333
0.60642701598653
0.23391880621079275
0.0
0.23391880621079275
0.19515702792148681
-0.20000000000000007
0.2630231370516041
0.41247791196999783
0.9612495994304201
0.2528308851317869
0.0
0.15942722212439722
0.0
0.41225810725618417
0.41225810725618417
0.6128433030916631
0.25264962017719705
0.0
0.25264962017719705
0.21247691251665782
-5.551115123125783E-17
0.26914907620026113
0.45023375074543776
0.9295567006059585
0.25018932724385645
0.0
0.18553713124864907
0.0
0.4357264584925055
0.4357264584925055
0.6191880756473183
0.2697966273425956
0.0
0.2697966273425956
0.21789747676440882
0.19999999999999996
0.2763748493709508
0.4890811996300384
0.8704424265395534
0.24056839452095397
0.0
0.21332567387027193
0.0
0.4538940683912259
0.4538940683912259
0.6210577536958781
0.28189443053093804
0.0
0.28189443053093804
0.22485419513490154
0.39999999999999997
0.2866285707631314
0.528860128569506
0.7537405910704443
0.21604358834467935
0.0
0.24037870606626457
0.0
0.45642229441094395
0.45642229441094395
0.6169664856301367
0.28159725894596366
0.0
0.28159725894596366
0.22511756866813282
0.6
0.30543883196592025
0.5702171839712977
0.49696189458591755
0.15179146061389345
0.0
0.26036322380441906
0.0
0.4121546844183125
0.4121546844183125
0.6003673544956887
0.2474442175272277
0.0
0.2474442175272277
0.19955066035557448
0.8
0.35114948969640963
0.616215194243695
-0.11382801473802583
-0.039970649288413165
0.0
0.2533181371932696
0.0
0.21334748790485647
0.21334748790485647
0.5449118619874059
0.1162555768845709
0.0
0.1162555768845709
0.09500037075901975
1.0
0.4863966943421089
0.6751947269510538
-0.8756410762890364
-0.4259089249371537
0.0
0.15006124869116064
0.0
-0.27584767624599305
-0.27584767624599305
0.4144958378500832
-0.11433771368458139
0.0
-0.11433771368458139
-0.09476079374230913
0.8
0.7341209632337722
0.6772477885711293
-0.9867668224936851
-0.7244062102161928
0.0
-0.19604656174564442
0.0
-0.9204527719618372
-0.9204527719618372
0.2661816895878654
-0.245007674026636
0.0
-0.245007674026636
-0.20407017912098907
0.6000000000000001
0.9003267676367649
0.6608180342464873
-0.9939931961483794
-0.8949186813412073
0.0
-0.6114177554146386
0.0
-1.5063364367558458
-1.5063364367558458
0.16751431266496358
-0.2523329128453459
0.0
-0.2523329128453459
-0.2104989049138275
0.4000000000000001
0.9599190222697445
0.6238251160521635
-0.9870397757109473
-0.9474782564418004
0.0
-0.9414396965642504
0.0
-1.8889179530060507
-1.8889179530060507
0.1227877521996348
-0.23193598953914835
0.0
-0.23193598953914835
-0.193709764177367
0.20000000000000007
0.9784825583942343
0.5848021902637365
-0.9627752590495054
-0.9420587986334318
0.0
-1.113466082857628
0.0
-2.05552488149106
-2.05552488149106
0.11088198153692605
-0.2279206719581838
0.0
-0.2279206719581838
-0.19089749808245476
5.551115123125783E-17
0.9820050221164632
0.5418560234142847
-0.9019045972865157
-0.8856748440052847
0.0
-1.1116655370833106
0.0
-1.9973403810885952
-1.9973403810885952
0.11684667562165595
-0.23338258361509376
0.0
-0.23338258361509376
-0.1876952426238365
-0.19999999999999996
0.978853887917737
0.5017382003000789
-0.8072595213555522
-0.7901891210374937
0.0
-1.0049140634593086
0.0
-1.7951031844968024
-1.7951031844968024
0.14175990529130394
-0.2544736574223848
0.0
-0.2544736574223848
-0.20188426133548815
-0.39999999999999997
0.9673096017983094
0.46352448520042866
-0.6737888860550251
-0.6517624590660127
0.0
-0.8342163764005247
0.0
-1.4859788354665375
-1.4859788354665375
0.18437816037455032
-0.2739820440388368
0.0
-0.2739820440388368
-0.21793355649870408
-0.6
0.9388255493220213
0.42632485518162483
-0.4656108932682075
-0.43712740264284194
0.0
-0.63404852161772
0.0
-1.0711759242605619
-1.0711759242605619
0.2535777745705393
-0.2716264070475338
0.0
-0.2716264070475338
-0.2180334684589948
-0.8
0.8640007868915577
0.3870944909416279
-0.04964971288063705
-0.042897390997810314
0.0
-0.4131371326420948
0.0
-0.4560345236399051
-0.4560345236399051
0.38294986256156116
-0.17463835815122866
0.0
-0.17463835815122866
-0.1419041375409644
-1.0
0.6285167653456306
0.33440230059247167
0.76358245894826
0.47992437717282316
0.0
-0.15398775043527838
0.0
0.32593662673754475
0.32593662673754475
0.5774889375104766
0.18822479627041352
0.0
0.18822479627041352
0.15572336044249754
-0.8
0.2277513986736814
0.30917894966133297
0.9950193671867418
0.22661705258418183
0.0
0.10258539718792846
0.0
0.3292024497721103
0.3292024497721103
0.5947541929478423
0.19579453733066401
0.0
0.19579453733066401
0.16324982261715928
-0.6000000000000001
0.2463284113613561
0.34456173476287055
0.9887690150133117
0.24356190067156194
0.0
0.11346395742099659
0.0
0.35702585809255855
0.35702585809255855
0.6006810808267976
0.21445867832215293
0.0
0.21445867832215293
0.17965830049598924
-0.4000000000000001
0.25207231389848445
0.3788698275476116
0.9792284560169634
0.24683638274343628
0.0
0.1352616164350871
0.0
0.3820979991785234
0.3820979991785234
0.6064645390487106
0.23172888694323776
0.0
0.23172888694323776
0.19494502930746013
-0.20000000000000007
0.25951915318522767
0.41473327330443016
0.9615792750509394
0.24954823918168492
0.0
0.15874769538758576
0.0
0.4082959345692707
0.4082959345692707
0.6128517655181513
0.25022488435466117
0.0
0.25022488435466117
0.21218832339496924
-5.551115123125783E-17
0.26585021362809785
0.45145641282407817
0.9301561318895699
0.24728220637032733
0.0
0.1842443706630467
0.0
0.43152657703337405
0.43152657703337405
0.6193426937975735
0.267262832665096
0.0
0.267262832665096
0.21774002174225449
0.19999999999999996
0.2733074164442477
0.4892326878088513
0.871495542695576
0.23818619521680548
0.0
0.2113148932472922
0.0
0.44950108846409764
0.44950108846409764
0.6213175787921265
0.2792829279489386
0.0
0.2792829279489386
0.22476651540741827
0.39999999999999997
0.2838279585943768
0.5279578349536299
0.7556350578794906
0.21447035592027958
0.0
0.23763149382702492
0.0
0.4521018497473045
0.4521018497473045
0.6173487851606012
0.2791045277103591
0.0
0.2791045277103591
0.22515610103141023
0.6
0.3029690632725121
0.568277174711714
0.5005984511020712
0.151665843806065
0.0
0.2570240135649877
0.0
0.4086898573710527
0.4086898573710527
0.60093611565244
0.2455964953951101
0.0
0.2455964953951101
0.19987935495986395
0.8
0.34923450329438455
0.6132002881715581
-0.1078672337726765
-0.03767095980833994
0.0
0.2499885812209216
0.0
0.21231762141258165
0.21231762141258165
0.5456738634215857
0.11585617674868502
0.0
0.11585617674868502
0.0955459137582599
1.0
0.4866113200422917
0.6710236768769668
-0.8745981669830536
-0.42558936854219237
0.0
0.14837359988546117
0.0
-0.2772157686567312
-0.2772157686567312
0.4140090463826824
-0.11476983602381557
0.0
-0.11476983602381557
-0.09600301035901379
0.8
0.7398310851173068
0.6729612696788787
-0.9871239957739331
-0.7303050169387606
0.0
-0.19556189168984495
0.0
-0.9258669086286055
-0.9258669086286055
0.26353246790073165
-0.24399599137851763
0.0
-0.24399599137851763
-0.2051276581123117
0.6000000000000001
0.9062497261530816
0.6551059739787916
-0.9941639066184458
-0.9009607681242443
0.0
-0.6096003380330061
0.0
-1.5105611061572504
-1.5105611061572504
0.1649555309416315
-0.24917540928594745
0.0
-0.24917540928594745
-0.20979495078691415
0.4000000000000001
0.9632359624381162
0.6160741413699492
-0.9870488685782443
-0.9507609668984187
0.0
-0.9322431081588264
0.0
-1.883004075057245
-1.883004075057245
0.12152856637979913
-0.22883878572902666
0.0
-0.22883878572902666
-0.19288079206299616
0.20000000000000007
0.9801147677246235
0.5758651778047845
-0.9624799532070134
-0.9433408157770984
0.0
-1.0923089344424948
0.0
-2.0356497502195934
-2.0356497502195934
0.11074523167742142
-0.22543850320215392
0.0
-0.22543850320215392
-0.1906729967318188
5.551115123125783E-17
0.9831134123020079
0.5335824564448114
-0.9026171828604788
-0.8873750586443907
0.0
-1.084692545636134
0.0
-1.9720676042805247
-1.9720676042805247
0.11755989512130087
-0.23183606073133356
0.0
-0.23183606073133356
-0.18822300660699742
-0.19999999999999996
0.9798354104357176
0.4949060636008374
-0.809759643015616
-0.7934311721684862
0.0
-0.978757307445552
0.0
-1.7721884796140381
-1.7721884796140381
0.14250297881906726
-0.2525421373738343
0.0
-0.2525421373738343
-0.20215455624146036
-0.39999999999999997
0.9685818926840348
0.45866374888493033
-0.6769129497520521
-0.6556456260531756
0.0
-0.8149776543704451
0.0
-1.4706232804236206
-1.4706232804236206
0.18455187789193409
-0.27140628807377554
0.0
-0.27140628807377554
-0.21774956659154499
-0.6
0.9409786985895708
0.4237809981526986
-0.46756832868121184
-0.4399718374241474
0.0
-0.623805286711358
0.0
-1.0637771241355054
-1.0637771241355054
0.25297237261529465
-0.2691062230264336
0.0
-0.2691062230264336
-0.21782547038015734
-0.8
0.867622955754233
0.38727700778294194
-0.05181064982276943
-0.04495210913877874
0.0
-0.4105436164004333
0.0
-0.455495725539212
-0.455495725539212
0.3817837174931237
-0.17390085139858794
0.0
-0.17390085139858794
-0.14246828555259447
-1.0
0.6313455422476674
0.33777706147755077
0.7612431251163644
0.48060745360889995
0.0
-0.15531089711805734
0.0
0.3252965564908426
0.3252965564908426
0.5775825817327188
0.18788562492674407
0.0
0.18788562492674407
0.15670389351089745
-0.8
0.22290158422864162
0.3134801788420198
0.9951611221686312
0.22182299069414066
0.0
0.1037968910144003
0.0
0.32561988170854095
0.32561988170854095
0.5946772372507328
0.19363873164834558
0.0
0.19363873164834558
0.16275259358568833
-0.6000000000000001
0.24299405960937043
0.34845252595785803
0.9888209561935407
0.2402776183722879
0.0
0.1135003009293512
0.0
0.3537779193016391
0.3537779193016391
0.6006853348239808
0.21250920790903632
0.0
0.21250920790903632
0.17945041936975753
-0.4000000000000001
0.24863795778223563
0.381952456387158
0.9794157402125773
0.24351992946623185
0.0
0.1351246464536265
0.0
0.37864457591985834
0.37864457591985834
0.6065342131047463
0.22966088990193165
0.0
0.22966088990193165
0.1947399855660952
-0.20000000000000007
0.2562133681973799
0.4169497188566173
0.9618549796952333
0.24644010406513817
0.0
0.1581187035669844
0.0
0.4045588076321226
0.4045588076321226
0.6128973115547087
0.24795300556350652
0.0
0.24795300556350652
0.21191812829893872
-5.551115123125783E-17
0.2627619438929128
0.4526557290116103
0.9306735041547186
0.2445455790813227
0.0
0.18303531945136212
0.0
0.4275808985326848
0.4275808985326848
0.6195207768906099
0.26489525044255396
0.0
0.26489525044255396
0.21760247028506235
0.19999999999999996
0.27046324228166657
0.48937880623440805
0.8724315544982396
0.23596066689842837
0.0
0.20942707370797722
0.0
0.4453877406064056
0.4453877406064056
0.6215902453022043
0.2768486749381302
0.0
0.2768486749381302
0.22470086395774208
0.39999999999999997
0.28126258287158246
0.5270660007256129
0.7573683876807057
0.21301938890436128
0.0
0.23504531902918793
0.0
0.44806470793354924
0.44806470793354924
0.6177312277556345
0.27678356214576116
0.0
0.27678356214576116
0.22521245519984615
0.6
0.30074492826032245
0.5663617285033237
0.5040223279394406
0.15158215885774778
0.0
0.2538716489910501
0.0
0.40545380784879786
0.40545380784879786
0.6014865127019908
0.2438749969447165
0.0
0.2438749969447165
0.20020767865000055
0.8
0.34756728540764875
0.6102242282332062
-0.10209039327784321
-0.035483280857779236
0.0
0.2468305053732781
0.0
0.21134722451549887
0.21134722451549887
0.5463889283752412
0.11547778351810493
0.0
0.11547778351810493
0.09606592081806634
1.0
0.48700789708174463
0.6668999829957516
-0.8735238562483026
-0.42541301628222206
0.0
0.14675114222263644
0.0
-0.27866187405958565
-0.27866187405958565
0.4134633042022787
-0.11521645920387555
0.0
-0.11521645920387555
-0.0972266576214815
0.8
0.7454204824356917
0.6687133879940389
-0.9874497571983792
-0.7360652743918225
0.0
-0.1951383333117195
0.0
-0.9312036077035419
-0.9312036077035419
0.2609114455139759
-0.24296167935376045
0.0
-0.24296167935376045
-0.20607172640880242
0.6000000000000001
0.9117227810993381
0.649399568411492
-0.9943090215733422
-0.9065341864210094
0.0
-0.6076809204415885
0.0
-1.514215106862598
-1.514215106862598
0.1625419300042895
-0.24612344591109814
0.0
-0.24612344591109814
-0.20905476109915502
0.4000000000000001
0.9661624833958474
0.6083939101890027
-0.987027284353756
-0.9536287322306841
0.0
-0.9227520140603246
0.0
-1.8763807462910087
-1.8763807462910087
0.12042532115181469
-0.22596375397517643
0.0
-0.22596375397517643
-0.19212517607491272
0.20000000000000007
0.9815177728149114
0.5670808324295074
-0.9621582116763248
-0.9443753850201243
0.0
-1.071077552729815
0.0
-2.0154529377499393
-2.0154529377499393
0.110711180650496
-0.22313317428380638
0.0
-0.22313317428380638
-0.19044425710245383
5.551115123125783E-17
0.9840603881359742
0.5256079724569593
-0.9033450720974905
-0.8889461022689761
0.0
-1.058515498230171
0.0
-1.947461600499147
-1.947461600499147
0.11832224227574968
-0.2304280233169793
0.0
-0.2304280233169793
-0.18875762480353198
-0.19999999999999996
0.9806796812027356
0.48841160243525483
-0.8121260329439817
-0.7964354990839463
0.0
-0.9539439225572885
0.0
-1.750379421641235
-1.750379421641235
0.14323682981190697
-0.25071879932388974
0.0
-0.25071879932388974
-0.20240732646264728
-0.39999999999999997
0.9696995180015046
0.45407943429030007
-0.6797139954021548
-0.6591183337203464
0.0
-0.7969498661133978
0.0
-1.4560681998337444
-1.4560681998337444
0.18472135427996292
-0.26896688979727695
0.0
-0.26896688979727695
-0.2175626905297535
-0.6
0.9428967787315072
0.42140518807271127
-0.4691950864876505
-0.44240253564585663
0.0
-0.6142185923442539
0.0
-1.0566211279901105
-1.0566211279901105
0.2524159676314342
-0.26670804444144125
0.0
-0.26670804444144125
-0.2176084157007357
-0.8
0.8708601211491916
0.38750868007107275
-0.053610225558191886
-0.04668700752444248
0.0
-0.4080873346436321
0.0
-0.4547743421680746
-0.4547743421680746
0.3807091884449271
-0.1731367707323833
0.0
-0.1731367707323833
-0.14295367868030878
-1.0
0.6337624199314551
0.341104237309476
0.759072891704067
0.4810718727507369
0.0
-0.15655628047047096
0.0
0.32451559228026594
0.32451559228026594
0.5776381562532095
0.18745258840019108
0.0
0.18745258840019108
0.15754958952530618
-0.8
0.21829751626189225
0.3177693912244261
0.9952793471913293
0.2172670094786247
0.0
0.10495410909530954
0.0
0.32222111857393426
0.32222111857393426
0.5946342289442423
0.1916037063927627
0.0
0.1916037063927627
0.16227686865649768
-0.6000000000000001
0.23979112052319757
0.35228297474110337
0.9888553019768803
0.23711872089634103
0.0
0.11355402430693314
0.0
0.3506727452032742
0.3506727452032742
0.6007127608428343
0.2106535929233946
0.0
0.2106535929233946
0.17923997636747493
-0.4000000000000001
0.24537405641320384
0.3849817437706444
0.9795650334953336
0.2403598457892859
0.0
0.1350039804223361
0.0
0.375363826211622
0.375363826211622
0.6066265008165098
0.22770564442785277
0.0
0.22770564442785277
0.194543930952284
-0.20000000000000007
0.2530945985315615
0.41911664351524947
0.9620830088652678
0.2434980128827917
0.0
0.1575336444948235
0.0
0.40103165737761515
0.40103165737761515
0.6129737131014028
0.24582186409396634
0.0
0.24582186409396634
0.21166909371603423
-5.551115123125783E-17
0.2598693786376824
0.45382223445394587
0.9311184763805408
0.24196917989507669
0.0
0.1819002646917061
0.0
0.4238694445867828
0.4238694445867828
0.6197200843001629
0.26268040793158426
0.0
0.26268040793158426
0.21748574882093194
0.19999999999999996
0.26782369165125713
0.4895112246135059
0.8732640634128266
0.23388080524960073
0.0
0.20764891688214374
0.0
0.44152972213174446
0.44152972213174446
0.6218773118722726
0.2745773167110007
0.0
0.2745773167110007
0.22465701657223922
0.39999999999999997
0.2789102565489762
0.5261775886940352
0.7589583823038357
0.2116812771183588
0.0
0.23260344476512404
0.0
0.44428472188348284
0.44428472188348284
0.6181191661162121
0.2746209018087916
0.0
0.2746209018087916
0.22528627210271743
0.6
0.29874085436860376
0.5644652826442461
0.5072538767339474
0.15153745651728587
0.0
0.2508873056629103
0.0
0.4024247621801962
0.4024247621801962
0.6020283372238041
0.24227111043302832
0.0
0.24227111043302832
0.2005368263624889
0.8
0.34611931558800413
0.607283401887333
-0.0964876226721764
-0.03339622992200729
0.0
0.2438273920736295
0.0
0.21043116215162222
0.21043116215162222
0.5470734023339957
0.1151212918353847
0.0
0.1151212918353847
0.09656380448138095
1.0
0.48755780391700815
0.6628242756845054
-0.8724240954797438
-0.4253571760763861
0.0
0.14518845665469518
0.0
-0.28016871942169097
-0.28016871942169097
0.41288298725257694
-0.11567689780955684
0.0
-0.11567689780955684
-0.09843283184764481
0.8
0.7508739391318481
0.6645118317279157
-0.9877482426257851
-0.7416744138109836
0.0
-0.1947653504381792
0.0
-0.9364397642491629
-0.9364397642491629
0.25833663919141797
-0.2419167015013325
0.0
-0.2419167015013325
-0.20691663253001435
0.6000000000000001
0.9167737784675684
0.643720699619519
-0.9944325248203866
-0.9116696632106297
0.0
-0.6056660979086386
0.0
-1.5173357611192682
-1.5173357611192682
0.1602726506462645
-0.2431874243549523
0.0
-0.2431874243549523
-0.2082956425401829
0.4000000000000001
0.9687479452970886
0.6008219238852931
-0.9869809720571227
-0.9561357887276608
0.0
-0.9130581630755501
0.0
-1.869193951803211
-1.869193951803211
0.11946239663409397
-0.22329838925636472
0.0
-0.22329838925636472
-0.1914421540276709
0.20000000000000007
0.9827390880065098
0.5585478166910814
-0.9618371533627299
-0.9452349669064667
0.0
-1.0501534480605486
0.0
-1.9953884149670151
-1.9953884149670151
0.11076113737088451
-0.22101149033843306
0.0
-0.22101149033843306
-0.19023755071627238
5.551115123125783E-17
0.9848807980136571
0.5179872638355368
-0.9040602977372374
-0.8903916274879148
0.0
-1.0333835217804659
0.0
-1.9237751492683808
-1.9237751492683808
0.11909304626545054
-0.2291082428561433
0.0
-0.2291082428561433
-0.18927164980687639
-0.19999999999999996
0.9814196899690983
0.48228344192754974
-0.8143077280439965
-0.79917763799638
0.0
-0.9306010297117745
0.0
-1.7297786677081546
-1.7297786677081546
0.14392943494609797
-0.24896606622504885
0.0
-0.24896606622504885
-0.202627375246569
-0.39999999999999997
0.9706998642255509
0.4497876601610695
-0.6821620426975127
-0.6621746022263
0.0
-0.7801707360429676
0.0
-1.4423453382692677
-1.4423453382692677
0.18486206656400145
-0.2666349399314106
0.0
-0.2666349399314106
-0.21736694657640268
-0.6
0.9446304221308893
0.41921141016265034
-0.4704882667546022
-0.44443753003203035
0.0
-0.6053083725037703
0.0
-1.0497459025358007
-1.0497459025358007
0.25188252251814114
-0.2644126459338002
0.0
-0.2644126459338002
-0.21738344674889837
-0.8
0.8737875567694938
0.3878025873420788
-0.055080990069951395
-0.04812908373766758
0.0
-0.4057961516693546
0.0
-0.45392523540702223
-0.45392523540702223
0.3796969409620596
-0.17235402330952912
0.0
-0.17235402330952912
-0.14337491502969713
-1.0
0.6358507052795163
0.344389037768347
0.7570458620296474
0.48136814530049066
0.0
-0.15774125210276618
0.0
0.3236268931977245
0.3236268931977245
0.5776481918965164
0.18694248970475255
0.0
0.18694248970475255
0.15828179003609547
-0.8
0.21392535391661718
0.3220291132713948
0.9953781867627196
0.21293663088409548
0.0
0.1060606290019565
0.0
0.318997259886052
0.318997259886052
0.5946094831748006
0.18967879583502292
0.0
0.18967879583502292
0.16182600869776922
-0.6000000000000001
0.23671250661598275
0.3560430559263067
0.9888753310705095
0.23407915834841012
0.0
0.11362138060371972
0.0
0.3477005389521298
0.3477005389521298
0.6007508283447455
0.20888138679140644
0.0
0.20888138679140644
0.17903035295764486
-0.4000000000000001
0.2422674501953813
0.38794901282263955
0.9796823738509687
0.23734515071423246
0.0
0.13489455739532752
0.0
0.37223970810956
0.37223970810956
0.6067314276122076
0.22584952951526477
0.0
0.22584952951526477
0.19435822855649082
-0.20000000000000007
0.2501438923174797
0.4212278603689631
0.9622706789047042
0.2407061330842064
0.0
0.1569842672488708
0.0
0.39769040033307723
0.39769040033307723
0.6130724307467261
0.24381302041683828
0.0
0.24381302041683828
0.2114412671508607
-5.551115123125783E-17
0.25714904884286555
0.45495166873719756
0.9315017468589218
0.23953478820023946
0.0
0.18082756270112624
0.0
0.4203623509013657
0.4203623509013657
0.6199353517253783
0.260597481858145
0.0
0.260597481858145
0.2173883762034033
0.19999999999999996
0.2653606768163495
0.4896274533745824
0.8740073546861762
0.23192718318199096
0.0
0.20596483150271921
0.0
0.4378920146847102
0.4378920146847102
0.6221765290304323
0.2724461337866761
0.0
0.2724461337866761
0.22463209326560013
0.39999999999999997
0.27673839681237455
0.5252919308944699
0.7604222789559869
0.21043804237869207
0.0
0.23028646572572492
0.0
0.440724508104417
0.440724508104417
0.6185135184280538
0.27259406616513626
0.0
0.27259406616513626
0.22537425719594079
0.6
0.2969198915403108
0.5625888965166589
0.5103100455617158
0.1515212033801157
0.0
0.24804904288418164
0.0
0.3995702462642974
0.3995702462642974
0.6025665185615655
0.24076765221226504
0.0
0.24076765221226504
0.2008651516893665
0.8
0.3448497860742148
0.60438035821072
-0.09105427392556467
-0.03140004688437393
0.0
0.24095912234079347
0.0
0.20955907545641955
0.20955907545641955
0.547738967935221
0.11478367171195836
0.0
0.11478367171195836
0.09704201376007342
1.0
0.48822151068760616
0.658801098237541
-0.8713050698870077
-0.4253898774900052
0.0
0.14367761769273513
0.0
-0.28171225979727005
-0.28171225979727005
0.412288815042584
-0.11614681377478504
0.0
-0.11614681377478504
-0.09962195922511437
0.8
0.756180973944895
0.6603631679488123
-0.988023352148102
-0.7471244607076518
0.0
-0.19442765431920095
0.0
-0.9415521150268528
-0.9415521150268528
0.2558203018842045
-0.24086814630588074
0.0
-0.24086814630588074
-0.20767796226818833
0.6000000000000001
0.9214409411003202
0.6380843493441042
-0.9945382950322503
-0.9164083025348246
0.0
-0.6035571113163704
0.0
-1.519965413851195
-1.519965413851195
0.1581405639231469
-0.24036818769010737
0.0
-0.24036818769010737
-0.20753183958694807
0.4000000000000001
0.9710428261706032
0.5933799134497272
-0.9869156376591591
-0.9583373499845129
0.0
-0.903231684958187
0.0
-1.8615690349426999
-1.8615690349426999
0.11862134764710845
-0.22082182766303018
0.0
-0.22082182766303018
-0.19082777674457357
0.20000000000000007
0.9838156631259577
0.5503148653342375
-0.9615311064350702
-0.9459693630936544
0.0
-1.029754190532695
0.0
-1.9757235536263495
-1.9757235536263495
0.11087521893873768
-0.21905878157074235
0.0
-0.21905878157074235
-0.19006470811825868
5.551115123125783E-17
0.9856025130816365
0.5107376784929468
-0.9047454285192214
-0.8917193680476667
0.0
-1.0094082252185395
0.0
-1.9011275932662062
-1.9011275932662062
0.11984491763566886
-0.22784047982988584
0.0
-0.22784047982988584
-0.18975004919832897
-0.19999999999999996
0.9820813107112923
0.4765188240129353
-0.8162846647878322
-0.8016579135083622
0.0
-0.9087308148854903
0.0
-1.7103887283938526
-1.7103887283938526
0.14456256842545376
-0.24725818758256116
0.0
-0.24725818758256116
-0.20280821331123913
-0.39999999999999997
0.9716124868183154
0.44577965500189254
-0.6842635985387726
-0.6648390566155062
0.0
-0.7645914852546775
0.0
-1.4294305418701838
-1.4294305418701838
0.1849606966771794
-0.26438846887594725
0.0
-0.26438846887594725
-0.2171602533472069
-0.6
0.9462219691477366
0.417193812381406
-0.4714739487003152
-0.4461190081410712
0.0
-0.5970435226542979
0.0
-1.0431625307953691
-1.0431625307953691
0.2513552226650515
-0.26220435020390864
0.0
-0.26220435020390864
-0.21715286672238143
-0.8
0.8764737155702146
0.38815700889051924
-0.0562746293290079
-0.04932323346033212
0.0
-0.4036723254978232
0.0
-0.45299555895815535
-0.45299555895815535
0.3787255553693561
-0.17156099464627927
0.0
-0.17156099464627927
-0.14374661025811367
-1.0
0.637695401614669
0.34762929972008483
0.7551301423209629
0.4815430193787086
0.0
-0.1588781908426549
0.0
0.3226648285360537
0.3226648285360537
0.577614068090364
0.18637574424038975
0.0
0.18637574424038975
0.15892492757745466
-0.8
0.20976575241032172
0.32624342817930263
0.9954616483559381
0.20881376166300245
0.0
0.1071212863828773
0.0
0.31593504804587974
0.31593504804587974
0.594591842891401
0.18785240245158294
0.0
0.18785240245158294
0.16140143727553383
-0.6000000000000001
0.2337505438831296
0.35972546979429937
0.9888841102519578
0.23115219860877984
0.0
0.11369787235965356
0.0
0.3448500709684334
0.3448500709684334
0.6007904939952656
0.2071826444914275
0.0
0.2071826444914275
0.17882438327612268
-0.4000000000000001
0.23930318822065255
0.3908486947405791
0.9797737200075952
0.2344629749326265
0.0
0.1347917475875344
0.0
0.3692547225201609
0.3692547225201609
0.6068410139373931
0.22407891021530518
0.0
0.22407891021530518
0.19418326467017144
-0.20000000000000007
0.24734104786136338
0.42328072192482563
0.9624251807353649
0.23804725269124719
0.0
0.15646291097951967
0.0
0.39451016367076686
0.39451016367076686
0.6131854682931093
0.24190789945685034
0.0
0.24190789945685034
0.21123298432711823
-5.551115123125783E-17
0.2545765744549891
0.45604352998670855
0.9318335755016398
0.23722299961335191
0.0
0.17980661017423463
0.0
0.4170296097875865
0.4170296097875865
0.6201606827513323
0.2586253675333913
0.0
0.2586253675333913
0.21730753592296434
0.19999999999999996
0.2630455194701981
0.48972893601391615
0.8746747675962621
0.23007927860983354
0.0
0.20436078865739152
0.0
0.43444006726722506
0.43444006726722506
0.6224839029462899
0.270431948668751
0.0
0.270431948668751
0.224622068560883
0.39999999999999997
0.27471407401190484
0.5244124349340172
0.7617755208303832
0.20927045680985526
0.0
0.22807709250843708
0.0
0.43734754931829234
0.43734754931829234
0.6189124466548768
0.2706798417870987
0.0
0.2706798417870987
0.22547202687369564
0.6
0.29524492770189237
0.5607377473776621
0.5132046297451376
0.15152106380537958
0.0
0.24533743476965528
0.0
0.39685849857503486
0.39685849857503486
0.6031021959039079
0.23934623195373142
0.0
0.23934623195373142
0.20118985119614177
0.8
0.3437178863507348
0.6015214964260345
-0.08578949562361575
-0.02948738410684482
0.0
0.23820787142881825
0.0
0.20872048732197343
0.20872048732197343
0.5483922699143615
0.11446070182012873
0.0
0.11446070182012873
0.09750219608951907
1.0
0.48896019694505805
0.6548376224601771
-0.8701732678866807
-0.42548009244219614
0.0
0.14221159787620896
0.0
-0.2832684945659872
-0.2832684945659872
0.41169540629083085
-0.1166203379597361
0.0
-0.1166203379597361
-0.10079348882329475
0.8
0.761335255190619
0.6562732329700556
-0.9882784607970792
-0.7524112341503364
0.0
-0.19411019776348745
0.0
-0.9465214319138239
-0.9465214319138239
0.25336929631163496
-0.23981946914788665
0.0
-0.23981946914788665
-0.208369110299166
0.6000000000000001
0.9257633837316912
0.6325002825855397
-0.9946296746863214
-0.9207917331975601
0.0
-0.601353766337213
0.0
-1.5221454995347732
-1.5221454995347732
0.15613584273333173
-0.23766147033261
0.0
-0.23766147033261
-0.20677355716026402
0.4000000000000001
0.9730920245137413
0.586078512211218
-0.9868361719143733
-0.960282408391548
0.0
-0.8933241562591797
0.0
-1.8536065646507276
-1.8536065646507276
0.1178846616302614
-0.21851178266948226
0.0
-0.21851178266948226
-0.19027662614354823
0.20000000000000007
0.9847752704905387
0.5423970167230222
-0.961246883498063
-0.9466121597049924
0.0
-1.0099826080757772
0.0
-1.9565947677807696
-1.9565947677807696
0.1110364555719949
-0.2172533480050871
0.0
-0.2172533480050871
-0.18992912912390805
5.551115123125783E-17
0.9862466532670425
0.5038519765411943
-0.9053924578126976
-0.892940281410995
0.0
-0.9866068884797758
0.0
-1.8795471698907709
-1.8795471698907709
0.12056193762031919
-0.2266018486508186
0.0
-0.2266018486508186
-0.19018676824380265
-0.19999999999999996
0.9826835905392031
0.47109608547316095
-0.8180586268681334
-0.8038927887223475
0.0
-0.8882603756632956
0.0
-1.6921531643856431
-1.6921531643856431
0.14512872665662574
-0.2455800340552683
0.0
-0.2455800340552683
-0.20294930943132963
-0.39999999999999997
0.9724590629556955
0.4420324297854036
-0.6860473243029394
-0.6671529381348985
0.0
-0.7501169157934567
0.0
-1.4172698539283552
-1.4172698539283552
0.18501249526936187
-0.262212632145329
0.0
-0.262212632145329
-0.21694314963809355
-0.6
0.9477038404002266
0.41533527582880997
-0.47219312164008415
-0.4474992347888791
0.0
-0.5893662359837624
0.0
-1.0368654707726415
-1.0368654707726415
0.2508249578844479
-0.26007173803838607
0.0
-0.26007173803838607
-0.2169194077867749
-0.8
0.8789741240828595
0.38856176408809173
-0.05724714230851294
-0.05031875676687197
0.0
-0.4017031408503928
0.0
-0.4520218976172648
-0.4520218976172648
0.37778115064830536
-0.17076535260008077
0.0
-0.17076535260008077
-0.14408143062957762
-1.0
0.6393698207440869
0.3508188397844029
0.7532961839387212
0.4816348460921049
0.0
-0.15997498845893746
0.0
0.3216598576331674
0.3216598576331674
0.5775420755762428
0.18577210180701828
0.0
0.18577210180701828
0.15950181487497037
-0.8
0.20579795188457814
0.3303993512434767
0.9955332186907963
0.2048786974396277
0.0
0.10814104619301515
0.0
0.31301974363264284
0.31301974363264284
0.5945744701394511
0.18611354821356543
0.0
0.18611354821356543
0.16100293740121452
-0.6000000000000001
0.23089768232029884
0.36332552843790605
0.9888842703186498
0.2283310860995761
0.0
0.11377913494364364
0.0
0.34211022104321975
0.34211022104321975
0.6008261217766927
0.20554875732956482
0.0
0.20554875732956482
0.1786239167070323
-0.4000000000000001
0.23646688682337696
0.39367787193808446
0.9798443484494693
0.23170074264932622
0.0
0.13469175708889505
0.0
0.3663924997382213
0.3663924997382213
0.606949667404866
0.22238180585575087
0.0
0.22238180585575087
0.19401859876517266
-0.20000000000000007
0.24466755159074208
0.42527509870895075
0.9625529107310308
0.23550546394510344
0.0
0.15596326300530577
0.0
0.39146872695040924
0.39146872695040924
0.6133063772877638
0.2400902667474083
0.0
0.2400902667474083
0.21104177142093417
