-5.551115123125783E-17
0.9053990649145356
0.6560449516952316
-0.8963258576237547
-0.8115325933512667
0.0
-1.3663150911738877
0.0
-2.1778476845251546
-2.1778476845251546
0.1247210042820195
-0.27162335038724805
0.0
-0.27162335038724805
0.18570562939709984
0.19999999999999996
0.9089725986978928
0.6155404197832522
-0.773175014159801
-0.7027949018691144
0.0
-1.34625809651279
0.0
-2.0490529983819044
-2.0490529983819044
0.14018804534957915
-0.28725273466085355
0.0
-0.28725273466085355
0.1947923615253191
0.39999999999999997
0.8926339169601073
0.5605022224510623
-0.5986044083813524
-0.5343345977630343
0.0
-1.1524228231955775
0.0
-1.6867574209586118
-1.6867574209586118
0.18467275991539472
-0.3114981482362001
0.0
-0.3114981482362001
0.21284376518364717
0.6
0.8457397887365901
0.49106244251788983
-0.37963125462076946
-0.3210692570807762
0.0
-0.8290348286476702
0.0
-1.1501040857284464
-1.1501040857284464
0.2665405187049314
-0.30654933957472097
0.0
-0.30654933957472097
0.2122891901458696
0.8
0.7469729553629472
0.4089766629693852
0.04166101144881516
0.03111964884533104
0.0
-0.46783061757943184
0.0
-0.4367109687341008
-0.4367109687341008
0.4049400590087659
-0.1768417654489621
0.0
-0.1768417654489621
0.12447015183735503
1.0
0.5542847858245638
0.3122665368238213
0.8017517227341918
0.44439878192019655
0.0
-0.13967645143748472
0.0
0.3047223304827118
0.3047223304827118
0.5688125469052462
0.17332988490077345
0.0
0.17332988490077345
-0.1244396652124078
0.8
0.3215449638933458
0.27962593820059545
0.9885443427375998
0.3178614549925328
0.0
0.08749652205273147
0.0
0.4053579770452643
0.4053579770452643
0.5917974257615619
0.2398898073273017
0.0
0.2398898073273017
-0.17382301540329026
0.6000000000000001
0.3071717522932305
0.3092422062693623
0.986362975631561
0.3029828436219116
0.0
0.12530220810896067
0.0
0.4282850517308723
0.4282850517308723
0.5971338188429433
0.2557434884934033
0.0
0.2557434884934033
-0.18642677288401419
0.4000000000000001
0.3152753616593516
0.3492103229444523
0.9739555418146137
0.30706418568573207
0.0
0.14945650449023704
0.0
0.4565206901759691
0.4565206901759691
0.6033510167000007
0.275442222562257
0.0
0.275442222562257
-0.202039311087113
0.20000000000000007
0.3225965204479937
0.39122662936266
0.9545659083603932
0.3079396405753413
0.0
0.17955670997592166
0.0
0.48749635055126295
0.48749635055126295
0.6110819080648343
0.2979002000695091
0.0
0.2979002000695091
-0.21881508690748458
5.551115123125783E-17
0.32766688361175195
0.4367099642734219
0.919150572738839
0.3011752037392923
0.0
0.21331480938271938
0.0
0.5144900131220117
0.5144900131220117
0.6165664480105116
0.3172172799275203
0.0
0.3172172799275203
-0.22310878568368625
-0.19999999999999996
0.3335069388617259
0.4835461546886315
0.8546063024358876
0.2850171318573312
0.0
0.2496163155888627
0.0
0.5346334474461939
0.5346334474461939
0.6175848735257334
0.3301815300236845
0.0
0.3301815300236845
-0.22877065565362908
-0.39999999999999997
0.34178794835493953
0.5310148751888205
0.7285005362111278
0.24899270364707468
0.0
0.28462056603220975
0.0
0.5336132696792845
0.5336132696792845
0.6121048182696197
0.32662725346329596
0.0
0.32662725346329596
-0.2263195989830515
-0.6
0.35732956266895244
0.5800563276951163
0.45254690999638264
0.1617083894361932
0.0
0.3094810826994598
0.0
0.471189472135653
0.471189472135653
0.5928624935979248
0.27935056540743314
0.0
0.27935056540743314
-0.19502788418189812
-0.8
0.395161476821276
0.6346773693615853
-0.18049941072225875
-0.07132641370637782
0.0
0.2975001644532335
0.0
0.2261737507468557
0.2261737507468557
0.5338041044240918
0.12073247646166306
0.0
0.12073247646166306
-0.08537307655326687
-1.0
0.4961811790467613
0.7037785912359426
-0.8822464741614175
-0.43775409575926016
0.0
0.16678018570400754
0.0
-0.2709739100552526
-0.2709739100552526
0.4189907788501387
-0.11353556962211772
0.0
-0.11353556962211772
0.08134534706638323
-0.8
0.6532796733176132
0.709982800064179
-0.9794399467764525
-0.6398482084643413
0.0
-0.20373553270388486
0.0
-0.8435837411682262
-0.8435837411682262
0.3038996787717617
-0.25636482795810495
0.0
-0.25636482795810495
0.1845972535300988
-0.6000000000000001
0.776426063038754
0.7098974421743659
-0.9891284778933241
-0.7679851299302289
0.0
-0.6036330894657269
0.0
-1.3716182193959559
-1.3716182193959559
0.21597486705840788
-0.2962350625889317
0.0
-0.2962350625889317
0.2141322772479935
-0.4000000000000001
0.8523772842860343
0.7006096365055503
-0.9837855931842826
-0.8385564922381442
0.0
-0.9661153662796318
0.0
-1.804671858517776
-1.804671858517776
0.15998378041678243
-0.28871822633745453
0.0
-0.28871822633745453
0.2095595240697797
-0.20000000000000007
0.8955981409910707
0.6811277724112449
-0.9604581320210406
-0.8601845175378003
0.0
-1.2340974503922664
0.0
-2.094281967930067
-2.094281967930067
0.12970499611673372
-0.27163883451771476
0.0
-0.27163883451771476
0.19492407819146199
-5.551115123125783E-17
0.9157127527655496
0.6512096370783585
-0.8966930875385076
-0.8211132955757268
0.0
-1.369237635419067
0.0
-2.1903509309947937
-2.1903509309947937
0.1222116068964866
-0.2676863069440892
0.0
-0.2676863069440892
0.18521110320943518
0.19999999999999996
0.9186943213781414
0.6089517384230709
-0.7742815046838873
-0.7113280215012101
0.0
-1.3392150979284745
0.0
-2.0505431194296846
-2.0505431194296846
0.1388587984766798
-0.284735953788629
0.0
-0.284735953788629
0.19531483040179026
0.39999999999999997
0.902430744156489
0.5529792370756823
-0.6039176860581166
-0.5449938868386911
0.0
-1.1376229269183231
0.0
-1.682616813757014
-1.682616813757014
0.18424755167172993
-0.31001802833641706
0.0
-0.31001802833641706
0.21419442979156644
0.6
0.8563402386508054
0.48400657434950556
-0.3904536623531105
-0.33436118240154367
0.0
-0.8150704147158201
0.0
-1.1494315971173639
-1.1494315971173639
0.2661607490471861
-0.305933574867261
0.0
-0.305933574867261
0.2141431714903333
0.8
0.7582503537549429
0.403671024357909
0.028371975846213614
0.021513060722118168
0.0
-0.46150683647482854
0.0
-0.43999377575271037
-0.43999377575271037
0.4047556422828244
-0.1780899633052333
0.0
-0.1780899633052333
0.12664908971660002
1.0
0.560901362789897
0.30882217543297896
0.7994950831303967
0.44843788167166154
0.0
-0.13893523754589246
0.0
0.3095026441257691
0.3095026441257691
0.5716574951613181
0.17692950628674203
0.0
0.17692950628674203
-0.12833465807013855
0.8
0.31484291054553987
0.27677571481203733
0.9896071948495762
0.3115708095232477
0.0
0.08782124502314374
0.0
0.3993920545463915
0.3993920545463915
0.5924221813440976
0.23660871216587406
0.0
0.23660871216587406
-0.17319828261585538
0.6000000000000001
0.3029060235150056
0.30806613613266787
0.9867864536375545
0.29890356072982605
0.0
0.12299254275717268
0.0
0.42189610348699874
0.42189610348699874
0.5973857642754506
0.2520347262264154
0.0
0.2520347262264154
-0.18557922441002508
0.4000000000000001
0.31094387550805386
0.3487061794216728
0.9745577544728448
0.3030327650822128
0.0
0.1470249093434159
0.0
0.45005767442562866
0.45005767442562866
0.6032879588888286
0.27151437578649046
0.0
0.27151437578649046
-0.20112370100475965
0.20000000000000007
0.3180385329886254
0.3913616811134002
0.9553353319901755
0.30383344749835683
0.0
0.1770616438018701
0.0
0.4808950913002269
0.4808950913002269
0.6107084545413498
0.2936866980044829
0.0
0.2936866980044829
-0.21808994748599073
5.551115123125783E-17
0.32286349831147876
0.43744860566399246
0.9201058991236785
0.2970686094080994
0.0
0.21072537991859
0.0
0.5077939893266894
0.5077939893266894
0.6159947986169947
0.31279845619421437
0.0
0.31279845619421437
-0.22235267497768466
-0.19999999999999996
0.3284702197889802
0.4849080712324445
0.8556980720251008
0.2810713337910915
0.0
0.2470166065605604
0.0
0.5280879403516519
0.5280879403516519
0.6168837178484802
0.32576885199507344
0.0
0.32576885199507344
-0.22811954714625157
-0.39999999999999997
0.3365622612447385
0.5329741307105141
0.7296488264822312
0.24557225895542956
0.0
0.2821554078413042
0.0
0.5277276667967338
0.5277276667967338
0.6113464277128512
0.32262442390142104
0.0
0.32262442390142104
-0.22594526933135672
-0.6
0.3520520066055974
0.582503380867321
0.4535974869325576
0.15968990546586312
0.0
0.30737790472478127
0.0
0.46706781019064436
0.46706781019064436
0.5921626210655364
0.2765800986978324
0.0
0.2765800986978324
-0.19517905111754258
-0.8
0.3903303651366284
0.637377929579562
-0.18033579241285297
-0.07039053569971211
0.0
0.29620336144493253
0.0
0.22581282574522044
0.22581282574522044
0.5332950666852726
0.12042486596418718
0.0
0.12042486596418718
-0.08607746783329008
-1.0
0.4939505760339041
0.7063306703704081
-0.8835085596672213
-0.4364095619785089
0.0
0.16696780143795031
0.0
-0.2694417605405586
-0.2694417605405586
0.4178464052488247
-0.11258527106578703
0.0
-0.11258527106578703
0.08153975754514566
-0.8
0.6576005017005074
0.7113415609382615
-0.980208942307382
-0.6445858922326582
0.0
-0.20304805866527392
0.0
-0.847633950897932
-0.847633950897932
0.3011396252126028
-0.255256170290881
0.0
-0.255256170290881
0.1857816637228263
-0.6000000000000001
0.7857667804553257
0.7098267032423553
-0.9897286651982303
-0.7776959067771604
0.0
-0.6064020691297061
0.0
-1.3840979759068666
-1.3840979759068666
0.21202702664744832
-0.2934661784202845
0.0
-0.2934661784202845
0.21436857102470686
-0.4000000000000001
0.862906532125617
0.6986222900966872
-0.9844140116296977
-0.8494572809512492
0.0
-0.9718415360044811
0.0
-1.8212988169557303
-1.8212988169557303
0.15610812743447675
-0.28431954781358687
0.0
-0.28431954781358687
0.20849282877286388
-0.20000000000000007
0.9055580979782842
0.6773645453579754
-0.9611724323441502
-0.8703974796627297
0.0
-1.2393293417367295
0.0
-2.1097268213994593
-2.1097268213994593
0.126749322532378
-0.2674064453407687
0.0
-0.2674064453407687
0.19412480577349017
-5.551115123125783E-17
0.9245307936046737
0.645516339073933
-0.8973024368455198
-0.829583734040196
0.0
-1.3666848689216304
0.0
-2.1962686029618266
-2.1962686029618266
0.12033045508176289
-0.2642780004761842
0.0
-0.2642780004761842
0.18489972755699322
0.19999999999999996
0.9268585167008042
0.6018174541560021
-0.7761840930914723
-0.719412837209521
0.0
-1.3268674453210016
0.0
-2.046280282530523
-2.046280282530523
0.13807628183094106
-0.2825427729957822
0.0
-0.2825427729957822
0.19589387818950518
0.39999999999999997
0.9106745713948363
0.5454239053399155
-0.6100278066924298
-0.5555368113985606
0.0
-1.1196079538211259
0.0
-1.6751447652196865
-1.6751447652196865
0.1841252512879788
-0.308436450839817
0.0
-0.308436450839817
0.21531378714981111
0.6
0.8654914859389874
0.47751515515683995
-0.4006691822457363
-0.34677576591182124
0.0
-0.8005242123435052
0.0
-1.1472999782553264
-1.1472999782553264
0.265768122077203
-0.30491576068013393
0.0
-0.30491576068013393
0.21557097348762683
0.8
0.7683760101111285
0.3994218464738536
0.01695698762663931
0.013029342496060888
0.0
-0.45582560829261104
0.0
-0.4427962657965501
-0.4427962657965501
0.40426167194832285
-0.1790055587433873
0.0
-0.1790055587433873
0.12853189696793194
1.0
0.5669542962424869
0.3067975088666427
0.7975343611274562
0.4521655324422184
0.0
-0.13868966466275026
0.0
0.3134758677794681
0.3134758677794681
0.5738918709323111
0.17990125225208872
0.0
0.17990125225208872
-0.13174389891575772
0.8
0.3082968597940825
0.2752461668464857
0.9905098371769104
0.30537107239678946
0.0
0.08834044168349052
0.0
0.39371151408028
0.39371151408028
0.5928926136424881
0.23342864860419846
0.0
0.23342864860419846
-0.17249521926158512
0.6000000000000001
0.2987557458802659
0.30787046909748866
0.9871799517591002
0.29492568280583487
0.0
0.12117132826454087
0.0
0.4160970110703757
0.4160970110703757
0.5976336342689862
0.24867356893445122
0.0
0.24867356893445122
-0.18482566785906224
0.4000000000000001
0.30668326686021224
0.3488801071567452
0.9751807547270672
0.29907161963890433
0.0
0.14508546836660632
0.0
0.4441570880055107
0.4441570880055107
0.6032951330610367
0.2679578095082871
0.0
0.2679578095082871
-0.20031465832261783
0.20000000000000007
0.3136065908640145
0.3918764913246422
0.9561577413663718
0.2998573695981439
0.0
0.17494757518127677
0.0
0.4748049447794207
0.4748049447794207
0.6104692977485905
0.28985384120705127
0.0
0.28985384120705127
-0.21744048866830934
5.551115123125783E-17
0.31826553363260207
0.4382255022360602
0.9212013786449893
0.2931866483575362
0.0
0.20837092860362888
0.0
0.5015575769611651
0.5015575769611651
0.615624598907247
0.3087711821456079
0.0
0.3087711821456079
-0.22169046740458603
-0.19999999999999996
0.32372112190223823
0.48595526481114176
0.8570820357100223
0.2774555581623026
0.0
0.24446280142651844
0.0
0.521918359588821
0.521918359588821
0.616439293425221
0.32173098481058326
0.0
0.32173098481058326
-0.22756231429241425
-0.39999999999999997
0.33170400287658786
0.5342796532997202
0.7313533558931145
0.24259283566697182
0.0
0.2795207241371668
0.0
0.5221135598041386
0.5221135598041386
0.6108942713221375
0.31895618266395653
0.0
0.31895618266395653
-0.22565347357082816
-0.6
0.34720453245556787
0.5839914153899465
0.45566245811098316
0.1582080707259787
0.0
0.3049023600997599
0.0
0.4631104308257386
0.4631104308257386
0.5918138571231351
0.2740751703409372
0.0
0.2740751703409372
-0.19540002579267873
-0.8
0.38593756368449006
0.6388679582906502
-0.17878951272330595
-0.06900158895276984
0.0
0.2944359671240802
0.0
0.22543437817131037
0.22543437817131037
0.5331525410755301
0.12019091156781614
0.0
0.12019091156781614
-0.08679671150441526
-1.0
0.49208514357777317
0.7075286892706218
-0.8844808222275838
-0.43523987239764744
0.0
0.1668433952762795
0.0
-0.26839647712136794
-0.26839647712136794
0.4169605686308401
-0.11191074771903983
0.0
-0.11191074771903983
0.08189082328601267
-0.8
0.6621139334940718
0.7116366806667788
-0.9809622325018963
-0.6495087623709568
0.0
-0.20235589736683457
0.0
-0.8518646597377914
-0.8518646597377914
0.2985258646819871
-0.25430363414025087
0.0
-0.25430363414025087
0.1869961792521616
-0.6000000000000001
0.7948598829621134
0.7088392664762077
-0.9902925468477045
-0.7871438178856196
0.0
-0.608495326810469
0.0
-1.3956391446960885
-1.3956391446960885
0.20831371355102019
-0.2907307730088118
0.0
-0.2907307730088118
0.21451146028451623
-0.4000000000000001
0.8726797346655145
0.6957527035254066
-0.9849885573349546
-0.8595795528636361
0.0
-0.9756002637034155
0.0
-1.8351798165670514
-1.8351798165670514
0.1526138981030293
-0.2800739455263
0.0
-0.2800739455263
0.20739499598628242
-0.20000000000000007
0.9144076210493934
0.6727448960221507
-0.9618380118682093
-0.8795120082672875
0.0
-1.2409615091982336
0.0
-2.120473517465521
-2.120473517465521
0.12427218013064621
-0.2635158669247402
0.0
-0.2635158669247402
0.19342186352906016
-5.551115123125783E-17
0.9321230860274587
0.6391152617515
-0.8980615699940289
-0.8371039220654989
0.0
-1.3594864055899367
0.0
-2.1965903276554357
-2.1965903276554357
0.11894688650945485
-0.26127758041139737
0.0
-0.26127758041139737
0.1847424768853698
0.19999999999999996
0.9337723566252297
0.594278959345092
-0.7786552218833567
-0.7270867215365631
0.0
-1.3102437386092116
0.0
-2.0373304601457747
-2.0373304601457747
0.13771210676583212
-0.2805650698448768
0.0
-0.2805650698448768
0.1965056545035832
0.39999999999999997
0.9176778921336965
0.5379206728752428
-0.6166007901275947
-0.5658409133722629
0.0
-1.0992566637823096
0.0
-1.6650975771545724
-1.6650975771545724
0.18420773813367947
-0.3067238584595136
0.0
-0.3067238584595136
0.2162258257039478
0.6
0.8734700027643445
0.4715508904925669
-0.410168651696513
-0.3582700133312007
0.0
-0.7857451055201151
0.0
-1.144015118851316
-1.144015118851316
0.2653386809090687
-0.3035514625760396
0.0
-0.3035514625760396
0.21664912363163485
0.8
0.7775336929932496
0.3960583046044874
0.007145395295875916
0.005555785592298994
0.0
-0.45072294159973814
0.0
-0.44516715600743917
-0.44516715600743917
0.40351826327671514
-0.17963307765995637
0.0
-0.17963307765995637
0.13016880527641603
1.0
0.5725044329811961
0.30593490759348824
0.7957641373709657
0.45557849625233543
0.0
-0.1388481503569235
0.0
0.31673034589541194
0.31673034589541194
0.5756283503308653
0.18231896650750035
0.0
0.18231896650750035
-0.13473205070474306
0.8
0.30189038981516675
0.2748154660550124
0.991277046682547
0.29925701403782135
0.0
0.08902180040391582
0.0
0.3882788144417372
0.3882788144417372
0.5932450161857231
0.23034447155806176
0.0
0.23034447155806176
-0.17175145862483746
0.6000000000000001
0.2946847661974605
0.30848867596219226
0.9875405905211021
0.29101316802821303
0.0
0.11974502494205794
0.0
0.41075819297027094
0.41075819297027094
0.5978725997375058
0.245581068694616
0.0
0.245581068694616
-0.18415574280426036
0.4000000000000001
0.30247521918265324
0.3496231540685065
0.9757992687210049
0.2951550976846587
0.0
0.1435370690194879
0.0
0.43869216670414657
0.43869216670414657
0.6033548378672003
0.26468704111539115
0.0
0.26468704111539115
-0.19959934101261645
0.20000000000000007
0.3092769746983166
0.39271606940313203
0.9569908105546368
0.2959752227024279
0.0
0.1731359208631742
0.0
0.4691111435656021
0.4691111435656021
0.6103333086011984
0.2863141563540857
0.0
0.2863141563540857
-0.21685623760129388
5.551115123125783E-17
0.31384053138135815
0.4390441721015919
0.9223661476212796
0.2894758818976386
0.0
0.20620401417514353
0.0
0.4956798960727822
0.4956798960727822
0.6154140977824861
0.30504839603054773
0.0
0.30504839603054773
-0.22111275080137965
-0.19999999999999996
0.31921804879139787
0.4867516651936921
0.8586457395236681
0.2740952175737922
0.0
0.24194628811300858
0.0
0.5160415056868007
0.5160415056868007
0.6161992235293672
0.31798437511313216
0.0
0.31798437511313216
-0.22708939885150525
-0.39999999999999997
0.3271631329749347
0.5350540815518378
0.7334418202406467
0.23995512376476888
0.0
0.27675051130714295
0.0
0.5167056350719118
0.5167056350719118
0.6106854766797329
0.3155446270569946
0.0
0.3155446270569946
-0.22543422772552008
-0.6
0.3427323774949518
0.5846966262042264
0.45849011813946966
0.15713940824788175
0.0
0.30212494594150496
0.0
0.4592643541893867
0.4592643541893867
0.5917426564920124
0.27176630898011617
0.0
0.27176630898011617
-0.195677834289281
-0.8
0.381933949851916
0.6393682234508389
-0.17610574471641918
-0.06726076267115516
0.0
0.2922777832899552
0.0
0.22501702061880002
0.22501702061880002
0.5332975951352315
0.12000103596050084
0.0
0.12000103596050084
-0.08752369983548129
-1.0
0.4905543453480546
0.7076168213079166
-0.8851788182912225
-0.43422831572281523
0.0
0.16644654892283714
0.0
-0.2677817667999781
-0.2677817667999781
0.4162653751809043
-0.1114682776235983
0.0
-0.1114682776235983
0.0823845556384315
-0.8
0.666825677378238
0.7110523535206752
-0.9816884992886196
-0.6546150985125596
0.0
-0.20168516183658122
0.0
-0.8563002603491409
-0.8563002603491409
0.2960017295115386
-0.25346635804452644
0.0
-0.25346635804452644
0.188240967529337
-0.6000000000000001
0.8037449308986053
0.7070814187416138
-0.9908162200429466
-0.7963635143116354
0.0
-0.6100482776543609
0.0
-1.4064117919659962
-1.4064117919659962
0.20477334286547386
-0.2879956440862984
0.0
-0.2879956440862984
0.21456920351201209
-0.4000000000000001
0.8817907273235056
0.6921349496065977
-0.9855048098342424
-0.8690090030445496
0.0
-0.9776973961071213
0.0
-1.846706399151671
-1.846706399151671
0.14942464112700507
-0.2759434409601822
0.0
-0.2759434409601822
0.20627642043477934
-0.20000000000000007
0.9223031385747833
0.6673933194889865
-0.962435228833462
-0.8876570322280418
0.0
-1.2394354940574885
0.0
-2.1270925262855305
-2.1270925262855305
0.12218496073219688
-0.259898716797947
0.0
-0.259898716797947
0.19280071438579005
-5.551115123125783E-17
0.9387000817879512
0.6321373902075912
-0.8989005081965749
-0.8437979805633556
0.0
-1.3483589986584825
0.0
-2.192156979221838
-2.192156979221838
0.11796248484661201
-0.2585922844428508
0.0
-0.2585922844428508
0.18471346886727974
0.19999999999999996
0.9396732820848496
0.5864585223872247
-0.7815079556000175
-0.7343621456140893
0.0
-1.290231272649936
0.0
-2.0245934182640255
-2.0245934182640255
0.13766771507352316
-0.27872114984530216
0.0
-0.27872114984530216
0.19712984320629637
0.39999999999999997
0.9236822477099323
0.5305358785053926
-0.6233683139974467
-0.5757942454243125
0.0
-1.0772862651835857
0.0
-1.6530805106078983
-1.6530805106078983
0.18442351579036734
-0.3048669196508442
0.0
-0.3048669196508442
0.21695360569945024
0.6
0.8804917680027036
0.46607273596594984
-0.4188884970467036
-0.3688278733606473
0.0
-0.7709788330274573
0.0
-1.1398067063881046
-1.1398067063881046
0.2648628458151101
-0.301892447933101
0.0
-0.301892447933101
0.2174421064181523
0.8
0.7858703438928842
0.3934322304525358
-0.0012980691333938582
-0.0010201140362569696
0.0
-0.4461222208670125
0.0
-0.44714233490326943
-0.44714233490326943
0.4025793867881137
-0.1800102869923636
0.0
-0.1800102869923636
0.1316007218647304
1.0
0.5776042920914186
0.3060208077785833
0.7941007834720335
0.4586760208866048
0.0
-0.13933033999151398
0.0
0.31934568089509086
0.31934568089509086
0.5769602006512714
0.1842497481263485
0.0
0.1842497481263485
-0.13735645840499053
0.8
0.2956126157276253
0.275300711907482
0.9919295305333761
0.2932268831384467
0.0
0.0898360521519409
0.0
0.3830629352903876
0.3830629352903876
0.5935047879831843
0.22734968619373774
0.0
0.22734968619373774
-0.17099263492262395
0.6000000000000001
0.2906702077431114
0.3097822476756389
0.9878663594165272
0.28714331991403313
0.0
0.11863791929153952
0.0
0.40578123920557263
0.40578123920557263
0.5980979106635043
0.24269691135530064
0.0
0.24269691135530064
-0.1835592771486588
0.4000000000000001
0.29831022804127494
0.3508429630613435
0.9763946999447973
0.2912685255988247
0.0
0.142299962343431
0.0
0.4335684879422557
0.4335684879422557
0.6034520707285725
0.26163780185141033
0.0
0.26163780185141033
-0.19896621042646304
0.20000000000000007
0.30503448911248526
0.39383237653387926
0.9578033743664737
0.29216306297009176
0.0
0.17156537254229048
0.0
0.46372843551238224
0.46372843551238224
0.6102747135593735
0.28300173815165547
0.0
0.28300173815165547
-0.2163274609259243
5.551115123125783E-17
0.3095650754223901
0.4399064452105111
0.9235457785993998
0.28589751860815316
0.0
0.2041887242325994
0.0
0.49008624284075253
0.49008624284075253
0.6153286166395414
0.3015640898412706
0.0
0.3015640898412706
-0.22060982645773086
-0.19999999999999996
0.31492898671849734
0.48735088494696793
0.860299937884218
0.270933387711863
0.0
0.2394632513846563
0.0
0.5103966390965193
0.5103966390965193
0.616119989777405
0.31446557206256937
0.0
0.31446557206256937
-0.2266908630495981
-0.39999999999999997
0.32289953835105184
0.5354010084650708
0.7357734883452189
0.23758091971761422
0.0
0.27387633882093976
0.0
0.511457258538554
0.511457258538554
0.6106678221966984
0.31233049021843245
0.0
0.31233049021843245
-0.225277363224466
-0.6
0.33859037370480893
0.5847674629040581
0.4618690103551999
0.1563844008188374
0.0
0.29910758018937816
0.0
0.45549198100821553
0.45549198100821553
0.5918880380277307
0.26960025497631707
0.0
0.26960025497631707
-0.19600020484810607
-0.8
0.37827777486699216
0.6390632877640711
-0.1724959436108463
-0.0652513817226931
0.0
0.2897982094046695
0.0
0.2245468276819764
0.2245468276819764
0.5336654038082046
0.11983287346875326
0.0
0.11983287346875326
-0.08825224628657789
-1.0
0.48932904051672316
0.7067962519639961
-0.8856174403344584
-0.4333583323437369
0.0
0.1658127194146338
0.0
-0.26754561292910306
-0.26754561292910306
0.41570751425704217
-0.1112207217011342
0.0
-0.1112207217011342
0.08300702443325329
-0.8
0.6717319111031377
0.7097409588326531
-0.9823798294883452
-0.6598958802913807
0.0
-0.20105118675686287
0.0
-0.8609470670482435
-0.8609470670482435
0.2935264625741154
-0.2527107470542307
0.0
-0.2527107470542307
0.1895129626783492
-0.6000000000000001
0.812443178630584
0.704673735296312
-0.9912978060872614
-0.8053731405470589
0.0
-0.6111615486867165
0.0
-1.4165346892337753
-1.4165346892337753
0.2013634245701859
-0.2852382760465771
0.0
-0.2852382760465771
0.21454794960314438
-0.4000000000000001
0.8903070105082043
0.6878793549334005
-0.9859607856658759
-0.8778077995645063
0.0
-0.978369891368326
0.0
-1.8561776909328322
-1.8561776909328322
0.14648583645507243
-0.2719037416655408
0.0
-0.2719037416655408
0.20514621634609928
-0.20000000000000007
0.9293729764604646
0.6614222506769484
-0.9629560870767034
-0.8949453648471982
0.0
-1.2351356756109564
0.0
-2.1300810404581547
-2.1300810404581547
0.12042372934564267
-0.25651230270041775
0.0
-0.25651230270041775
0.19225478387225636
-5.551115123125783E-17
0.9444310564086364
0.6246998392976504
-0.8997657298916103
-0.8497666988018213
0.0
-1.333935032617059
0.0
-2.1837017314188802
-2.1837017314188802
0.11729881867712705
-0.2561456334386316
0.0
-0.2561456334386316
0.18478726465944875
0.19999999999999996
0.9447501072746877
0.5784633516547383
-0.7845846696365133
-0.7412364508051713
0.0
-1.2676034065299404
0.0
-2.008839857335112
-2.008839857335112
0.13786299500275875
-0.27694467921313315
0.0
-0.27694467921313315
0.19774726293227077
0.39999999999999997
0.9288801192852467
0.5233222534953695
-0.630110787343625
-0.5852973833106672
0.0
-1.054285578269642
0.0
-1.6395829615803093
-1.6395829615803093
0.1847173356078816
-0.3028593961711944
0.0
-0.3028593961711944
0.21751759722013309
0.6
0.8867319066675602
0.4610405264614802
-0.4267940530959073
-0.37845190445610977
0.0
-0.7564004633412352
0.0
-1.134852367797345
-1.134852367797345
0.2643366216957774
-0.299983041027004
0.0
-0.299983041027004
0.2180034842882596
0.8
0.7935110318945727
0.39141874266245036
-0.008576120884862546
-0.006805246532999875
0.0
-0.44194849087917615
0.0
-0.448753737412176
-0.448753737412176
0.4014889341231089
-0.18016965971737603
0.0
-0.18016965971737603
0.13286211361464964
1.0
0.5823060038584644
0.3068803663814896
0.792475794037044
0.46146341278027464
0.0
-0.14006881883171762
0.0
0.321394593948557
0.321394593948557
0.5779632213646047
0.18575425484767707
0.0
0.18575425484767707
-0.13966861773288405
0.8
0.2894551820732591
0.27655158077557646
0.9924847740419409
0.28727986097524744
0.0
0.09075788319188047
0.0
0.3780377441671279
0.3780377441671279
0.5936882565438492
0.22443656924235184
0.0
0.22443656924235184
-0.1702364276064453
0.6000000000000001
0.2866969553719391
0.3116367022451033
0.988156250978067
0.2833013885871616
0.0
0.11778871196979687
0.0
0.4010901005569585
0.4010901005569585
0.598304151872038
0.23997387243800147
0.0
0.23997387243800147
-0.18302718169073473
0.4000000000000001
0.29418259960139365
0.352462049359598
0.9769541524232678
0.2874029122512531
0.0
0.14131073259113697
0.0
0.42871364484239005
0.42871364484239005
0.6035733970248209
0.258760150968414
0.0
0.258760150968414
-0.19840524522407968
0.20000000000000007
0.30086748895256604
0.3951840195305032
0.958573537795956
0.2884036132930469
0.0
0.17018721690407063
0.0
0.45859083019711755
0.45859083019711755
0.6102717222815938
0.27986501576694084
0.0
0.27986501576694084
-0.2158456924230021
5.551115123125783E-17
0.30541953748490747
0.44081328088458493
0.9246999945540245
0.2824214446489866
0.0
0.2022968548039793
0.0
0.4847182994529659
0.4847182994529659
0.6153391967660332
0.2982661690431856
0.0
0.2982661690431856
-0.22017243807304684
-0.19999999999999996
0.3108259645814836
0.48779786324561814
0.8619760053696581
0.26792452331511807
0.0
0.23701161494210093
0.0
0.5049361382572191
0.5049361382572191
0.6161655524066049
0.3111242545593172
0.0
0.3111242545593172
-0.22635691969626986
-0.39999999999999997
0.31887731549815856
0.5354074403991043
0.7382363995033256
0.2354068412766466
0.0
0.27092497227640594
0.0
0.5063318135530526
0.5063318135530526
0.6107983377697236
0.3092666300781341
0.0
0.3092666300781341
-0.2251728651605964
-0.6
0.3347372335022453
0.5843281161984591
0.4656250011366952
0.15586202472997718
0.0
0.2959018365916433
0.0
0.4517638613216205
0.4517638613216205
0.5922001976051886
0.26753464794554666
0.0
0.26753464794554666
-0.19635576543782787
-0.8
0.374929442052323
0.6381063941674467
-0.16814075435720485
-0.06304091921740351
0.0
0.2870550404369509
0.0
0.2240141212195474
0.2240141212195474
0.53420389087214
0.11966921516578545
0.0
0.11966921516578545
-0.08897719668452132
-1.0
0.48837862477044713
0.7052317922129328
-0.8858108614210672
-0.43261109030754596
0.0
0.1649723492029647
0.0
-0.2676387411045813
-0.2676387411045813
0.4152465674908079
-0.11113606857123838
0.0
-0.11113606857123838
0.08374496646128317
-0.8
0.6768226939187484
0.7078269289571715
-0.9830312576914529
-0.6653378640370645
0.0
-0.2004599763482259
0.0
-0.8657978403852904
-0.8657978403852904
0.2910715477893739
-0.25200911747364374
0.0
-0.25200911747364374
0.19080802863649884
-0.6000000000000001
0.8209662990209207
0.7017135747108664
-0.9917371790273434
-0.8141828014675263
0.0
-0.6119066316979921
0.0
-1.4260894331655183
-1.4260894331655183
0.19805462167450866
-0.2824436031596112
0.0
-0.2824436031596112
0.21445314111761088
-0.4000000000000001
0.8982816468073197
0.6830742713498775
-0.9863565509881024
-0.8860259869607806
0.0
-0.9777972599896754
0.0
-1.863823246950456
-1.863823246950456
0.14375766111962449
-0.26793887072198186
0.0
-0.26793887072198186
0.20401238817525125
-0.20000000000000007
0.9357314330453667
0.6549382861203994
-0.9634038657502517
-0.901487279899929
0.0
-1.2284284013364786
0.0
-2.1299156812364077
-2.1299156812364077
0.11894075280856004
-0.2533337745450153
0.0
-0.2533337745450153
0.19178787669012312
-5.551115123125783E-17
0.9494585344383035
0.6169079110162916
-0.9006144647174299
-0.8550960897645482
0.0
-1.316782295946765
0.0
-2.171878385711313
-2.171878385711313
0.11688840961580563
-0.25386741038473865
0.0
-0.25386741038473865
0.18493674824860404
0.19999999999999996
0.949159179990764
0.5703860595191697
-0.7877481069857406
-0.7476983472658623
0.0
-1.2430324640804482
0.0
-1.9907308113463105
-1.9907308113463105
0.13822861035119152
-0.2751759536357005
0.0
-0.2751759536357005
0.19833841672098057
0.39999999999999997
0.9334318363393243
0.5163197897029563
-0.6366466254670841
-0.5942662287089743
0.0
-1.0307314929581604
0.0
-1.6249977216671345
-1.6249977216671345
0.18504335922297852
-0.3006950371469732
0.0
-0.3006950371469732
0.2179349911999837
0.6
0.8923409117594445
0.456415705074218
-0.4338713657676765
-0.3871611701154439
0.0
-0.7421306591219899
0.0
-1.1292918292374339
-1.1292918292374339
0.26375596863729817
-0.29785746029470567
0.0
-0.29785746029470567
0.21837763476602165
0.8
0.8005734746749639
0.3899138855413857
-0.014868035859191282
-0.011902955129384727
0.0
-0.4381337564709897
0.0
-0.4500367116003744
-0.4500367116003744
0.4002785313290448
-0.18014003396355074
0.0
-0.18014003396355074
0.13398423644625232
1.0
0.586671607495569
0.3083717715832981
0.7908277515951035
0.4639561882804059
0.0
-0.14100969275562283
0.0
0.32294649552478305
0.32294649552478305
0.5786990303169786
0.1868888238044584
0.0
0.1868888238044584
-0.1417174574540353
0.8
0.28340801706291746
0.2784445688799677
0.9929579699443976
0.2814122492887617
0.0
0.09176677746401093
0.0
0.3731790267527726
0.3731790267527726
0.5938036998246742
0.22159508678276743
0.0
0.22159508678276743
-0.16949525691692865
0.6000000000000001
0.28275308317494585
0.31395830212223935
0.9884103593864745
0.2794760765585819
0.0
0.11714731034370754
0.0
0.3966233869022895
0.3966233869022895
0.598484310407377
0.237372874201655
0.0
0.237372874201655
-0.18255196442303182
0.4000000000000001
0.2900859506704298
0.3544163770606677
0.9774697193129056
0.2835502327784424
0.0
0.14051818203267638
0.0
0.4240684148111188
0.4240684148111188
0.6037056723301625
0.2560125074775327
0.0
0.2560125074775327
-0.1979079329851501
0.20000000000000007
0.29676314819160143
0.3967362352293476
0.9592872924165229
0.2846811169177247
0.0
0.16896147739100734
0.0
0.453642594308732
0.453642594308732
0.6103048962059233
0.2768602964341765
0.0
0.2768602964341765
-0.2154036618191295
5.551115123125783E-17
0.30138294092303786
0.44176582030787936
0.9258008761023351
0.2790205907488467
0.0
0.20050455929431057
0.0
0.4795251500431573
0.4795251500431573
0.6154208985839592
0.2951097987331677
0.0
0.2951097987331677
-0.21979185229268333
-0.19999999999999996
0.3068795323584371
0.4881308464943831
0.8636236919398191
0.26502843471615867
0.0
0.23458819413503346
0.0
0.4996166288511921
0.4996166288511921
0.6163055851404851
0.3079165187900505
0.0
0.3079165187900505
-0.22607788548664198
-0.39999999999999997
0.31505893671939794
0.5351467297093911
0.7407445979587696
0.23337820541352786
0.0
0.2679160480201949
0.0
0.5012942534337228
0.5012942534337228
0.6110414961022147
0.30631159060558477
0.0
0.30631159060558477
-0.22511071484897133
-0.6
0.3311295422312159
0.5834824918639326
0.4696179805339401
0.15550438691775165
0.0
0.29254710500782855
0.0
0.4480514919255802
0.4480514919255802
0.5926387153987751
0.2655326606072805
0.0
0.2655326606072805
-0.19673387461414948
-0.8
0.3718457402319172
0.6366245510739773
-0.16319303548501346
-0.06068263508061836
0.0
0.2840930140234902
0.0
0.22341037894287183
0.22341037894287183
0.5348721507202668
0.11949598987840367
0.0
0.11949598987840367
-0.08969452336461059
-1.0
0.48766733066789153
0.7030579084165137
-0.8857727106168016
-0.4319624133649584
0.0
0.16394987301076863
0.0
-0.26801254035418975
-0.26801254035418975
0.4148534864976715
-0.1111859367910335
0.0
-0.1111859367910335
0.08458627006170992
-0.8
0.6820852770550129
0.7054101919899346
-0.983640442552586
-0.6709266637809961
0.0
-0.19990869581413973
0.0
-0.8708353595951358
-0.8708353595951358
0.2886174269846774
-0.2513382608136244
0.0
-0.2513382608136244
0.19212310810522482
-0.6000000000000001
0.829325205318699
0.6982768549848251
-0.9921358010312714
-0.8228032268942911
0.0
-0.612330110350307
0.0
-1.435133337244598
-1.435133337244598
0.1948254732946311
-0.2796005316695822
0.0
-0.2796005316695822
0.21429060156473898
-0.4000000000000001
0.9057637822922554
0.6777865805943323
-0.9866940050664894
-0.8937116939941173
0.0
-0.9761111268930336
0.0
-1.8698228208871508
-1.8698228208871508
0.14120891754561746
-0.2640356565395675
0.0
-0.2640356565395675
0.20288153131646106
-0.20000000000000007
0.9414873940644931
0.6480446124152884
-0.9637916034765543
-0.9073976451783804
0.0
-1.2196896013275644
0.0
-2.127087246505945
-2.127087246505945
0.11769760894791673
-0.25035308293735764
0.0
-0.25035308293735764
0.19141493471799767
-5.551115123125783E-17
0.9539075454985524
0.6088546145471285
-0.9014102500875829
-0.8598620391482825
0.0
-1.2974137175023053
0.0
-2.157275756650588
-2.157275756650588
0.11666901374228715
-0.2516872348985703
0.0
-0.2516872348985703
0.1851325532770741
0.19999999999999996
0.9530348115466385
0.5623029546756312
-0.7908767798146579
-0.7537331028072748
0.0
-1.2170916704215848
0.0
-1.9708247732288595
-1.9708247732288595
0.13870171370860795
-0.27335677346622145
0.0
-0.27335677346622145
0.19888341597216627
0.39999999999999997
0.937476607489125
0.5095546587038505
-0.6428277211358995
-0.6026359512104483
0.0
-1.006995699718078
0.0
-1.6096316509285264
-1.6096316509285264
0.18536127638049513
-0.2983633773185552
0.0
-0.2983633773185552
0.21821989707129916
0.6
0.8974556020532412
0.4521597727329396
-0.4401247798141659
-0.3949924492466725
0.0
-0.7282429041399144
0.0
-1.1232353533865869
-1.1232353533865869
0.26311383921434994
-0.29553876617083197
0.0
-0.29553876617083197
0.21860169868912174
0.8
0.8071787264595894
0.3888303143665941
-0.02034055296507075
-0.016418461637829635
0.0
-0.43461691504978206
0.0
-0.4510353766876117
-0.4510353766876117
0.3989670141553862
-0.17994823751550632
0.0
-0.17994823751550632
0.13499798060380339
1.0
0.5907823350183533
0.3103799212614477
0.7890949028599217
0.4661833292626652
0.0
-0.1421120967832494
0.0
0.3240712324794158
0.3240712324794158
0.5792189385667396
0.18770819529674232
0.0
0.18770819529674232
-0.14355291787074803
0.8
0.2774552972596925
0.28087732885791256
0.9933627981400852
0.2756137704446772
0.0
0.09284742856091928
0.0
0.3684611990055965
0.3684611990055965
0.5938521497663549
0.21881147513496219
0.0
0.21881147513496219
-0.16877774807359366
0.6000000000000001
0.2788268866729085
0.31667071222634
0.9886298842421275
0.27565659269503034
0.0
0.11667172801659761
0.0
0.39232832071162793
0.39232832071162793
0.5986291183987235
0.23485915675045346
0.0
0.23485915675045346
-0.18212788455615364
0.4000000000000001
0.28601004471396696
0.35665359894139576
0.9779378747647344
0.2797000552889435
0.0
0.13987989710091503
0.0
0.4195799523898585
0.4195799523898585
0.60383500477576
0.2533570625551434
0.0
0.2533570625551434
-0.19746702984286785
0.20000000000000007
0.29270410620699594
0.3984606041595826
0.9599373750094902
0.2809776113668427
0.0
0.16785379719997384
0.0
0.4488314085668165
0.4488314085668165
0.6103557123375238
0.2739468140952535
0.0
0.2739468140952535
-0.21499484917133255
5.551115123125783E-17
0.29742926970482075
0.44276619414758045
0.9268312448232481
0.27566674028738863
0.0
0.19878970555989964
0.0
0.4744564458472883
0.4744564458472883
0.6155511719348749
0.2920522212733538
0.0
0.2920522212733538
-0.21945959049427646
-0.19999999999999996
0.30305475474362376
0.48838327654654257
0.8652088930354181
0.26220566888085084
0.0
0.23218662895979675
0.0
0.4943922978406476
0.4943922978406476
0.6165137054782549
0.3047996275016467
0.0
0.3047996275016467
-0.22584390086331635
-0.39999999999999997
0.3114009547705029
0.5346815879068922
0.7432351120069131
0.23144412349791438
0.0
0.26486067013085346
0.0
0.49630479362876784
0.49630479362876784
0.6113673310585758
0.303424537072397
0.0
0.303424537072397
-0.2250805821404813
-0.6
0.327717249352005
0.5823183670400622
0.4737379316475493
0.15525209187324301
0.0
0.2890697986246467
0.0
0.4443218904978897
0.4443218904978897
0.5931706109196823
0.2635586872316214
0.0
0.2635586872316214
-0.19712432780185804
-0.8
0.36897539193296813
0.6347237664056238
-0.15778157933997888
-0.05821752007677142
0.0
0.2809433299041675
0.0
0.22272580982739607
0.22272580982739607
0.5356386465104839
0.11930055131889786
0.0
0.11930055131889786
-0.09040132630044921
-1.0
0.4871512005327952
0.7003846809817518
-0.8855165728664234
-0.4313804615635646
0.0
0.16276324950630147
0.0
-0.2686172120572631
-0.2686172120572631
0.4145089677972329
-0.11134424330242654
0.0
-0.11134424330242654
0.08552027089716584
-0.8
0.6875068729145396
0.7025699716633255
-0.984207378379417
-0.6766493370090501
0.0
-0.1993861713095096
0.0
-0.8760355083185597
-0.8760355083185597
0.2861505882136546
-0.25067807600140374
0.0
-0.25067807600140374
0.1934578566780752
-0.6000000000000001
0.8375366774589151
0.6944202391534972
-0.9924965436681784
-0.8312522575733032
0.0
-0.6124577850375855
0.0
-1.4437100426108889
-1.4437100426108889
0.191658144995813
-0.27669878867862907
0.0
-0.27669878867862907
0.21406704925426506
-0.4000000000000001
0.9128053051979849
0.6720624736434738
-0.9869766759245959
-0.9009175458906434
0.0
-0.9734038004283838
0.0
-1.8743213463190274
-1.8743213463190274
0.13881251810728004
-0.26017926582477147
0.0
-0.26017926582477147
0.201758366158106
-0.20000000000000007
0.946745063300017
0.6408381109975313
-0.964138178709618
-0.9127930610324004
0.0
-1.2093066389036304
0.0
-2.122099699936031
-2.122099699936031
0.11665984827477037
-0.2475638290184731
0.0
-0.2475638290184731
0.191159282442496
-5.551115123125783E-17
0.9578888360763937
0.600618388346285
-0.9021206504168127
-0.86413129982824
0.0
-1.2762858928742165
0.0
-2.1404171927024565
-2.1404171927024565
0.11658181348222792
-0.24953371793379167
0.0
-0.24953371793379167
0.18534487064744243
0.19999999999999996
0.9564934574349904
0.5542715585261251
-0.7938661082734366
-0.7593277386429198
0.0
-1.1902504801844
0.0
-1.9495782188273199
-1.9495782188273199
0.13922528143158833
-0.2714305761891283
0.0
-0.2714305761891283
0.19936368251617376
0.39999999999999997
0.9411368120028857
0.5030375890112883
-0.648540997691505
-0.6103658070205539
0.0
-0.9833479491407245
0.0
-1.5937137561612784
-1.5937137561612784
0.18563551397809003
-0.2958498722589514
0.0
-0.2958498722589514
0.21838447486390974
0.6
0.9022027617070352
0.4482316959019634
-0.4455785765382786
-0.4020022223103245
0.0
-0.714767084275713
0.0
-1.1167693065860376
-1.1167693065860376
0.2624002177030418
-0.2930405091722513
0.0
-0.2930405091722513
0.21870745797033336
0.8
0.8134539687083596
0.38809179560502766
-0.025156521983335817
-0.020463672646243613
0.0
-0.43134073493155417
0.0
-0.4518044075777978
-0.4518044075777978
0.39756232689310705
-0.17962041157719102
0.0
-0.17962041157719102
0.13593540103333726
1.0
0.59474212861453
0.3128091557064012
0.787211026082691
0.46818756132124795
0.0
-0.14334622536791308
0.0
0.32484133595333486
0.32484133595333486
0.5795679979689076
0.1882676427360196
0.0
0.1882676427360196
-0.14522808766400244
0.8
0.27157368982832686
0.2837627805562683
0.9937118861444114
0.26986600354650403
0.0
0.09398931082426157
0.0
0.36385531437076557
0.36385531437076557
0.5938290234293562
0.2160678460023731
0.0
0.2160678460023731
-0.1680892922743289
0.6000000000000001
0.27490629343450795
0.3197109507752166
0.9888170034413316
0.2718320173010736
0.0
0.11632529754792699
0.0
0.38815731484900057
0.38815731484900057
0.5987274291311054
0.23240043121797516
0.0
0.23240043121797516
-0.18175075982853145
0.4000000000000001
0.28194015514431775
0.3591304592432507
0.9783587910593985
0.27583862933809394
0.0
0.13935956645412076
0.0
0.41519819579221473
0.41519819579221473
0.6039465926185137
0.2507575356100626
0.0
0.2507575356100626
-0.197076145701911
0.20000000000000007
0.28866794179139027
0.40033397766348205
0.9605221067046141
0.2772719395875511
0.0
0.16683332260320788
0.0
0.44410526219075896
0.44410526219075896
0.610405907007692
0.2710844753744391
0.0
0.2710844753744391
-0.21461291066413174
5.551115123125783E-17
0.2935268821656395
0.4438176337552242
0.927782888887261
0.2723292187017077
0.0
0.19713050403285615
0.0
0.4694597227345638
0.4694597227345638
0.615708783028461
0.28905047456577704
0.0
0.28905047456577704
-0.21916710527305014
-0.19999999999999996
0.29931056613338686
0.488585167267238
0.8667110587473827
0.25941577766774626
0.0
0.22979696876946173
0.0
0.489212746437208
0.489212746437208
0.6167660785581385
0.3017298272007337
0.0
0.3017298272007337
-0.225644740119504
-0.39999999999999997
0.3078532709831414
0.5340667866364005
0.7456643058231461
0.22955519560302903
0.0
0.26176208999179534
0.0
0.49131728559482435
0.49131728559482435
0.6117497466036899
0.3005632249646465
0.0
0.3005632249646465
-0.22507168656936052
-0.6
0.32444284792842076
0.5809114200287511
0.4779000049808477
0.1550512386409927
0.0
0.28548501382376185
0.0
0.4405362524647546
0.4405362524647546
0.5937683459422348
0.2615764819535881
0.0
0.2615764819535881
-0.1975171427760615
-0.8
0.3662582126279343
0.6324943606648931
-0.1520162139216886
-0.05567718680142337
0.0
0.27762562310471334
0.0
0.22194843630328998
0.22194843630328998
0.5364789382215792
0.11907066144792881
0.0
0.11907066144792881
-0.09109561726924129
-1.0
0.4867775949709101
0.6973041477808652
-0.8850569034493077
-0.430825870873455
0.0
0.16142480760602385
0.0
-0.26940106326743113
-0.26940106326743113
0.4142012020358014
-0.11158624423509296
0.0
-0.11158624423509296
0.08653764220778216
-0.8
0.6930759898486368
0.6993696814761016
-0.9847339997618615
-0.6824954916225594
0.0
-0.19887440825197333
0.0
-0.8813698998745327
-0.8813698998745327
0.2836611419096334
-0.25001039224318916
0.0
-0.25001039224318916
0.19481493412130532
-0.6000000000000001
0.8456249038818427
0.6901848724172948
-0.9928233594177918
-0.8395561578793184
0.0
-0.6122997770524686
0.0
-1.451855934931787
-1.451855934931787
0.18853591248954055
-0.27372698349571944
0.0
-0.27372698349571944
0.21378975500274291
-0.4000000000000001
0.9194613066171444
0.6659303325818785
-0.9872093685974087
-0.9077008159552595
0.0
-0.9697370066151482
0.0
-1.8774378225704078
-1.8774378225704078
0.13654320009406365
-0.2563513682713944
0.0
-0.2563513682713944
0.2006455166287001
-0.20000000000000007
0.9515955825881205
0.6333994210797652
-0.9644602577989716
-0.9177761209033013
0.0
-1.197640852116079
0.0
-2.1154169730193804
-2.1154169730193804
0.11579270271864286
-0.24494984868280448
0.0
-0.24494984868280448
0.1910433771857771
-5.551115123125783E-17
0.9614958144594258
0.5922598789882143
-0.9027180098832783
-0.8679595881399147
0.0
-1.2537871738893762
0.0
-2.121746762029291
-2.121746762029291
0.11657429131247185
-0.24734112512809647
0.0
-0.24734112512809647
0.18554834668052692
0.19999999999999996
0.9596314934794129
0.546328661513902
-0.7966363569592831
-0.7644773369888356
0.0
-1.162868638438133
0.0
-1.9273459754269686
-1.9273459754269686
0.13975158988398673
-0.2693496643224221
0.0
-0.2693496643224221
0.19976582566702095
0.39999999999999997
0.9445148961119838
0.4967628369302576
-0.6537160724992701
-0.6174445683033821
0.0
-0.959961393206052
0.0
-1.577405961509434
-1.577405961509434
0.18583808281764116
-0.2931420997120311
0.0
-0.2931420997120311
0.21844113244620417
0.6
0.9066935228003116
0.44458526281164
-0.4502816102574731
-0.4082674194565452
0.0
-0.701693630890867
0.0
-1.1099610503474122
-1.1099610503474122
0.2616059372010197
-0.290372400832763
0.0
-0.290372400832763
0.2187229094754921
0.8
0.8195231286140452
0.3876272243931714
-0.029477271372146955
-0.0241573056579071
0.0
-0.42824773501084246
0.0
-0.45240504066874954
-0.45240504066874954
0.39606703635659546
-0.17918272369045668
0.0
-0.17918272369045668
0.1368288169361413
1.0
0.5986694551194401
0.3155748971534476
0.7851082743438315
0.4700203428111855
0.0
-0.14468924391741564
0.0
0.3253310988937699
0.3253310988937699
0.5797888100711147
0.18862333070674697
0.0
0.18862333070674697
-0.14679797062715008
0.8
0.2657352409565286
0.28702291404081703
0.9940168226489074
0.2641452998814504
0.0
0.09518499004907427
0.0
0.3593302899305247
0.3593302899305247
0.5937278018670914
0.21334438318471508
0.0
0.21334438318471508
-0.16743209275526139
0.6000000000000001
0.27098137937395267
0.3230241673511818
0.988974608530546
0.2679937035854222
0.0
0.11607465389254921
0.0
0.3840683574779714
0.3840683574779714
0.5987685094037075
0.22996803791621523
0.0
0.22996803791621523
-0.1814173739199412
0.4000000000000001
0.27786029004248347
0.3618090231609321
0.9787354279641208
0.2719517098889648
0.0
0.13892534780905125
0.0
0.410877057698016
0.410877057698016
0.6040262038834449
0.24818050942413175
0.0
0.24818050942413175
-0.19672921522493486
0.20000000000000007
0.2846310580794985
0.4023362028661219
0.9610440498401731
0.2735429847670148
0.0
0.165872121040059
0.0
0.43941510580707377
0.43941510580707377
0.6104383211213397
0.2682358194642259
0.0
0.2682358194642259
-0.2142512608553482
5.551115123125783E-17
0.28964280333504167
0.4449234690330755
0.9286544337807178
0.2689780735297629
0.0
0.1955061840913786
0.0
0.4644842576211415
0.4644842576211415
0.6158738715961758
0.2860637180366079
0.0
0.2860637180366079
-0.21890567403109432
-0.19999999999999996
0.2956044447897864
0.48876353357486363
0.8681200510286846
0.25662014569521535
0.0
0.2274079352131755
0.0
0.4840280809083909
0.4840280809083909
0.6170408326467689
0.29866509006813113
0.0
0.29866509006813113
-0.22547001894091642
-0.39999999999999997
0.304364107895708
0.5333510979311631
0.7480034827053184
0.22766541271648688
0.0
0.2586197340338055
0.0
0.4862851467502924
0.4862851467502924
0.6121653118615213
0.2976868985140184
0.0
0.2976868985140184
-0.22507314765630154
-0.6
0.32124655949807385
0.57932873133861
0.4820385549423725
0.15485322732066042
0.0
0.2818021185181011
0.0
0.43665534583876153
0.43665534583876153
0.594407875849191
0.2595513765982121
0.0
0.2595513765982121
-0.19790265025993173
-0.8
0.3636303315419797
0.6300161442522842
-0.1459947739938969
-0.05308812807079713
0.0
0.27415393285561496
0.0
0.22106580478481783
0.22106580478481783
0.53737265682399
0.11879471885015108
0.0
0.11879471885015108
-0.09177578562999195
-1.0
0.48648924091203394
0.6938972848594188
-0.8844105589041628
-0.43025622145587383
0.0
0.15994428626964668
0.0
-0.27031193518622715
-0.27031193518622715
0.4139224311580174
-0.11188817338331157
0.0
-0.11188817338331157
0.08762954192231566
-0.8
0.6987810609180888
0.6958634970921522
-0.9852235590160313
-0.6884555638107176
0.0
-0.19835209098917128
0.0
-0.8868076547998889
-0.8868076547998889
0.2811412219207014
-0.24931818767907232
0.0
-0.24931818767907232
0.19619793768290328
-0.6000000000000001
0.8536150068576903
0.6856027729288259
-0.9931206953151321
-0.8477427291419407
0.0
-0.6118574214716472
0.0
-1.4596001506135878
-1.4596001506135878
0.18544333177167424
-0.27067311498422125
0.0
-0.27067311498422125
0.21346517268777535
-0.4000000000000001
0.9257827467107393
0.6594077440147872
-0.987397558008167
-0.9141156233482775
0.0
-0.9651523889986539
0.0
-1.8792680123469312
-1.8792680123469312
0.13437823933626725
-0.25253272674014715
0.0
-0.25253272674014715
0.1995440099080942
-0.20000000000000007
0.9560998568627584
0.6257734447946536
-0.9647584568327469
-0.922405422484925
0.0
-1.184936928723239
0.0
-2.107342351208164
-2.107342351208164
0.11505734680505081
-0.2424652197399289
0.0
-0.2424652197399289
0.19106904945810374
-5.551115123125783E-17
0.9647957065822407
0.5838178431413124
-0.9031850731475979
-0.8713890808219694
0.0
-1.230214801830776
0.0
-2.1016038826527454
-2.1016038826527454
0.11660902834827515
-0.2450659867290991
0.0
-0.2450659867290991
0.18573088709272478
0.19999999999999996
0.9625168737307042
0.5384892193591625
-0.7991492844988073
-0.7691946709599211
0.0
-1.1351913725982776
0.0
-1.9043860435581987
-1.9043860435581987
0.1402507697903479
-0.26709160858703235
0.0
-0.26709160858703235
0.20008814251138832
0.39999999999999997
0.9476826060102915
0.490708015205868
-0.6583402496821451
-0.6238976034602413
0.0
-0.9369223302651644
0.0
-1.5608199337254056
-1.5608199337254056
0.18595599563140808
-0.2902438247772562
0.0
-0.2902438247772562
0.21840592451938642
0.6
0.9110069954636146
0.4411669100627698
-0.45431475941130983
-0.4138839239660723
0.0
-0.6889804304042623
0.0
-1.1028643543703347
-1.1028643543703347
0.26073131788858633
-0.28755127656732227
0.0
-0.28755127656732227
0.21867322646402443
0.8
0.8254812528871269
0.38736490678989355
-0.033454512553228566
-0.02761607293716723
0.0
-0.42527629542099965
0.0
-0.4528923683581669
-0.4528923683581669
0.3944888642220977
-0.17866099600846916
0.0
-0.17866099600846916
0.13770611394395169
1.0
0.602670204558038
0.318594663153153
0.7827319102833266
0.47172920048455624
0.0
-0.14611836524503682
0.0
0.3256108352395194
0.3256108352395194
0.5799244584144664
0.18882968728016034
0.0
0.18882968728016034
-0.14831274879137535
0.8
0.2599170952909202
0.29058299872996
0.9942876095591017
0.2584323473603543
0.0
0.09642692247223744
0.0
0.35485926983259175
0.35485926983259175
0.5935469666301579
0.21062564318972754
0.0
0.21062564318972754
-0.16680503563102636
0.6000000000000001
0.26705033068054185
0.32655747417438324
0.9891059089068673
0.26414106005165683
0.0
0.1158892852127902
0.0
0.380030345264447
0.380030345264447
0.5987471359400087
0.2275420807973803
0.0
0.2275420807973803
-0.18112431784342983
0.4000000000000001
0.27376139334474314
0.36465196784622567
0.9790722546253838
0.2680321846114242
0.0
0.1385498589730556
0.0
0.4065820435844798
0.4065820435844798
0.6040641193560212
0.24560162410383024
0.0
0.24560162410383024
-0.19641987557342722
0.20000000000000007
0.28057836105219275
0.404446694418348
0.9615083934438249
0.2697784491703953
0.0
0.16494696408960405
0.0
0.43472541325999936
0.43472541325999936
0.6104400999117763
0.26537382470462223
0.0
0.26537382470462223
-0.21390316299969692
5.551115123125783E-17
0.2857534765468888
0.4460848429481872
0.9294487988169664
0.265593225534278
0.0
0.19390065682827076
0.0
0.45949388236254873
0.45949388236254873
0.6160298205616735
0.2830619339009876
0.0
0.2830619339009876
-0.2186667657834672
-0.19999999999999996
0.2919042034392111
0.48894148752723215
0.8694324874900519
0.25379099770495545
0.0
0.22501290781553596
0.0
0.4788039055204914
0.4788039055204914
0.6173188343927101
0.295574668858587
0.0
0.295574668858587
-0.22531010063620416
-0.39999999999999997
0.300892714380906
0.5325778981339513
0.750234003785644
0.2257399458199173
0.0
0.25543772159598116
0.0
0.48117766741589846
0.48117766741589846
0.612592948641943
0.2947660461029574
0.0
0.2947660461029574
-0.2250751719595429
-0.6
0.3180797935691328
0.5776310507573317
0.48610076313260386
0.15461883039101657
0.0
0.2780354975216772
0.0
0.43265432791269376
0.43265432791269376
0.5950669624809677
0.2574582967152512
0.0
0.2574582967152512
-0.1982721904821642
-0.8
0.3610379838238219
0.6273627415389934
-0.13981154114114785
-0.05047727692890135
0.0
0.2705479161448823
0.0
0.2200706392159809
0.2200706392159809
0.538299547667465
0.11846392554485241
0.0
0.11846392554485241
-0.09243973109153082
-1.0
0.4862350937169775
0.6902411489780906
-0.8835991020064611
-0.42963689217234874
0.0
0.15833483261442322
0.0
-0.2713020595579255
-0.2713020595579255
0.41366374791275384
-0.11222782677318063
0.0
-0.11222782677318063
0.08878568645845586
-0.8
0.7046052801030096
0.6921045018342982
-0.9856796954672838
-0.6945151179165747
0.0
-0.1978009711778763
0.0
-0.892316089094451
-0.892316089094451
0.27858463966615676
-0.24858555614869188
0.0
-0.24858555614869188
0.1976059525120997
-0.6000000000000001
0.8615164721292363
0.6807063800187735
-0.9933925727245747
-0.8558240646930614
0.0
-0.611132365202982
0.0
-1.4669564298960434
-1.4669564298960434
0.18237006010919826
-0.2675289322977163
0.0
-0.2675289322977163
0.213096532948668
-0.4000000000000001
0.9318011033884401
0.6525142036015077
-0.9875464591292055
-0.9201968802639408
0.0
-0.9596853016401481
0.0
-1.879882181904089
-1.879882181904089
0.13230184135756465
-0.24871187420118726
0.0
-0.24871187420118726
0.19845494712000508
-0.20000000000000007
0.960268589365938
0.6179435626987364
-0.9650016366732336
-0.9266607603840273
0.0
-1.1711904569484004
0.0
-2.097851217332428
-2.097851217332428
0.11441050000041193
-0.24001620670147591
0.0
-0.24001620670147591
0.19119018344587072
-5.551115123125783E-17
0.9678182983242698
0.5753048630840574
-0.9035277943816538
-0.8744507324471329
0.0
-1.205744044643565
0.0
-2.080194777090698
-2.080194777090698
0.1166781691836124
-0.24271331813625535
0.0
-0.24271331813625535
0.18590513820900553
0.19999999999999996
0.9651778965943756
0.5307464552230847
-0.8014319628469186
-0.7735244161640907
0.0
-1.1073492688671762
0.0
-1.880873685031267
-1.880873685031267
0.14072334461511657
-0.2646828357561592
0.0
-0.2646828357561592
0.20034831268419268
0.39999999999999997
0.9506658519929256
0.4848353805123396
-0.6624774817307271
-0.6297947195956695
0.0
-0.9142465820689836
0.0
-1.544041301664653
-1.544041301664653
0.18600216813040119
-0.28719502979251227
0.0
-0.28719502979251227
0.2183022333268643
0.6
0.9151663687712072
0.4379153768338018
-0.4577975818259952
-0.4189609505919356
0.0
-0.6765646644765274
0.0
-1.0955256150684631
-1.0955256150684631
0.2597985057333024
-0.28461591778734374
0.0
-0.28461591778734374
0.21858054441537206
0.8
0.831354564102928
0.3872293916104283
-0.037208510674361144
-0.03093346517260265
0.0
-0.42235944868886094
0.0
-0.4532929138614636
-0.4532929138614636
0.39285537526460296
-0.17807855777983062
0.0
-0.17807855777983062
0.1385816960126366
1.0
0.6067885605621602
0.3217814448799538
0.7800695057029459
0.4733372525039264
0.0
-0.14760182050405593
0.0
0.32573543199987043
0.32573543199987043
0.5800189041856684
0.18893270832301015
0.0
0.18893270832301015
-0.14980449810640814
0.8
0.2541176402436781
0.2943689944765537
0.9945315499255164
0.25272801061496
0.0
0.09770335137757509
0.0
0.35043136199253505
0.35043136199253505
0.5932997605327627
0.2079108431533409
0.0
0.2079108431533409
-0.1662037849758401
0.6000000000000001
0.2631271571205877
0.33025508847867535
0.9892139134243645
0.2602890448234842
0.0
0.11574367449287928
0.0
0.3760327193163635
0.3760327193163635
0.5986710743212145
0.22511991205305504
0.0
0.22511991205305504
-0.18086619848961843
0.4000000000000001
0.2696534092415717
0.36761879436401246
0.9793735190027459
0.26409140832000566
0.0
0.1382123749563258
0.0
0.40230378327633143
0.40230378327633143
0.6040614065531544
0.24301618918755616
0.0
0.24301618918755616
-0.1961408598915428
0.20000000000000007
0.27651762121763607
0.40664119026025963
0.9619209929952438
0.2659881047823512
0.0
0.16404393369248954
0.0
0.4300320384748407
0.4300320384748407
0.6104083678719544
0.26249515473807705
0.0
0.26249515473807705
-0.21356270912467243
5.551115123125783E-17
0.2818609518000356
0.4472977891675022
0.9301702970674122
0.2621786852675427
0.0
0.1923092460642932
0.0
0.45448793133183585
0.45448793133183585
0.6161672357238343
0.2800405723185811
0.0
0.2800405723185811
-0.21844310901281194
-0.19999999999999996
0.2882059998702577
0.48913593168465574
0.8706478740648396
0.2509259410797713
0.0
0.22261923452431667
0.0
0.47354517560408793
0.47354517560408793
0.6175862582330981
0.29245499310566403
0.0
0.29245499310566403
-0.22515788944277243
-0.39999999999999997
0.29742908943026947
0.53178367578876
0.7523427320117579
0.2237686137217384
0.0
0.25223694512399886
0.0
0.47600555884573725
0.47600555884573725
0.6130150610030204
0.29179857669359643
0.0
0.29179857669359643
-0.22507129189857683
-0.6
0.3149264275351552
0.575872410759183
0.4900417702877392
0.1543271040597209
0.0
0.2742190451592597
0.0
0.4285461492189806
0.4285461492189806
0.5957244191085154
0.25529540580466836
0.0
0.25529540580466836
-0.19861972563825692
-0.8
0.35845984868988934
0.6246029839727731
-0.13356368867783408
-0.04787721963391989
0.0
0.2668477470439151
0.0
0.21897052740999523
0.21897052740999523
0.5392353662105022
0.11807665253723558
0.0
0.11807665253723558
-0.09308396864573942
-1.0
0.48598885207350256
0.6864134767301426
-0.8826510567540463
-0.42895857385336295
0.0
0.1566211989699987
0.0
-0.27233737488336424
-0.27233737488336424
0.413408544147396
-0.11258659766745521
0.0
-0.11258659766745521
0.08999170409212869
-0.8
0.7105188377178134
0.6881518630020603
-0.9861052558242271
-0.700646360235657
0.0
-0.19721502101196092
0.0
-0.8978613812476179
-0.8978613812476179
0.2759879767181311
-0.24779894598387658
0.0
-0.24779894598387658
0.19902513319527612
-0.6000000000000001
0.8692994701994962
0.675539049482889
-0.9936414160924444
-0.863771956577439
0.0
-0.6101366837953593
0.0
-1.4739086403727983
-1.4739086403727983
0.1793180685339525
-0.2642984505871542
0.0
-0.2642984505871542
0.21268106406478865
-0.4000000000000001
0.9375094834313087
0.6452877325206084
-0.9876598343966558
-0.9259404611510607
0.0
-0.9533809449858708
0.0
-1.8793214061369314
-1.8793214061369314
0.13031256933271285
-0.24489920103567028
0.0
-0.24489920103567028
0.197382387731974
-0.20000000000000007
0.9640596370835972
0.6098294902398286
-0.9651289570334154
-0.9304418720565051
0.0
-1.1560970950482565
0.0
-2.0865389671047616
-2.0865389671047616
0.11381616363453924
-0.23748186050983802
0.0
-0.23748186050983802
0.19130689376571172
-5.551115123125783E-17
0.9705535168644573
0.5667120154334617
-0.9037901114494076
-0.8771766711745423
0.0
-1.180427790243088
0.0
-2.0576044614176303
-2.0576044614176303
0.11681354867323471
-0.24035607890407323
0.0
-0.24035607890407323
0.186112623978187
0.19999999999999996
0.967600798742074
0.5230797370663361
-0.8035866207436088
-0.77755105608996
0.0
-1.0793913835687103
0.0
-1.8569424396586705
-1.8569424396586705
0.14120594181845475
-0.26221130609466164
0.0
-0.26221130609466164
0.20058429157933017
0.39999999999999997
0.9534393582873204
0.4791003796982312
-0.6662664302647459
-0.635244637720003
0.0
-0.8919190804874532
0.0
-1.527163718207456
-1.527163718207456
0.18601992047851837
-0.2840828734186294
0.0
-0.2840828734186294
0.218160661331913
0.6
0.9191259959876634
0.43476895880146044
-0.4608774740930952
-0.4236044674040947
0.0
-0.6643885694355803
0.0
-1.087993036839675
-1.087993036839675
0.2588577154553264
-0.28163539194762105
0.0
-0.28163539194762105
0.21846210451055842
0.8
0.8370706209820854
0.38714713251162
-0.04079726750342621
-0.034150194043465226
0.0
-0.41943378983727664
0.0
-0.45358398388074184
-0.45358398388074184
0.39122289046480424
-0.177452437242365
0.0
-0.177452437242365
0.13944747911758562
1.0
0.6109574682812824
0.32504681051542395
0.7771814337454829
0.47482480115635745
0.0
-0.14909381451833376
0.0
0.3257309866380237
0.3257309866380237
0.5801115622326105
0.1889603115261535
0.0
0.1889603115261535
-0.151272629258423
0.8
0.24837031069653923
0.29831222299681937
0.9947521404303967
0.24706689818474506
0.0
0.09899583870080943
0.0
0.3460627368855545
0.3460627368855545
0.5930202903066379
0.20522222469218118
0.0
0.20522222469218118
-0.16562185414733785
0.6000000000000001
0.25924473702041356
0.33405927707577737
0.9893008977941996
0.25647105108271634
0.0
0.11562166246541217
0.0
0.3720927135481285
0.3720927135481285
0.5985656826170576
0.2227219290817688
0.0
0.2227219290817688
-0.1806340794138015
0.4000000000000001
0.2655735097915014
0.37066650360490916
0.9796414333084676
0.2601668137809068
0.0
0.13790213737112011
0.0
0.3980689511520269
0.3980689511520269
0.6040345108320945
0.24044738418655948
0.0
0.24044738418655948
-0.19588396523404447
0.20000000000000007
0.2724895871354378
0.40889142912179843
0.9622862861760894
0.26221299282621635
0.0
0.1631633299375215
0.0
0.4253763227637378
0.4253763227637378
0.610355082137187
0.2596306004196758
0.0
0.2596306004196758
-0.21322670922245351
5.551115123125783E-17
0.27800484827805716
0.44855153101395756
0.9308219307135421
0.2587730096219065
0.0
0.19074448005907405
0.0
0.4495174896809806
0.4495174896809806
0.6162881155443888
0.2770322866197358
0.0
0.2770322866197358
-0.21823037739086174
-0.19999999999999996
0.2845481990585352
0.4893546655770877
0.8717655040410669
0.24805930417624175
0.0
0.22025503102183797
0.0
0.46831433519807975
0.46831433519807975
0.617838104140986
0.28934244100082784
0.0
0.28934244100082784
-0.22501102131535874
-0.39999999999999997
0.29400977472467227
0.5309941601238614
0.7543194372193611
0.22177728780730593
0.0
0.2490628991026479
0.0
0.47084018690995383
0.47084018690995383
0.6134202906306707
0.2888229242949032
0.0
0.2888229242949032
-0.22506096372546422
-0.6
0.3118205722621892
0.5740955810344033
0.4938246410641644
0.1539846821737979
0.0
0.2704148210488259
0.0
0.4243995032226238
0.4243995032226238
0.5963617364382595
0.25309562468537866
0.0
0.25309562468537866
-0.1989440916571707
-0.8
0.35592672230748756
0.6217962869097765
-0.12734764658630923
-0.04532643044303735
0.0
0.26312271065132
0.0
0.21779628020828262
0.21779628020828262
0.5401511671313929
0.11764291495137974
0.0
0.11764291495137974
-0.0937036785180959
-1.0
0.48576714863268566
0.6824893693660964
-0.8816011624861955
-0.42825288293218017
0.0
0.1548446973458904
0.0
-0.27340818558628976
-0.27340818558628976
0.41312897590911213
-0.11295284371643237
0.0
-0.11295284371643237
0.09122807244232924
-0.8
0.7164750467341443
0.6840708653659231
-0.986501405465475
-0.7068036405841752
0.0
-0.19660802331365507
0.0
-0.9034116638978302
-0.9034116638978302
0.2733527118369894
-0.2469500282316387
0.0
-0.2469500282316387
0.20042295932023518
-0.6000000000000001
0.8768807397807569
0.6701593752974173
-0.993867272046018
-0.871503068755595
0.0
-0.60889905750653
0.0
-1.480402126262125
-1.480402126262125
0.17630780023714293
-0.2610064423476644
0.0
-0.2610064423476644
0.21220948741757342
-0.4000000000000001
0.9428556598808373
0.6377960144802088
-0.987739134739659
-0.9312954336750885
0.0
-0.9463068524974292
0.0
-1.8776022861725177
-1.8776022861725177
0.12842861468437425
-0.24113786054135047
0.0
-0.24113786054135047
0.19633609655477843
-0.20000000000000007
0.967414627644443
0.60135483494657
-0.965089334715209
-0.9336415393871371
0.0
-1.1392884158110776
0.0
-2.072929955198215
-2.072929955198215
0.11326924595513051
-0.23479921294310427
0.0
-0.23479921294310427
0.19131900199091859
-5.551115123125783E-17
0.9729719988314228
0.5580394118867597
-0.9040482614717821
-0.8796136440042726
0.0
-1.154303921670436
0.0
-2.0339175656747086
-2.0339175656747086
0.11707079738079985
-0.23811235122035349
0.0
-0.23811235122035349
0.1864038862487076
0.19999999999999996
0.9697512831836947
0.5154819629360782
-0.8057466906571811
-0.7813738871858169
0.0
-1.0513977797148355
0.0
-1.8327716669006524
-1.8327716669006524
0.14175119318234966
-0.2597975706139714
0.0
-0.2597975706139714
0.20083750412361237
0.39999999999999997
0.9559507662079169
0.4734762021475898
-0.6698594501835055
-0.640352654654536
0.0
-0.8699783251009731
0.0
-1.510330979755509
-1.510330979755509
0.18606460779489795
-0.2810191413886927
0.0
-0.2810191413886927
0.21801035165416055
0.6
0.9227983113404299
0.43168694128433477
-0.463681643968313
-0.4278846380535137
0.0
-0.6524477629447774
0.0
-1.080332400998291
-1.080332400998291
0.25797106134959746
-0.2786944960958881
0.0
-0.2786944960958881
0.21832789109813727
0.8
0.8424841116874164
0.3870658536676243
-0.044199298290062826
-0.03723720655711073
0.0
-0.41646542912784057
0.0
-0.4537026356849513
-0.4537026356849513
0.3896621372582073
-0.1767907387006799
0.0
-0.1767907387006799
0.14027501727540478
1.0
0.6150051987426092
0.32831825108761364
0.7741969197418229
0.47613513049173567
0.0
-0.15054356294784302
0.0
0.3255915675438926
0.3255915675438926
0.5802253182732849
0.18891647090525285
0.0
0.18891647090525285
-0.15268287454491686
0.8
0.24273870295346234
0.30235921792841336
0.9949493129129672
0.2415127057209322
0.0
0.1002816307361321
0.0
0.3417943364570643
0.3417943364570643
0.5927544162470848
0.20260010238316684
0.0
0.20260010238316684
-0.16505330392942968
0.6000000000000001
0.25544555531353774
0.33791811915763953
0.9893682055739199
0.25272971068238836
0.0
0.11551881987442543
0.0
0.3682485305568138
0.3682485305568138
0.5984663868626703
0.22038436754982396
0.0
0.22038436754982396
-0.18041632368767005
0.4000000000000001
0.2615782010069833
0.3737553823735876
0.9798755181860032
0.25631407525788025
0.0
0.1376184381821659
0.0
0.39393251344004615
0.39393251344004615
0.6040103958128846
0.23793933336648676
0.0
0.23793933336648676
-0.19564143860164215
0.20000000000000007
0.2685588983364543
0.4111686639154198
0.9626061224175787
0.258516439768391
0.0
0.16231809137005385
0.0
0.4208345311384448
0.4208345311384448
0.6103039274597621
0.25683696716448046
0.0
0.25683696716448046
-0.2128963504803693
5.551115123125783E-17
0.2742530966963803
0.44982957632362136
0.9314043120915437
0.2554405168674677
0.0
0.1892323274135633
0.0
0.44467284428103104
0.44467284428103104
0.6164051951818948
0.27409865137113726
0.0
0.27409865137113726
-0.21802850787175973
-0.19999999999999996
0.28100200242780743
0.48959488164976167
0.8727837784130388
0.24525398942057167
0.0
0.21796265784777355
0.0
0.4632166472683452
0.4632166472683452
0.6180793531811419
0.286304645726356
0.0
0.286304645726356
-0.2248726949790552
-0.39999999999999997
0.29070862639900896
0.5302202443390991
0.756157556116688
0.2198215244799139
0.0
0.24597611372571201
0.0
0.4657976382056259
0.4657976382056259
0.6138062915395985
0.28590952091489885
0.0
0.28590952091489885
-0.22505022055739735
-0.6
0.3088378841745035
0.572325397543895
0.4974259955192098
0.1536239919895488
0.0
0.2667006786565668
0.0
0.4203246706461156
0.4203246706461156
0.5969676664128074
0.2509202377713435
0.0
0.2509202377713435
-0.19925012451101798
-0.8
0.3535142293310941
0.6189831808324439
-0.12124127704266704
-0.042860516616856116
0.0
0.2594580099112895
0.0
0.21659749329443337
0.21659749329443337
0.541020527490961
0.11718369007537423
0.0
0.11718369007537423
-0.0942946263438926
-1.0
0.4856267070692513
0.678528880328309
-0.880483889030801
-0.42758649165755597
0.0
0.15305624178211824
0.0
-0.2745302498754377
-0.2745302498754377
0.4127932811509058
-0.11332424262126
0.0
-0.11332424262126
0.09247385485000766
-0.8
0.7224183232559128
0.6799223236483276
-0.9868679999147225
-0.7129315257733102
0.0
-0.1960106168246342
0.0
-0.9089421425979444
-0.9089421425979444
0.27068736892515044
-0.24603915708502647
0.0
-0.24603915708502647
0.20175538104232754
-0.6000000000000001
0.884143838395063
0.6646331310583743
-0.994068533114617
-0.8788995684957073
0.0
-0.607460711675504
0.0
-1.4863602801712112
-1.4863602801712112
0.17337491176207412
-0.2576975824213355
0.0
-0.2576975824213355
0.21167142418251556
-0.4000000000000001
0.9477660293987925
0.6301300978151319
-0.987784147368893
-0.9361882592548874
0.0
-0.9385554152931149
0.0
-1.8747436745480024
-1.8747436745480024
0.12668170860771014
-0.2374957318932378
0.0
-0.2374957318932378
0.195331206727377
-0.20000000000000007
0.970312335684667
0.5925465106929348
-0.9648848304133588
-0.9362396534650901
0.0
-1.1207369349552918
0.0
-2.056976588420382
-2.056976588420382
0.11280020022415636
-0.23202737103022114
0.0
-0.23202737103022114
0.19119632130437306
-5.551115123125783E-17
0.9750600069781491
0.5493395706511913
-0.9043714103946237
-0.8818163937302202
0.0
-1.1275760305508256
0.0
-2.009392424281046
-2.009392424281046
0.11748714353563167
-0.23607777617091813
0.0
-0.23607777617091813
0.1868023755300412
0.19999999999999996
0.9716110546900405
0.5079933513402292
-0.8079896818383083
-0.785051706949589
0.0
-1.0236147778066365
0.0
-1.8086664847562255
-1.8086664847562255
0.1423877593584151
-0.2575319681911
0.0
-0.2575319681911
0.20112712388764556
0.39999999999999997
0.9581651792948424
0.4679812155594716
-0.6733289233983172
-0.6451603286123517
0.0
-0.8485957271603046
0.0
-1.4937560557726564
-1.4937560557726564
0.18616877275554855
-0.27809073169936416
0.0
-0.27809073169936416
0.21786692791391388
0.6
0.9261134188447631
0.42867216720542467
-0.4662595366383024
-0.4318092135450733
0.0
-0.6408300525014369
0.0
-1.0726392660465103
-1.0726392660465103
0.25717929970952114
-0.2758606152827762
0.0
-0.2758606152827762
0.21818072125769175
0.8
0.8474597505550704
0.3869740212059785
-0.04733585099561946
-0.04011522847705965
0.0
-0.41347523639595135
0.0
-0.453590464873011
-0.453590464873011
0.3882241945683461
-0.1760947928892064
0.0
-0.1760947928892064
0.14103255968498277
1.0
0.6187412112736006
0.33155734862703745
0.7712601635377642
0.4772104477944315
0.0
-0.15191549009943559
0.0
0.32529495769499595
0.32529495769499595
0.5803577600635114
0.18878745300782254
0.0
0.18878745300782254
-0.15398801692549277
0.8
0.23729068912621826
0.30647532105830977
0.9951215904132336
0.2361330879535345
0.0
0.1015398574832035
0.0
0.337672945436738
0.337672945436738
0.59253741132878
0.2000838529648491
0.0
0.2000838529648491
-0.16449590451794008
0.6000000000000001
0.25176466485910454
0.3417922007223672
0.9894166891712137
0.24910016115519543
0.0
0.11543845912051466
0.0
0.3645386202757101
0.3645386202757101
0.5984006529271337
0.2181401483901414
0.0
0.2181401483901414
-0.18020250765730975
0.4000000000000001
0.2577205182926789
0.37685386359374423
0.9800740597082745
0.25258519463322643
0.0
0.1373648210287055
0.0
0.38995001566193194
0.38995001566193194
0.6040123364097394
0.23553462004297798
0.0
0.23553462004297798
-0.19540827816729117
0.20000000000000007
0.2647864570639927
0.41344736863443426
0.9628806334462169
0.2549577515057568
0.0
0.1615233318905475
0.0
0.4164810833963043
0.4164810833963043
0.6102780790604424
0.2541692755401085
0.0
0.2541692755401085
-0.2125767449325639
5.551115123125783E-17
0.2706711233900757
0.45111279666195125
0.9319171680829869
0.25224306679152003
0.0
0.18779757899322513
0.0
0.44004064578474517
0.44004064578474517
0.6165343346607152
0.2713001667725693
0.0
0.2713001667725693
-0.21784110821011912
-0.19999999999999996
0.27763741632027894
0.4898451200981895
0.8737022537930432
0.24257243637630516
0.0
0.2157790112301163
0.0
0.45835144760642144
0.45835144760642144
0.6183209465179857
0.28340830092189145
0.0
0.28340830092189145
-0.2247495451015932
-0.39999999999999997
0.2875998754352204
0.529458531446804
0.7578566473538025
0.21795947737670737
0.0
0.24302694182351148
0.0
0.4609864192002189
0.4609864192002189
0.6141791758621343
0.2831282590280268
0.0
0.2831282590280268
-0.22504855465899926
-0.6
0.3060562280987805
0.5705673739920639
0.5008404715420086
0.15328534559936177
0.0
0.2631400953765251
0.0
0.41642544097588685
0.41642544097588685
0.5975419548424201
0.24883167204684828
0.0
0.24883167204684828
-0.19954657434615633
-0.8
0.35130238528385815
0.6161807689708015
-0.11528678019514721
-0.04050052087425107
0.0
0.25592348232407397
0.0
0.2154229614498229
0.2154229614498229
0.5418307604914877
0.11672278702968598
0.0
0.11672278702968598
-0.0948556178404534
-1.0
0.4856317125407559
0.6745670275540772
-0.8793250257374887
-0.4270281181288409
0.0
0.15129908746053922
0.0
-0.2757290306683017
-0.2757290306683017
0.4123821274155763
-0.11370572425722893
0.0
-0.11370572425722893
0.0937134973880411
-0.8
0.7282995124236125
0.6757506108711719
-0.9872051562469213
-0.718981033956709
0.0
-0.19545480904796272
0.0
-0.9144358430046717
-0.9144358430046717
0.26800805974026765
-0.24507617604063806
0.0
-0.24507617604063806
0.20298612028572574
-0.6000000000000001
0.8909882377608677
0.6590195852549986
-0.9942440443415549
-0.8858597489721199
0.0
-0.605863015427595
0.0
-1.4917227643997149
-1.4917227643997149
0.17055634095657818
-0.2544227764176471
0.0
-0.2544227764176471
0.21106443627870594
-0.4000000000000001
0.952189922031495
0.6223840123456134
-0.9877951731331693
-0.9405686088887596
0.0
-0.9302377197949525
0.0
-1.8708063286837122
-1.8708063286837122
0.12509973100071456
-0.2340373684727668
0.0
-0.2340373684727668
0.19438367801343387
-0.20000000000000007
0.9727855348059968
0.5835482351965123
-0.9645633566827445
-0.9383132807848911
0.0
-1.1008633213857513
0.0
-2.0391766021706426
-2.0391766021706426
0.11244424302724738
-0.2292936694299523
0.0
-0.2292936694299523
0.19097740691233547
-5.551115123125783E-17
0.9768370880809826
0.5407221647601858
-0.904784591091182
-0.8838271453020528
0.0
-1.1006632394536713
0.0
-1.984490384755724
-1.984490384755724
0.11805423345969827
-0.2342774911804787
0.0
-0.2342774911804787
0.1872904814189371
0.19999999999999996
0.9731961865942077
0.5007000845565708
-0.8102948427810762
-0.7885758510114964
0.0
-0.9964484299376716
0.0
-1.7850242809491679
-1.7850242809491679
0.14310096585385645
-0.25543869867641156
0.0
-0.25543869867641156
0.2014427813740178
0.39999999999999997
0.9600895447542892
0.4626749859429344
-0.676639271189171
-0.6496342898388853
0.0
-0.8280449984642813
0.0
-1.4776792883031664
-1.4776792883031664
0.18632631567486718
-0.2753305375385889
0.0
-0.2753305375385889
0.2177300357090655
0.6
0.9290574455444446
0.4257661835983335
-0.46858090915421585
-0.43533858248970925
0.0
-0.6296881303984929
0.0
-1.0650267128882023
-1.0650267128882023
0.2564850438180483
-0.2731634231225225
0.0
-0.2731634231225225
0.21801960509663862
0.8
0.8519385831973202
0.38689633944562624
-0.05012315848490682
-0.042701852625006254
0.0
-0.41052967082943503
0.0
-0.4532315234544413
-0.4532315234544413
0.3869205516524406
-0.1753645910812685
0.0
-0.1753645910812685
0.1417019105389645
1.0
0.6220477789020549
0.3347583905532194
0.7684719901793395
0.47802629463949986
0.0
-0.15320005744048543
0.0
0.32482623719901443
0.32482623719901443
0.5804874019440074
0.18855753851490378
0.0
0.18855753851490378
-0.15515396898976694
0.8
0.23207379381757784
0.3106374746195774
0.9952685127766228
0.2309757396272493
0.0
0.1027563819439169
0.0
0.33373212157116616
0.33373212157116616
0.5923801774307976
0.19769629339068392
0.0
0.19769629339068392
-0.16395203540872627
0.6000000000000001
0.24822014254397665
0.3456538455276463
0.9894474743267387
0.24560079311716077
0.0
0.11538451400767975
0.0
0.3609853071248405
0.3609853071248405
0.5983768370619099
0.21600524630318418
0.0
0.21600524630318418
-0.17998700134853093
0.4000000000000001
0.2540322418128755
0.3799382192805521
0.9802364732289055
0.24901166880108558
0.0
0.13714250155578056
0.0
0.38615417035686617
0.38615417035686617
0.6040496800761294
0.23325630306412817
0.0
0.23325630306412817
-0.19518319143466242
0.20000000000000007
0.26120728144153577
0.4157064839248433
0.9631104363712919
0.25157145881251636
0.0
0.16078639419588994
0.0
0.4123578530084063
0.4123578530084063
0.6102897442393208
0.2516577686475757
0.0
0.2516577686475757
-0.21227421474618596
5.551115123125783E-17
0.2672961198724115
0.45238294493900555
0.9323619449135151
0.24921673019207763
0.0
0.18645171492057955
0.0
0.4356684451126572
0.4356684451126572
0.6166862404170088
0.2686707354848485
0.0
0.2686707354848485
-0.21767285224650565
-0.19999999999999996
0.2744938433543181
0.4900907046761776
0.8745240106750625
0.2400514567958306
0.0
0.21372080063323332
0.0
0.4537722574290639
0.4537722574290639
0.618573208868087
0.28069136137321166
0.0
0.28069136137321166
-0.22464774254312228
-0.39999999999999997
0.2847251184148105
0.5286983200535619
0.7594228765300017
0.21622676844692076
0.0
0.24023809425821882
0.0
0.4564648627051396
0.4564648627051396
0.6145487407754044
0.2805199065836614
0.0
0.2805199065836614
-0.22506399757161855
-0.6
0.30351925318531253
0.5688155768219897
0.5040768431796542
0.15299702698989853
0.0
0.25976222546600763
0.0
0.41275925245590617
0.41275925245590617
0.5980930971754312
0.24686845968916865
0.0
0.24686845968916865
-0.19984174775733005
-0.8
0.34933638291688623
0.6133901228501897
-0.10949389075667341
-0.038250199748432974
0.0
0.25255306547692286
0.0
0.2143028657284899
0.2143028657284899
0.5425860108487275
0.1162777370290718
0.0
0.1162777370290718
-0.09538875100226145
-1.0
0.4858185821867014
0.6706177945682971
-0.878139179625267
-0.4266163312081403
0.0
0.1495969517286181
0.0
-0.2770193794795222
-0.2770193794795222
0.4118976522984997
-0.11410363204880238
0.0
-0.11410363204880238
0.09493980447480305
-0.8
0.7340838716423643
0.6715822808040431
-0.9875143776569675
-0.7249183776529267
0.0
-0.19495895614239353
0.0
-0.9198773337953202
-0.9198773337953202
0.26533586662611325
-0.24407644955229973
0.0
-0.24407644955229973
0.20410010798533426
-0.6000000000000001
0.8973636498254576
0.6533646416810004
-0.9943946033660565
-0.8923335706433027
0.0
-0.604136935917029
0.0
-1.4964705065603316
-1.4964705065603316
0.1678773620648465
-0.25122352104919304
0.0
-0.25122352104919304
0.21039778351970467
-0.4000000000000001
0.9561244890213154
0.6146373938836074
-0.9877746677859779
-0.9444355495050677
0.0
-0.9214720041107156
0.0
-1.8659075536157834
-1.8659075536157834
0.1236932876331113
-0.23080023972619215
0.0
-0.23080023972619215
0.19350512695983596
-0.20000000000000007
0.9748981026762071
0.5745437416984907
-0.9641806536457846
-0.9399778898763806
0.0
-1.0802846047328145
0.0
-2.020262494609195
-2.020262494609195
0.11221364767478993
-0.22670102378066842
0.0
-0.22670102378066842
0.19071863935146827
-5.551115123125783E-17
0.9783468037570137
0.5323117259497996
-0.9052709665463345
-0.8856689566546289
0.0
-1.0740602032418634
0.0
-1.9597291598964923
-1.9597291598964923
0.11872941564214928
-0.23267749797139067
0.0
-0.23267749797139067
0.18782792555597755
0.19999999999999996
0.9745474573354872
0.49369524451155533
-0.8125809454198016
-0.791898694238134
0.0
-0.9703127843990523
0.0
-1.7622114786371863
-1.7622114786371863
0.14384889879686413
-0.2534921806491529
0.0
-0.2534921806491529
0.20175940537262513
0.39999999999999997
0.961762804236733
0.45762363221814817
-0.6797040445237545
-0.6537140679122154
0.0
-0.8085822893014388
0.0
-1.4622963572136543
-1.4622963572136543
0.18650710933344228
-0.27272866657274136
0.0
-0.27272866657274136
0.21759125140428584
0.6
0.9316650552599617
0.4230191626149906
-0.4705889278614277
-0.4384312594807432
0.0
-0.6191644343275511
0.0
-1.0575956938082942
-1.0575956938082942
0.25586467551300335
-0.27060137902020887
0.0
-0.27060137902020887
0.21784344403531122
0.8
0.8559402682867763
0.38686854863612347
-0.052514856807073115
-0.044949580624487805
0.0
-0.4077028399404473
0.0
-0.4526524205649351
-0.4526524205649351
0.3857323466287462
-0.17460268039169455
0.0
-0.17460268039169455
0.14228186198127143
1.0
0.6249045808656026
0.3379304940745293
0.7658727117090744
0.47859736590696167
0.0
-0.15440679052748518
0.0
0.3241905753794765
0.3241905753794765
0.5805894845299956
0.18822163904905292
0.0
0.18822163904905292
-0.1561709303952196
0.8
0.22710839634886767
0.3148255161544001
0.9953915636003059
0.2260617817484574
0.0
0.10392463453459182
0.0
0.3299864162830492
0.3299864162830492
0.5922741637768631
0.19544242876176682
0.0
0.19544242876176682
-0.16342669342363883
0.6000000000000001
0.2448155625368405
0.3494828032404289
0.9894623788109314
0.24223578887763852
0.0
0.11535756561638501
0.0
0.3575933544940235
0.3575933544940235
0.5983879811122588
0.213979565454839
0.0
0.213979565454839
-0.1797691443669863
0.4000000000000001
0.2505225101328849
0.38299028447756456
0.9803645152789833
0.24560337921289987
0.0
0.1369485082466368
0.0
0.38255188745953667
0.38255188745953667
0.6041191634275065
0.2311069262196689
0.0
0.2311069262196689
-0.19496733429188307
0.20000000000000007
0.2578285739564368
0.417929698979966
0.9632981342412767
0.24836578424632463
0.0
0.1601053410247875
0.0
0.4084711252711121
0.4084711252711121
0.6103393385389039
0.2493059964102123
0.0
0.2493059964102123
-0.21199347679281902
5.551115123125783E-17
0.2641340223455104
0.4536257129324077
0.9327431053163884
0.2463691882222597
0.0
0.1851925070718362
0.0
0.43156169529409594
0.43156169529409594
0.6168638399317415
0.2662148045265682
0.0
0.2662148045265682
-0.21752681767467702
-0.19999999999999996
0.27157591744475285
0.4903195969789351
0.8752560637500129
0.23769846851199283
0.0
0.21178559819194925
0.0
0.4494840667039421
0.4494840667039421
0.6188417547275359
0.2781595085611363
0.0
0.2781595085611363
-0.22457023280169233
-0.39999999999999997
0.28208786236577993
0.5279300794850774
0.7608668174979553
0.2146312940930522
0.0
0.23760730275739178
0.0
0.452238596850444
0.452238596850444
0.614923132330382
0.27809197453597184
0.0
0.27809197453597184
-0.22510013267796608
-0.6
0.3012294920913676
0.5670633800414936
0.5071492563495927
0.1527683129047026
0.0
0.256565951040381
0.0
0.4093342639450836
0.4093342639450836
0.5986318496869542
0.2450405275656933
0.0
0.2450405275656933
-0.20014031346205594
-0.8
0.34761803280289727
0.610608669477764
-0.1038577707106418
-0.036102833945727664
0.0
0.24934897273633003
0.0
0.21324613879060236
0.21324613879060236
0.5432999153246472
0.11585660914824222
0.0
0.11585660914824222
-0.09589754378103191
-1.0
0.48618610552144637
0.6666864481406382
-0.8769337167836312
-0.4263529885634807
0.0
0.14795566731664833
0.0
-0.27839732124683236
-0.27839732124683236
0.4113576871228498
-0.11452087816929397
0.0
-0.11452087816929397
0.09615124384936681
-0.8
0.7397486708955939
0.6674329251712533
-0.9877983621767817
-0.7307225255331188
0.0
-0.1945243808433468
0.0
-0.9252469063764656
-0.9252469063764656
0.2626920415496149
-0.24305499877349915
0.0
-0.24305499877349915
0.20510115373077725
-0.6000000000000001
0.9032681415689442
0.6477017084335183
-0.9945227748567552
-0.8983207385928508
0.0
-0.6023002704334746
0.0
-1.5006210090263252
-1.5006210090263252
0.16534843287335058
-0.24812533217932894
0.0
-0.24812533217932894
0.2096881638148072
-0.4000000000000001
0.9596062610093568
0.6069490617308054
-0.9877270465796557
-0.9478290580661182
0.0
-0.9123694302263506
0.0
-1.8601984882924687
-1.8601984882924687
0.12245575574648296
-0.2277920117223194
0.0
-0.2277920117223194
0.19270083167521462
-0.20000000000000007
0.9767180569152586
0.5656857613073072
-0.9637779865527423
-0.9413393623234947
0.0
-1.059551768239679
0.0
-2.000891130563174
-2.000891130563174
0.1120979623679223
-0.22429581865618017
0.0
-0.22429581865618017
0.19046225410742285
-5.551115123125783E-17
0.9796391797687326
0.5242051856419875
-0.9057972709393942
-0.8873544955398246
0.0
-1.048176708540054
0.0
-1.9355312040798784
-1.9355312040798784
0.11946189513641674
-0.23122222573505286
0.0
-0.23122222573505286
0.1883751229037672
0.19999999999999996
0.9757122673698984
0.48704351104074683
-0.8147643919090996
-0.794975612201884
0.0
-0.9454973681638975
0.0
-1.7404729803657815
-1.7404729803657815
0.14458757350588844
-0.25165076498365013
0.0
-0.25165076498365013
0.2020536941757488
0.39999999999999997
0.9632345152479904
0.4528701725235457
-0.682451061939248
-0.6573604178275279
0.0
-0.7903578804111072
0.0
-1.4477182982386352
-1.4477182982386352
0.18667863221223313
-0.2702580717438102
0.0
-0.2702580717438102
0.21744229814419103
0.6
0.933992462150174
0.42046446884050503
-0.4722481913924801
-0.44107625102462905
0.0
-0.6093388087746412
0.0
-1.0504150597992703
-1.0504150597992703
0.25528834863399236
-0.26815872599643203
0.0
-0.26815872599643203
0.21765274618643898
0.8
0.8595290075848715
0.3869160562652696
-0.05451253923378974
-0.04685510874855067
0.0
-0.4050461824153953
0.0
-0.45190129116394595
-0.45190129116394595
0.38463005181542625
-0.17381481703584656
0.0
-0.17381481703584656
0.1427822833723521
1.0
0.6273596299914602
0.34108160113611274
0.7634582005274801
0.47896285419686596
0.0
-0.15555156242692095
0.0
0.323411291769945
0.323411291769945
0.5806473793269573
0.1877879190109645
0.0
0.1877879190109645
-0.15704925507893028
0.8
0.22239374750547777
0.3190188763914804
0.9954937094622893
0.22139157666544781
0.0
0.10504378901366859
0.0
0.3264353656791164
0.3264353656791164
0.5922034321288454
0.19331614392340746
0.0
0.19331614392340746
-0.1629248087866841
0.6000000000000001
0.24154666553182416
0.35326335773291145
0.989463788643486
0.23900167881131967
0.0
0.11535481843413835
0.0
0.35435649724545804
0.35435649724545804
0.5984213437006642
0.21205449123068773
0.0
0.21205449123068773
-0.17955111460286846
0.4000000000000001
0.24718565299181944
0.3859961926963608
0.9804619332299089
0.24235612319905672
0.0
0.1367773414507003
0.0
0.37913346464975706
0.37913346464975706
0.6042116676438024
0.2290768629356023
0.0
0.2290768629356023
-0.19476239999338127
0.20000000000000007
0.2546396413706259
0.4201056368795459
0.963448272906222
0.24533212269198929
0.0
0.1594728481484256
0.0
0.4048049708404149
0.4048049708404149
0.6104204211074816
0.24710122076680788
0.0
0.24710122076680788
-0.2117364720112135
5.551115123125783E-17
0.26117052018298786
0.45483220738635954
0.9330675804418279
0.24368974534987406
0.0
0.18401020908815569
0.0
0.4276999544380298
0.4276999544380298
0.6170643222890059
0.26391838252834154
0.0
0.26391838252834154
-0.2174034367371508
-0.19999999999999996
0.26886561143292836
0.4905253634890587
0.8759080179607913
0.23550154480803256
0.0
0.2099608681950878
0.0
0.4454624130031204
0.4454624130031204
0.6191271890269125
0.27579789157976753
0.0
0.27579789157976753
-0.22451636431113375
-0.39999999999999997
0.2796665646706833
0.5271499219616648
0.7622006719151965
0.21316204350420956
0.0
0.23511942780238537
0.0
0.4482814713065949
0.4482814713065949
0.6153063529594172
0.2758304372089425
0.0
0.2758304372089425
-0.2251561432994876
-0.6
0.29916212064300074
0.5653094546902369
0.5100709467116535
0.1525939060966413
0.0
0.25353470717439064
0.0
0.40612861327103195
0.40612861327103195
0.5991662241632523
0.2433385477382619
0.0
0.2433385477382619
-0.20044290845021034
-0.8
0.3461198127429864
0.6078377791845438
-0.09837335612964458
-0.034048967602491695
0.0
0.24629699044729644
0.0
0.21224802284480476
0.21224802284480476
0.543986757446708
0.11546011372182015
0.0
0.11546011372182015
-0.09638519057050735
-1.0
0.4867067912078363
0.6627785640433677
-0.8757135234901059
-0.4262157190351776
0.0
0.1463713497056326
0.0
-0.279844369329545
-0.279844369329545
0.4107846366137106
-0.11495576756343016
0.0
-0.11495576756343016
0.09734800396911271
-0.8
0.7452784680830815
0.6633135681932053
-0.9880602411528545
-0.7363800229001995
0.0
-0.19414083668921467
0.0
-0.9305208595894142
-0.9305208595894142
0.2600940242550521
-0.24202291502388104
0.0
-0.24202291502388104
0.20600231385737514
-0.6000000000000001
0.9087285412824148
0.6420546640642215
-0.9946319008023667
-0.9038503963290901
0.0
-0.6003607424640166
0.0
-1.5042111387931068
-1.5042111387931068
0.16296888390085942
-0.24513961044035334
0.0
-0.24513961044035334
0.2089533223378676
-0.4000000000000001
0.962689946389652
0.599358131301121
-0.987657526610954
-0.9508079713444355
0.0
-0.9030237142424037
0.0
-1.8538316855868393
-1.8538316855868393
0.12137072126742972
-0.2250008887880897
0.0
-0.2250008887880897
0.19197073292135516
-0.20000000000000007
0.9783039947324076
0.5570724152100749
-0.96338019442619
-0.9424786926532253
0.0
-1.0390484579562016
0.0
-1.981527150609427
-1.981527150609427
0.11207657950959371
-0.2220827852456961
0.0
-0.2220827852456961
0.1902320205101605
-5.551115123125783E-17
0.980759409754517
0.5164570955372072
-0.9063333873526138
-0.8888949980207616
0.0
-1.0232731677764009
0.0
-1.9121681657971625
-1.9121681657971625
0.12020952197917913
-0.22986082115428064
0.0
-0.22986082115428064
0.1889040375126841
0.19999999999999996
0.9767331100398183
0.48077143111226095
-0.8167893316819803
-0.7977851841810853
0.0
-0.9221349371013414
0.0
-1.7199201212824269
-1.7199201212824269
0.1452845882024629
-0.24987788656164744
0.0
-0.24987788656164744
0.20231103816384557
0.39999999999999997
0.9645504832643651
0.4484270311695368
-0.6848484921226671
-0.6605709440397902
0.0
-0.7734052106725212
0.0
-1.4339761547123113
-1.4339761547123113
0.18681744462551736
-0.26789176087727956
0.0
-0.26789176087727956
0.21727850240875765
0.6
0.9360966983894832
0.41811175873059264
-0.4735589746944278
-0.4432969927041627
0.0
-0.6002229413453932
0.0
-1.0435199340495558
-1.0435199340495558
0.25473178117904877
-0.26581769149628687
0.0
-0.26581769149628687
0.21744962689769776
0.8
0.8627813494750347
0.38704740282507033
-0.05615358319937663
-0.048448264290616806
0.0
-0.4025809304812968
0.0
-0.4510291947719136
-0.4510291947719136
0.3835866117190923
-0.17300876060894887
0.0
-0.17300876060894887
0.14321740094263857
1.0
0.6294906340608638
0.3442124344125983
0.7612022822758555
0.4791697073184049
0.0
-0.15664854830521052
0.0
0.3225211590131944
0.3225211590131944
0.5806551973175145
0.18727358722587986
0.0
0.18727358722587986
-0.15781016194804806
0.8
0.21791663555353016
0.32319732824648784
0.9955785329520206
0.21695312433022368
0.0
0.10611635686343764
0.0
0.3230694811936613
0.3230694811936613
0.5921529743670462
0.19130655421604503
0.0
0.19130655421604503
-0.16244966805398808
0.6000000000000001
0.23840620723867534
0.35698327276428504
0.9894542829806278
0.23589204284147444
0.0
0.11537155041205478
0.0
0.35126359325352924
0.35126359325352924
0.5984649814538007
0.21021895982186875
0.0
0.21021895982186875
-0.17933580911841737
0.4000000000000001
0.24400906632983904
0.3889458774279368
0.9805334498057625
0.2392590515922802
0.0
0.13662295288244633
0.0
0.3758820044747265
0.3758820044747265
0.6043175259907615
0.22715208300861509
0.0
0.22715208300861509
-0.19456945552548005
0.20000000000000007
0.2516220348656029
0.4222274761544355
0.9635664278843968
0.24245454531245217
0.0
0.1588801059607335
0.0
0.4013346512731857
0.4013346512731857
0.6105244587480451
0.2450246207453971
0.0
0.2450246207453971
-0.21150269684792183
5.551115123125783E-17
0.2583827569877714
0.45599855675644557
0.9333434117868258
0.24115984395385287
0.0
0.18289313020945344
0.0
0.42405297416330634
0.42405297416330634
0.6172821725547574
0.26176034116983216
0.0
0.26176034116983216
-0.21730093202755996
-0.19999999999999996
0.26633553358836665
0.4907069367327108
0.8764903236809727
0.23344051804261207
0.0
0.20823157464321185
0.0
0.4416720926858239
0.4416720926858239
0.6194267583314632
0.27358351261785346
0.0
0.27358351261785346
-0.2244830269454286
-0.39999999999999997
0.2774294412970123
0.5263595936037836
0.7634363965889699
0.21179973297148222
0.0
0.23275624703590678
0.0
0.444555980007389
0.444555980007389
0.6156985463055276
0.27371247064197857
0.0
0.27371247064197857
-0.22522846914921846
-0.6
0.2972811620195844
0.5635581500146519
0.5128523464475425
0.1524613414963959
0.0
0.25064822382606977
0.0
0.40310956532246567
0.40310956532246567
0.5997000682608999
0.24174483384050435
0.0
0.24174483384050435
-0.2007474973706729
-0.8
0.3448021975254345
0.6050839212400687
-0.09303992271433978
-0.03208036980950094
0.0
0.24337867698138022
0.0
0.21129830717187928
0.21129830717187928
0.5446569635587288
0.11508509438933534
0.0
0.11508509438933534
-0.09685396813370169
-1.0
0.48734251291553693
0.6589026245927584
-0.8744834004123778
-0.4261729378598919
0.0
0.14483720032554173
0.0
-0.28133573753435015
-0.28133573753435015
0.4101980104920371
-0.11540335981690035
0.0
-0.11540335981690035
0.0985298912408915
-0.8
0.7506626657876869
0.6592335183173141
-0.9883030146593689
-0.7418821755902093
0.0
-0.19379345131435677
0.0
-0.9356756269045661
-0.9356756269045661
0.25755382869435695
-0.24098684012526364
0.0
-0.24098684012526364
0.2068183206593178
-0.6000000000000001
0.9137831148168657
0.6364402777279975
-0.9947252936813226
-0.9089631772472404
0.0
-0.5983207763737957
0.0
-1.507283953621036
-1.507283953621036
0.16073172543450112
-0.24226835058524568
0.0
-0.24226835058524568
0.2082081660442936
-0.4000000000000001
0.9654323593660522
0.5918881244283387
-0.9875711380296559
-0.9534331338297879
0.0
-0.8935083004388471
0.0
-1.846941434268635
-1.846941434268635
0.12041880254660191
-0.22240647588833248
0.0
-0.22240647588833248
0.19131140835039329
-0.20000000000000007
0.9797020762878234
0.5487538733782257
-0.9630006092533335
-0.9434536963519298
0.0
-1.019001193471543
0.0
-1.9624548898234728
-1.9624548898234728
0.11212814115558445
-0.2200464188975933
0.0
-0.2200464188975933
0.1900385726721534
-5.551115123125783E-17
0.98174401673158
0.5090854532433957
-0.9068591150004005
-0.890303510170139
0.0
-0.9994744327569747
0.0
-1.8897779429271138
-1.8897779429271138
0.12094339322783779
-0.22855615686472833
0.0
-0.22855615686472833
0.18939880237902035
0.19999999999999996
0.9776437275884984
0.47487506285964554
-0.8186305406166744
-0.8003290132462731
0.0
-0.9002346607356592
0.0
-1.7005636739819323
-1.7005636739819323
0.1459212571958477
-0.24814838924903324
0.0
-0.24814838924903324
0.20252531119428702
0.39999999999999997
0.9657474589033234
0.44428293516775236
-0.6869007214214938
-0.6633726262316673
0.0
-0.7576735963370904
0.0
-1.4210462225687577
-1.4210462225687577
0.18691091661749054
-0.265609052016149
0.0
-0.265609052016149
0.21709878867200555
0.6
0.9380262225229311
0.41595214121194196
-0.47454926990614443
-0.44513965905107555
0.0
-0.5917803526568035
0.0
-1.036920011707879
-1.036920011707879
0.2541792307440141
-0.26356353091898277
0.0
-0.26356353091898277
0.21723715708505753
0.8
0.8657681854195384
0.3872575349080316
-0.05749327474213584
-0.04977584814732593
0.0
-0.4003047628228941
0.0
-0.45008061097022006
-0.45008061097022006
0.3825820314553232
-0.17219275446363982
0.0
-0.17219275446363982
0.14360159693438726
1.0
0.6313784113058133
0.34731734347392135
0.7590725041316994
0.4792619917245977
0.0
-0.15770770829770847
0.0
0.32155428342688924
0.32155428342688924
0.5806152769020337
0.18669932931093833
0.0
0.18669932931093833
-0.15847800727922012
0.8
0.2136580290725966
0.3273426905778999
0.9956495622893701
0.2127285231257403
0.0
0.10714630357839816
0.0
0.31987482670413847
0.31987482670413847
0.5921117401276598
0.18940164026282105
0.0
0.18940164026282105
-0.16200256359654444
0.6000000000000001
0.23538623927770813
0.36063346161296006
0.9894363011478898
0.23289968993204768
0.0
0.11540243281886224
0.0
0.34830212275090994
0.34830212275090994
0.598510138342215
0.20846235167253427
0.0
0.20846235167253427
-0.17912564534712755
0.4000000000000001
0.24097810635980926
0.3918326316866786
0.9805838611082053
0.23629924197684551
0.0
0.13647984893034582
0.0
0.3727790909071913
0.3727790909071913
0.6044288662779612
0.22531844328916267
0.0
0.22531844328916267
-0.19438863394952086
0.20000000000000007
0.24875582825332665
0.4242920340868681
0.9636582643920648
0.2397156097120113
0.0
0.15831893425794658
0.0
0.39803454396995785
0.39803454396995785
0.6106434560626923
0.24305718956215275
0.0
0.24305718956215275
-0.21129010099974407
5.551115123125783E-17
0.2557467002908478
0.45712452502776985
0.9335785478047881
0.23875963306339607
0.0
0.18183050864694006
0.0
0.42059014171033615
0.42059014171033615
0.6175113357452205
0.2597191802088213
0.0
0.2597191802088213
-0.21721628646641286
-0.19999999999999996
0.2639574164399315
0.4908668490646989
0.8770129887866114
0.23149408270437655
0.0
0.20658396251282338
0.0
0.43807804521719995
0.43807804521719995
0.6197361667113882
0.2714928084633257
0.0
0.2714928084633257
-0.22446604338796897
-0.39999999999999997
0.2753440611700457
0.5255643896120537
0.7645848525797219
0.2105238984184013
0.0
0.23050119430566987
0.0
0.4410250927240712
0.4410250927240712
0.6160974137265434
0.2717144190158092
0.0
0.2717144190158092
-0.2253125350466038
-0.6
0.2955501580138931
0.5618172439636854
0.5155016319521813
0.15235658877988698
0.0
0.24788814145478438
0.0
0.40024473023467133
0.40024473023467133
0.6002338754615333
0.2402404455618127
0.0
0.2402404455618127
-0.2010509737662195
-0.8
0.3436253055628534
0.6023566188987867
-0.0878598240206341
-0.030190858875788918
0.0
0.24057726756703438
0.0
0.21038640869124545
0.21038640869124545
0.5453164860364873
0.11472717709734626
0.0
0.11472717709734626
-0.09730539718179373
-1.0
0.48805549842880364
0.6550689657564597
-0.8732484710000035
-0.4261937177660974
0.0
0.1433469348425676
0.0
-0.28284678292352977
-0.28284678292352977
0.4096118397222669
-0.11585739111283169
0.0
-0.11585739111283169
0.09969596155169208
-0.8
0.755894841921778
0.6552008872127894
-0.9885293195743999
-0.7472242137547338
0.0
-0.19346748396098745
0.0
-0.9406916977157213
-0.9406916977157213
0.25507829428500317
-0.23995003370138998
0.0
-0.23995003370138998
0.20756210725432328
-0.6000000000000001
0.9184717659949139
0.63086993650417
-0.9948058498910033
-0.913701085771461
0.0
-0.59618127429177
0.0
-1.509882360063231
-1.509882360063231
0.15862711913775723
-0.2395082890137482
0.0
-0.2395082890137482
0.2074636614221863
-0.4000000000000001
0.9678847034212348
0.5845514724505735
-0.9874722294434158
-0.955759265931546
0.0
-0.8838787708516268
0.0
-1.8396380367831728
-1.8396380367831728
0.11958143641211483
-0.21998655891689475
0.0
-0.21998655891689475
0.19071775851054829
-0.20000000000000007
0.9809474479228111
0.5407473115329549
-0.9626456420543239
-0.9443047858272049
0.0
-0.9995241243342695
0.0
-1.9438289101614745
-1.9438289101614745
0.11223440911702576
-0.21816448915656525
0.0
-0.21816448915656525
0.1898847574836424
