0.0
-0.08993524312272003
-0.19367902146868987
-0.17141637702242743
-0.15868546774656006
-0.1459093698120545
-0.16268429000054338
-0.17534415007763432
-0.1892913747817551
-0.2031515227350789
-0.21596186117103108
-0.225387259697488
-0.22574686288241874
-0.2004456395818365
-0.09761407526323483
0.10548694079732886
0.2063566659477457
0.20148431587372434
0.18429681227485506
0.18109541359721032
0.18958476874164049
0.2041389849488598
0.21797887985244221
0.2173855482471365
0.1463621488071231
-0.15692823442741416
-0.1608802118898043
-0.1755921997414895
-0.18926824630270586
-0.2031519382698369
-0.21596194474665234
-0.22538728133472186
-0.2257468760799157
-0.2004456561400023
-0.09761410789803036
0.10548690989043441
0.20635666056017368
0.2014843205537129
0.18429681580118526
0.1810954151560088
0.18958476920976589
0.20413898503220296
0.21797887985867723
0.21738554824170264
0.14636214878806958
-0.15692823445176016
-0.16088021188604568
-0.17559219974200813
-0.1892682463026575
-0.20315193826983777
-0.21596194474665242
-0.22538728133472186
-0.22574687607991575
-0.20044565614000237
-0.09761410789803046
0.10548690989043434
0.20635666056017365
0.2014843205537129
0.18429681580118523
0.1810954151560088
0.18958476920976586
0.20413898503220296
0.21797887985867723
0.21738554824170264
0.14636214878806955
-0.1569282344517602
-0.1608802118860457
-0.1755921997420081
-0.18926824630265757
-0.20315193826983777
-0.21596194474665242
-0.22538728133472186
-0.22574687607991575
-0.20044565614000237
-0.09761410789803046
0.10548690989043434
0.20635666056017365
0.2014843205537129
0.18429681580118523
0.1810954151560088
0.18958476920976586
0.20413898503220296
0.21797887985867723
0.21738554824170264
0.14636214878806955
-0.1569282344517602
-0.1608802118860457
-0.1755921997420081
-0.18926824630265757
-0.20315193826983777
-0.21596194474665242
-0.22538728133472186
-0.22574687607991575
-0.20044565614000237
-0.09761410789803046
0.10548690989043434
0.20635666056017365
0.2014843205537129
0.18429681580118523
0.1810954151560088
5.264727484542691E-4
-1.4084717075137524E-4
-0.0030582613597649987
-0.01175182202371465
-0.031582306137231196
-0.06469861475276903
-0.08603374186095938
-0.09035969337534631
-0.079626800940146
-0.05893791467371173
-0.03252050753239957
-0.0027733705710198345
0.029192840123238882
0.06275047953350273
0.09688252383334942
0.12889799268249413
0.13790922389173546
0.1315161835144277
0.11499289876132457
0.09149317030732088
0.06264242024149248
0.028883910417695408
-0.010098298048492427
-0.05470573754434781
-0.1043517586058275
-0.15563406527215923
-0.18246561892809782
-0.19351895400400915
-0.19414899507848402
-0.18833083899005176
-0.17767652636084133
-0.1598916729207146
-0.1292686608421683
-0.08051388180857784
-0.012027282961996075
0.07255559372113352
0.14831219915967123
0.20779960894956495
0.24334079355689603
0.25469657776872684
0.2467639900269842
0.22189952730625423
0.1796005595979686
0.11756810527022944
0.034120865381549965
-0.06596152959866966
-0.15053590029091246
-0.21125325755766772
-0.24261273223345362
-0.24901553837873025
-0.23860317813914114
-0.21431917364000502
-0.17479652243927757
-0.11614339544619984
-0.035424757679523335
0.06115144192279935
0.14288813739611536
0.20178513327857403
0.23406521943513794
0.2435472510158331
0.23731834702422128
0.2175391542581989
0.18192165894215898
0.12480864048721117
0.04054419256977472
-0.06373710077964286
-0.1487585820854962
-0.20574727695662998
-0.233556324169243
-0.23906251183432822
-0.231687774984322
-0.2133534330687088
-0.18049228800164005
-0.12579089583488032
-0.04227237040735154
0.060704917769211005
0.14454279556703967
0.20114312779559348
0.22986350777448333
0.23690591125561591
0.23173718532683862
0.21595836686114095
0.18558189181973292
0.13219028815408307
0.04600588963461967
-0.06352081220466829
-0.14986050816592508
-0.20489547192384622
-0.23059060322331434
-0.23464407496147507
-0.22875440504922234
-0.21415781528062625
-0.18580780040535833
-0.13392461334924233
-0.047438915345358476
0.061424944623326566
0.14651290154577107
0.20135210528088499
0.22827503310101704
0.23355791524826347
0.22904675130903324
0.2159528525039274
0.18921423949744293
0.1385742058667391
0.050434550680049206
-0.06389093331501428
-0.1510016770457269
-0.20438213808544536
-0.22927100298798694
-0.23214595903860794
-0.2271498684944227
-0.21518212302675124
-0.19021041669017918
-0.14068790654938113
-0.05164656529266113
0.06222109929646812
0.1477850737838599
0.20103180613770832
0.22728788512972778
0.2314001323226227
0.22735022657562343
0.2162383191733427
0.1922800900937084
0.14395640057460315
0.05420031731060175
-0.06432656184624526
-0.15185873755521817
-0.20369849113387523
-0.22843529944991708
-0.23042991490177217
-0.22601677106922727
-0.2160649810145934
-0.1938077113226169
-0.14638674382393924
-0.05523214913984279
0.0628512349379367
0.1484561443100564
0.20030545290417898
0.22642826146031628
0.22982171210308003
0.22610293148054883
0.21652867389026662
0.19479490200520574
0.148504508304664
0.05748708647540601
-0.06473867190253206
-0.15253985996472505
-0.20296344411090736
-0.22774386525987067
-0.22913372173638238
-0.22510859201705344
-0.21678268227421058
-0.19678982736393322
-0.1512633851418021
-0.05834799840814848
0.06331164036687639
0.14871525036794978
0.19937608462892942
0.22555510637376555
0.22858174532274125
0.22510302368867852
0.21675760324603635
0.19684991645872035
0.15237437613960214
0.06040302743462283
-0.0651450923996407
-0.15317074874500541
-0.20229080198749594
-0.22706567847993156
-0.22809911478983294
-0.2243320490163132
-0.21736919301031452
-0.19931851949476562
-0.15550578166349613
-0.06108341924646423
0.0636533831383213
0.14871308192996666
0.19836546320800677
0.2246268574252682
0.22755280756884955
0.22425050187243106
0.21690984841271296
0.19853141858253257
0.15569652238930062
0.06302870475718407
-0.06559183764558672
-0.15385462183798732
-0.20173885190106605
-0.22634656253613666
-0.22724048286467088
-0.22364510275495764
-0.21786681589298879
-0.20152444729427035
-0.1592656117086846
-0.06350100274282196
0.06394190544558541
0.1485672074611816
0.1973386350124072
0.2236361801872083
0.22664882794292526
0.22347931213152492
0.21697912849687312
0.19990893284829017
0.15858201441661243
0.06543588193349659
-0.06613657034649581
-0.1546793060479642
-0.20133006954029126
-0.2255620667452425
-0.2265046267120004
-0.22302919563282703
-0.21831942385109285
-0.20351798002544993
-0.16267169058823133
-0.06564919430348977
0.06425202326390075
0.1483830442352224
0.19633711101359105
0.22258380783040127
0.2257973729825503
0.22273029016229748
0.2169525984064558
0.20103429933996522
0.16112942006504596
0.06769778119104773
-0.06684681867679676
-0.15572512886480294
-0.20106482268013934
-0.22469261950804947
-0.22585572429534403
-0.2224827267376243
-0.21877671589255082
-0.20540184911078943
-0.16584135071297743
-0.06756781615778502
0.06467395426524908
0.14827610440920502
0.19540321298544946
0.22146793868186634
0.22492414110302308
0.22193410545495157
0.21680041831639385
0.20194227420038943
0.16343362454838403
0.06989994637914941
-0.06780077053947801
-0.1570665456679383
-0.20092259106721969
-0.22370954631544612
-0.2252709723046273
-0.22202540780279859
-0.2193055004460526
-0.20728706188560062
-0.16889377155976532
-0.06929223516332739
0.06532504716561965
0.14839682152339695
0.19460026849486906
0.2202807093547848
0.2239377369323738
0.2209919076169605
0.2164619697863906
0.2026504442236254
0.16560011943368516
0.07215848896904309
-0.06908559333946086
-0.15876473288627746
-0.20085258589669538
-0.22256859469946239
-0.22474452826785515
-0.2217137854696895
-0.22001054345885598
-0.2093160385390416
-0.17196888555948747
-0.07085831560842033
0.06636756713199232
0.14896380955040184
0.19403625045179304
0.21900705635290288
0.22270583495836352
0.21974211890304352
0.21581923013535742
0.20315565628468332
0.167769365528142
0.07465304337329283
-0.07078943699405794
-0.16084811188381876
-0.20075672926059485
-0.22121152443989675
-0.22430273453836688
-0.22167362024071763
-0.2210709918027884
-0.21169797253945016
-0.1752547640942637
-0.07230921078233093
0.06803424325940798
0.15031596070075595
0.19390296391688988
0.21762644685108667
0.22101239377758417
0.21789494794891948
0.21463933530640986
0.20341972162134023
0.17015630721266317
0.07768172365168986
-0.07298486245252729
-0.16327841411428842
-0.20047259387048275
-0.21958201917406897
-0.2240355845700115
-0.22215506375304914
-0.22279453914463665
-0.21475296436970315
-0.17901847175399319
-0.07371232134286969
0.07064408336571407
0.15298573401735313
0.19454863677017276
0.21613442932737656
0.2184977466368022
0.21491935986726435
0.21246459562680775
0.20333209665158888
0.17309973692984054
0.08172306500890723
-0.07571295397296748
-0.16590409801098227
-0.19977732114348143
-0.21766649320471013
-0.22412623595041348
-0.22356381264995245
-0.22561455932339733
-0.2188716828208209
-0.18356831555777692
-0.07523161256741567
0.07445477318974482
0.1576645525873363
0.19654759300957841
0.21465219040012806
0.21471880115395436
0.2100380455713057
0.2085760160013443
0.20269610870797622
0.17703808287261227
0.0873224519502522
-0.07904167793136214
-0.16842398141182266
-0.19845798444694296
-0.21553617139414577
-0.22469953932746045
-0.226074187428975
-0.22952737986950886
-0.22387671513753754
-0.18875021049199397
-0.07722142156004458
0.07887203808606683
0.16438258491024443
0.20032768910919707
0.21367136600378772
0.20992555048920433
0.20327767549343592
0.2029602915819422
0.2016714188698436
0.18214065362948528
0.09423708090036735
-0.0833490427137207
-0.1704810078806363
-0.19650351407680883
-0.2132602477852729
-0.2251897148583354
-0.22836639294243102
-0.23275136833260482
-0.22783017818358922
-0.1929444004680174
-0.07951819075864645
0.0819633628836362
0.17104255020773898
0.20487513167180196
0.2136283501185169
0.2058218227750303
0.19707248051122672
0.1979880979886177
0.20151568200533676
0.18789302988487233
0.10091758447439937
-0.08913586555380987
-0.1720350042318165
-0.19434198875933276
-0.2109334601686622
-0.22476106277191102
-0.22886827076248398
-0.2337157441248788
-0.22931257089410603
-0.19487450150993402
-0.08117897418829044
0.08297053466096525
0.1755449890064612
0.20838447956590092
0.21384343274951925
0.20310865061654054
0.19302652783631538
0.19531813869991552
0.20285712377521212
0.19360613249474792
0.10658600774790798
-0.095918695668777
-0.17327378469699414
-0.1924739706680762
-0.20884636358007244
-0.22373867839561926
-0.22816635644963432
-0.23325591423649972
-0.22925937666710464
-0.1953287686508781
-0.08214515917029926
0.08280451037171313
0.1781456032429716
0.2105243962300663
0.21368526822887537
0.20113899115794087
0.19047387950061062
0.19425244836276304
0.2049876044702541
0.19880120153093608
0.11138901895940256
-0.10277462212467275
-0.17414602310804103
-0.19094233755246756
-0.20708540430267264
-0.22260880675933184
-0.2270965609751912
-0.23233156500148483
-0.22867681504397652
-0.1952589573735074
-0.08281508401161014
0.08229477543372746
0.17980736037349354
0.21182492459119173
0.213164065105016
0.19951152214210885
0.18870217157428562
0.19396411311432132
0.20725593377515758
0.20325582737779982
0.11548127912110621
-0.10916915664354006
-0.17457347538681123
-0.18962051038614056
-0.20557307091073648
-0.2215266402210205
-0.22598219757127352
-0.23132983502617835
-0.22799049574198196
-0.19509514008826917
-0.08341988311792094
0.08181070082113694
0.18110690511411928
0.2126946268180958
0.21242090235640923
0.19810906153623195
0.18739443216949933
0.1940550882154285
0.2093719094543306
0.20694103076699044
0.11896538558916575
-0.11491407781444157
-0.17459714261440404
-0.18843954700699253
-0.20424697117706958
-0.22052922069426542
-0.22492711174949148
-0.2303797899239604
-0.22734502072710083
-0.1949823847416111
-0.08403945708804791
0.0814757652376964
0.1822860049715316
0.2133232618441166
0.21154494998073584
0.19689326749172018
0.1864182996221284
0.1943574024334604
0.2112401860223565
0.20992071421387462
0.12193348572033792
-0.11998878728841592
-0.17431472554385652
-0.1873776825306075
-0.20307535745583613
-0.2196258036014156
-0.22396621108013398
-0.2295232819539584
-0.2267849517041554
-0.19495919626425492
-0.08469130772971986
0.08132069169134194
0.18343720111741388
0.21379037850991003
0.21058251390774424
0.19583940700959368
0.18570562939709984
0.1947923615253191
0.21284376518364717
0.2122891901458696
0.12447015183735503
-0.1244396652124078
-0.17382301540329026
-0.18642677288401419
-0.202039311087113
-0.21881508690748458
-0.22310878568368625
-0.22877065565362908
-0.2263195989830515
-0.19502788418189812
-0.08537307655326687
0.08134534706638323
0.1845972535300988
0.2141322772479935
0.2095595240697797
0.19492407819146199
0.18521110320943518
0.19531483040179026
0.21419442979156644
0.2141431714903333
0.12664908971660002
-0.12833465807013855
-0.17319828261585538
-0.18557922441002508
-0.20112370100475965
-0.21808994748599073
-0.22235267497768466
-0.22811954714625157
-0.22594526933135672
-0.19517905111754258
-0.08607746783329008
0.08153975754514566
0.1857816637228263
0.21436857102470686
0.20849282877286388
0.19412480577349017
0.18489972755699322
0.19589387818950518
0.21531378714981111
0.21557097348762683
0.12853189696793194
-0.13174389891575772
-0.17249521926158512
-0.18482566785906224
-0.20031465832261783
-0.21744048866830934
-0.22169046740458603
-0.22756231429241425
-0.22565347357082816
-0.19540002579267873
-0.08679671150441526
0.08189082328601267
0.1869961792521616
0.21451146028451623
0.20739499598628242
0.19342186352906016
0.1847424768853698
0.1965056545035832
0.2162258257039478
0.21664912363163485
0.13016880527641603
-0.13473205070474306
-0.17175145862483746
-0.18415574280426036
-0.19959934101261645
-0.21685623760129388
-0.22111275080137965
-0.22708939885150525
-0.22543422772552008
-0.195677834289281
-0.08752369983548129
0.0823845556384315
0.188240967529337
0.21456920351201209
0.20627642043477934
0.19280071438579005
0.18471346886727974
0.19712984320629637
0.21695360569945024
0.2174421064181523
0.1316007218647304
-0.13735645840499053
-0.17099263492262395
-0.1835592771486588
-0.19896621042646304
-0.2163274609259243
-0.22060982645773086
-0.2266908630495981
-0.225277363224466
-0.19600020484810607
-0.08825224628657789
0.08300702443325329
0.1895129626783492
0.21454794960314438
0.20514621634609928
0.19225478387225636
0.18478726465944875
0.19774726293227077
0.21751759722013309
0.2180034842882596
0.13286211361464964
-0.13966861773288405
-0.1702364276064453
-0.18302718169073473
-0.19840524522407968
-0.2158456924230021
-0.22017243807304684
-0.22635691969626986
-0.2251728651605964
-0.19635576543782787
-0.08897719668452132
0.08374496646128317
0.19080802863649884
0.21445314111761088
0.20401238817525125
0.19178787669012312
0.18493674824860404
0.19833841672098057
0.2179349911999837
0.21837763476602165
0.13398423644625232
-0.1417174574540353
-0.16949525691692865
-0.18255196442303182
-0.1979079329851501
-0.2154036618191295
-0.21979185229268333
-0.22607788548664198
-0.22511071484897133
-0.19673387461414948
-0.08969452336461059
0.08458627006170992
0.19212310810522482
0.21429060156473898
0.20288153131646106
0.19141493471799767
0.1851325532770741
0.19888341597216627
0.21821989707129916
0.21860169868912174
0.13499798060380339
-0.14355291787074803
-0.16877774807359366
-0.18212788455615364
-0.19746702984286785
-0.21499484917133255
-0.21945959049427646
-0.22584390086331635
-0.2250805821404813
-0.19712432780185804
-0.09040132630044921
0.08552027089716584
0.1934578566780752
0.21406704925426506
0.201758366158106
0.191159282442496
0.18534487064744243
0.19936368251617376
0.21838447486390974
0.21870745797033336
0.13593540103333726
-0.14522808766400244
-0.1680892922743289
-0.18175075982853145
-0.197076145701911
-0.21461291066413174
-0.21916710527305014
-0.225644740119504
-0.22507168656936052
-0.1975171427760615
-0.09109561726924129
0.08653764220778216
0.19481493412130532
0.21378975500274291
0.2006455166287001
0.1910433771857771
0.18554834668052692
0.19976582566702095
0.21844113244620417
0.2187229094754921
0.1368288169361413
-0.14679797062715008
-0.16743209275526139
-0.1814173739199412
-0.19672921522493486
-0.2142512608553482
-0.21890567403109432
-0.22547001894091642
-0.22507314765630154
-0.19790265025993173
-0.09177578562999195
0.08762954192231566
0.19619793768290328
0.21346517268777535
0.1995440099080942
0.19106904945810374
0.18573088709272478
0.20008814251138832
0.21840592451938642
0.21867322646402443
0.13770611394395169
-0.14831274879137535
-0.16680503563102636
-0.18112431784342983
-0.19641987557342722
-0.21390316299969692
-0.2186667657834672
-0.22531010063620416
-0.2250751719595429
-0.1982721904821642
-0.09243973109153082
0.08878568645845586
0.1976059525120997
0.213096532948668
0.19845494712000508
0.19119018344587072
0.18590513820900553
0.20034831268419268
0.2183022333268643
0.21858054441537206
0.1385816960126366
-0.14980449810640814
-0.1662037849758401
-0.18086619848961843
-0.1961408598915428
-0.21356270912467243
-0.21844310901281194
-0.22515788944277243
-0.22507129189857683
-0.19861972563825692
-0.09308396864573942
0.08999170409212869
0.19902513319527612
0.21268106406478865
0.197382387731974
0.19130689376571172
0.186112623978187
0.20058429157933017
0.218160661331913
0.21846210451055842
0.13944747911758562
-0.151272629258423
-0.16562185414733785
-0.1806340794138015
-0.19588396523404447
-0.21322670922245351
-0.21823037739086174
-0.22501102131535874
-0.22506096372546422
-0.1989440916571707
-0.0937036785180959
0.09122807244232924
0.20042295932023518
0.21220948741757342
0.19633609655477843
0.19131900199091859
0.1864038862487076
0.20083750412361237
0.21801035165416055
0.21832789109813727
0.14027501727540478
-0.15268287454491686
-0.16505330392942968
-0.18041632368767005
-0.19564143860164215
-0.2128963504803693
-0.21802850787175973
-0.2248726949790552
-0.22505022055739735
-0.19925012451101798
-0.0942946263438926
0.09247385485000766
0.20175538104232754
0.21167142418251556
0.195331206727377
0.19119632130437306
0.1868023755300412
0.20112712388764556
0.21786692791391388
0.21818072125769175
0.14103255968498277
-0.15398801692549277
-0.16449590451794008
-0.18020250765730975
-0.19540827816729117
-0.2125767449325639
-0.21784110821011912
-0.2247495451015932
-0.22504855465899926
-0.19954657434615633
-0.0948556178404534
0.0937134973880411
0.20298612028572574
0.21106443627870594
0.19438367801343387
0.19097740691233547
0.1872904814189371
0.2014427813740178
0.2177300357090655
0.21801960509663862
0.1417019105389645
-0.15515396898976694
-0.16395203540872627
-0.17998700134853093
-0.19518319143466242
-0.21227421474618596
-0.21767285224650565
-0.22464774254312228
-0.22506399757161855
-0.19984174775733005
-0.09538875100226145
0.09493980447480305
0.20410010798533426
0.21039778351970467
0.19350512695983596
0.19071863935146827
0.18782792555597755
0.20175940537262513
0.21759125140428584
0.21784344403531122
0.14228186198127143
-0.1561709303952196
-0.16342669342363883
-0.1797691443669863
-0.19496733429188307
-0.21199347679281902
-0.21752681767467702
-0.22457023280169233
-0.22510013267796608
-0.20014031346205594
-0.09589754378103191
0.09615124384936681
0.20510115373077725
0.2096881638148072
0.19270083167521462
0.19046225410742285
0.1883751229037672
0.2020536941757488
0.21744229814419103
0.21765274618643898
0.1427822833723521
-0.15704925507893028
-0.1629248087866841
-0.17955111460286846
-0.19476239999338127
-0.2117364720112135
-0.2174034367371508
-0.22451636431113375
-0.2251561432994876
-0.20044290845021034
-0.09638519057050735
0.09734800396911271
0.20600231385737514
0.2089533223378676
0.19197073292135516
0.1902320205101605
0.1889040375126841
0.20231103816384557
0.21727850240875765
0.21744962689769776
0.14321740094263857
-0.15781016194804806
-0.16244966805398808
-0.17933580911841737
-0.19456945552548005
-0.21150269684792183
-0.21730093202755996
-0.2244830269454286
-0.22522846914921846
-0.2007474973706729
-0.09685396813370169
0.0985298912408915
0.2068183206593178
0.2082081660442936
0.19131140835039329
0.1900385726721534
0.18939880237902035
0.20252531119428702
0.21709878867200555
0.21723715708505753
0.14360159693438726
-0.15847800727922012
-0.16200256359654444
-0.17912564534712755
-0.19438863394952086
-0.21129010099974407
-0.21721628646641286
-0.22446604338796897
-0.2253125350466038
-0.2010509737662195
-0.09730539718179373
0.09969596155169208
0.20756210725432328
0.2074636614221863
0.19071775851054829
0.1898847574836424
