[0.0011720027132710157, -0.002116188328799173]
[5.864469535804618E-4, -0.001758129183804631]
[-5.227141189345309E-4, -0.0013001967091470974]
[-0.0018361727262512547, -7.709949522608639E-4]
[-0.003244847433986263, -3.465249601102287E-4]
[-0.004907727852712749, -3.734294944344916E-4]
[-0.005929263975833334, 1.3840323350733331E-5]
[-0.006954631265292093, 7.861566612401617E-5]
[-0.008252061728457178, 3.8237617046966966E-4]
[-0.009939961185558588, 9.05450840496703E-4]
[-0.01244401259220089, 0.0017165770709176263]
[-0.009567006946178454, 0.0021944304919734314]
[-0.0048559196507858855, 0.002463958871435916]
[6.800026566610685E-4, 0.0024127351671468936]
[0.006652151490665152, 0.0023671134479025164]
[0.013628982160687548, 0.003140570450535513]
[0.020554348022953636, 0.0030388973408329847]
[0.02623020185981243, 0.0035096328175278284]
[0.03276921374688698, 0.0037213041883204794]
[0.04039311378935631, 0.003512173940937397]
[0.05009116658326788, 0.0026014336546094285]
[0.03930953130432898, -2.2891107387860076E-4]
[0.022353225329941877, -0.002821361569026665]
[0.0027256809687210334, -0.00452683800117981]
[-0.01831664912288068, -0.006060841899906295]
[-0.04278429826066534, -0.009687209857199168]
[-0.07072519592226066, -0.01256999239920941]
[-0.0923040783639876, -0.01632494488265468]
[-0.11675350356707541, -0.01975576347111209]
[-0.14469324051280114, -0.022037429880294158]
[-0.17882573115339662, -0.022037589808263078]
[-0.141358669809544, -0.010348116586279902]
[-0.08479615223442985, 4.51489352746374E-4]
[-0.018988320261223348, 0.007667429180888662]
[0.05176052558685279, 0.012833192298749758]
[0.1308725399559335, 0.02208817518960303]
[0.20995432311856294, 0.03223131672648181]
[0.26080810146105127, 0.04307875722306073]
[0.3084804913812637, 0.052020963545836046]
[0.3510540369959765, 0.056230510918643006]
[0.39007739833367944, 0.05371738371196092]
[0.29392003015351026, 0.027914878564163977]
[0.1684288987939985, 0.004422512947330334]
[0.029422534816901724, -0.012767285155296357]
[-0.1144890089617783, -0.02722982332369346]
[-0.2625825322497121, -0.05040036330852078]
[-0.3959287626342465, -0.07307247649303236]
[-0.465172680467668, -0.08875490732391281]
[-0.5234482288476315, -0.09898333946547995]
[-0.5696631915412594, -0.10065721141149236]
[-0.6090591192529486, -0.09225565790507159]
[-0.4588555490619792, -0.046838557005353026]
[-0.27275509738748294, -0.007001760892434897]
[-0.06318525109485457, 0.022011772712956297]
[0.1592242691844071, 0.044511361345247955]
[0.3821860622402439, 0.0760668742643385]
[0.5582186777385194, 0.10164602603572012]
[0.6344772180690843, 0.11678702756907229]
[0.6832360846034391, 0.12333440713604038]
[0.7049737341904635, 0.11820516667343267]
[0.7091122820637753, 0.10144613356659957]
[0.5230936251644726, 0.04796597280768013]
[0.3072604484925642, -2.8197559659155075E-4]
[0.07208943070382956, -0.038883334691127945]
[-0.17103063517746137, -0.07316527430342037]
[-0.4064603481474015, -0.11949606016545333]
[-0.6054207727444605, -0.14662278582249944]
[-0.689137105241191, -0.15279895839677082]
[-0.7456514104691655, -0.1492764966932863]
[-0.7751066056338826, -0.13472688051662998]
[-0.7885826354032658, -0.10940393988000022]
[-0.5939045787523676, -0.04076582888500946]
[-0.37066370159346546, 0.019397857070080217]
[-0.12449758735063439, 0.06619284199504197]
[0.13614535977602626, 0.10418296296805943]
[0.3927852720545818, 0.1498592005219323]
[0.6259070186439253, 0.16177885019737326]
[0.7326623653253481, 0.15692226787486302]
[0.7955396857203972, 0.14314867156800898]
[0.8142098278616625, 0.11942154002582867]
[0.8039607323902086, 0.08609844571397732]
[0.5968414957060311, 0.01519334553934653]
[0.3690564306246384, -0.05118642945864185]
[0.12840530268205938, -0.10802801151979861]
[-0.11551073016789666, -0.16041278692074917]
[-0.34881978730395313, -0.2243988752654572]
[-0.5899722540579136, -0.22932755526182885]
[-0.7107488023643213, -0.20428773512318402]
[-0.7924079477517216, -0.16922776626135838]
[-0.8304105270314504, -0.126714626443447]
[-0.8394421954036912, -0.07736817011525234]
[-0.6386315415452544, 0.014079140654892408]
[-0.4179675993089194, 0.09619088289219696]
[-0.18365691117232072, 0.16297165667542254]
[0.056723106549975144, 0.21869603029832188]
[0.2904109444369479, 0.2788926082084852]
[0.5672086824554259, 0.25561226801307635]
[0.722242194687025, 0.2092646881090972]
[0.8201477619357236, 0.15579720087359908]
[0.8537425579690303, 0.09927703595249732]
[0.8425379628863677, 0.03934737482423073]
[0.6295377698351519, -0.05545923874610763]
[0.4027562425765389, -0.1478863573706393]
[0.17161240707765024, -0.22921438468396665]
[-0.05338983132125541, -0.30312481169155814]
[-0.26247107520212826, -0.3849083551980914]
[-0.528659309745471, -0.353581537304148]
[-0.6884893220732983, -0.2799281426547846]
[-0.8022727875755877, -0.19610119707376042]
[-0.8553537368290991, -0.11190561715288964]
[-0.8646134011294585, -0.02821781232752571]
[-0.661559858988173, 0.09383972504607761]
[-0.4440622696973934, 0.20579857527902307]
[-0.22110283186492763, 0.2978491638437227]
[-0.002068060023518087, 0.37338267685144516]
[0.204463461145132, 0.4480101743056771]
[0.5036976943507177, 0.3839749002043715]
[0.6978563540311777, 0.2854152536394668]
[0.8284897022014702, 0.18080481735845078]
[0.8771929312782576, 0.08246700795752991]
[0.8660987373529223, -0.010664020840582239]
[0.647855643937568, -0.1358912582952776]
[0.41984760879734545, -0.260333220753468]
[0.19420417776909435, -0.36833610710639125]
[-0.01639766517730136, -0.4609716816500029]
[-0.20513299493929438, -0.5537365099684114]
[-0.481444111550811, -0.4856483133964922]
[-0.6681901105476719, -0.3613837597360605]
[-0.807140069290741, -0.2269913865801134]
[-0.871847982936502, -0.10043578514228597]
[-0.8803271523557616, 0.017410673885235706]
[-0.6732919933794478, 0.170208292189165]
[-0.45454091141717995, 0.3126619538435999]
[-0.2361089271700028, 0.4289962015558877]
[-0.02970388670824145, 0.5205411202311762]
[0.15884125297991702, 0.6038096347640175]
[0.46536346684624064, 0.504854234386787]
[0.6824695384028447, 0.3593520338898106]
[0.8348561598553583, 0.20853902244175299]
[0.8930611995372499, 0.07285392495147591]
[0.8806624032433915, -0.0496655868783909]
[0.6565998155579623, -0.20318581327753032]
[0.4249928932531946, -0.35660878356266296]
[0.20078794160610747, -0.4863407605893509]
[-0.0014534055066748042, -0.5904311963388318]
[-0.17736887247943225, -0.6856403045947251]
[-0.4565864795166006, -0.5878674754261803]
[-0.6581712369422984, -0.4239898931342321]
[-0.8122685049039867, -0.25090994538834743]
[-0.8831034666890343, -0.09262461196699379]
[-0.8893919405962954, 0.05062975445810389]
[-0.6774369989382603, 0.22747752735848661]
[-0.4549379709001789, 0.3947434032689365]
[-0.23670924046987096, 0.5300902256501913]
[-0.03634045796414059, 0.6321454786640776]
[0.14234227183344023, 0.718692597634197]
[0.44941262945483373, 0.5940267688642997]
[0.6771116806777226, 0.4141888935969672]
[0.84083630556667, 0.2302800988931048]
[0.9032566498312712, 0.06821589443426115]
[0.8887275410058355, -0.0751635955488634]
[0.6594289306982264, -0.25017514395603935]
[0.42382950492365445, -0.425048489612751]
[0.19932475988231074, -0.5693033420068346]
[0.001678674975633343, -0.6785484327325866]
[-0.16674076206007316, -0.7714069294502167]
[-0.4466737197907422, -0.6528169691536969]
[-0.6555727251306598, -0.46295340499338855]
[-0.8172235511056336, -0.26549256128306575]
[-0.8902069333746713, -0.08770048626571714]
[-0.8938527972266519, 0.07131424807479919]
[-0.6774225315975968, 0.26454791604877426]
[-0.45082256821482236, 0.4494890416117057]
[-0.23114708575111786, 0.5979508360713456]
[-0.033334531010813295, 0.7061214088965981]
[0.1401843680236043, 0.7931092964095852]
[0.4456386292622915, 0.651287328047917]
[0.6771522944618736, 0.44917394853361947]
[0.8456208163142854, 0.2446782314219827]
[0.9091960634479467, 0.06645391684642352]
[0.8926646379176859, -0.08997977295548662]
[0.6594586732269858, -0.2797688717232176]
[0.42061800929715154, -0.46896796684991776]
[0.19546423750112746, -0.6218978074268947]
[4.404506102747008E-4, -0.7326241363874867]
[-0.16357507554485498, -0.8217249120557495]
[-0.4440001156782104, -0.6896732474646844]
[-0.6564453122965246, -0.4842583255197227]
[-0.8212896698885772, -0.2731146086005104]
[-0.8943659158735834, -0.08479873277476219]
[-0.8956191687149303, 0.08290646772937368]
[-0.6757278193635934, 0.2865792896512314]
[-0.44568318200486506, 0.48328528205151866]
[-0.22434605680374084, 0.6401290466221908]
[-0.027590893910154096, 0.7514950183740645]
[0.1430907753783462, 0.8377347589298878]
[0.4466435170500021, 0.6852581066251993]
[0.6789706252684424, 0.4696619795408664]
[0.8488756528773901, 0.2534605165550351]
[0.9123174713689427, 0.06623821290874615]
[0.8943460176027292, -0.09776703126996888]
[0.6585816358071674, -0.2974047793857858]
[0.41748220002429687, -0.4959087581068728]
[0.19182994093464895, -0.6537885242889199]
[-0.0015646081304495907, -0.7642700459979785]
[-0.16290350520656502, -0.8497221845663558]
[-0.44413634323977624, -0.7091701255039287]
[-0.6584644510942064, -0.4947471562494129]
[-0.8243697334837968, -0.27649540658818716]
[-0.8967079447426222, -0.08313795418818656]
[-0.8960454113519187, 0.08888020243984227]
[-0.6736779826913503, 0.2990515326924593]
[-0.44104586789957895, 0.5034381699794152]
[-0.21835673893865182, 0.6654226922572932]
[-0.02212813906724226, 0.7781783030641598]
[0.14680438519607225, 0.8632068420657284]
[0.44880182202925073, 0.7044270266807031]
[0.6808800886715279, 0.48098213688783503]
[0.8508308086597063, 0.2585865778122308]
[0.9137721543251284, 0.06679163165118887]
[0.8949462035485324, -0.10134730018425289]
[0.6576675967028378, -0.3076360941610988]
[0.4151205602990593, -0.5123494113708403]
[0.18920617378538399, -0.6730703204843703]
[-0.0030673404957309025, -0.7826069781436622]
[-0.16269819372514044, -0.8649068067862159]
[-0.4450909146061801, -0.7188682033104695]
[-0.6606335476031114, -0.4991877653124701]
[-0.82666865186342, -0.2775208847969659]
[-0.8980313999188889, -0.08218792581337467]
[-0.8959049970272194, 0.09164160716342357]
[-0.6718153288819794, 0.30590363866592485]
[-0.43732154310811844, 0.5154153160204933]
[-0.21367561590582623, 0.6805142369412355]
[-0.017840074306914644, 0.7935846649895506]
[0.14984687096507004, 0.8772127896017377]
[0.4507551497197369, 0.7148014493735415]
[0.6823558538693673, 0.4868734693777709]
[0.8518759628903481, 0.2614800546830851]
[0.9143160713616816, 0.06768581109201274]
[0.8950892984920074, -0.10253790700311194]
[0.657006790208426, -0.31350631914382465]
[0.4135768481575092, -0.5226354406705127]
[0.18759096271781475, -0.6850700512804816]
[-0.003833694088775319, -0.7934195843567455]
[-0.16230822303433, -0.8730356376696498]
[-0.4461158546383734, -0.7232635928982787]
[-0.6626243263312437, -0.5003999347057795]
[-0.8284242233762292, -0.27730829691339987]
[-0.8988122592438297, -0.08164107803632481]
[-0.8955744405355481, 0.09262819185124371]
[-0.6702847585769299, 0.3095750925790786]
[-0.434455667664492, 0.5227043138406376]
[-0.21018144896063512, 0.6897182096317198]
[-0.014741283721965842, 0.8024780089041463]
[0.15193907562705722, 0.8846160448001823]
[0.45216644019951513, 0.7201193257753231]
[0.6833573751178645, 0.48964098034607967]
[0.8523461625673823, 0.2630375604239865]
[0.9143878642653475, 0.06869637149799773]
[0.8950676062768709, -0.10241456013980177]
[0.6566328880405318, -0.3168613412661998]
[0.4126811731123771, -0.5293934800800929]
[0.18674881722063405, -0.6929545396801621]
[-0.0039830389703778, -0.8000572362425957]
[-0.16162368878222394, -0.8773374042796438]
[-0.4469945099528958, -0.7248448173449038]
[-0.6643763369424884, -0.4999379830447528]
[-0.8298170248600539, -0.2764748918935432]
[-0.899306515993608, -0.08132921698255624]
[-0.8952124285665976, 0.09264581279480408]
[-0.6690707484216585, 0.31147711638955916]
[-0.4322622677651755, 0.5273682503066959]
[-0.20759498410129118, 0.6956110621398452]
[-0.0125843297690722, 0.8077004525143987]
[0.1532115249388017, 0.8882975519351044]
[0.4530691380606394, 0.7225711042925846]
[0.6839887153976691, 0.49062725599286683]
[0.8524740753298248, 0.2637926692011908]
[0.9142236457314772, 0.06971179704658234]
[0.8950026779961966, -0.10158724605444963]
[0.6564927168661331, -0.3187705387670541]
[0.4122389777635425, -0.5341374065441957]
[0.18643208684959378, -0.6985223167668944]
[-0.0037046844302194293, -0.8043825037045255]
[-0.1607072427978949, -0.8795640770947658]
[-0.4477060062307207, -0.724946126477015]
[-0.6659153645285572, -0.4986309696323335]
[-0.8309649914654259, -0.2753492171288446]
[-0.8996435352577116, -0.08116074398787132]
[-0.8948742977200291, 0.09213473462571722]
[-0.6681116162401458, 0.31239991921163246]
[-0.4305572789840447, 0.5305824639703768]
[-0.20565359143192669, 0.6996715660063947]
[-0.011103013676824175, 0.810884348494304]
[0.1538798243506246, 0.8899076909103865]
[0.4535912456488628, 0.7234046685060442]
[0.6843674509723228, 0.49059556129766946]
[0.8524059526043843, 0.2640565031711394]
[0.9139447357789885, 0.07068029226035119]
[0.8949376303205232, -0.10039407261494562]
[0.6565189655529824, -0.3198405181547366]
[0.41209226207142174, -0.5377218805309394]
[0.18644651587196667, -0.7027754574223078]
[-0.0031625812782647145, -0.8074145965191883]
[-0.1596521281925357, -0.880654730146664]
[-0.44828629383702784, -0.7242731831441884]
[-0.6672838347457781, -0.4969136854151121]
[-0.8319403729838017, -0.2741016246484963]
[-0.8998864338704433, -0.08108429079154916]
[-0.8945722605097206, 0.09133379357838453]
[-0.6673448884413252, 0.3127791571707407]
[-0.4291969180449082, 0.5330039466424932]
[-0.20415692575973998, 0.702731532881144]
[-0.01008476842190531, 0.8129493608649557]
[0.15413508101975285, 0.8903764282494478]
[0.4538572226704898, 0.7233225217028165]
[0.684586521468368, 0.4899764079494544]
[0.8522289229105982, 0.2640100367562805]
[0.9136116014041127, 0.07158039855467443]
[0.8948832354672561, -0.09902013299036555]
[0.6566550319563391, -0.32041268929543265]
[0.4121286997838379, -0.5406262894273496]
[0.18665705406354288, -0.7062694460458318]
[-0.002475194785910406, -0.809709420917282]
[-0.15853657929470272, -0.8811120975066304]
[-0.44877736356624354, -0.7231972386501828]
[-0.6685187601483391, -0.4950115528705342]
[-0.8327865536806799, -0.27281796765068644]
[-0.9000657026172502, -0.08106948413689011]
[-0.8943033320491812, 0.09037301189218763]
[-0.6667208613467652, 0.3128532281857844]
[-0.42807943618896455, 0.5349963224035962]
[-0.20296529567210964, 0.7052540349283645]
[-0.009378145688153233, 0.8144086745759863]
[0.15411972422541492, 0.8902237960499264]
[0.4539622805042234, 0.7227189115761306]
[0.6847101854837074, 0.48901290866069297]
[0.8519932103400821, 0.26375939759143596]
[0.9132537111308588, 0.07240544031845839]
[0.8948387654362134, -0.09756599634290336]
[0.6568598664453588, -0.3206791887844039]
[0.4122738972362816, -0.5431200632149185]
[0.18697589989699046, -0.7093132592302379]
[-0.0017205528858288965, -0.8115716214304933]
[-0.1574150636669414, -0.8812069031764933]
[-0.44921233176414593, -0.7219133119931439]
[-0.6696474146992977, -0.4930399858526876]
[-0.8335298566716397, -0.2715396289508971]
[-0.9001964394262528, -0.08109708666064477]
[-0.8940608953028473, 0.08932396879548576]
[-0.6662037035454829, 0.3127520176637869]
[-0.4271362048083868, 0.5367595707121325]
[-0.20198549595123455, 0.7074952812149309]
[-0.008880987370791765, 0.815547141913075]
[0.1539319761455531, 0.8897395666953959]
[0.4539721387765905, 0.7218154800661762]
[0.684779764275304, 0.4878433104490625]
[0.8517270549630872, 0.26336782603735465]
[0.9128851390154207, 0.07315558648671608]
[0.8948005561468725, -0.09608597084084738]
[0.657105917721865, -0.32074870236330044]
[0.41248072774100036, -0.5453558439324806]
[0.18734847249821776, -0.7120804416250898]
[-9.46934848099823E-4, -0.8131700062105521]
[-0.15632151105836561, -0.881086700267341]
[-0.4496136168733056, -0.7205238339116524]
[-0.6706885811535981, -0.49105691398672374]
[-0.8341868424532302, -0.27028488480815904]
[-0.9002867205397728, -0.08115397315348727]
[-0.8938388211421027, 0.08822681192193274]
[-0.6657687338436973, 0.3125459669729066]
[-0.42632190170196127, 0.538402940731747]
[-0.20115654299647634, 0.7095962099829188]
[-0.008526176188960816, 0.8165221577471224]
[0.15363693914635276, 0.8890848033289718]
[0.4539296213175984, 0.7207374100806282]
[0.6848205240520012, 0.4865471479140989]
[0.8514459420664883, 0.2628739041055719]
[0.9125124545718426, 0.07383392712268544]
[0.8947650862857208, -0.09460916000099001]
[0.6573755666917687, -0.3206832920651027]
[0.4127202678231112, -0.5474212604847257]
[0.18774202799852957, -0.7146700086562077]
[-1.8263150885808321E-4, -0.814599767260194]
[-0.15527503324214362, -0.8808334537442137]
[-0.4499950234261426, -0.7190826030130986]
[-0.6716549071017301, -0.4890903731129942]
[-0.8347685532909445, -0.2690602137274808]
[-0.9003415029934103, -0.08123054906046795]
[-0.8936325206157818, 0.08710469224855474]
[-0.6653992256865235, 0.3122729871806245]
[-0.4256066770520177, 0.5399854796524179]
[-0.20043865445277279, 0.7116336708518749]
[-0.00827001137444272, 0.8174201010792547]
[0.15327691437150542, 0.8883486846295796]
[0.4538615653460543, 0.7195558759273044]
[0.6848472267821317, 0.4851709407997618]
[0.8511580842805269, 0.262301925921493]
[0.9121386334738082, 0.0744445969492658]
[0.894729807314963, -0.09315097617115264]
[0.6576579233835067, -0.32051889166811753]
[0.41297521028753714, -0.5493675649906468]
[0.1881375796556315, -0.7171397140831923]
[5.567758035953108E-4, -0.8159159395497592]
[-0.15428499769040468, -0.8804939728929932]
[-0.45036437222243525, -0.7176178549107486]
[-0.6725549688027959, -0.48715297053711965]
[-0.8352829005598764, -0.2678662534990029]
[-0.9003643758022188, -0.08131939808549765]
[-0.8934388922643584, 0.08597149335131904]
[-0.6650837888908995, 0.3119531943804732]
[-0.42497062330753355, 0.5415384744900926]
[-0.19980560396383262, 0.7136488979737436]
[-0.008083928832702147, 0.8182877869404412]
[0.15287917920330896, 0.8875802129687095]
[0.45378424826746977, 0.7183116946058667]
[0.6848680392395355, 0.4837425209218005]
[0.8508676089197058, 0.26166781364496444]
[0.9117649714187962, 0.07499191495294075]
[0.8946931566364872, -0.09171942527517507]
[0.6579464342856407, -0.32027671278929803]
[0.41323543315752537, -0.5512254782014521]
[0.18852454507622812, -0.7195242393434357]
[0.0012634688958368945, -0.8171514223026434]
[-0.15335475566053708, -0.8800960270641478]
[-0.450725655418477, -0.7161443810323614]
[-0.6733947592887368, -0.4852494658383562]
[-0.8357359823507747, -0.26670092292389547]
[-0.9003583131950319, -0.08141455219922472]
[-0.8932559709407537, 0.08483599018346777]
[-0.6648144919315043, 0.31159698804824876]
[-0.424400110642457, 0.5430778782080816]
[-0.1992397072648907, 0.7156633437747364]
[-0.007948983720428876, 0.8191499926198784]
[0.1524613383048068, 0.8868059227208407]
[0.45370719646937796, 0.7170285391980753]
[0.6848871078336088, 0.48227905437471597]
[0.8505763886205284, 0.26098251184880444]
[0.9113920117428724, 0.07548001651023112]
[0.8946543403483758, -0.09031853890604077]
[0.6582372453798542, -0.31996961246321487]
[0.41349515202250886, -0.553013988471432]
[0.18889734583796824, -0.7218451770667986]
[0.0019342078162425669, -0.8183267254281683]
[-0.1524841434328659, -0.8796569141866601]
[-0.45108055615756365, -0.714669907291704]
[-0.6741786688281275, -0.4833807406547721]
[-0.8361328035927899, -0.2655610436610323]
[-0.9003259815930261, -0.08151108110197897]
[-0.893082571824853, 0.0837041011151737]
[-0.6645856044639707, 0.3112094920558001]
[-0.4238854465994078, 0.5446112013816004]
[-0.19872863956629083, 0.7176874969252961]
[-0.007852308583038009, 0.8200192417295223]
[0.15203483183122518, 0.886039794469022]
[0.4536357081470988, 0.7157203533550847]
[0.6849061899763923, 0.48079156035870907]
[0.850285084067912, 0.26025395068561985]
[0.9110199901676524, 0.07591271824690896]
[0.8946131005087054, -0.08895024977452898]
[0.6585281382350097, -0.31960566647786615]
[0.41375114458555073, -0.5547452662734712]
[0.18925330839126367, -0.7241165439695876]
[0.002568352986373229, -0.819455273495008]
[-0.15167106939228886, -0.8791880432535014]
[-0.4514294387287273, -0.7131984588825866]
[-0.674910098495159, -0.4815458715301794]
[-0.8364776689243285, -0.2644431691663403]
[-0.90026985569328, -0.08160484901225712]
[-0.8929180128733826, 0.08258011625795497]
[-0.6643927886929559, 0.3107930036918816]
[-0.42341941495750174, 0.5461413421650472]
[-0.19826345445387616, 0.7197258025625719]
[-0.007784888509626109, 0.8209012783962572]
[0.15160717358831155, 0.8852888209418603]
[0.45357246946948004, 0.7143955330148026]
[0.6849256620361297, 0.4792874742015449]
[0.8499937332600537, 0.2594881926871503]
[0.9106490441342945, 0.07629348915681042]
[0.894569529681773, -0.08761541541146295]
[0.658817861623306, -0.3191901884319361]
[0.41400166794522586, -0.5564274308835556]
[0.18959139615959042, -0.7263478503721537]
[0.0031666703778284455, -0.8205463168065782]
[-0.1509124807922608, -0.8786974050374426]
[-0.45177196143064363, -0.7117321387283894]
[-0.6755918319540876, -0.479743204328405]
[-0.8367743987089085, -0.26334399502105055]
[-0.9001922579069922, -0.08169236152934331]
[-0.8927619214645197, 0.08146737241750301]
[-0.664232592631624, 0.31034834779516707]
[-0.4229963760518497, 0.5476687179158221]
[-0.19783736425134352, 0.72177941130387]
[-0.007740179957470894, 0.8217981349897955]
[0.15118335803215904, 0.884556138236491]
[0.45351856948054936, 0.7130592971138339]
[0.6849451310772476, 0.477772111995577]
[0.849702081009188, 0.258690110909213]
[0.9102793075603295, 0.0766254675143411]
[0.8945239393209138, -0.08631437399265943]
[0.6591057219427383, -0.31872688028394863]
[0.4142458101383132, -0.558066124149327]
[0.18991145792312414, -0.7285458282702424]
[0.003730627132016856, -0.8216065477372996]
[-0.15020493198892015, -0.8781909194260147]
[-0.45210744117685464, -0.7102720685783388]
[-0.6762262562550369, -0.47797090227848893]
[-0.8370264503641232, -0.2622605489968325]
[-0.9000953701237442, -0.0817706626965983]
[-0.8926141080896561, 0.08036862658056873]
[-0.6641021378710251, 0.30987562655533696]
[-0.4226117169534004, 0.5491924516730863]
[-0.1974449926598929, 0.7238477148614275]
[-0.007713257089297848, 0.8227098513047614]
[0.15076673960554726, 0.8838427881569282]
[0.45347413022050126, 0.7117150382073297]
[0.6849638008934628, 0.47624951423611234]
[0.8494097600719605, 0.2578637959438652]
[0.9099109499127386, 0.07691149526274899]
[0.8944767716317793, -0.08504724209180367]
[0.6593913373268236, -0.31821849484355924]
[0.41448310828231294, -0.559665418034891]
[0.19021379056963128, -0.7307154188050311]
[0.004261986802837792, -0.8226410125759365]
[-0.1495449059138224, -0.8776731820731801]
[-0.45243506265796984, -0.7088188867537691]
[-0.6768154916477448, -0.47622721634738135]
[-0.8372369892790827, -0.26119026605243556]
[-0.899981237492947, -0.08183726123410767]
[-0.8924744873456384, 0.07928626374764106]
[-0.6639989292675873, 0.30937463430586526]
[-0.42226151624480013, 0.5507110310341096]
[-0.197081916387807, 0.7259292014498545]
[-0.007700283101104183, 0.8236354354476894]
[0.15035958312730466, 0.883148707949154]
[0.4534386959427479, 0.7103650952861809]
[0.6849806881773652, 0.4747229358353217]
[0.8491163878009709, 0.25701280460257697]
[0.9095441883570805, 0.07715415698641062]
[0.8944285422929921, -0.08381406960439719]
[0.6596744928781303, -0.317667222173423]
[0.4147133278773353, -0.5612283476495722]
[0.19049889036760656, -0.7328603480945105]
[0.004762584125704933, -0.8236536373750751]
[-0.1489289870195852, -0.8771478877247321]
[-0.4527539935882954, -0.7073730104081875]
[-0.6773614679720705, -0.4745106093257774]
[-0.837408932909588, -0.2601310040548681]
[-0.8998517712948724, -0.08189007453992386]
[-0.8923430301105644, 0.07822241288151024]
[-0.6639207396336506, 0.3088450858301722]
[-0.4219423391153223, 0.5522226718257979]
[-0.19674438222603963, 0.7280219290268132]
[-0.007698180119067255, 0.8245733972283764]
[0.149963411182437, 0.8824732826739942]
[0.4534114735164359, 0.7090111975434884]
[0.6849947483717871, 0.4731951332229616]
[0.8488216149482282, 0.25614031507700485]
[0.9091792870997686, 0.07735581786275375]
[0.8943798036634356, -0.08261491550530681]
[0.6599550572928443, -0.3170749185783909]
[0.414936338330867, -0.5627572320964199]
[0.19076731584660778, -0.734983472388466]
[0.005234205539137254, -0.8246475404552583]
[-0.14835394703289267, -0.8766180779705659]
[-0.4530634448584413, -0.7059347723015641]
[-0.6778659702997505, -0.47281980321748984]
[-0.837544980498563, -0.2590810297764823]
[-0.899708752856332, -0.08192738407061442]
[-0.8922197353535759, 0.07717901137707195]
[-0.66386553996164, 0.3082867404508972]
[-0.4216511111431753, 0.5537255164417944]
[-0.1964291302672098, 0.7301237836619461]
[-0.007704420041032778, 0.8255220402862667]
[0.1495792267293247, 0.8818156496176426]
[0.4533914815813702, 0.7076547198000088]
[0.6850049475958724, 0.47166853404874937]
[0.8485251476311628, 0.25524922605724687]
[0.908816550905378, 0.07751865836620414]
[0.894331121077077, -0.08144987981937976]
[0.6602329362289414, -0.31644324497287546]
[0.4151520453023819, -0.564253873952167]
[0.19101961593649658, -0.7370869926227327]
[0.005678530936039039, -0.8256252256422736]
[-0.14781678083694466, -0.8760862925059805]
[-0.453362699270865, -0.7045044904928217]
[-0.6783306671580702, -0.47115378687366727]
[-0.8376476349384505, -0.25803899076416875]
[-0.8995538386058827, -0.08194779837842031]
[-0.8921046138587783, 0.07615784039356097]
[-0.6638314570195425, 0.307699467664204]
[-0.4213850394822718, 0.555217739683928]
[-0.1961332813677069, 0.732232617296985]
[-0.0077168891523163585, 0.8264796182257127]
[0.14920765888313028, 0.8811748622169769]
[0.4533776438973788, 0.7062968296242753]
[0.6850103026361382, 0.4701453383383201]
[0.8482267545148638, 0.2543422216499154]
[0.9084563162707315, 0.07764470501927817]
[0.89428305731725, -0.08031911158613456]
[0.6605080473786658, -0.3157737524188713]
[0.4153603562171995, -0.5657196884630997]
[0.19125629573603015, -0.7391725940448826]
[0.006097110145289075, -0.8265887078173155]
[-0.1473147147366822, -0.8755546664795189]
[-0.4536511229251029, -0.7030825020735911]
[-0.6787571290071173, -0.4695118035140881]
[-0.8377192201699791, -0.2570038812535045]
[-0.8993885658411823, -0.08195022153998063]
[-0.8919976789318076, 0.07516054354050211]
[-0.663816747269866, 0.3070832798670951]
[-0.4211415626311051, 0.5566976030757407]
[-0.19585426365880182, 0.7343463181707897]
[-0.007733798019539245, 0.8274444144686218]
[0.14884906106744078, 0.8805499747095151]
[0.4533688484983655, 0.7049385719082366]
[0.6850099021791521, 0.46862757920905945]
[0.8479262661179612, 0.25342181494355764]
[0.9080989420026366, 0.07773585714344622]
[0.8942361621561483, -0.07922280394535922]
[0.6607803081781811, -0.3150679363390647]
[0.4155611648711799, -0.5671557913661093]
[0.19147780358316635, -0.7412415420911223]
[0.006491358558707916, -0.8275395992694043]
[-0.14684520013662722, -0.8750249970285398]
[-0.45392816741970654, -0.70166917759934]
[-0.6791468413020314, -0.46789332858784516]
[-0.8377618958855484, -0.2559750063558526]
[-0.8992143587568071, -0.08193382553413825]
[-0.8918989410472905, 0.07418863599706502]
[-0.6638197804537451, 0.30643834648244533]
[-0.42091831750033504, 0.5581634807257435]
[-0.19558976299061231, 0.7364628440720999]
[-0.0077536194840594486, 0.8284147797627689]
[0.14850357925004215, 0.8799400824544437]
[0.45336398575401426, 0.7035809171877994]
[0.6850029171286688, 0.46711715944190796]
[0.8476235701855799, 0.25249037786758993]
[0.9077448000742345, 0.07779390982469295]
[0.8941909650419234, -0.07816118264063171]
[0.6610496307370556, -0.3143272717159156]
[0.41575434680110784, -0.5685630618029245]
[0.1916845298524186, -0.7432947521153284]
[0.006862562843277603, -0.8284791727319453]
[-0.14640590011838528, -0.8744987916679052]
[-0.45419336750222694, -0.700264925177958]
[-0.6795012145389752, -0.4662980435320847]
[-0.8377776704670575, -0.25495194665621224]
[-0.8990325344041908, -0.08189802560798246]
[-0.8918084046213071, 0.07324350814644226]
[-0.6638390288538575, 0.30576499750715025]
[-0.4207131170202392, 0.5596138697350155]
[-0.19533768823041292, 0.7385802354975264]
[-0.0077750443848539075, 0.8293891466454042]
[0.14817120102472775, 0.8793443378951094]
[0.4533619732658715, 0.7022247888782971]
[0.6849886046469805, 0.4656158734423685]
[0.8473186053615354, 0.25155016196655433]
[0.907394267189205, 0.07782057339647772]
[0.8941479697783932, -0.077134491526506]
[0.6613159207741328, -0.31355323637476196]
[0.4159397605257244, -0.5699421897787136]
[0.19187681190764982, -0.7453328430010753]
[0.00721189153979665, -0.8294084100623939]
[-0.1459946731226645, -0.8739773055752926]
[-0.4544463367202162, -0.6988701890669925]
[-0.6798215925839404, -0.4647258083760476]
[-0.8377684126592897, -0.2539345242585976]
[-0.8988443083924967, -0.08184245796433098]
[-0.8917260658643069, 0.07232642612966106]
[-0.6638730598614702, 0.30506372099018253]
[-0.42052393423080114, 0.5610473924411353]
[-0.19509614593937322, 0.7406966183568987]
[-0.007796948718803903, 0.8303660318151033]
[0.1478517921097992, 0.8787619535604679]
[0.4533617723971617, 0.7008710782147343]
[0.6849663086473781, 0.46412542022856373]
[0.8470113544022438, 0.2506033129420679]
[0.9070477172509976, 0.07781748975751424]
[0.8941076505138236, -0.07614297713404064]
[0.6615790786658743, -0.31274732648146936]
[0.41611725179508496, -0.5712937136373744]
[0.19205494199665823, -0.7473561804410951]
[0.007540407614653133, -0.8303280416965044]
[-0.14560955602253908, -0.873461571766232]
[-0.45468676242560363, -0.6974854454272122]
[-0.6801092599675447, -0.4631766347414145]
[-0.8377358622615032, -0.25292277074186253]
[-0.8986508002475124, -0.08176695929177874]
[-0.8916519111431777, 0.07143853077343942]
[-0.6639205304389281, 0.3043351569715399]
[-0.4203488904060802, 0.5624627945570294]
[-0.19486342109805307, 0.7428102016314305]
[-0.00781836838536551, 0.8313440325917728]
[0.14754512431341327, 0.8781921985806421]
[0.45336239935386113, 0.6995206520102972]
[0.6849354583268557, 0.4626474108270942]
[0.8467018376018622, 0.24965188077227551]
[0.9067055148109853, 0.07778624582929514]
[0.8940704486403339, -0.07518687347885458]
[0.661839001498692, -0.3119110666905179]
[0.4162866591851156, -0.5726180507570787]
[0.1922191762555162, -0.749364913269781]
[0.007849081349923848, -0.8312385798746084]
[-0.14524874776881647, -0.8729524264804234]
[-0.4549144008037036, -0.6961111966918003]
[-0.6803654484895483, -0.46165066004217703]
[-0.8376816400076573, -0.25191689719539045]
[-0.8984530384183324, -0.08167154778456279]
[-0.8915859155645429, 0.07058083580000177]
[-0.663980182645695, 0.3035800893035404]
[-0.4201862457224234, 0.5638589414278649]
[-0.19463796183080997, 0.7449192729721357]
[-0.007838479122976028, 0.832321820910018]
[0.14725089749937126, 0.8776343923594949]
[0.4533629326043711, 0.6981743562201399]
[0.684895565653971, 0.4611833721407481]
[0.8463901067669364, 0.2486978265986231]
[0.9063680095027997, 0.07772838443803673]
[0.8940367703748298, -0.07426638779668412]
[0.6620955854827882, -0.311046016409934]
[0.41644782007942815, -0.5739155233685996]
[0.1923697437961987, -0.7513590048677473]
[0.008138802717546662, -0.8321403474343729]
[-0.1449105941613168, -0.8724505311720001]
[-0.45512907222051574, -0.6947479653645832]
[-0.6805913432936512, -0.46014812328608623]
[-0.8376072567465194, -0.25091726635882117]
[-0.8982519649642425, -0.08155640538829478]
[-0.8915280416560751, 0.06975422590479116]
[-0.6640508397398688, 0.3027994361547963]
[-0.4200343915517296, 0.565234813588202]
[-0.19441836684522212, 0.7470221938457293]
[-0.007856580122479168, 0.8332981367232835]
[0.14696875717125968, 0.8770878974159847]
[0.45336251774621783, 0.6968330170632602]
[0.6848462223286461, 0.4597347485779644]
[0.8460762398880015, 0.24774302719668864]
[0.9060355314334498, 0.0776454128856236]
[0.8940069848911407, -0.07338168760136579]
[0.6623487283611681, -0.3101537730948423]
[0.4166005764943503, -0.5751863806485367]
[0.19250685531852718, -0.753338260871014]
[0.008410392817346013, -0.8330335032766119]
[-0.1445935739523506, -0.8719563919701177]
[-0.455330656979257, -0.6933962877061792]
[-0.6807880884770616, -0.45866934266416437]
[-0.8375141219997256, -0.24992436682253585]
[-0.8980484399747761, -0.08142186107309757]
[-0.8914782381143004, 0.06895945509216736]
[-0.6641314025720197, 0.30199423965248506]
[-0.4198918438040959, 0.5665895022140764]
[-0.19420337476434926, 0.7491173950491887]
[-0.00787208033453049, 0.8342717817985303]
[0.1466983087363455, 0.8765521124673272]
[0.45336037051957156, 0.6954974407368094]
[0.6847870964968856, 0.4583029022739239]
[0.8457603365467332, 0.24678927761932998]
[0.9057083874814403, 0.07753880945664168]
[0.8939814229294465, -0.07253288928816704]
[0.6625983316113919, -0.3092359731649634]
[0.41674478044596186, -0.5764308178042926]
[0.19263071095737422, -0.7553023539590171]
[0.00866461420261505, -0.8339180652099171]
[-0.14429628630298458, -0.8714703771700831]
[-0.455519091474087, -0.6920567075696273]
[-0.6809567922514469, -0.45721469499862544]
[-0.8374035519555164, -0.24893878921817053]
[-0.8978432457817515, -0.08126837498589484]
[-0.8914364386347831, 0.06819714553461409]
[-0.664220846110674, 0.3011656549305485]
[-0.41975723695211925, 0.5679222047364301]
[-0.19399185481114598, 0.7512033729690033]
[-0.0078844868136706, 0.8352416143691925]
[0.1464391291689288, 0.876026466288133]
[0.45335577842050534, 0.6941684123376397]
[0.6847179293672045, 0.45688911245585817]
[0.845442514036262, 0.24583829245704797]
[0.9053868584407196, 0.07741002809407932]
[0.893960375840147, -0.07172004840001847]
[0.6628443023353299, -0.30829429096192074]
[0.4168802987006531, -0.5776489926139212]
[0.19274150723099417, -0.7572508462243476]
[0.008902180050986003, -0.8347939306406982]
[-0.14401743951966164, -0.8709927331310364]
[-0.45569436468201274, -0.6907297705354686]
[-0.6810985316503414, -0.4557845970567124]
[-0.8372767769420425, -0.2479612043209083]
[-0.8976370910188697, -0.08109652337328929]
[-0.8914025608616026, 0.06746778713707194]
[-0.6643182160122467, 0.30031493875231896]
[-0.41962931849715635, 0.5692322207029488]
[-0.1937827984789471, 0.7532786867120406]
[-0.007893394644552992, 0.8362065448245452]
[0.1461907765800716, 0.875510412572404]
[0.45334810121698943, 0.6928466943602121]
[0.6846385317974952, 0.4554945743344232]
[0.8451229041394991, 0.2448917060672155]
[0.9050711969430478, 0.07726050146416447]
[0.8939440950354547, -0.07094315160650042]
[0.6630865547908562, -0.30733043606147314]
[0.41700701683505104, -0.5788410397354891]
[0.19283944304472067, -0.759183209463402]
[0.009123762209330893, -0.835660895428209]
[-0.1437558409578829, -0.8705235988408448]
[-0.45585651491772156, -0.6894160184317641]
[-0.6812143567706674, -0.45437948870361855]
[-0.8371349484138253, -0.24699234298703368]
[-0.8974306145761004, -0.08090698419851472]
[-0.8913765054985542, 0.06677173792769397]
[-0.6644226251925984, 0.2994434378269594]
[-0.41950694371843333, 0.5705189478813423]
[-0.19357531193285338, 0.7553419560985879]
[-0.007898478124984426, 0.8371655324523495]
[0.1459527980654789, 0.8750034258520487]
[0.45333677057888055, 0.6915330249956539]
[0.6845487808775466, 0.4541203977947831]
[0.8448016504941026, 0.2439510720602183]
[0.9047616260881141, 0.07709164262043514]
[0.8939327918292308, -0.07020211039903168]
[0.6633250115549367, -0.3063461491998668]
[0.41712484258146715, -0.58000708301362]
[0.192924724754293, -0.7610988436261015]
[0.009329998176685034, -0.8365186711306768]
[-0.14351038796760945, -0.8700630193334379]
[-0.45600562677632395, -0.6881159842864311]
[-0.6813052945362369, -0.45299981784841203]
[-0.8369791454770305, -0.24603297785549644]
[-0.8972243894854196, -0.080700523402016]
[-0.8913581556214312, 0.06610922534998737]
[-0.6645332503843667, 0.2985525769176953]
[-0.41938907059819375, 0.5717818785521088]
[-0.1933686089595369, 0.7573918604366134]
[-0.00789948296503426, 0.8381175831644105]
[0.14572473611535972, 0.8745049984301679]
[0.45332128897655, 0.6902281163715189]
[0.6844486165095418, 0.4527676060895228]
[0.8444789064663678, 0.2430178622843983]
[0.9044583387094284, 0.07690484546767345]
[0.8939266376477227, -0.06949675647162834]
[0.663559604329318, -0.3053431970427683]
[0.41723370846551827, -0.5811472459600571]
[0.1929975703211606, -0.7629970935988739]
[0.009521497104510446, -0.8373669008070417]
[-0.1432800597581489, -0.8696109580923717]
[-0.4561418281973938, -0.6868301877361614]
[-0.6813723519750867, -0.4516460271256249]
[-0.8368103809729641, -0.24508390674817643]
[-0.8970189267631654, -0.08047798177645799]
[-0.8913473762230357, 0.06548034849372084]
[-0.6646493286807096, 0.29764384683314965]
[-0.41927475485128085, 0.5730205959217638]
[-0.19316200433245112, 0.7594271379620467]
[-0.007896219318791864, 0.8390617480903179]
[0.14550613381113026, 0.8740146382370968]
[0.45330122796746913, 0.6889326528212107]
[0.6843380379782527, 0.45143713468582436]
[0.8441548334558912, 0.24209346551588298]
[0.9041614972039516, 0.07670148421719308]
[0.8939257645930727, -0.06882683872984499]
[0.6637902744133279, -0.3043233660079877]
[0.4173335737614745, -0.5822616605556432]
[0.19305821260773165, -0.7648772644534848]
[0.009698844898150316, -0.838205173496857]
[-0.14306391007077188, -0.8691673085381995]
[-0.4562652875957337, -0.6855591309018114]
[-0.6814165190083994, -0.45031854224793866]
[-0.8366296071345685, -0.2441459377086212]
[-0.896814679223564, -0.08024026244394969]
[-0.8913440140128205, 0.06488508127024428]
[-0.6647701540760768, 0.2967187923935284]
[-0.41916314501222257, 0.5742347705860876]
[-0.19295490749452385, 0.7614465858168481]
[-0.007888555505728478, 0.8399971229048844]
[0.14529653899280456, 0.8735318674931056]
[0.4532762259676801, 0.6876472892415795]
[0.6842171004992974, 0.4501298303826309]
[0.8438295995559356, 0.24117918602963123]
[0.9038712338543665, 0.0764829120156357]
[0.8939302663391031, -0.06819202184846784]
[0.6640169728763701, -0.3032884553426031]
[0.41742442580293254, -0.5833504745043028]
[0.1931069018691318, -0.766738635266539]
[0.009862608502250764, -0.839033037471447]
[-0.14286106056078152, -0.8687319046709998]
[-0.45637621101737963, -0.6843032947309144]
[-0.6814387707554266, -0.44901776196015514]
[-0.8364377208274333, -0.24321987562258682]
[-0.8966120452683823, -0.07998831893655214]
[-0.8913478974828117, 0.0643232765105671]
[-0.6648950740206075, 0.2957790004665093]
[-0.4190534775509421, 0.5754241569800681]
[-0.19274681648639785, 0.7634490604357851]
[-0.007876412308196634, 0.8409228477493906]
[0.1450955075512344, 0.8730562220529133]
[0.4532459855905929, 0.6863726495785962]
[0.6840859117347473, 0.4488464507848208]
[0.843503378499665, 0.24027624220194765]
[0.9035876515745966, 0.07625045891951673]
[0.8939401993358675, -0.06759188628005042]
[0.6642396604673018, -0.3022402696471559]
[0.4175062806942706, -0.5844138570602995]
[0.19314390750267887, -0.7685804715956237]
[0.010013339449224085, -0.8398500123285414]
[-0.14267069480469408, -0.8683045309204276]
[-0.45647483929205634, -0.6830631358018746]
[-0.681440069365552, -0.44774404952034413]
[-0.836235568384855, -0.24230651036552658]
[-0.8964113726496432, -0.07972314389095336]
[-0.8913588372415546, 0.06379467094090133]
[-0.66502348600799, 0.2948260881708401]
[-0.41894507200180503, 0.576588589762655]
[-0.1925373120682172, 0.7654334782187231]
[-0.007859757754094837, 0.8418381076095676]
[0.14490260597697696, 0.8725872513072601]
[0.45321027062590413, 0.6851093254692109]
[0.6839446282686441, 0.44758766419771223]
[0.8431763488288854, 0.23938576527085964]
[0.9033108250115969, 0.07600542937708338]
[0.8939555842962679, -0.06702592960077813]
[0.6644583073001629, -0.3011806110318183]
[0.41757918347356904, -0.5854520035449449]
[0.19316951911868763, -0.7704020366850308]
[0.010151576745077995, -0.8406555999876502]
[-0.1424920528613643, -0.8678849312418349]
[-0.45656144516492614, -0.681839083580165]
[-0.6814213653951721, -0.4464977256301186]
[-0.8360239500456701, -0.24140660642224962]
[-0.8962129621959206, -0.07944575837489079]
[-0.8913766266088566, 0.06329889097018301]
[-0.6651548342180481, 0.29386169134728013]
[-0.41883732610122304, 0.5777279800975801]
[-0.19232605199870298, 0.7673988163748504]
[-0.007838602311405846, 0.8427421330208222]
[0.14471741327990081, 0.8721245185221005]
[0.45316890272464505, 0.6838578750596422]
[0.6837934520394551, 0.4463540499849046]
[0.8428486932291153, 0.2385087983584073]
[0.9030408019394492, 0.07574909936740629]
[0.893976407935073, -0.06649356906742812]
[0.6646728923562581, -0.3001112710806387]
[0.41764320778103436, -0.5864651386661611]
[0.19318404699730457, -0.7722026014651013]
[0.010277849162020736, -0.8414492946330117]
[-0.14232442632755113, -0.8674728174873461]
[-0.4566363304005887, -0.6806315381137658]
[-0.681383598753049, -0.445279062732269]
[-0.8358036240037381, -0.24052089392250672]
[-0.8960170714880318, -0.07915720186672476]
[-0.8914010424563518, 0.0628354592072339]
[-0.6652886062354558, 0.29288745339592337]
[-0.41872971093721195, 0.5788423118049816]
[-0.1921127654479456, 0.7693441138368301]
[-0.007812994435595577, 0.8436342009816026]
[0.14453952237919487, 0.8716676015043242]
[0.45312175785132935, 0.6826188220147256]
[0.6836326267314282, 0.4451460994146428]
[0.8425205979822844, 0.23764629583775979]
[0.9027776048853676, 0.0754827133341279]
[0.8940026249281625, -0.0659941452492385]
[0.6648834028418605, -0.29903402278940633]
[0.4176984550890132, -0.5874535187526343]
[0.1931878219963267, -0.7739814534032509]
[0.010392677002555223, -0.8422305916439683]
[-0.14216715383841896, -0.8670678770742928]
[-0.45669982286081046, -0.6794408681526828]
[-0.6813276992431339, -0.44408828059042227]
[-0.8355753100788987, -0.2396500610335222]
[-0.8958239184667695, -0.0788585229107896]
[-0.8914318462725423, 0.06240380161173803]
[-0.6654243298651181, 0.29190501457570156]
[-0.41862176612063634, 0.5799316373713795]
[-0.19189724753061974, 0.7712684721554207]
[-0.007783016422611089, 0.8445136359677728]
[0.14436854105116692, 0.8712160934930229]
[0.4530687625600409, 0.6813926547285684]
[0.6834624341316804, 0.443964217004051]
[0.8421922524958969, 0.23679912310797666]
[0.9025212329312746, 0.07520748103788563]
[0.894034160057914, -0.06552692659152773]
[0.665089833439077, -0.29795061263018185]
[0.4177450535505965, -0.5884174330129059]
[0.193181194974607, -0.7757379042609711]
[0.010496573395498504, -0.842998995548412]
[-0.14201961697168775, -0.8666697799695594]
[-0.4567522735643288, -0.6782674096753283]
[-0.6812545867384066, -0.44292554306206366]
[-0.8353396930207736, -0.23879474764678485]
[-0.8956336849536017, -0.07855077047010528]
[-0.8914687854259813, 0.06200325517313321]
[-0.665561570063148, 0.29091600185599986]
[-0.41851309499262707, 0.5809960738171526]
[-0.19167935395463545, 0.7731710562978442]
[-0.007748780529989202, 0.8453798109536179]
[0.14420409251149532, 0.8707696041863006]
[0.45300989014761867, 0.6801798257430248]
[0.6832831904643093, 0.44280872235654856]
[0.8418638488748176, 0.23596805682033645]
[0.9022716636390359, 0.07492457443738576]
[0.8940709105094429, -0.06509111476384138]
[0.6652921854848867, -0.296862752881089]
[0.41778315652378306, -0.5893572039281297]
[0.19316453579479614, -0.7774712968089401]
[0.010590045180487201, -0.8437540270328593]
[-0.14188123652073847, -0.8662781850065494]
[-0.4567940537423562, -0.6771114648027439]
[-0.6811651710229669, -0.44179095597331464]
[-0.8350974254587231, -0.23795554029210858]
[-0.895446520064797, -0.07823498599503959]
[-0.8915115945967003, 0.06163307600480128]
[-0.6656999260002548, 0.2899220194019912]
[-0.4184033598860808, 0.5820357984307912]
[-0.19145899578686576, 0.7750510952859965]
[-0.007710425336767884, 0.8462321483583549]
[0.14404581569907463, 0.8703277608251274]
[0.45294515673361535, 0.6789807513771735]
[0.6830952427167309, 0.4416798524754668]
[0.8415355815088523, 0.23515378558252245]
[0.9020288550521984, 0.07463512469457145]
[0.8941127482818818, -0.0646858506443026]
[0.6654904661102541, -0.29577211434389894]
[0.41781294082727577, -0.5902731868851504]
[0.1931382319678011, -0.7791810105515564]
[0.010673593434026601, -0.8444952290424788]
[-0.14175146910711617, -0.8658927455513475]
[-0.45682555190720686, -0.6759733010799751]
[-0.6810603513423708, -0.44068456600145195]
[-0.8348491305134066, -0.2371329682074315]
[-0.8952625434999998, -0.07791219622193848]
[-0.8915599973437223, 0.06129244773753667]
[-0.6658390282717918, 0.2889246397648843]
[-0.4182922774613621, 0.5830510443876794]
[-0.19123613434272568, 0.7769078826229681]
[-0.007668112319719811, 0.8470701208502145]
[0.14389336531994595, 0.8698902092672058]
[0.45287461731314005, 0.6777958115678147]
[0.6828989649765504, 0.44057776452625474]
[0.8412076466558078, 0.2343569111507853]
[0.9017927477320424, 0.0743402193845771]
[0.894159522679169, -0.0643102207936343]
[0.6656846873676973, -0.2946803195546014]
[0.4178346047823378, -0.5911657691537762]
[0.193102686999572, -0.7808664665122872]
[0.010747713686943494, -0.8452221720054169]
[-0.1416298041067231, -0.8655131145356794]
[-0.45684717095391103, -0.6748531511023153]
[-0.6809410157040516, -0.4396063604694041]
[-0.834595404087586, -0.23632750048833748]
[-0.8950818486877515, -0.07758340670995906]
[-0.8916137077754371, 0.0609804900959712]
[-0.6659785362659126, 0.28792539583616955]
[-0.4181796141374894, 0.5840420962778952]
[-0.1910107762102004, 0.7787407764683015]
[-0.007622022629099584, 0.8478932519532347]
[0.1437464117019511, 0.869456614995181]
[0.45279836182505123, 0.6766253499180506]
[0.6826947547996084, 0.4395025390108159]
[0.8408802420056716, 0.23357795010565421]
[0.9015632667908282, 0.07404089997646068]
[0.894211062845702, -0.06396326427674809]
[0.6658748653718796, -0.2935889365739549]
[0.4178483660927719, -0.5920353683085459]
[0.1930583184985068, -0.7825271311319771]
[0.010812895880089018, -0.8459344582178119]
[-0.14151576086682516, -0.8651389488762454]
[-0.4568593253159192, -0.6737512124626834]
[-0.6808080399705506, -0.43855626795553404]
[-0.834336816855866, -0.23553954423720747]
[-0.894904505772506, -0.07724959611770207]
[-0.8916724322896616, 0.06069626754424845]
[-0.6661181356983574, 0.28692577361166677]
[-0.41806518164031653, 0.5850092855725793]
[-0.19078296842154915, 0.7805491995336596]
[-0.007572354051732233, 0.8487011164144813]
[0.14360464050353522, 0.8690266640144106]
[0.4527165112741213, 0.6754696739481538]
[0.6824830296313187, 0.4384541833103581]
[0.840553566216857, 0.2328173359940188]
[0.9013403238902152, 0.07373815963635391]
[0.8942671803138091, -0.06364397969667934]
[0.6660610194738682, -0.2924994734265145]
[0.4178544596121403, -0.5928824301909944]
[0.19300555609906156, -0.7841625193334747]
[0.010869624102252645, -0.8466317254285981]
[-0.1414088861929863, -0.8647699133025438]
[-0.45686243819619243, -0.6726676479950966]
[-0.6806622867882715, -0.437534159622026]
[-0.8340739159748795, -0.234769443628486]
[-0.8947305644302679, -0.0769117112141551]
[-0.8917358713511421, 0.06043879789239498]
[-0.6662575363193898, 0.28592720579721753]
[-0.41794883268862126, 0.5859529860618609]
[-0.19055279378745765, 0.7823326386810966]
[-0.007519318152943405, 0.849493340301396]
[0.1434677523136043, 0.8686000636058298]
[0.45262921394182964, 0.6743290555403071]
[0.6822642233040406, 0.4374326355477417]
[0.8402278184200279, 0.2320754219095078]
[0.9011238191778185, 0.0734329413908883]
[0.8943276715320709, -0.06335133231462584]
[0.6662431714857497, -0.2914133732382376]
[0.4178531350438429, -0.5937074265033104]
[0.1929448392539412, -0.7857721968073086]
[0.010918376151384607, -0.8473136496662276]
[-0.14130875208643598, -0.8644056836181212]
[-0.4568569388942971, -0.6716025862880461]
[-0.6805046043936401, -0.4365398511661256]
[-0.8338072265369195, -0.23401747980396329]
[-0.8945600565028267, -0.07657066261121193]
[-0.8918037212760134, 0.06020706076223167]
[-0.6663964697955265, 0.2849310662737397]
[-0.41783045683776665, 0.5868736092992742]
[-0.19032036640906236, 0.7840906442157687]
[-0.007463137591754904, 0.8502696008101771]
[0.14333546217333176, 0.8681765429090693]
[0.4525366417163077, 0.6732037315663781]
[0.6820387826331145, 0.43643776871655077]
[0.8399031976889482, 0.231352483474161]
[0.9009136431397436, 0.07312613667583004]
[0.8943923203461344, -0.06308426114054355]
[0.6664213449684862, -0.2903320101049983]
[0.41784465461581527, -0.5945108521185932]
[0.19287661494370653, -0.7873557815745945]
[0.010959622957375487, -0.8479799473525986]
[-0.14121495371327258, -0.8640459494231494]
[-0.45684326024870825, -0.6705561224407572]
[-0.6803358253369033, -0.4355731053005061]
[-0.8335372527910927, -0.23328387151042632]
[-0.8943929984435282, -0.07622732119796594]
[-0.8918756759950781, 0.06000000582082027]
[-0.6665346877659398, 0.283938665425513]
[-0.41770997649877184, 0.5877716000881766]
[-0.19008582738306326, 0.7858228288735674]
[-0.007404043605850175, 0.8510296257763176]
[0.14320749904548172, 0.8677558533197175]
[0.4524389865677857, 0.6720939046857681]
[0.6818071641333052, 0.4354693950220093]
[0.8395799024809, 0.2306487221774104]
[0.9007096783514928, 0.07281858428297025]
[0.8944609004065549, -0.0628416858908035]
[0.6665955645922503, -0.2892566857075439]
[0.41782929076738007, -0.5952932221865849]
[0.19280133534869393, -0.7889129448846306]
[0.01099382790171713, -0.8486303767524717]
[-0.141127107587579, -0.8636904163290061]
[-0.45682183621158373, -0.669528319034692]
[-0.6801567651615454, -0.4346336346719543]
[-0.8332644791567068, -0.2325687763915717]
[-0.8942293935705273, -0.07588251525034642]
[-0.8919514287705901, 0.059816560699986504]
[-0.6666719600708977, 0.28295124632243435]
[-0.41758734314838813, 0.5886474320450924]
[-0.18984934071427573, 0.7875288665118764]
[-0.007342273664328353, 0.8517731928876788]
[0.14308360525199734, 0.8673377686925008]
[0.4523364571916697, 0.6709997442985829]
[0.6815698308759717, 0.43452727037821315]
[0.8392581300517403, 0.22996426902331804]
[0.9005118011139885, 0.07251106970762239]
[0.8945331774814385, -0.06262251372232502]
[0.6667658555751605, -0.2881886266729723]
[0.4178073238814197, -0.5960550691070435]
[0.192719455523973, -0.7904434115055899]
[0.011021446066402318, -0.8492647388092629]
[-0.14104484995096983, -0.8633388076980345]
[-0.4567930995708951, -0.6685192072923994]
[-0.6799682210744192, -0.43372110513150025]
[-0.8329893710537984, -0.23187229284674898]
[-0.8940692341263284, -0.07553702818367755]
[-0.8920306738443877, 0.05965563853193215]
[-0.6668080731473562, 0.2819699817348858]
[-0.4174625337432219, 0.5895016032732746]
[-0.1896110894485311, 0.7892084905181614]
[-0.007278069287131178, 0.8525001286084551]
[0.14296353589638616, 0.866922085348963]
[0.45222927583724315, 0.6699213876379142]
[0.6813272495052544, 0.4336110990068426]
[0.8389380758524174, 0.22929918843375272]
[0.9003198829653343, 0.07220432488972148]
[0.8946089116549466, -0.062425645666057517]
[0.6669322432033028, -0.2871289826689502]
[0.41777904009050626, -0.5967969394358781]
[0.1926314311136474, -0.791946959467327]
[0.01104292344135896, -0.8498828774202805]
[-0.14096783533153273, -0.8629908659437827]
[-0.4567574798321764, -0.6675287883959162]
[-0.6797709706384122, -0.43283513927385175]
[-0.8327123755754497, -0.23119446237092653]
[-0.893912503145111, -0.07519159691058616]
[-0.8921131079985477, 0.05951614504289898]
[-0.6669428285848915, 0.28099597194909093]
[-0.4173355473481914, 0.5903346321773631]
[-0.1893712720369493, 0.7908614919566559]
[-0.007211674030449311, 0.8532103068292983]
[0.14284705828376154, 0.8665086218941268]
[0.45211767533594127, 0.6688589409839764]
[0.6810798874292274, 0.432720538084468]
[0.8386199329149934, 0.22865348235363978]
[0.900133792062531, 0.0718990283335339]
[0.8946878593961559, -0.0622499826962267]
[0.6670947524323156, -0.2860788252048432]
[0.41774472918115796, -0.5975193907819574]
[0.19253771613631115, -0.7934234193153843]
[0.011058696116627964, -0.8504846792059575]
[-0.14089573526553642, -0.8626463534285997]
[-0.4567154012693657, -0.6665570349373273]
[-0.6795657705158337, -0.4319753201694557]
[-0.8324339220258634, -0.23053527229308443]
[-0.8937591761317412, -0.07484691076240166]
[-0.8921984320131346, 0.05939698515901015]
[-0.6670760418335729, 0.2800302433415865]
[-0.41720640198678194, 0.5911470534469219]
[-0.1891300989404066, 0.792487717477762]
[-0.007143331637399858, 0.8539036472644599]
[0.14273395134824843, 0.8660972188514392]
[0.45200189633929655, 0.6678124809821568]
[0.68082821019927, 0.43185520238840425]
[0.8383038912368831, 0.22802709450434483]
[0.8999533944304792, 0.07159580558440501]
[0.8947697754861215, -0.06209443138509002]
[0.6672534075686026, -0.2850391471037525]
[0.4177046826159694, -0.5982229887452527]
[0.19243876086889944, -0.794872672934825]
[0.011069189482364405, -0.8510700728284574]
[-0.14082823716577444, -0.8623050529965102]
[-0.4566672811514132, -0.6656038924748944]
[-0.6793533552868881, -0.43114119521860084]
[-0.8321544223471482, -0.22989465883409368]
[-0.8936092225585033, -0.07450361092898466]
[-0.8922863520090045, 0.05929706909023311]
[-0.667207541054132, 0.27907374766378906]
[-0.4170751317177224, 0.5919394142331025]
[-0.18888778948060483, 0.7940870670181341]
[-0.007073284352944742, 0.8545801136212388]
[0.14262400509479803, 0.865687738129181]
[0.45188218477302455, 0.6667820560467744]
[0.6805726790880628, 0.43101466889485757]
[0.8379901371721694, 0.2274199147325487]
[0.8997785550783066, 0.07129523003580535]
[0.8948544147942297, -0.06195790910570287]
[0.6674082320263672, -0.28401086260123326]
[0.41765919168912974, -0.5989083039398151]
[0.19233500985166063, -0.7962946520015056]
[0.011074817456614844, -0.851639027915124]
[-0.1407650433210146, -0.8619667681797648]
[-0.4566135281485666, -0.6646692811692458]
[-0.6791344363636673, -0.4303322800634565]
[-0.8318742714563901, -0.2292725104097242]
[-0.8934626071873343, -0.07416229036962263]
[-0.8923765806668271, 0.059215317869840245]
[-0.6673371660998718, 0.27812736198171645]
[-0.41694178393996023, 0.592712270538827]
[-0.1886445689416087, 0.795659491321703]
[-0.007001771401411533, 0.8552397115702506]
[0.1425170200602952, 0.8652800623344405]
[0.4517587895103957, 0.6657676878323809]
[0.6803137488737054, 0.4301984812874212]
[0.837678852838702, 0.22683178340434296]
[0.8996091389853699, 0.07099782403605948]
[0.8949415338980146, -0.061839348757205426]
[0.6675592481552765, -0.28299480802015686]
[0.41760854582684126, -0.5995759091380992]
[0.19222690003256188, -0.7976893361167923]
[0.011075981757744574, -0.8521915536415845]
[-0.14070587001171583, -0.8616313231173454]
[-0.45655454091963044, -0.6637530974755101]
[-0.6789097010161885, -0.4295480625007483]
[-0.8315938475130055, -0.22866867110972885]
[-0.8933192912268082, -0.07382349414638473]
[-0.892468838316585, 0.05915066833730953]
[-0.6674647676191968, 0.2771918892115903]
[-0.4168064169252274, 0.59346618383887]
[-0.18840066592318783, 0.797204989313239]
[-0.006929027624232698, 0.8558824865471597]
[0.14241280679704302, 0.8648740939528032]
[0.4516319602649895, 0.6647693727548725]
[0.6800518658345353, 0.4294061543387537]
[0.8373702155491214, 0.22626249579757118]
[0.8994450119611703, 0.0707040602615068]
[0.8950308925434677, -0.06173770299815759]
[0.6677064771324873, -0.281991742966717]
[0.41755303104045255, -0.6002263765664951]
[0.19211485906524817, -0.7990567506796211]
[0.011073071235413456, -0.8527276970279781]
[-0.1406504467279745, -0.8612985622230668]
[-0.456490706879063, -0.6628552158689117]
[-0.6786798115231838, -0.42878800634471803]
[-0.83131351213455, -0.2280829442897622]
[-0.8931792333341976, -0.07348772013098165]
[-0.892562853894569, 0.05910207756230795]
[-0.667590206267362, 0.2762680591893732]
[-0.4166690975751136, 0.5942017179422029]
[-0.1881563099448118, 0.798723605356548]
[-0.006855282274650182, 0.8565085214176554]
[0.14231118538031348, 0.8644697544131981]
[0.45150194570022917, 0.6637870835453796]
[0.6797874659564213, 0.42863717813337643]
[0.8370643972732024, 0.2257118064494395]
[0.8992860413849242, 0.07041436332138007]
[0.8951222549454381, -0.0616519479833007]
[0.6678499389120612, -0.28100235198976536]
[0.4174929285367402, -0.6008602753756014]
[0.19199930377067026, -0.8003969645471675]
[0.011066461271105887, -0.8532475409997875]
[-0.1405985154765831, -0.8609683496397627]
[-0.45642240114058485, -0.6619754905831543]
[-0.6784454044567193, -0.4280515551968917]
[-0.8310336105772629, -0.22751509621900068]
[-0.8930423904737204, -0.07315542003666972]
[-0.8926583657674236, 0.05906852671598062]
[-0.6677133520160148, 0.2753565302110266]
[-0.4165298993973956, 0.5949194361049979]
[-0.18791172929678412, 0.8002154264290389]
[-0.006780757965183376, 0.8571179340375987]
[0.14221198494060094, 0.8640669830578588]
[0.45136899175076073, 0.6628207708208351]
[0.6795209733516627, 0.42789102210460206]
[0.8367615641379604, 0.22517943342086383]
[0.899132096831684, 0.07012911155914053]
[0.8952153909300162, -0.06158108660783301]
[0.6679896522243787, -0.2800272466444679]
[0.41742851348674115, -0.6014781693029323]
[0.1918806387688273, -0.801710087532361]
[0.011056513256538975, -0.8537512022621864]
[-0.14054983016504047, -0.8606405685144751]
[-0.45634998563203016, -0.6611137573429182]
[-0.6782070901063012, -0.42733813608602744]
[-0.8307544718955953, -0.22696485973269964]
[-0.8929087186425454, -0.07282700072799453]
[-0.8927551224249933, 0.05904902440322757]
[-0.6678340835493519, 0.27445789098037765]
[-0.41638890069454504, 0.5956198983989583]
[-0.187667149132842, 0.8016805792435027]
[-0.006705669762763156, 0.8577108747397688]
[0.14211504322040078, 0.863665736037393]
[0.45123334014872407, 0.661870364656315]
[0.6792527988862015, 0.42716713886380353]
[0.8364618759709042, 0.22466506244384213]
[0.8989830505927491, 0.06984863901539826]
[0.8953100769227863, -0.06152415127070071]
[0.6681256346180573, -0.27906696790137614]
[0.4173600539519268, -0.602080614540407]
[0.19175925528371143, -0.8029962677830977]
[0.011043574155723102, -0.8542388290337909]
[-0.14050415605143465, -0.8603151201276116]
[-0.45627380837456055, -0.6602698350738304]
[-0.677965452045073, -0.4266471629480726]
[-0.8304764090930247, -0.22643193784524823]
[-0.8927781734763556, -0.07250282576303899]
[-0.8928528830456108, 0.05904260947592682]
[-0.6679522877361082, 0.27357266290272486]
[-0.4162461829557273, 0.5963036593361086]
[-0.1874227897965827, 0.8031192273463067]
[-0.006630224425527131, 0.8582875237772642]
[0.14202020615480426, 0.8632659851503058]
[0.451095227146322, 0.6609357761454946]
[0.6789833390096871, 0.4264649678050958]
[0.8361654858907179, 0.22416835092298779]
[0.8988387780986364, 0.06957323751858047]
[0.8954060967885007, -0.06148020617457986]
[0.6682579025369443, -0.27812198884328193]
[0.4172878099642158, -0.60266815781407]
[0.1916355301215467, -0.8042556890843104]
[0.011027976154191182, -0.8547105986822581]
[-0.1404612692501254, -0.8599919229068074]
[-0.4561942029179473, -0.6594435275753938]
[-0.6777210468378682, -0.4259780399222053]
[-0.830199719274437, -0.2259160072856082]
[-0.8926507107462168, -0.07218321712527584]
[-0.8929514179390386, 0.059048353352146976]
[-0.6680678591671859, 0.2727013026645153]
[-0.416101829442343, 0.5969712657480019]
[-0.18717886537240608, 0.8045315682193224]
[-0.006554619774506942, 0.8588480887519305]
[0.1419273274748025, 0.8628677166454795]
[0.45095488242474924, 0.6600168989370645]
[0.6787129747810354, 0.42578393847329044]
[0.8358725399485131, 0.22368893176733934]
[0.8986991582531874, 0.06930315887119681]
[0.8955032425291004, -0.061448349185212275]
[0.6683864714250493, -0.27719271759450304]
[0.4172120327544502, -0.603241334679285]
[0.19150982481976453, -0.8054885681202664]
[0.011010036396804701, -0.8551667153005271]
[-0.14042095628429846, -0.8596709113537748]
[-0.45611148792259354, -0.6586346251444504]
[-0.677474403888499, -0.4253301644447394]
[-0.8299246838085045, -0.22541672192304657]
[-0.8925262867582867, -0.07186845710488113]
[-0.8930505088735283, 0.05906536187039385]
[-0.6681806997494112, 0.27184420504245466]
[-0.41595592395613373, 0.597623254914452]
[-0.18693558245019767, 0.8059178304104968]
[-0.006479044192702871, 0.8593928020538913]
[0.1418362683320198, 0.8624709300047547]
[0.4508125281785539, 0.6591136107363419]
[0.6784420710805391, 0.42512347368726733]
[0.8355831768217068, 0.22322641703325488]
[0.8985640736874607, 0.06903861710159084]
[0.8956013148480835, -0.06142771327658819]
[0.6685113558526993, -0.2762795004302233]
[0.4171329641224111, -0.6038006680308137]
[0.19138248496192126, -0.8066951517304642]
[0.010990056813752425, -0.8556074072585791]
[-0.1403830136774724, -0.8593520349098359]
[-0.45602596687813796, -0.657842906138812]
[-0.6772260254215475, -0.4247029301279862]
[-0.8296515685066932, -0.22493371605690254]
[-0.892404858667482, -0.07155879029251072]
[-0.8931499492944452, 0.059092776710844175]
[-0.6682907183466905, 0.27100170588903244]
[-0.41580854977817994, 0.598260152934421]
[-0.18669313909185623, 0.807278270715463]
[-0.006403676243506989, 0.85992191833579]
[0.14174689694346004, 0.86207563672132]
[0.4506683783637542, 0.6582257747628765]
[0.6781709759982837, 0.42448299241493426]
[0.8352975275615468, 0.22278040136380317]
[0.898433410941976, 0.06877979075351942]
[0.895700123590037, -0.061417467591246666]
[0.6686325696577368, -0.27538262501712674]
[0.4170508359402716, -0.604346666824045]
[0.19125383965186185, -0.8078757141885698]
[0.010968324032786858, -0.8560329247616625]
[-0.14034724757708725, -0.8590352567831536]
[-0.45593792794791543, -0.6570681384726449]
[-0.6769763865922214, -0.42409572941588713]
[-0.8293806238238987, -0.2244666075494765]
[-0.8922863847157235, -0.07125442565179249]
[-0.8932495444425916, 0.05912977641748385]
[-0.6683978304606633, 0.27017408524552283]
[-0.4156597887666129, 0.5988824733296128]
[-0.18645172398685952, 0.8086131714298455]
[-0.006328684399967088, 0.8604357120426226]
[0.14165908825487403, 0.8616818590879312]
[0.4505226380975899, 0.6573532411562978]
[0.6779000203876164, 0.42386191239947296]
[0.8350157153943483, 0.22235046521424962]
[0.8983070605856219, 0.06852682518849276]
[0.895799488064691, -0.06141681814680394]
[0.6687501260961669, -0.274502323740544]
[0.4169658697804733, -0.6048798250009064]
[0.19112420113889675, -0.8090305545298957]
[0.010945109374401879, -0.8564435374419846]
[-0.14031347340427874, -0.8587205527580318]
[-0.45584764392824273, -0.6563100810370983]
[-0.6767259357164257, -0.4235079560124977]
[-0.829112085084195, -0.22401500078618203]
[-0.8921708244047264, -0.07095553864019771]
[-0.8933491113808365, 0.059175577056146816]
[-0.6685019579437999, 0.26936157053786824]
[-0.41550972060063956, 0.5994907158695841]
[-0.1862115157834447, 0.8099228376891608]
[-0.006254226876095004, 0.8609344750152564]
[0.1415727236213884, 0.8612896290072858]
[0.45037550319754655, 0.6564958483241154]
[0.6776295175716943, 0.42325965253967535]
[0.8347378555756524, 0.22193617785714678]
[0.8981849172791927, 0.06827983487855502]
[0.8958992372651752, -0.061425008220810956]
[0.6688640379973215, -0.27363877707759393]
[0.41687827665842647, -0.6054006206118392]
[0.19099386458457043, -0.8101599939491263]
[0.010920668925602589, -0.8568395320069699]
[-0.14028151552484167, -0.8584079100039792]
[-0.45575537231136254, -0.6555684850413336]
[-0.6764750946121602, -0.4229390070830421]
[-0.8288461727338949, -0.2235784894515612]
[-0.8920581386126291, -0.07066227335132]
[-0.8934484789378847, 0.05922943254380217]
[-0.6686030287387367, 0.2685643398154094]
[-0.4153584221584378, 0.6000853656058682]
[-0.18597268258161076, 0.8112075949104532]
[-0.006180451551252297, 0.8614185141829046]
[0.14148769050412877, 0.8608989868351127]
[0.45022715984726924, 0.6556534242265347]
[0.6773597631906547, 0.42267563502986405]
[0.8344640552957865, 0.22153710016400574]
[0.8980668797910941, 0.06803890566993867]
[0.8959992099903202, -0.06144131844630388]
[0.668974317919272, -0.2727921169801572]
[0.4167882568800848, -0.6059095151234405]
[0.19086310796072384, -0.8112643732863547]
[0.010895243687055328, -0.8572212099634791]
[-0.14025120693721865, -0.8580973258997332]
[-0.45566135544094377, -0.6548430952707307]
[-0.6762242590425676, -0.4223882852304336]
[-0.8285830926229045, -0.22315665911385033]
[-0.891948289663, -0.0703747446549425]
[-0.8935474875780878, 0.059290634684122684]
[-0.6687009766384799, 0.26778252499695476]
[-0.4152059670166208, 0.6006668921015682]
[-0.18573538157398273, 0.8124677863471077]
[-0.006107495978601024, 0.8618881493570676]
[0.1414038821816912, 0.8605099802648065]
[0.4500777843771269, 0.6548257875946305]
[0.6770910351767274, 0.42210928726706953]
[0.8341944136346575, 0.2211527871635867]
[0.8979528509722392, 0.06780409700074466]
[0.8960992548807555, -0.06146506665009305]
[0.669080978300856, -0.2719624302359102]
[0.41669599998427953, -0.6064069529001108]
[0.1907321920679314, -0.8123440506160621]
[0.010869059787767282, -0.8575888854338352]
[-0.14022238897411743, -0.8577888068849804]
[-0.4555658207492476, -0.6541336512604526]
[-0.6759737992504714, -0.42185520025279616]
[-0.8283230363144111, -0.2227490896143352]
[-0.8918412413540161, -0.07009304031449998]
[-0.8936459892060894, 0.05935851294350636]
[-0.6687957410628846, 0.2670162150931777]
[-0.4150524250592667, 0.601235748842216]
[-0.1854997588206273, 0.8137037707657522]
[-0.006035487468684875, 0.862343711136828]
[0.14132119747543298, 0.860122663260804]
[0.44992754314749667, 0.6540127490794168]
[0.6768235938445788, 0.4215600435349959]
[0.8339290215631074, 0.22078279037953225]
[0.897842737696634, 0.06757544405845198]
[0.8961992303784044, -0.06149560746494745]
[0.6691840316073457, -0.27114976177989397]
[0.4166016847697853, -0.6068933608470706]
[0.19060136066308125, -0.8133993989504813]
[0.010842328761007602, -0.8579428830762001]
[-0.14019491101502224, -0.857482367350274]
[-0.4554689810654265, -0.653439888383787]
[-0.6757240605740014, -0.42133917068966265]
[-0.8280661814220872, -0.2223553572608124]
[-0.8917369589548411, -0.06981722306459773]
[-0.8937438469148571, 0.059432434000456114]
[-0.6688872668475739, 0.2662654593786842]
[-0.4148978621849253, 0.6017923728132799]
[-0.1852659491441435, 0.8149159202517378]
[-0.005964543239397574, 0.862785538932885]
[0.14123954048767948, 0.8597370950463268]
[0.4497765925232371, 0.6532141123303936]
[0.6765576820843421, 0.4210273464756815]
[0.8336679619877632, 0.2204266599522802]
[0.8977364507736014, 0.06735295986551823]
[0.8962990046186672, -0.06153233174563755]
[0.66928349046738, -0.27035411793325104]
[0.41650547939727284, -0.6073691482015706]
[0.19047084068473297, -0.814430804065884]
[0.010815247874926076, -0.8582835361188335]
[-0.14016863020744652, -0.8571780285735604]
[-0.45537103498484494, -0.652761538855798]
[-0.675475364132832, -0.42083962516626944]
[-0.8278126919733123, -0.22197503682712302]
[-0.891635409175484, -0.06954733263413299]
[-0.8938409346853257, 0.05951180109959864]
[-0.6689755040421274, 0.2655302704912169]
[-0.41474234010053646, 0.6023371842295788]
[-0.18503407613170972, 0.8161046181475009]
[-0.005894770623856488, 0.8632139791154401]
[0.14115882035205526, 0.8593533391496675]
[0.44962507892834225, 0.652429675003112]
[0.6762935256450826, 0.4205106483608467]
[0.8334113098359809, 0.2200839465520906]
[0.8976339048370053, 0.06713663728369296]
[0.8963984552641437, -0.06157466581720333]
[0.6693793677993087, -0.2695754695496092]
[0.4164075415566365, -0.6078347064587853]
[0.19034084256497436, -0.8154386624576679]
[0.010788000511202656, -0.8586111845149725]
[-0.1401434111952971, -0.8568758177097918]
[-0.45527216728987063, -0.6520983326537254]
[-0.675228007574742, -0.4203560035466399]
[-0.8275627187964041, -0.2216077033628938]
[-0.8915365601156984, -0.06928338770320658]
[-0.8939371370454459, 0.05959605323975292]
[-0.669060407715003, 0.26481062743934247]
[-0.41458591619179114, 0.6028705864019401]
[-0.1848042522312798, 0.817270257126105]
[-0.005826267328066709, 0.8636293832889421]
[0.14107895099526185, 0.8589714625118979]
[0.44947313897035535, 0.6516592296961086]
[0.6760313334969273, 0.42000941217561727]
[0.8331591321773272, 0.21975420309147445]
[0.8975350182163184, 0.06692645092976923]
[0.8964974692883354, -0.06162207058207464]
[0.6694716769256543, -0.26881375505325306]
[0.4163080186906289, -0.6082904094188762]
[0.19021156061672503, -0.8164233794277806]
[0.010760756585076081, -0.8589261732226553]
[-0.14011912585315428, -0.8565757668384361]
[-0.4551725494131573, -0.6514499983563456]
[-0.6749822658724665, -0.4198877579071063]
[-0.8273163999294307, -0.22125293381943434]
[-0.8914403811978016, -0.06902538778446377]
[-0.8940323486959435, 0.0596846642234255]
[-0.6691419377632009, 0.2641064785035487]
[-0.41442864346010977, 0.6033929657267116]
[-0.18457657892971513, 0.8184132374004943]
[-0.00575912173067053, 0.8640321066948886]
[0.14099985090970385, 0.8585915346577108]
[0.44932089962473665, 0.6509025648183075]
[0.6757712982605844, 0.4195231125277977]
[0.8329114883778868, 0.21943698624650673]
[0.897439712793815, 0.06672235899746767]
[0.8965959427171853, -0.061674040510722616]
[0.6695604316747988, -0.2680688833565244]
[0.4162070482662327, -0.6087366133418708]
[0.1900831734858392, -0.8173853673059586]
[0.010733673000264343, -0.8592288506116192]
[-0.1400956530255987, -0.8562779120721551]
[-0.45507233993506957, -0.650816263905164]
[-0.6747383921612239, -0.4194343533425485]
[-0.8270738610478959, -0.2209103084991562]
[-0.8913468430876437, -0.06877331502168813]
[-0.8941264741095932, 0.05977714159295408]
[-0.6692200587251638, 0.26341774401894535]
[-0.41427057051709937, 0.6039046917841834]
[-0.18435114700131267, 0.8195339650674304]
[-0.005693413217536913, 0.864422506742195]
[0.1409214429364608, 0.8582136269300522]
[0.449168478470091, 0.6501594653885295]
[0.675513596693657, 0.41905123639601105]
[0.8326684302836572, 0.2191318577973316]
[0.8973479138516597, 0.06652430498184891]
[0.8966937803357737, -0.061730102538523596]
[0.6696456464694182, -0.2673407366469332]
[0.41610475808575426, -0.6091736571973683]
[0.18995584465780663, -0.8183250438044469]
[0.010706894132482908, -0.8595195669975314]
[-0.14007287827106646, -0.8559822927285978]
[-0.45497168510757535, -0.6501968572907569]
[-0.674496618607835, -0.41899526861792424]
[-0.8268352159084154, -0.2205794123369489]
[-0.8912559176073709, -0.06852713590040715]
[-0.8942194271102262, 0.05987302547634982]
[-0.6692947395958296, 0.262744319030726]
[-0.41411174162805825, 0.6044061175325445]
[-0.18412803681592863, 0.8206328505837746]
[-0.0056292125444640795, 0.8648009416633283]
[0.14084365405813104, 0.857837811788374]
[0.4490159839657905, 0.649429713769309]
[0.6752583902237841, 0.41859328373003424]
[0.832430002429323, 0.21883838579876422]
[0.8972595499121865, 0.06633221930420058]
[0.8967908953669113, -0.06178981488948307]
[0.6697273364015228, -0.2666291730371683]
[0.41600126663023584, -0.6096018629965974]
[0.18982972300944595, -0.8192428305043906]
[0.010680552335576243, -0.85979867330222]
[-0.14005069360990047, -0.8556889505661353]
[-0.454870719397579, -0.6495915071680116]
[-0.6742571573029023, -0.41856999667781775]
[-0.8266005668054057, -0.2202598360227732]
[-0.8911675776430648, -0.06828680286703998]
[-0.8943111304371704, 0.05997188736368647]
[-0.6693659536431183, 0.2620860758161556]
[-0.4139521967967897, 0.6048975795846482]
[-0.18390731869665392, 0.821710307371635]
[-0.005566582221757488, 0.8651677692931469]
[0.1407664152011778, 0.8574641621695124]
[0.4488635157642935, 0.6487130903375445]
[0.675005825519423, 0.4181487679164302]
[0.8321962422687835, 0.21855614559222333]
[0.8971745525742197, 0.06614602083665527]
[0.8968872091277761, -0.06185276584541838]
[0.6698055172942485, -0.26593402907357827]
[0.4158966834283786, -0.6100215361949403]
[0.18970494339659058, -0.8201391514707757]
[0.010654768464645026, -0.860066519837229]
[-0.1400289972764853, -0.8553979290833741]
[-0.45476956604335084, -0.6489999434042388]
[-0.6740202011681706, -0.41815804502658316]
[-0.8263700050377991, -0.21995117697524066]
[-0.8910817970498615, -0.06805225585458277]
[-0.8944015153002288, 0.06007332883273794]
[-0.6694336782254144, 0.26144286626917945]
[-0.41379197188470496, 0.6053793985556318]
[-0.18368905331779992, 0.8227667505480067]
[-0.005505576915019378, 0.8655233459664744]
[0.14068966104738084, 0.8570927509096484]
[0.44871116505108305, 0.6480093740948707]
[0.6747560350897666, 0.4177172161222386]
[0.8319671804239195, 0.2182847206703849]
[0.8970928563478421, 0.06596561832695344]
[0.8969826506701435, -0.061918572477236006]
[0.6698802057507659, -0.2652551221008133]
[0.41579110944479036, -0.6104329661537511]
[0.1895816272694398, -0.8210144319917977]
[0.010629652410929308, -0.8603234552069116]
[-0.14000769347547304, -0.855109272881498]
[-0.45466833761834313, -0.6484218975643232]
[-0.6737859248718342, -0.4177589359914048]
[-0.8261436113828347, -0.21965304017625514]
[-0.8909985505566937, -0.06782342371413963]
[-0.8944905209297729, 0.06017698024051113]
[-0.6694978946098713, 0.260814524145752]
[-0.41363109875784854, 0.6058518794701973]
[-0.183473292134724, 0.823802595773776]
[-0.005446243856979394, 0.8658680255296287]
[0.14061332985408326, 0.8567236502252411]
[0.4485590149058688, 0.6473183432208083]
[0.6745091379060894, 0.4172981695290026]
[0.8317428409482703, 0.21802370340588503]
[0.8970143984896783, 0.06579091172470142]
[0.8970771564092156, -0.06198687935302516]
[0.6699514191908732, -0.26459225248209617]
[0.4156846374819921, -0.6108364266510381]
[0.1894598833079378, -0.8218690974376964]
[0.010605303643640096, -0.8605698253264201]
[-0.13998669214222037, -0.8548230270878038]
[-0.45456713659734377, -0.6478571033371572]
[-0.6735544857452528, -0.4173722068802067]
[-0.8259214565740974, -0.21936503887692696]
[-0.8909178136724045, -0.0676002255527069]
[-0.8945780941259874, 0.06028249939531946]
[-0.6695585877915537, 0.26020086716970525]
[-0.4134696054561679, 0.6063153122192106]
[-0.18326007783783815, 0.824818258216438]
[-0.00538862326576095, 0.8662021584605558]
[0.14053736328289446, 0.8563569312504817]
[0.4484071406793273, 0.646639775571942]
[0.6742652400375313, 0.4168911834688584]
[0.8315232416024718, 0.21777269565524565]
[0.8969391188403806, 0.0656217934113022]
[0.8971706697454717, -0.06205735723587136]
[0.6700191758759766, -0.263945205676153]
[0.4155773525911923, -0.6112321764313777]
[0.1893398080702274, -0.8227035722335012]
[0.010581811754362652, -0.8608059725492851]
[-0.1399659087076292, -0.8545392368383191]
[-0.4544660559205036, -0.6473052969076376]
[-0.6733260246951951, -0.4169974100458118]
[-0.8257036017811007, -0.21908679518489957]
[-0.890839562594643, -0.06738257197852804]
[-0.8946641888108021, 0.06038957022219735]
[-0.6696157463135735, 0.2596016990004498]
[-0.4133075163799359, 0.6067699720561142]
[-0.18304944482387434, 0.8258141516204511]
[-0.0053327487654551975, 0.8665260910917681]
[0.1404617062365628, 0.8559926636284959]
[0.44825561038027634, 0.6459734491304342]
[0.6740244352950564, 0.4164958274737828]
[0.8313083941385183, 0.21753130924888606]
[0.8968669596657197, 0.06545814933635627]
[0.8972631406834649, -0.062129701782608904]
[0.6700834949232707, -0.26331375417310965]
[0.41546933248743273, -0.6116204597862328]
[0.18922148664793165, -0.8235182789396429]
[0.01055925700010621, -0.8610322348987514]
[-0.13994526386760775, -0.8542579468169235]
[-0.45436517955135214, -0.6467662172784392]
[-0.6731006671064043, -0.4166341128671951]
[-0.8254900990878784, -0.21881794054308665]
[-0.8907637741226153, -0.06717036625611561]
[-0.8947487655855595, 0.06049790143269673]
[-0.6696693620885098, 0.259016811064991]
[-0.4131448524888607, 0.6072161201244695]
[-0.18284141967825895, 0.8267906874788886]
[-0.005278647805403158, 0.8668401649299848]
[0.14038630670370247, 0.855630915153301]
[0.44810448506878864, 0.6453191424052187]
[0.6737868058780334, 0.4161116852484157]
[0.8310983045901412, 0.21729916637768765]
[0.8967978655024056, 0.06529986006386063]
[0.8973545254509715, -0.06220363225312267]
[0.6701443963100053, -0.2626976592927127]
[0.4153606479652311, -0.6120015071566359]
[0.18910499332267805, -0.8243136374341113]
[0.010537710841496323, -0.8612489453967374]
[-0.13992468335741745, -0.8539792008481497]
[-0.45426458302548034, -0.646239606545711]
[-0.6728785237299351, -0.4162818976580126]
[-0.8252809919682641, -0.2185581161095016]
[-0.8906904255745343, -0.06696350537361101]
[-0.8948317912970242, 0.060607225208520854]
[-0.6697194302214651, 0.25844598425776294]
[-0.4129816315099296, 0.6076540040087892]
[-0.18263602166311516, 0.8277482742999076]
[-0.00522634207501918, 0.867144716066216]
[0.14031111561109924, 0.8552717514594137]
[0.44795381925128647, 0.644676634789211]
[0.6735524230185437, 0.41573835457618014]
[0.8308929735668199, 0.21707589988614143]
[0.8967317830095012, 0.06514680173192247]
[0.8974447861214385, -0.062278890238379486]
[0.6702019008687538, -0.26209667284909816]
[0.41525136331136225, -0.6123755357510209]
[0.18899039221893704, -0.8250900641896619]
[0.010517236473048475, -0.8614564314840627]
[-0.13990409773115103, -0.8537030415405852]
[-0.4541643339870382, -0.6457252101326869]
[-0.6726596915533125, -0.41594036151192726]
[-0.8250763157557197, -0.21830697304751515]
[-0.8906194947103503, -0.06676188102566369]
[-0.8949132386139234, 0.06071729590695665]
[-0.6697659488351666, 0.25788899051255343]
[-0.412817868150576, 0.6080838583016185]
[-0.1824332632061208, 0.8286873169615177]
[-0.005175847911469994, 0.8674400746699591]
[0.14023608668327464, 0.8549152357559149]
[0.4478036612741797, 0.644045706875807]
[0.6733213476191573, 0.41537544716769825]
[0.8306923965491915, 0.21686115348155988]
[0.8966686608261184, 0.0649988469299792]
[0.8975338902422609, -0.06235523841402227]
[0.6702560302746516, -0.261510538687003]
[0.41514153671191273, -0.6127427501717475]
[0.18887773794888194, -0.8258479716395236]
[0.010497889342865274, -0.8616550145255241]
[-0.13988344214658932, -0.853429509977707]
[-0.45406449271068916, -0.6452227769850748]
[-0.6724442546491615, -0.41560911609357665]
[-0.8248760981058081, -0.21806417273546772]
[-0.8905509596601693, -0.06656538051535635]
[-0.894993085615829, 0.060827888794727475]
[-0.6698089188975601, 0.257345594251419]
[-0.4126535743142155, 0.6085059051805911]
[-0.18223315038604465, 0.8296082161481676]
[-0.005127176697894753, 0.8677265645612073]
[0.14016117630904817, 0.8545614286017721]
[0.44765405371311584, 0.6434261407378695]
[0.6730936308805199, 0.4150225884597989]
[0.8304965641838344, 0.2166545818683223]
[0.8966084494358539, 0.06485586549773234]
[0.8976218104709927, -0.06243245932515076]
[0.6703068070255216, -0.260938994094792]
[0.4150312206511445, -0.6131033430445876]
[0.18876707624553396, -0.8265877676250826]
[0.010479717659477167, -0.8618450093934014]
[-0.13986265615567506, -0.8531586454528803]
[-0.4539651126070826, -0.6447320597318699]
[-0.6722322849995039, -0.415287787383293]
[-0.8246803594496082, -0.21782938690404288]
[-0.8904847988585923, -0.06637388757896373]
[-0.8950713153958394, 0.06093879881570122]
[-0.6698483440523283, 0.25681555371593856]
[-0.4124887593156118, 0.6089203549899189]
[-0.1820356834113851, 0.8305113678628029]
[-0.005080335250262719, 0.8680045028540683]
[0.14008634341478138, 0.8542103877192361]
[0.44750503375531747, 0.6428177201722731]
[0.6728693149156303, 0.41467941737270836]
[0.8303054625756595, 0.2164558508155305]
[0.8965511010383165, 0.06471772525010255]
[0.897708524221265, -0.0625103542068354]
[0.6703542544158422, -0.2603817711000694]
[0.41492046230015817, -0.6134574956461805]
[0.18865844458106154, -0.8273098549191464]
[0.010462762883948845, -0.8620267241230767]
[-0.13984168350078133, -0.8528904852452666]
[-0.4538662407102841, -0.644252814815053]
[-0.672023843293434, -0.41497601538304607]
[-0.824489113436606, -0.21760229770937314]
[-0.8904209909850784, -0.06618728313752203]
[-0.8951479156782117, 0.06104983939675945]
[-0.6698842304527853, 0.25629862218648075]
[-0.4123234300939599, 0.60932740682147]
[-0.18184085708908446, 0.8313971630081974]
[-0.005035326191309364, 0.8682741996659435]
[0.14001154934401114, 0.8538621678422011]
[0.44735663357290645, 0.64222023091297]
[0.6726484333482057, 0.4143455860323245]
[0.8301190735763233, 0.21626463716588634]
[0.8964965694279093, 0.06458429263256749]
[0.8977940133198338, -0.06258874184394464]
[0.6703983965054325, -0.25983859765385947]
[0.41480930389366655, -0.613805378525097]
[0.18855187276755778, -0.8280146308185641]
[0.010447060205671738, -0.8622004596346204]
[-0.13982047191696745, -0.8526250644334121]
[-0.45376791814596434, -0.6437848025914327]
[-0.6718189796963321, -0.414673453790366]
[-0.8243023673657814, -0.21738259774926452]
[-0.8903595149103144, -0.06600544597926422]
[-0.8952228784518095, 0.061160841295228335]
[-0.6699165865995544, 0.2557945490953641]
[-0.412157591421886, 0.6097272490912266]
[-0.18164866128075824, 0.8322659870316106]
[-0.004992148310292266, 0.8685359578864487]
[0.13993675774318945, 0.8535168205965072]
[0.44720888068548165, 0.6416334608153688]
[0.6724310118929883, 0.4140207594638293]
[0.829937375067316, 0.21608062879301285]
[0.8964448098799598, 0.06445543331123366]
[0.8978782636758925, -0.0626674574729989]
[0.6704392580837181, -0.25930919870948294]
[0.41469778309354144, -0.6141471521127851]
[0.18844738353813067, -0.8287024868001992]
[0.010432639000604621, -0.8623665095143984]
[-0.13979897294034715, -0.8523624157433617]
[-0.4536701805794612, -0.6433277874096515]
[-0.6716177345892317, -0.4143797696463918]
[-0.8241201226038266, -0.2171699900294598]
[-0.8903003496484886, -0.06582825337703635]
[-0.8952961996199812, 0.06127165149036892]
[-0.6699454231824202, 0.25530308103989585]
[-0.41199124610890325, 0.6101200601075337]
[-0.1814590813443566, 0.8331182196270904]
[-0.0049507969076077185, 0.8687900730004976]
[0.1398619344532387, 0.8531743944092895]
[0.44706179831055004, 0.6410572000146944]
[0.672217068916285, 0.4137046152622603]
[0.8297603412365662, 0.21590352451388534]
[0.8963957790441589, 0.06433101270194008]
[0.8979612649635147, -0.06274635172802662]
[0.6704768646303717, -0.25879329720230426]
[0.4145859333380973, -0.614482967321255]
[0.18834499310655642, -0.8293738082345323]
[0.010419523271000819, -0.8625251598510231]
[-0.13977714172267827, -0.8521025694282518]
[-0.45357305864310493, -0.6428815376651758]
[-0.6714201392773285, -0.4140946429635408]
[-0.8239423749896237, -0.21696418788630462]
[-0.8902434743152938, -0.06565558164478363]
[-0.8953678786672736, 0.061382132120711946]
[-0.6699707529267143, 0.2548239627012802]
[-0.41182439519814884, 0.6105060086280775]
[-0.1812720985595832, 0.8339542344899913]
[-0.004911264123574427, 0.8690368329602348]
[0.13978704740662168, 0.8528349344445953]
[0.4469154057006986, 0.6404912410608137]
[0.6720066159753985, 0.41339684324508047]
[0.8295879428475781, 0.2157330339624884]
[0.8963494348452385, 0.06421089644261418]
[0.8980430103178834, -0.06282528963171555]
[0.670511242273098, -0.25829061493648353]
[0.4144737841763373, -0.6148129661248606]
[0.18824471170414903, -0.8300289741514514]
[0.010407732065930625, -0.8626766891202513]
[-0.13975493685223234, -0.8518455531764535]
[-0.4534765783424398, -0.6424458258358674]
[-0.6712262166669574, -0.4138177663377273]
[-0.8237691152242858, -0.2167649148716732]
[-0.8901888680914327, -0.06548730663713315]
[-0.8954379183431764, 0.06149215946837769]
[-0.6699925904445291, 0.25435693767537426]
[-0.41165703815545335, 0.6108852544030621]
[-0.1810876905357453, 0.8347743991186227]
[-0.004873539250898173, 0.8692765181008175]
[0.139712066529658, 0.8524984825626518]
[0.4467697184666673, 0.639935379031856]
[0.6717996583359515, 0.41309714509121565]
[0.8294201475003001, 0.21556887743025488]
[0.8963057363906932, 0.06409495081293698]
[0.8981234960457094, -0.06290414963261962]
[0.6705424177432255, -0.25780087338477886]
[0.414361361586608, -0.61513728212404]
[0.18814654409283457, -0.8306683570530907]
[0.010397279882126992, -0.8628213681137243]
[-0.13973232018099274, -0.8515913920454781]
[-0.45338076144120487, -0.6420204285005153]
[-0.6710359819106952, -0.41354884454950674]
[-0.8236003292462237, -0.21657190460552567]
[-0.8901365101913443, -0.06532330419602606]
[-0.8955063243629364, 0.06160162299092928]
[-0.6700109520910444, 0.25390174922110675]
[-0.41148917305003835, 0.6112579487024843]
[-0.18090583160105772, 0.8355790746582342]
[-0.004837609030547502, 0.8695094010953385]
[0.139636963649795, 0.8521650773003102]
[0.4466247488857178, 0.6393894116287999]
[0.6715961954664105, 0.41280523397052854]
[0.8292569198830645, 0.21541078567837793]
[0.8962646438853494, 0.06398304310529074]
[0.8982027213501096, -0.06298282268865948]
[0.6705704183297606, -0.25732379440731135]
[0.4142486882793342, -0.6154560410892908]
[0.18805049005375207, -0.8312923227689197]
[0.01038817704489739, -0.8629594599067705]
[-0.1397092566581724, -0.8513401084190024]
[-0.45328562582510096, -0.6416051263425134]
[-0.6708494430204917, -0.41328759415799887]
[-0.8234359985908657, -0.21638490060098808]
[-0.890086379836856, -0.06516345054821948]
[-0.8955731051253426, 0.06171042440087807]
[-0.6700258558261757, 0.2534581409322837]
[-0.41132079672631827, 0.6116242348258467]
[-0.18072649317270023, 0.836368615782862]
[-0.004803457930932814, 0.8697357469444904]
[0.13956171240757986, 0.8518347538703389]
[0.44648050619490587, 0.6388531392530242]
[0.6713962215093957, 0.4125208341672006]
[0.8290982220151047, 0.21525849972655695]
[0.8962261185525278, 0.06387504195073315]
[0.8982806880700277, -0.06306121139676527]
[0.6705952718324623, -0.2568591008950143]
[0.41413578398367085, -0.6157693614840709]
[0.18795654485096316, -0.8319012303485853]
[0.010380430069028529, -0.8630912198608152]
[-0.13968571417003575, -0.851091721984543]
[-0.45319118584455714, -0.6411997041406541]
[-0.6706666014489865, -0.41303374309096497]
[-0.8232761007347866, -0.2162036560663658]
[-0.890038456235433, -0.0650076226573314]
[-0.8956382714472442, 0.06181847679253094]
[-0.6700373210817262, 0.25302585733827465]
[-0.41115190496644816, 0.611984248593009]
[-0.18054964410719265, 0.837143370610904]
[-0.0047710684104473045, 0.869955812996907]
